1.791792473249080331e+01
1.135019089111363755e+01
8.792533230271427414e+00
7.396936768742391699e+00
5.659073118632012012e+00
5.013884970068034796e+00
4.607452425093208070e+00
4.302573545325924620e+00
4.054331777971531992e+00
3.842521702301774145e+00
3.655958618029820695e+00
3.487841897044972939e+00
3.333810340255285443e+00
3.190986823905189951e+00
3.057458446915141792e+00
2.931970300853509404e+00
2.813729892493061602e+00
2.702271188743346819e+00
2.597352869150611809e+00
2.498878447592328911e+00
2.406832321104782846e+00
2.321228500038862386e+00
2.242069622415760577e+00
2.169314085654561630e+00
2.102849497707984572e+00
2.042471503109785314e+00
1.987868370996081602e+00
1.938613240566034790e+00
1.894167070714062318e+00
1.853895473950236239e+00
1.817101161338721571e+00
1.783070551709983409e+00
1.751128858860683923e+00
1.720694180771356940e+00
1.691319691558761829e+00
1.662715316455863235e+00
1.634746022265531673e+00
1.607411016700238227e+00
1.580813676891623887e+00
1.555133469489552667e+00
1.530607936668028524e+00
1.507526598912132920e+00
1.486232179814085397e+00
1.467120483430100819e+00
1.450629774520748150e+00
1.437213152771225966e+00
1.427291531944237635e+00
1.421188670788693598e+00
1.419052386348778283e+00
1.420768136205612375e+00
1.425874197844092972e+00
1.433493267037433183e+00
1.442303212801103296e+00
1.450576249171824816e+00
1.456313499235240227e+00
1.457483057208528665e+00
1.452333021507468569e+00
1.439709027833156574e+00
1.419282636464447522e+00
1.391613839177674450e+00
1.358026828893850180e+00
1.320344969877297769e+00
1.280571939857844121e+00
1.240603417526315644e+00
1.202018989943756333e+00
1.165964174752450289e+00
1.133108657145337039e+00
1.103662926765461627e+00
1.077442586867798369e+00
1.053975702462242481e+00
1.032646587101953450e+00
1.012859684409430638e+00
9.941960214737468604e-01
9.204016641535360810e-01
9.213212343708466756e-01
9.279055885112903468e-01
9.578516570387987095e-01
9.794616740812154276e-01
1.002790506563134620e+00
1.024295513389543499e+00
1.038999458923632213e+00
1.040463183380874401e+00
1.020944686818841429e+00
9.716320116652479300e-01
8.825803653093521328e-01
7.457876842844926024e-01
5.753364839405645803e-01
4.396153615025774064e-01
4.485184565532102097e-01
4.500625724896628599e-01
4.464825223078823790e-01
4.467701713246782780e-01
4.502955723617141359e-01
5.627413665315656566e+00
4.413415534156129305e-01
4.479966787889866908e-01
4.505728675997778820e-01
4.456177695742585820e-01
4.468136103081832844e-01
4.340958655855446047e+00
4.345302838425204595e-01
4.474803885491233646e-01
4.444844023448819570e-01
4.444240661323498043e-01
4.441715288330632116e-01
3.562206321610140058e+00
4.319581592031694339e-01
4.467377673288225326e-01
4.491021402443481358e-01
4.456647157139593252e-01
4.467413583459604043e-01
3.006911631385799311e+00
4.350117566236994526e-01
4.423084024096340383e-01
4.478101704627647783e-01
4.470990130839929688e-01
4.602467644854239537e-01
2.576719007635099867e+00
4.368699478123717062e-01
4.328362605359561410e-01
4.451569180587283125e-01
4.476317839339347127e-01
4.394920196881583196e-01
4.403437050667003971e-01
2.226909973727483116e+00
4.278488605339301754e-01
4.410187008587174162e-01
4.400296195056605519e-01
4.494585379266131664e-01
1.933622717168386629e+00
4.315031097934140525e-01
4.350239801058045641e-01
4.329325869233017765e-01
4.325466108645384389e-01
4.334479572713504369e-01
4.349405095583727676e-01
4.310242776197510950e-01
4.672870149500715220e-01
4.027647019258745464e-01
4.722565701680541683e-01
4.841819324581449480e-01
4.831604556576024057e-01
4.320992729979728497e-01
4.486911762487348909e-01
1.276016046719689268e+00
1.465399219650187490e+00
4.910845748113921716e-01
4.812742060025863022e-01
5.525088373626729776e-01
4.397968540308475616e-01
4.605111807560235970e-01
4.789307229896566653e-01
4.568231882925968268e-01
4.664196108198100932e-01
4.688975983720191087e-01
4.865707975836078281e-01
4.793545901563194822e-01
4.821136774384156554e-01
4.309450845797080931e-01
4.232675620058504729e-01
4.531122452383110066e-01
1.108651055358597981e+00
4.033016283849685246e-01
5.569907101025405316e-01
5.462302249801407328e-01
4.851270414095895656e-01
4.220883166603444092e-01
4.178050741297964499e-01
4.389225591078295130e-01
4.585286484700924481e-01
4.641016187609624533e-01
4.641048486555391372e-01
4.645988358309529609e-01
4.657817345729804437e-01
4.693013234316115723e-01
4.659925373805271498e-01
4.621580288312422957e-01
4.172440545140184143e-01
4.372083901137113204e-01
4.478740899399203390e-01
4.642880427027110124e-01
4.700789668590506509e-01
4.792107873083299441e-01
4.894994512236977013e-01
4.954839029250649451e-01
4.322275464246924104e-01
4.354095664944617750e-01
4.426234997561565576e-01
9.928832093385508983e-01
4.972789326848883751e-01
4.629656958425802382e-01
4.284641834427801999e-01
4.731972061086713310e-01
4.585199590022003280e-01
4.574656327971345915e-01
4.582356334457516889e-01
4.589466930842539538e-01
4.587442805987702044e-01
4.585955430480544437e-01
4.592385132394520286e-01
4.580303906225134392e-01
4.636028461529433375e-01
4.684887934104755014e-01
4.648406850083206532e-01
4.398687493326677300e-01
4.487067173211232718e-01
4.688750961679465923e-01
4.718288386841588689e-01
4.786600838254288504e-01
4.922855762930583579e-01
4.922951897138478361e-01
4.325536309385998868e-01
4.386688432377628399e-01
4.359201739949696286e-01
7.874689622940642675e-01
4.592591514829753030e-01
3.955376070381954601e-01
5.318841766686903672e-01
4.323116121342129858e-01
4.503541908449924525e-01
4.797623985629800858e-01
4.600710061595255085e-01
4.584737995543682887e-01
4.593789839365437500e-01
4.607727368793586575e-01
4.685907191418622331e-01
4.806012419810707925e-01
4.398713536462285356e-01
4.413811429433792122e-01
4.657230650693786056e-01
4.664338617985606117e-01
4.712962444203318557e-01
4.815612495957823369e-01
4.893618761229344138e-01
5.064143134093782583e-01
4.364524765812453078e-01
4.357548600683753826e-01
4.339743077451252429e-01
4.266516462498808893e-01
3.983029367957334754e-01
4.846964137580661580e-01
4.922494044285576353e-01
5.415961680371068621e-01
4.742177654318165403e-01
4.460425147630318055e-01
4.467711791368480512e-01
4.512481474666046877e-01
4.518638544015938785e-01
4.542304224337087581e-01
4.400083660125972962e-01
4.483472592786356126e-01
4.497985342726054103e-01
4.571631224593228904e-01
4.743965920534635172e-01
4.555971111595280565e-01
4.251064643945498545e-01
4.677694203868550393e-01
4.394121740675604459e-01
4.370834956165307039e-01
4.669189008063378554e-01
4.690594178877546816e-01
4.748759054769093879e-01
4.899703733898595481e-01
4.834177582204602364e-01
4.352326713687532100e-01
4.480184754164584504e-01
4.497167847052818690e-01
4.430809572881906910e-01
4.411327652848072711e-01
4.694701651079101201e-01
4.637665950332809928e-01
4.873530752688590151e-01
3.471042559131083394e-01
4.771181361874496374e-01
4.627422180056033341e-01
4.475606966217496874e-01
4.509028855279232362e-01
4.506585397594391473e-01
4.489002088418493908e-01
4.505109075838429900e-01
4.542574096360059710e-01
4.571691124844431409e-01
4.591879222654242643e-01
4.606048763632560883e-01
4.642332800198659126e-01
4.622384489383428718e-01
4.413142774205907060e-01
4.495950461314169311e-01
4.684045055317301309e-01
4.867865839725327715e-01
4.350569376612413719e-01
4.586167137570286712e-01
4.622497277757878220e-01
4.616494462570571167e-01
4.398170302738730886e-01
4.377613424433172140e-01
4.688168963294558900e-01
4.731689701626309308e-01
4.737861258487754967e-01
4.662378736661237921e-01
4.337899944081814452e-01
4.284404160425237529e-01
4.546357002745840536e-01
4.413703799182502885e-01
4.404021568984488599e-01
4.478846359465205595e-01
4.111860549134611631e-01
2.992898589724987124e-01
3.658799308428108965e-01
3.744408491305910025e-01
4.616494950391891727e-01
4.975657076135566181e-01
5.171654905185089079e-01
4.450778564819636851e-01
4.496834017385190618e-01
4.447032818319356928e-01
4.622410392369704080e-01
4.640828279202661721e-01
4.631710254765750712e-01
4.654646681660908336e-01
4.658444242310486039e-01
4.627766699391360206e-01
4.433057643562769434e-01
4.459920362190260001e-01
4.484528613043811673e-01
4.629674624781522918e-01
4.854548310904729380e-01
4.626000595430065365e-01
4.452786273578138720e-01
4.405518512522629826e-01
4.620687254097405883e-01
4.611820063289874261e-01
4.585807389935350198e-01
4.716036893238644834e-01
4.404582776129734034e-01
4.438863831096591106e-01
4.643273540125212873e-01
4.998889026895893539e-01
4.890616416840502523e-01
4.570410269480789656e-01
5.009379611047145575e-01
4.305117141068171005e-01
4.332246310141042445e-01
4.589929383792673012e-01
4.397031357467366397e-01
4.375814352739502699e-01
3.804442099103207964e-01
4.924225290048884762e-01
4.919627892360354249e-01
5.128366470294436485e-01
4.798665634849523798e-01
4.598896496704988901e-01
4.453625238429778643e-01
4.461235932127132209e-01
4.497952290301431288e-01
4.476356767927465174e-01
4.537608257845502924e-01
4.669027924682533914e-01
4.397716644337602010e-01
4.457252345257735060e-01
4.706695277194395399e-01
4.809955979809856230e-01
4.425911487639005992e-01
4.480687328815008974e-01
4.496234680184722499e-01
4.415931984526951792e-01
4.824468100644702662e-01
4.385926908824504533e-01
4.593313697343274216e-01
4.585240449797921003e-01
4.777961567027986800e-01
4.413481824099754758e-01
4.445106370289294007e-01
4.649069581060355505e-01
5.055494434452193486e-01
4.607868924591597137e-01
4.228790422362804780e-01
4.432956608519541541e-01
4.753165214830642471e-01
4.886263061188913515e-01
4.986987181182970241e-01
4.329225884013913062e-01
4.344891714446115771e-01
4.555457641007408798e-01
4.399125908204379876e-01
4.481065975707336224e-01
4.599138695736426641e-01
4.904918504781241584e-01
4.816853166236854666e-01
4.412897148732412567e-01
4.401675331941018454e-01
4.583906788018781708e-01
4.683695528276365927e-01
5.040048910765274615e-01
4.439948981653993321e-01
4.505421365691911206e-01
4.473144273224290424e-01
4.475581179577184932e-01
4.782643388176158195e-01
4.369890357281823179e-01
4.523678560410587801e-01
4.567732343508932313e-01
4.643682295673026150e-01
4.664398234509255503e-01
4.440130414561275218e-01
4.493236368585976082e-01
4.482678105565264248e-01
4.521565024964218638e-01
4.860533221579390051e-01
4.760926944062436883e-01
4.406943649686626552e-01
4.368182032249460778e-01
4.582699771694521140e-01
4.566422937194125065e-01
4.769686228154839669e-01
4.418893565617023622e-01
4.456732772372509199e-01
4.610056297300314521e-01
4.748973502259950519e-01
4.383280093556912171e-01
4.815438281567834822e-01
4.858300737041918449e-01
4.928964341912783209e-01
4.340119566881540103e-01
4.372896468401309411e-01
4.374667079664215086e-01
4.607067464371856769e-01
4.575439611312006050e-01
4.770944505631615207e-01
4.788488649263773489e-01
4.607938007328309937e-01
4.634319433508625186e-01
4.637588572161059353e-01
4.701067627514464720e-01
4.463929565212773620e-01
4.505638823954924987e-01
4.522197245827175860e-01
4.685507392447657016e-01
4.249478909174341235e-01
4.319882061616637237e-01
4.618392176904161373e-01
4.590702525125180955e-01
4.668807720160383368e-01
4.658343084137167023e-01
4.413063256876852414e-01
4.498938586602163059e-01
4.489133961452368426e-01
4.711331242426649579e-01
4.829567558584995646e-01
4.380870865553294635e-01
4.576580871967049213e-01
4.562139294844613224e-01
4.760214316160316095e-01
4.430517779948136003e-01
4.472580512915910189e-01
4.459529762522321805e-01
4.456597354207618711e-01
4.729446698110539860e-01
4.750457869696715352e-01
4.342788413644035339e-01
4.371132957797883023e-01
4.849371782481430304e-01
4.869972591902176906e-01
4.832601165452172776e-01
4.377683630609754406e-01
4.447942832986198081e-01
4.493960654208601357e-01
4.379913714501045274e-01
4.766013820443801285e-01
4.785953207501059126e-01
4.640167832876596066e-01
4.650243840387799921e-01
4.655123229550756636e-01
4.816277959795653429e-01
4.473253200607644198e-01
4.484312413827433175e-01
4.517044509797976670e-01
4.516258505514762489e-01
4.580116229918057003e-01
4.663555278437572227e-01
4.434892578799861096e-01
4.588001336075113179e-01
4.598176818587631498e-01
4.603607384036038086e-01
4.816901391885393680e-01
4.458205820771429240e-01
4.496859902646846985e-01
4.521223296126803404e-01
4.678372472192810494e-01
4.991055801501454448e-01
4.539335754772780285e-01
4.311985511556349349e-01
4.573035726805462220e-01
4.557484787426968609e-01
4.748410656557309206e-01
4.457857748924640151e-01
4.475882950584668674e-01
4.618796679101883629e-01
4.764778283919204882e-01
4.387050595309010537e-01
4.829851479859358365e-01
4.854248938272167635e-01
4.979844597844994003e-01
4.377662550551147391e-01
4.356654078222155224e-01
4.406816635996617104e-01
4.371943235382562687e-01
4.296574575702256649e-01
4.727423581283022314e-01
4.765404118370320519e-01
4.744912166962459987e-01
4.618213963225133445e-01
4.661362094293311498e-01
4.603224601580453990e-01
4.512749531009327408e-01
4.520990925636295676e-01
4.628197627471497544e-01
4.672391862605052570e-01
4.474600132574459432e-01
4.569026911330306695e-01
4.616015645838197901e-01
4.610968931232420909e-01
4.661024288753459754e-01
4.516069828622356619e-01
4.935283961054341417e-01
4.368142318157159365e-01
4.570035524122181281e-01
4.558169582004580334e-01
4.722893333339312494e-01
4.423752707447795585e-01
4.511084878242720975e-01
4.639014404635851685e-01
4.251027257269635040e-01
4.330161218989406757e-01
4.816724973002324273e-01
4.826099553293308753e-01
5.069674208945652572e-01
4.363790845804810803e-01
4.443278323380646655e-01
4.311382400681015858e-01
4.299973522288336736e-01
4.359947066928520076e-01
4.740518072016012274e-01
4.783214163203707847e-01
4.641567701244579403e-01
4.655336301602704396e-01
4.663785059354665363e-01
4.874586954966032559e-01
4.620149501253961177e-01
4.544843945658282869e-01
4.125508231164953798e-01
4.586540558906868625e-01
4.626832083566758680e-01
4.629308183422777834e-01
4.426215454725270781e-01
4.573284629656407807e-01
4.577701166094674812e-01
4.603091522493705234e-01
4.382898296645573732e-01
4.772906755573067539e-01
4.765186648170912087e-01
5.002542781838702490e-01
4.419759914595007833e-01
4.446122305764881322e-01
4.296888673148086535e-01
4.298026746728386138e-01
4.755138934573229226e-01
4.758197004552446319e-01
4.619822870710474372e-01
4.689528772066442475e-01
4.705835949509692417e-01
4.496817232016577237e-01
4.601737288062652254e-01
4.610957156067910234e-01
4.604331922197400506e-01
4.679908959899301002e-01
4.526646939034464356e-01
4.270434434867285689e-01
4.588718155011163868e-01
4.618423790337363166e-01
4.472753629198365499e-01
4.349066163768157134e-01
4.849067614825987027e-01
4.845644447212387740e-01
4.463963148648722457e-01
4.469273935896617145e-01
4.280573227986247398e-01
4.318444808164415005e-01
4.736677607571218585e-01
4.764584297675609204e-01
4.711367452472646766e-01
4.655641049101242879e-01
4.683664686018102485e-01
4.866888224798507911e-01
4.630389608563955095e-01
4.597686315182323846e-01
4.598142546854689372e-01
4.623797069290256356e-01
4.760304266438996623e-01
4.375615461110494153e-01
4.611902267821461066e-01
4.298942914251763781e-01
4.581479085860314382e-01
4.454579092692059206e-01
4.871379687306007789e-01
4.811386178337473396e-01
4.906443456585581897e-01
4.492963096005643253e-01
4.482680589389619885e-01
4.277539202695659348e-01
4.304731065610797325e-01
4.684649511973260627e-01
4.735178846288042309e-01
4.610962883400426260e-01
4.689660089649451136e-01
4.704679977490458520e-01
4.609067236709983306e-01
4.639102215854954969e-01
4.456095342048479457e-01
4.472971141244674875e-01
4.707893941594912257e-01
4.550531148473913046e-01
4.718583222516556930e-01
4.530740848278346222e-01
4.426714481286418978e-01
4.745830916904417163e-01
4.780020480934941696e-01
4.731162159920740407e-01
4.858644464145834285e-01
4.481672308480847411e-01
4.502401420531496057e-01
4.316532212144551517e-01
4.336180232703942816e-01
4.400198704671988703e-01
4.721123219022636541e-01
4.764215251503845505e-01
4.679313106499827235e-01
4.679097211801714340e-01
4.646222904766080797e-01
4.807712045384471278e-01
4.593380757427880101e-01
4.641549003480081592e-01
4.599859847489599640e-01
4.736045184301157507e-01
4.513079257153215229e-01
4.631903119090129417e-01
4.602042429631668097e-01
4.532841003814051528e-01
4.544823960302467603e-01
4.594892648613489450e-01
4.786254193572815341e-01
4.617958337257070944e-01
4.493625046109976373e-01
4.502885997638326754e-01
4.342464261768162470e-01
4.381978940354911978e-01
4.730918790629044524e-01
4.757938332778630652e-01
4.680295871425268484e-01
4.465061603579158489e-01
4.431332269872916840e-01
4.632736352004826474e-01
4.681826638641936600e-01
4.479858422058750622e-01
4.616940787774765909e-01
4.613388463413867768e-01
4.541356918233189766e-01
4.528422370790616824e-01
4.360533047371897286e-01
4.589885185342671425e-01
4.247190169910419755e-01
4.684569432512789566e-01
4.571354349017928143e-01
4.608140602991167567e-01
4.587318045064541772e-01
4.493955832917461146e-01
4.516899828812199758e-01
4.520602939818990085e-01
4.305396361685975837e-01
4.335279820524086114e-01
4.706875781998476893e-01
4.721808121738824693e-01
4.572705276916263495e-01
4.405839992285124351e-01
4.574654753369114535e-01
4.643811080895299259e-01
4.652403291068958335e-01
4.601099812019985857e-01
4.448287949879294323e-01
4.605030691172578017e-01
4.613924767214163669e-01
4.558947611573908598e-01
4.502641178861017113e-01
4.574687578707662405e-01
4.508695690665779354e-01
4.316862712623157350e-01
4.477744911297461550e-01
4.611615057116176808e-01
4.574779220498226828e-01
4.512850591950665624e-01
4.504217061370069941e-01
4.522799303613693755e-01
4.526299782449483833e-01
4.300616091246217132e-01
4.305742505931515751e-01
4.667779387367836375e-01
4.701506846937969497e-01
4.295368797674371519e-01
4.814801080922311294e-01
4.593468954526601644e-01
4.582909887498129442e-01
4.630630323399695936e-01
4.739524682545515621e-01
4.465696289797803642e-01
4.495058261377564146e-01
4.563243656691061689e-01
4.601398471411614621e-01
4.512070507549483245e-01
4.378164416366836509e-01
4.541786075507475706e-01
4.598567719410657229e-01
4.642886652664847680e-01
4.613502497545183267e-01
4.551487271704792725e-01
4.500008526471575565e-01
4.569185603002925422e-01
4.536301453575539711e-01
4.451963906212577649e-01
4.467379049864417806e-01
4.534142184330311465e-01
4.629842751330433548e-01
4.558204291894395466e-01
4.503416789332146397e-01
4.596310542474484340e-01
4.651681516252076376e-01
4.682868378016345479e-01
4.918418571726499433e-01
4.543397313945420901e-01
4.540045286083478349e-01
4.335812672027794523e-01
4.344953904963276270e-01
4.409375694220318276e-01
4.659224043264527104e-01
4.728017189298848177e-01
4.706465958012037709e-01
4.310259034739962747e-01
4.335540535109719817e-01
4.777173922721441035e-01
4.729070405209775396e-01
4.582583189764130038e-01
4.534565513198716702e-01
4.652547479094326088e-01
4.585192387911466438e-01
4.597347097210179312e-01
4.797890713877855928e-01
4.491349586596787291e-01
4.600698344077721602e-01
4.592704966043194559e-01
4.347164716030515463e-01
4.448366797872850276e-01
4.603239319629945925e-01
4.683500463978405026e-01
4.515698344258767816e-01
4.504858170636192316e-01
4.561805439523801131e-01
4.546618134375212117e-01
4.490968208161521535e-01
4.521461663838131084e-01
4.591228227261285877e-01
4.599443724884956786e-01
4.537343941308699113e-01
4.468904992195209536e-01
4.503252430405380591e-01
4.634203255425104473e-01
4.725221909605827886e-01
4.760741137316482074e-01
4.563908177581845749e-01
4.568226283998774728e-01
4.393713642981450507e-01
4.419700490187400965e-01
4.719560695550351070e-01
4.774263347108927968e-01
4.288156929707127585e-01
4.221043058043983942e-01
4.676817543721329407e-01
4.754804534083428291e-01
4.541781144226952338e-01
4.546852908331751597e-01
4.570951871771308239e-01
4.611446040250789524e-01
4.633555537823964565e-01
4.696620889706373814e-01
4.564659287689470935e-01
4.476827649754352989e-01
4.591999105105296075e-01
4.618466054993969894e-01
4.467347497181742844e-01
4.455514193749778307e-01
4.528462656243774642e-01
4.596328351953852809e-01
4.683983519519796523e-01
4.496055044691323888e-01
4.575500403974590014e-01
4.486852774667182686e-01
4.481546062867127755e-01
4.561710780770057982e-01
4.615936973302059432e-01
4.464242996733947533e-01
4.501621303297295706e-01
4.546859480803230880e-01
4.600701035139929118e-01
4.762179252699202947e-01
4.683066703746223691e-01
4.720957906518132297e-01
4.537965777746138518e-01
4.590954213405873396e-01
4.343432951941523235e-01
4.346487472888276860e-01
4.674311881502584143e-01
4.725368455276689472e-01
4.258972419456785174e-01
4.288279463098479405e-01
4.675127404165969058e-01
4.674332625874425551e-01
4.547808171418821210e-01
4.536029499580748192e-01
4.644852894709149416e-01
4.607534816203586736e-01
4.666315267255215504e-01
4.514839012543824803e-01
4.536902068060540971e-01
4.591355424442125077e-01
4.592493311360884567e-01
4.445289459073821781e-01
4.459481313618793297e-01
4.568342489374514481e-01
4.646672998616453998e-01
4.552211811760068505e-01
4.492790707924558813e-01
4.539338646501233643e-01
4.566018145995680566e-01
4.483467130385143662e-01
4.474357806552797245e-01
4.548053146656542145e-01
4.607763702426455610e-01
4.514245525309226736e-01
4.557402822288226796e-01
4.590714187437263671e-01
4.657901456759742653e-01
4.718915859472328500e-01
4.529693313343257088e-01
4.594767028498519257e-01
4.343415983611660369e-01
4.287138446700005656e-01
4.640695867876127312e-01
4.701818136963563655e-01
4.267049614101988131e-01
4.743566466699988826e-01
4.739451049735510790e-01
4.554332380661075264e-01
4.538774042055419566e-01
4.560833358293200357e-01
4.684089507481984938e-01
4.599164257924707733e-01
4.420144037701774775e-01
4.569676637505894479e-01
4.656012537698355214e-01
4.451869508278709642e-01
4.425680687475023189e-01
4.594972931875132560e-01
4.602650917681198051e-01
4.667354661025122087e-01
4.533485594196720037e-01
4.475121710374408979e-01
4.594692190003822896e-01
4.561465486339642550e-01
4.484012041788479896e-01
4.419159642178788205e-01
4.564793481495425520e-01
4.590189582650767153e-01
4.599318245790455784e-01
4.514953188184741006e-01
4.546467384192886541e-01
4.605397660932827320e-01
4.679055902835408953e-01
4.713779265010563102e-01
4.546872551022257403e-01
4.579459899088964558e-01
4.375600907020497088e-01
4.363538888553041284e-01
4.380187059065243083e-01
4.667387638343831746e-01
4.619593709498144851e-01
4.842910080665247530e-01
4.294377607163361588e-01
4.282330061694705758e-01
4.802637311560460920e-01
4.537003509411283719e-01
4.541270948934860163e-01
4.687771351118813490e-01
4.609889678277944713e-01
4.515731337080725605e-01
4.630652962037792864e-01
4.618901788439415679e-01
4.467075559241126537e-01
4.472913818925479679e-01
4.516579518641861135e-01
4.604540094129816463e-01
4.642805859930146384e-01
4.489669760845613200e-01
4.528557745174092153e-01
4.615288828241856933e-01
4.560718603833520124e-01
4.504736196923985747e-01
4.485340771060051801e-01
4.486220025337533390e-01
4.556074750807858620e-01
4.634467982553550081e-01
4.485678115293318391e-01
4.527677513866387171e-01
4.580191838820130701e-01
4.584293488594866628e-01
4.710751762952290478e-01
4.743061892641082244e-01
4.570146997496534191e-01
4.414245969419895443e-01
4.473989204551575560e-01
4.716551343754971648e-01
4.573939139301803070e-01
4.410193854404724223e-01
4.254865453596885505e-01
4.773858548259481971e-01
4.802154577567696037e-01
4.544182952012215115e-01
4.527336414750479654e-01
4.556348953951842584e-01
4.710337060405515031e-01
4.604132012468877266e-01
4.466726601228264704e-01
4.507624353762181846e-01
4.580464451495418476e-01
4.540416830830113493e-01
4.823954352497096809e-01
4.369981496542083010e-01
4.566279686695259299e-01
4.606527806674542980e-01
4.573382806888897090e-01
4.505036658618223888e-01
4.510803656613708856e-01
4.576915892635082805e-01
4.558445965707635938e-01
4.440266119069816719e-01
4.525056366603315006e-01
4.612954092235992398e-01
4.571604988974461992e-01
4.721537051189713119e-01
4.718606623258820298e-01
1.154191759815178298e+00
4.406390054029859504e-01
4.418761001557895973e-01
4.806036506469303360e-01
4.558004967427199960e-01
4.085121223367747523e-01
4.848408895570967547e-01
4.730468594297080331e-01
4.534552330637475204e-01
4.529813383361467882e-01
4.666129016020217346e-01
4.640654192231831177e-01
4.436034878447943641e-01
4.493715731459198559e-01
4.565918783814787996e-01
4.528235790948795247e-01
4.553540686444683128e-01
4.489297965034025339e-01
4.531802856353227549e-01
4.591768734065324042e-01
4.514524557571485963e-01
4.455370782903554927e-01
4.556012297985548298e-01
4.606772973924717074e-01
4.551495724322854319e-01
4.731730613898768034e-01
4.749897122827240192e-01
5.582466875170921661e+00
4.339503241232466890e-01
4.397234879313038358e-01
4.766929549989029624e-01
4.795607869154723812e-01
4.538917387930231917e-01
4.532704398765088905e-01
4.596640729276251780e-01
4.434579667942300518e-01
4.422815729707971766e-01
4.696914380545387790e-01
4.648963267549640066e-01
4.480975144307884350e-01
4.457328780719719274e-01
4.594356531538582589e-01
4.515087938086685404e-01
4.507156028465648667e-01
4.777657646759191357e-01
4.742423212230357787e-01
1.725053851573865416e+01
4.480676669504252696e-01
4.343376086046914497e-01
4.639044110418777400e-01
4.522009089238097079e-01
4.422247917477015178e-01
4.905075848432277619e-01
4.569791435010336911e-01
4.464010092413298048e-01
4.455524323558356925e-01
4.592574914872956104e-01
4.582805845439862358e-01
4.540935648919793288e-01
4.463903545164220055e-01
4.725835642939149595e-01
4.547099264187364764e-01
4.784510243818101416e-01
4.652640108395988960e-01
2.763999596215617416e+01
4.313579971998099394e-01
4.363717860383805047e-01
4.971886775844830408e-01
5.031899863067580414e-01
4.733180370972041029e-01
4.196692386106554706e-01
4.624482925080414808e-01
4.585960403665479967e-01
4.108749404821486761e-01
4.604855985117811690e-01
4.401855441453245699e-01
4.525409365675537310e-01
4.571711424936161228e-01
4.898054232097844296e-01
4.608887765400321856e-01
3.151604260146575243e+01
4.273379335410322222e-01
4.256547381551951670e-01
4.952484751998405543e-01
4.612233947780095544e-01
4.747394989900538542e-01
4.438357636460728561e-01
4.565675183192468567e-01
4.589485618396808575e-01
4.459441981620749784e-01
4.583235043094989192e-01
4.401139484141676217e-01
4.487643784982640049e-01
4.548365670738311883e-01
4.895873394526339961e-01
4.650524983143428659e-01
2.764087668831779609e+01
4.369021462829084657e-01
4.289408375613481539e-01
4.769534169035467008e-01
4.538197922728277045e-01
4.547682747209944587e-01
4.900224071184413610e-01
4.591666944679298479e-01
4.467798663686701754e-01
4.426556915693741212e-01
4.593477890882262105e-01
4.648762078484212634e-01
4.540942965865039094e-01
4.456106188157457071e-01
4.727825204142975246e-01
4.508880710072648013e-01
4.782741629103043901e-01
4.740731904217403425e-01
1.725132973045298002e+01
4.238955516452215244e-01
4.343351163844815233e-01
4.739185393339855334e-01
4.708346097671165520e-01
4.552083907658107109e-01
4.542220436570584274e-01
4.635103754565180756e-01
4.437761978061420809e-01
4.496692360126414711e-01
4.697202010950836670e-01
4.553870447108599451e-01
4.479421765708517245e-01
4.531178499119987158e-01
4.595929863791821113e-01
4.515746897166952878e-01
4.514347988779681686e-01
4.553873877205718013e-01
4.552431527803372791e-01
4.776562772360213316e-01
4.748831411276087100e-01
5.582785926151483835e+00
4.313172332105858486e-01
4.386443319672422847e-01
4.885066441625167677e-01
4.642371650052710130e-01
4.605421707242651208e-01
4.111832993435728945e-01
4.288585296610310515e-01
4.827894372341323681e-01
4.787111579509897297e-01
4.546202002037394996e-01
4.566982415191213063e-01
4.660535465890465190e-01
4.599360554666744871e-01
4.438631466092294864e-01
4.509826654941908042e-01
4.564301116468610919e-01
4.821762369047488117e-01
4.527365968544846409e-01
4.565584546796808141e-01
4.573770293240311813e-01
4.488695825743508894e-01
4.510223630855921817e-01
4.593804284098099711e-01
4.560323919117004188e-01
4.453206536042208508e-01
4.520862837574060045e-01
4.609843406942610300e-01
4.572074481724420214e-01
4.730805939651105962e-01
4.717733977778404419e-01
1.154260369718216550e+00
4.329777778960913759e-01
4.321921103232052586e-01
4.792140082706728976e-01
4.927473213204794367e-01
4.403492695386698186e-01
4.333138454469764311e-01
4.769040152013422351e-01
4.789977323903676365e-01
4.549914458992567745e-01
4.545878062268094433e-01
4.537447512292662188e-01
4.706181875699027017e-01
4.615441605992163243e-01
4.468631572205333802e-01
4.517638115921836506e-01
4.577637994928142606e-01
4.640147674520440635e-01
4.538096919245316885e-01
4.369406725096095512e-01
4.527807714940536576e-01
4.606867376129777925e-01
4.561079462725755596e-01
4.504418100423916993e-01
4.485262984777217410e-01
4.578902453170705100e-01
4.636337385836665770e-01
4.436303238573425789e-01
4.525261770844138942e-01
4.614834752376648086e-01
4.584462144581217258e-01
4.720720421747557349e-01
4.742305681848189014e-01
4.571314370285224915e-01
4.337931198704952918e-01
4.255610341417012110e-01
4.309499902066861177e-01
4.748352499830852391e-01
4.784848902321543473e-01
4.710003434038457781e-01
4.317750247769321370e-01
4.286688525343715916e-01
4.751947781016127026e-01
4.539355969472189667e-01
4.562814560317191570e-01
4.678798882852897578e-01
4.590448250666562813e-01
4.606142471011899220e-01
4.518150784441895551e-01
4.575034511565361228e-01
4.629359304135501341e-01
4.654684762549265442e-01
4.467018991823584750e-01
4.425424542995398114e-01
4.473959076411782032e-01
4.602039586495103030e-01
4.664753201101290436e-01
4.488989143022247275e-01
4.474735379206522534e-01
4.615618929445026719e-01
4.561773312405958403e-01
4.504681334354073696e-01
4.419512318498939885e-01
4.484463951132772186e-01
4.557718738037335182e-01
4.600585146026122119e-01
4.482646226387522748e-01
4.544805913564334832e-01
4.579698726896629934e-01
4.604860028428403029e-01
4.710038830109923857e-01
4.713141510163515457e-01
4.581085729253053240e-01
4.324701340213241152e-01
4.331982623567118829e-01
4.715821395874245647e-01
4.798859215714559312e-01
4.284655781831483434e-01
4.755935512118062980e-01
4.707644036581923874e-01
4.552665901813818250e-01
4.533778341268321910e-01
4.540475537114719851e-01
4.675500361287150963e-01
4.657007852569005069e-01
4.425622192065543636e-01
4.540758079473308784e-01
4.593239538396136079e-01
4.450711197928731711e-01
4.458150529885658853e-01
4.593392891743652839e-01
4.645281446394067815e-01
4.600459362953788767e-01
4.532824225978871469e-01
4.491975544426864975e-01
4.594995850582111463e-01
4.566324781569748303e-01
4.484543732599864385e-01
4.475443471414857766e-01
4.565874459892582671e-01
4.608991491587278166e-01
4.591729177515616600e-01
4.513674297562840776e-01
4.513032744041438615e-01
4.588387530145042192e-01
4.678455340354383818e-01
4.718429497114189353e-01
4.548297389101748633e-01
4.595627997654136987e-01
4.337463724076760507e-01
4.424479434713269321e-01
4.728770903984767515e-01
4.814947921718190083e-01
4.254903166168026996e-01
4.216764820616483722e-01
4.709468143515372351e-01
4.787215423505209455e-01
4.543831443240475831e-01
4.565630554918365114e-01
4.634837083022213533e-01
4.686002338328059125e-01
4.598256082911682530e-01
4.518201739203646650e-01
4.479039149948580989e-01
4.592311248732208195e-01
4.620838556624634608e-01
4.443240268566485129e-01
4.525539112377574003e-01
4.567809981305583356e-01
4.683326247824830535e-01
4.551563880779491145e-01
4.495380657798065394e-01
4.539580748442720304e-01
4.575705350749728617e-01
4.484441129958297578e-01
4.482922017382222624e-01
4.548865232818408155e-01
4.616740726213849899e-01
4.502369791578026970e-01
4.554820200464600455e-01
4.597812550968576883e-01
4.657446811822597010e-01
4.720680700255575069e-01
4.530476450559097756e-01
4.591733005577413596e-01
4.403697226980144985e-01
4.437272144575233335e-01
4.757137769331205024e-01
4.726611939241662230e-01
4.280315700202643736e-01
4.322787403514150029e-01
4.705778276729433718e-01
4.760952377933990176e-01
4.534350308668335661e-01
4.644375584749559360e-01
4.541249417719124271e-01
4.601213421879101206e-01
4.787545828478197429e-01
4.621853096083386458e-01
4.565027421510929884e-01
4.492098638377618469e-01
4.594831509338590525e-01
4.596229957923300136e-01
4.464428736807142251e-01
4.445215502578772626e-01
4.452640905796600990e-01
4.596707719672892267e-01
4.684979365230969028e-01
4.504295595183230860e-01
4.546829872507489601e-01
4.488457941170605481e-01
4.523540014167020673e-01
4.562022267141403464e-01
4.599523309987190722e-01
4.464789396407529698e-01
4.470375136577446895e-01
4.543579243607877571e-01
4.630712374017325605e-01
4.762349848456933765e-01
4.760880513002166414e-01
4.682825228779813331e-01
4.538824128112380896e-01
4.569091898775032301e-01
4.382519715702431484e-01
4.354419903323300534e-01
4.373343089682546481e-01
4.655542330433801723e-01
4.695937043702256286e-01
4.745826236969598044e-01
4.293601838627087997e-01
4.277001815806502072e-01
4.806150564578479112e-01
4.610830356475060232e-01
4.572602795582241253e-01
4.575269388805972004e-01
4.524525846281062247e-01
4.578033023743641738e-01
4.733212131588094840e-01
4.587320267215895253e-01
4.493919746369733348e-01
4.604672020517087128e-01
4.605591565555393063e-01
4.343229839807374870e-01
4.537548371081902010e-01
4.604007998416658753e-01
4.615244336666711744e-01
4.515163771239888435e-01
4.499525589069154896e-01
4.561999683352059298e-01
4.536496821681756941e-01
4.493023357784070582e-01
4.536868197395345637e-01
4.591130344055568413e-01
4.557653743385856604e-01
4.539045920450461291e-01
4.505324781949579527e-01
4.499997880582914944e-01
4.647603007995532165e-01
4.725712221901373078e-01
4.918617194218117827e-01
4.564719739632899786e-01
4.540850434439616112e-01
4.366219660890127141e-01
4.406288307104738178e-01
4.644460006252141282e-01
4.692343643365438077e-01
4.372106516452470837e-01
4.822075810812879726e-01
4.625622854662635453e-01
4.649657323981583601e-01
4.464177386236032885e-01
4.445586399707635583e-01
4.566318819609294644e-01
4.511674635508963749e-01
4.374537724407706607e-01
4.602643106780405224e-01
4.617261729126673764e-01
4.644981799145990187e-01
4.550921385980468692e-01
4.502152492151926255e-01
4.569348827225186982e-01
4.508933401945053321e-01
4.454438878590953332e-01
4.479604329187519274e-01
4.469523050994176350e-01
4.629296005791282975e-01
4.573336704924031437e-01
4.506271426165496252e-01
4.593671778374485148e-01
4.682209365629909636e-01
4.544059375477907392e-01
4.526916386357394129e-01
4.389462720744121693e-01
4.481331832793759018e-01
4.668936903297129515e-01
4.710682570546728121e-01
4.541268383220078975e-01
4.413060622280950973e-01
4.575070614225666410e-01
4.683343700324945069e-01
4.641764592717518845e-01
4.597535665992707465e-01
4.475762281942792797e-01
4.609547652945909513e-01
4.618185002874528600e-01
4.558465877690358603e-01
4.528039953740446433e-01
4.575045393391969917e-01
4.590110120333981136e-01
4.319363895026432920e-01
4.687316841004963153e-01
4.610620504824539112e-01
4.586078429297271719e-01
4.514519919442638307e-01
4.495850207510972418e-01
4.523260937154864880e-01
4.521027258945554683e-01
4.449737883655788262e-01
4.527738672482672366e-01
4.714222331435372060e-01
4.615959971232442838e-01
4.678082743633648066e-01
4.805734731629863199e-01
4.452907512685918556e-01
4.634833513408626593e-01
4.601946875283222105e-01
4.505733417150205589e-01
4.621134169646679557e-01
4.606973044825503627e-01
4.540997693012351899e-01
4.532450865436700727e-01
4.361058918430913978e-01
4.248551698358346007e-01
4.569922971885168050e-01
4.593566475999368848e-01
4.606626796014543501e-01
4.619055748827627927e-01
4.517172793957844878e-01
4.503127332078538658e-01
4.441248040618270831e-01
4.436842203845710042e-01
4.460077843265040642e-01
4.628529380760894596e-01
4.637532043311837215e-01
4.696237842384348160e-01
4.661934248741784748e-01
4.696774023100119266e-01
4.640870726832169724e-01
4.602615633465979572e-01
4.649622810276805018e-01
4.647412717391762871e-01
4.729857807435106087e-01
4.471969917004389727e-01
4.636197804055764427e-01
4.554645836031193662e-01
4.530012300800120295e-01
4.543661779814419099e-01
4.744890386758439105e-01
4.786945699154916412e-01
4.858753768217315971e-01
4.493724763534946987e-01
4.502476129001616312e-01
4.431838511597707142e-01
4.472560226057450405e-01
4.547205615457009520e-01
4.625990469520785964e-01
4.603765998472074683e-01
4.861302395776347929e-01
4.682950293877076731e-01
4.618425347770777067e-01
4.603965843032167826e-01
4.460408289932844550e-01
4.767627468808197655e-01
4.711468457534125354e-01
4.377056083968499101e-01
4.718114662120607705e-01
4.581093834706999601e-01
4.425230745916192698e-01
4.454020581824598701e-01
4.780240881858711655e-01
4.906893624809036680e-01
4.731385315517877554e-01
4.481572705691866942e-01
4.482611911726464005e-01
4.451240732057532568e-01
4.469951234847116539e-01
4.607854811091102731e-01
4.622093086878475421e-01
4.703832207785096364e-01
4.698079627369643463e-01
4.647097098038648344e-01
4.677498454274710005e-01
4.645506626961452556e-01
4.507043367015100555e-01
4.605522730909049067e-01
4.687994652867932821e-01
4.629860671202506994e-01
4.268843401281061101e-01
4.611689131815716602e-01
4.618626119358790749e-01
4.298796897685766005e-01
4.347449664771197431e-01
4.871825364928574209e-01
4.846148222116408166e-01
4.811815229734173194e-01
4.492789291163888921e-01
4.469034448447377073e-01
4.499161281488696651e-01
4.589452702357535996e-01
4.613014713826387725e-01
4.633220207634414778e-01
4.615468735814960421e-01
4.873045349607024734e-01
4.684396943158826709e-01
4.115668630006574236e-01
4.608863770633620516e-01
4.635556275553217587e-01
4.617404053414958520e-01
4.611335853044769562e-01
4.524208650234037843e-01
4.423936678678698775e-01
4.588578995459420273e-01
4.602942356777405819e-01
4.471325733113956091e-01
4.386540179106678261e-01
4.849559484950534682e-01
5.003163357380048248e-01
4.463688351309219593e-01
4.445838814228177949e-01
4.489822041755291426e-01
4.483261684891991505e-01
4.525989921406036176e-01
4.580322406553811732e-01
4.563222218197209301e-01
4.642543887359686372e-01
4.603423693312705400e-01
4.654593244889665415e-01
4.662372964360382843e-01
4.624805406811409725e-01
4.638383519486901085e-01
4.672440390025769941e-01
4.503599215769071296e-01
4.437567292658929907e-01
4.591975238648578483e-01
4.665912775915548871e-01
4.632280687426942323e-01
4.367100819546797519e-01
4.573681473960742316e-01
4.723088487248258693e-01
4.577954161733252536e-01
4.333685146212825634e-01
4.773574116828036007e-01
5.070328398929727642e-01
4.765744035713453952e-01
4.419415918395632747e-01
4.442955940948852267e-01
4.439122359388460448e-01
4.389240619740999994e-01
4.498856635517904934e-01
4.546078358449319179e-01
4.594410685024936103e-01
4.609548300804305332e-01
4.804508687079231399e-01
4.659968545734524126e-01
4.516679385971992255e-01
4.516350866966759026e-01
4.530525754903511615e-01
4.676453292567740450e-01
4.409303048886283882e-01
4.572452111305504441e-01
4.819818514309794910e-01
4.619247488670741308e-01
4.615340952752103321e-01
4.514245320690455365e-01
4.675568023693584818e-01
4.934715370588130812e-01
4.990469711541895559e-01
4.312935827116726184e-01
4.570506233480161606e-01
4.748498958642350942e-01
4.558544536136013292e-01
4.425472967146432679e-01
4.621340434867646230e-01
4.510427182320697614e-01
4.635930690579621039e-01
4.761632233522306024e-01
4.252351764603112261e-01
4.388458118067525282e-01
4.817568451174847888e-01
4.980573885336441742e-01
4.826792487978603940e-01
4.363480739853111134e-01
4.406364807070644041e-01
4.303348058247529750e-01
4.265634598151930579e-01
4.530793161635153776e-01
4.581164131580668375e-01
4.615243868067920308e-01
4.717177864855564007e-01
4.650891855112098683e-01
4.645934333940211491e-01
4.477541754630625093e-01
4.532059187074122253e-01
4.486754197591952820e-01
4.519238654689343160e-01
4.587419290407115380e-01
4.694523624366501169e-01
4.327245627518023774e-01
4.588531831197147914e-01
4.658962260294117752e-01
4.599311923414862169e-01
4.605991057431960689e-01
4.454335381691812978e-01
4.705516287871191472e-01
4.493860948418769152e-01
4.517586554171202917e-01
4.827874206611251218e-01
4.540879478361061761e-01
4.383380740843099699e-01
4.574405359032026053e-01
4.761863579692062753e-01
4.557898984441639545e-01
4.459362497852250029e-01
4.457320039234002884e-01
4.478616842340348292e-01
4.748407851611531894e-01
4.369857987768140939e-01
4.830800469415507670e-01
4.833311503812428023e-01
4.855059425423032815e-01
4.377237722739775183e-01
4.447797077675690880e-01
4.356382865425050266e-01
4.286870930971707350e-01
4.440879734834443093e-01
4.553128137893692196e-01
4.512406751577601738e-01
4.516195232794798509e-01
4.942234551956795063e-01
4.599946192203106521e-01
4.655040352290377159e-01
4.467840791365838005e-01
4.480507555890186344e-01
4.511849186819493762e-01
4.771148506857679217e-01
4.276549989471912228e-01
4.395062764654480980e-01
4.617695729370244750e-01
4.664092418311148180e-01
4.589696218469174194e-01
4.668947134449273340e-01
4.408909492351307247e-01
4.516394522515249088e-01
4.492221003841019300e-01
4.481281457242504707e-01
4.757815475411020234e-01
4.371317762884758262e-01
4.577701460769794672e-01
4.771582264838068466e-01
4.563902456106570527e-01
4.431325794300988719e-01
4.610764884198793601e-01
4.473472855076892629e-01
4.460312919368306650e-01
4.727674719707711803e-01
4.749867439596560659e-01
4.338450973706638458e-01
4.379250393426382670e-01
4.850410584222992760e-01
4.929731640674391291e-01
4.870869602439215074e-01
4.377200560376129368e-01
4.374047221568079236e-01
4.494893039768086407e-01
4.470035285906195366e-01
4.355907195031112900e-01
4.481243368881241418e-01
4.361904672473228550e-01
4.711672711312854256e-01
4.831077872938413509e-01
4.633649480014745969e-01
4.574192161299796000e-01
4.444085304800967084e-01
4.541115605610928085e-01
4.513752469191110173e-01
4.479440893705110005e-01
4.652138314688705201e-01
4.462125314109707808e-01
4.513283220994946388e-01
4.801133086331565991e-01
4.560208374697454770e-01
4.641748170500301085e-01
4.436304122606562483e-01
4.411903113750431094e-01
4.487145870836556361e-01
4.476809218514509747e-01
4.857501951642187454e-01
4.819274023865885437e-01
4.410903792750338615e-01
4.389760429756377480e-01
4.584281930048477172e-01
4.779287953463351446e-01
4.567551848595938768e-01
4.419643556423342168e-01
4.649550263338846912e-01
4.457570492351203839e-01
4.612728362522670600e-01
4.428868174984898487e-01
4.816476311099748830e-01
4.987634345328148533e-01
4.859193649892912803e-01
4.339592894069295159e-01
4.554745479190976942e-01
4.372432365257455378e-01
4.500070980422990474e-01
4.558541478369304567e-01
5.343949790089312923e-01
5.683120787704658561e-01
4.412472362071105936e-01
3.954202667681636085e-01
4.372011772417763176e-01
4.362246189268486063e-01
4.668699373898038685e-01
4.764519133427379538e-01
4.472963979437761806e-01
4.469374805339975110e-01
4.506374153973634611e-01
4.482885999002444444e-01
4.617262363953714144e-01
4.402508045442336537e-01
4.701174579695107103e-01
4.423784815507799673e-01
4.628081373432013645e-01
4.477065881011617621e-01
4.491828074994547171e-01
4.617349422834987616e-01
4.408656605491407254e-01
4.595218092370016438e-01
4.717841098574325209e-01
4.586800260567537313e-01
4.413568471860149223e-01
4.643218454447322618e-01
4.445758511652035394e-01
5.058651021633375766e-01
5.001397943841947580e-01
4.225448581671464865e-01
4.568268471552405785e-01
4.755212446448844887e-01
5.010831183022953494e-01
4.887374552252182758e-01
4.328615160550782215e-01
4.589216283893154946e-01
4.344330153951831419e-01
4.432883214671169414e-01
4.706923897725552308e-01
4.467320502149239037e-01
5.067705372697490773e-01
4.410244381796342705e-01
5.185605646912208044e-01
5.669834884512000572e-01
4.538891981129806186e-01
4.195769340966287730e-01
4.471129525423816475e-01
4.473886874408294356e-01
4.023984794589029468e-01
4.620923895551721228e-01
4.621750872283318934e-01
4.639750513320254344e-01
4.631330661679335381e-01
4.654357842190061101e-01
4.654839107785602170e-01
4.432799756230349497e-01
4.684107193691094406e-01
4.458630221433955709e-01
4.482354579835626240e-01
4.848481703364395101e-01
4.860318608766396320e-01
4.455731354701353286e-01
4.353364613386896398e-01
4.622159231702123172e-01
4.617875853237695671e-01
4.613439298959957635e-01
4.587760585544246039e-01
4.404447793066621486e-01
4.688133206582666967e-01
4.438855051125331075e-01
4.665369508480445848e-01
4.890860390942374791e-01
4.304368246906993267e-01
4.545608714135866424e-01
4.331595502929165842e-01
4.493306285655127574e-01
4.261567410051983473e-01
4.427933335774468238e-01
4.416866023509384842e-01
4.439445988663119347e-01
5.210695454980971419e-01
4.812904156817130463e-01
4.930478028902437471e-01
4.575527037723350343e-01
4.434368253470918342e-01
4.517465414475616003e-01
4.555479031555120240e-01
4.490001345757141937e-01
4.490883830775538876e-01
4.529589299422330240e-01
4.566947647423563739e-01
4.591129983287048355e-01
4.605409225488063529e-01
4.641396198265844153e-01
4.413990449936964211e-01
4.573665256854729799e-01
4.496434782366520166e-01
4.740251085121050534e-01
4.253149530405730405e-01
4.590123816720063088e-01
4.680784280487010895e-01
4.625286199900587869e-01
4.397857435556155603e-01
4.668059885867690273e-01
4.377538954082468292e-01
4.732282936802730267e-01
4.833783026811135364e-01
4.739315436883930199e-01
4.337016419987535509e-01
4.479363440544693042e-01
4.283607580171693852e-01
7.871486730888674899e-01
3.992321663901817752e-01
3.970802130743217861e-01
4.663477446681267846e-01
5.289896786001425655e-01
5.336903876065408614e-01
4.654586999170976513e-01
4.403123927794156400e-01
4.481787056870594754e-01
4.532846772271363345e-01
4.537173138136525452e-01
4.404524319883602046e-01
4.805691060307109019e-01
4.485241881617763604e-01
4.500181295090773248e-01
4.804936764514539105e-01
4.558473524282455336e-01
4.393936522150883039e-01
4.657981233151963774e-01
4.370366487718604365e-01
4.691611053571813073e-01
5.064585783999724367e-01
4.749441771535113377e-01
4.900128169826806768e-01
4.351340507193915963e-01
4.338953240199208139e-01
9.927859061083010861e-01
4.610935429965177801e-01
4.330759924921440684e-01
4.744197385351920371e-01
4.516458902980012846e-01
4.602045468339847067e-01
4.649533063245661624e-01
4.587077177094014968e-01
4.595988191860422845e-01
4.609288073376537898e-01
4.686356386305524091e-01
4.397225017074918307e-01
4.486337294880430870e-01
4.413229450257235009e-01
4.665655862947745147e-01
4.923610142177803906e-01
4.714219222048202651e-01
4.816248974543781980e-01
4.894247081949355538e-01
4.363446892731653315e-01
4.358385907198558118e-01
4.356617846267773486e-01
1.108339100354021500e+00
4.988328016518041030e-01
4.042557923892842742e-01
4.641648200463351914e-01
4.297404494080560022e-01
4.582620639637806637e-01
4.619581755381138577e-01
4.571232135029679178e-01
4.579192763440499414e-01
4.587954799104557724e-01
4.587922942205667765e-01
4.587433045057963676e-01
4.593723991353138580e-01
4.581215338767483658e-01
4.636624545141609377e-01
4.685354455704638377e-01
4.397669554901457722e-01
4.476712507840377442e-01
4.690655837241572423e-01
4.955786334186862430e-01
4.720054065892571593e-01
4.787517488767930041e-01
4.923512411576599357e-01
4.324362408520645573e-01
4.425242874595953224e-01
4.385658836838735586e-01
1.275692479108716970e+00
4.817964921155251101e-01
5.571560210501400601e-01
5.516875355085056887e-01
5.395848258407849318e-01
4.694285096846670946e-01
4.105177599340514849e-01
4.159320881562223460e-01
4.419429901249563031e-01
4.612241605411680490e-01
4.652246897938963621e-01
4.642904277137537283e-01
4.644619520869535112e-01
4.656276850431381731e-01
4.691767056172875261e-01
4.658167492064588244e-01
4.172054651667657099e-01
4.542675041390765167e-01
4.369977079595668279e-01
4.645013305385926050e-01
4.822749075234791238e-01
4.702593096593102318e-01
4.793060044409778175e-01
4.895949679755408068e-01
4.320927147509040500e-01
4.529892287149250296e-01
4.352784944389945232e-01
1.465145361632969490e+00
4.917512815452066421e-01
4.397617753123257978e-01
4.027394349906969206e-01
4.791119476927090393e-01
4.833333219221633281e-01
4.571405791140360497e-01
4.668027961679511728e-01
4.690569593755519184e-01
4.866457264280616979e-01
4.794310900829105160e-01
4.308263669590607359e-01
4.485523176688833158e-01
4.231567492220542070e-01
4.673332763238000620e-01
4.723355698457630814e-01
4.843133817286185971e-01
4.319802651115483005e-01
4.309118760268833004e-01
4.333400305253903850e-01
4.324438292822525010e-01
4.348315620877938881e-01
2.227184288625799979e+00
1.933703060252055073e+00
4.314155360022077224e-01
4.493537441165617596e-01
4.349221380274269078e-01
4.328345808762669722e-01
2.577170543603344743e+00
4.277846861753354379e-01
4.402426182171789715e-01
4.409153498090602752e-01
4.399073351835212087e-01
3.007515158002144862e+00
4.367571585971649628e-01
4.600858541368428312e-01
4.327633308507488619e-01
4.450290699938056482e-01
4.474563914622627925e-01
4.393852102361373024e-01
3.562943643182189923e+00
4.349304440777793102e-01
4.465951410124292531e-01
4.421772489853921240e-01
4.475798317088170997e-01
4.468582424825961463e-01
4.341837203974367121e+00
4.318677455841757329e-01
4.440089405258344502e-01
4.465544359512610972e-01
4.488256849538859727e-01
4.454834360190818576e-01
5.628502992007176076e+00
4.344283380171108377e-01
4.466263817478788312e-01
4.472677474857674196e-01
4.441823256008494147e-01
4.442532275837168809e-01
8.794151103829600302e+00
4.412355328135442178e-01
4.501185198696179834e-01
4.477785738857918418e-01
4.502483842053350283e-01
4.454232573012225638e-01
1.135226364822901601e+01
1.792106395651825324e+01
7.398369599840991739e+00
5.660180235855968078e+00
5.014768243864427433e+00
4.608055853462042606e+00
4.302816619182129543e+00
4.054137400831322680e+00
3.841834758762971980e+00
3.654761923783773625e+00
3.486167973797960506e+00
3.331745754245397428e+00
3.188666709747011385e+00
3.055051141505495060e+00
2.929654834099878258e+00
2.811671290026122705e+00
2.700599215261066721e+00
2.596148700691774724e+00
2.498171299594417860e+00
2.406605270435022703e+00
2.321430621235515357e+00
2.242630682475100556e+00
2.170158400331319015e+00
2.103906701549731473e+00
2.043683338296605978e+00
1.989191690966016557e+00
1.940020037449186496e+00
1.895642490885083964e+00
1.855434644749966111e+00
1.818705409788622829e+00
1.784743406025072199e+00
1.752872159087252246e+00
1.722504673355720994e+00
1.693186563597627092e+00
1.664619129390903174e+00
1.636659348119992030e+00
1.609300755196048094e+00
1.582644626623423090e+00
1.556872391314325643e+00
1.532227223510486125e+00
1.509006811239308909e+00
1.487563064535798452e+00
1.468300526817080787e+00
1.451664694044666692e+00
1.438113909909090049e+00
1.428072433860813284e+00
1.421865978885307857e+00
1.419643646041181873e+00
1.421292250492787401e+00
1.426352112269880124e+00
1.433949001003695711e+00
1.442764829506408830e+00
1.451076189986154397e+00
1.456887565747301494e+00
1.458167342140077150e+00
1.453158463020717717e+00
1.440694113593911752e+00
1.420425966057810907e+00
1.392889229737417134e+00
1.359383666991257567e+00
1.321715105899374576e+00
1.281881931439942113e+00
1.241788546392138315e+00
1.203034569178193847e+00
1.166790815201119491e+00
1.133750718815239811e+00
1.104141920482116790e+00
1.077788604767615732e+00
1.054219738194313694e+00
1.032815402793815673e+00
1.012973524685826465e+00
9.942685520798697496e-01
9.212091725235690420e-01
9.203131581542116635e-01
9.277702707214008360e-01
9.792577544879135232e-01
9.576704003410504429e-01
1.002564424481000360e+00
1.024048333066320815e+00
1.038733199031842913e+00
1.040181327465186101e+00
1.020652840650322579e+00
9.713387801248478670e-01
8.822986188400837593e-01
7.455382912435351006e-01
5.751543968415425701e-01
4.395291416623306469e-01
4.483771136710174021e-01
4.498234249587068079e-01
4.516620816004280337e-01
4.465610773631438213e-01
