1.782807673189408249e+01
1.129655707935340381e+01
8.751418132088957691e+00
7.366061819183397752e+00
5.638802180386944585e+00
4.998111273722839698e+00
4.594616758812151147e+00
4.291952421109408000e+00
4.045508443013259736e+00
3.835224582210589261e+00
3.649995535889533294e+00
3.483068562749435326e+00
3.330115320926569922e+00
3.188283964852534069e+00
3.055681408405383603e+00
2.931066565075001407e+00
2.813653812164642609e+00
2.702977107485612596e+00
2.598789842168296449e+00
2.500987749906488311e+00
2.409548129198440858e+00
2.324481311282653451e+00
2.245791446562185989e+00
2.173444300206870405e+00
2.107340413256078460e+00
2.047292955242975943e+00
1.993010875268115489e+00
1.944089329785357867e+00
1.900010394248050849e+00
1.860157177943770446e+00
1.823843137415632532e+00
1.790355482759122374e+00
1.759007662450536413e+00
1.729192347829633380e+00
1.700424837259012278e+00
1.672368575976598271e+00
1.644839390684296854e+00
1.617791333072689408e+00
1.591292127616988239e+00
1.565497994161994422e+00
1.540635458608995645e+00
1.516992807849543379e+00
1.494918288775136661e+00
1.474818195322648240e+00
1.457146904902590023e+00
1.442382663937621379e+00
1.430986319502325577e+00
1.423343690554768726e+00
1.419694776451952301e+00
1.420054512015943571e+00
1.424131448450855375e+00
1.431254253721871539e+00
1.440322253064893587e+00
1.449804017845382376e+00
1.457812357577859874e+00
1.462277280499513887e+00
1.461214376663663383e+00
1.453047187303347032e+00
1.436904519627688614e+00
1.412801460403358300e+00
1.381641609167998608e+00
1.345038747443621396e+00
1.305017384162205474e+00
1.263681508429345346e+00
1.222930084144981722e+00
1.184262154630620012e+00
1.148678370526050152e+00
1.116664922848325636e+00
1.088241446685877412e+00
1.063058674328004383e+00
1.040535174169996413e+00
1.020020078133932806e+00
1.000960887526718857e+00
9.227907045389378560e-01
9.222159816168298274e-01
9.274058186324343200e-01
9.559636788237181326e-01
9.782638070354806592e-01
1.003746956362012277e+00
1.029315135242683033e+00
1.050411392938958466e+00
1.060927039453468224e+00
1.053343502988079550e+00
1.019104977616105190e+00
9.489956139934504487e-01
8.330747359537100660e-01
6.682103730778272688e-01
4.916629965461269403e-01
4.302738053902852022e-01
4.441644650471078259e-01
4.467145955492231035e-01
4.468087046358987791e-01
4.630240938716528865e-01
5.602151154562060142e+00
4.351654831412349322e-01
4.333433330059645039e-01
4.445270800638501663e-01
4.448277162827244391e-01
4.578478324845884906e-01
4.321297058729927976e+00
4.357948157571551184e-01
4.334568258238628569e-01
4.445830637064261404e-01
4.450653552733220275e-01
4.594891853314948538e-01
3.545299109411311544e+00
4.339490048616664875e-01
4.316438352728106387e-01
4.443481996451371652e-01
4.477195895223532451e-01
4.433357971178287227e-01
2.991499609112395763e+00
4.380084984541015580e-01
4.226187385376604100e-01
4.426888022640939058e-01
4.461683929832354067e-01
4.438137379590133547e-01
4.462122986967635430e-01
2.562078564877886766e+00
4.325395637639531388e-01
4.331005816592604640e-01
4.444901494612549242e-01
4.459074682323279637e-01
4.526894122826480293e-01
2.212558940518130512e+00
4.336388156008115780e-01
4.276260858641510731e-01
4.405357544312366036e-01
4.356790944403656218e-01
4.331485171259378819e-01
1.919198824062049447e+00
4.257399108784802877e-01
4.334921349279372005e-01
4.526532127561114782e-01
4.224898511497949261e-01
4.268584321955016803e-01
4.493481185169733716e-01
3.623520888078220481e-01
3.994518298979671811e-01
4.789422079481245875e-01
4.683484498668767371e-01
4.900071117135835208e-01
4.943952016436873320e-01
4.927362462480311955e-01
4.256567614909286812e-01
4.292256173222996352e-01
4.368867938270069584e-01
1.258813346081794959e+00
1.449801372616556394e+00
4.983660900761656687e-01
4.971226507763241154e-01
5.052931442191620492e-01
4.287964309949565123e-01
4.545848018692515979e-01
4.208889005451229015e-01
4.612314647650461175e-01
4.759111172274814172e-01
4.777021895512270078e-01
4.919068936283274573e-01
4.873896772682571044e-01
4.981245400741685647e-01
4.268382163877184055e-01
4.320071507023606205e-01
4.279103825586730858e-01
1.089407901779400722e+00
3.714361525184798896e-01
3.808400474329864949e-01
5.261403655257793632e-01
4.565538955754630535e-01
4.205587873125021248e-01
4.261401848490011246e-01
4.494422807394718444e-01
4.621929746588797627e-01
4.632216386862157420e-01
4.614665770050794813e-01
4.571586142743873094e-01
4.629274978736928614e-01
4.640383911759527469e-01
4.700243069069791613e-01
4.628280908867625221e-01
4.653937832099937499e-01
4.245118494627595496e-01
4.378283040194665410e-01
4.682885131847873139e-01
4.734629307445147872e-01
4.828190632160637152e-01
4.993530696363291388e-01
4.987913632899804717e-01
4.286219859959852219e-01
4.352630117450013159e-01
9.509551854288370576e-01
3.890312528380490131e-01
4.600855744948430526e-01
4.538661750805522144e-01
4.727964413377430675e-01
4.593071546355401713e-01
4.601964243885395822e-01
4.604245548522981624e-01
4.600894238218903309e-01
4.594560339136662397e-01
4.594845299606858946e-01
4.609661773598578427e-01
4.636340219235735582e-01
4.685937282064896459e-01
4.666284220538362559e-01
4.708547838464999247e-01
4.393233858822256921e-01
4.408708798025451348e-01
4.391776384414820544e-01
4.690980770643218278e-01
4.735602050160148679e-01
4.815049023520494020e-01
5.026539708808276385e-01
4.940872886880252057e-01
4.269637028786451571e-01
4.244849853278171992e-01
4.498114439798647779e-01
7.665774704622859703e-01
4.891826390953334935e-01
4.180244915709285802e-01
5.474649282252930238e-01
4.359210715094534727e-01
4.397652505404777701e-01
4.401718978249191117e-01
4.497292114968205468e-01
4.616145080983425908e-01
4.619527996448688500e-01
4.633981710017286426e-01
4.687014039473940685e-01
4.683230756121479210e-01
4.380209961507127159e-01
4.440308007701074255e-01
4.400204779021074653e-01
4.765096252758462270e-01
4.742260019630266110e-01
4.837242604817609815e-01
4.987744853777464349e-01
5.086988809416126411e-01
4.259467671499643227e-01
4.296743340743678363e-01
4.434469454503237040e-01
4.392768741006949362e-01
4.239801800425194722e-01
4.306290375940354243e-01
5.308114175947648006e-01
5.125119048974970948e-01
4.521960009168118355e-01
4.250604679084545867e-01
4.482904432960906904e-01
4.627918535253891519e-01
4.659100012143420622e-01
4.567973492647462441e-01
4.336729610048629668e-01
4.432470083435182118e-01
4.696918071728379274e-01
4.676880087407521147e-01
4.413509380627789747e-01
4.448221976732869565e-01
4.393354664514030894e-01
4.722301120369554739e-01
4.765795064052703034e-01
5.002526994419408402e-01
5.021347389056131094e-01
4.292915581372822587e-01
4.319188481241009736e-01
4.361778981370902364e-01
4.500679239320641845e-01
4.420615199426625175e-01
4.435806605989641160e-01
4.577927897583858319e-01
4.859792355739938619e-01
3.783907262933284277e-01
4.993376993215827286e-01
4.324954279680504055e-01
4.111583352018655657e-01
4.358551844615090043e-01
4.565554813435693249e-01
4.494668703470313664e-01
4.431200942642432583e-01
4.516588650200137889e-01
4.571473909110415068e-01
4.606110127697562451e-01
4.632940119003538526e-01
4.685959453085110082e-01
4.649937738762766615e-01
4.674881521709124410e-01
4.336876145275022076e-01
4.435826286680311092e-01
4.449955561044375285e-01
4.405089383058568564e-01
4.947146859890380610e-01
4.375864095101431595e-01
4.347353970497145337e-01
4.663826677436553325e-01
4.622866382052104317e-01
4.619445748455685563e-01
4.687626653965824564e-01
4.417620328833956056e-01
4.458812547599815823e-01
4.362628945315100149e-01
4.870344478607427363e-01
4.656246933927584153e-01
5.074320740389351991e-01
4.293132900872858593e-01
4.365083038524321113e-01
4.272543898039585786e-01
4.451802403000756914e-01
4.442877747643133035e-01
4.435667615136951736e-01
3.833506669964885094e-01
3.545142066908456013e-01
3.593790339995528993e-01
4.384749796177180303e-01
4.715553552090889777e-01
4.779278652904367930e-01
4.704494549365921263e-01
4.371854616161122142e-01
4.468741929317589512e-01
4.630519721423049240e-01
4.607722720750223044e-01
4.628974630225615172e-01
4.648236396979542606e-01
4.687706748917883082e-01
4.666194928038793210e-01
4.345526882093759813e-01
4.466803577351169396e-01
4.507580836801658442e-01
4.933685482484511109e-01
4.866727505065642778e-01
4.324557992666894779e-01
4.244200857055006604e-01
4.610836859685239486e-01
4.591883857080513720e-01
4.786951171339795530e-01
4.434708997613086012e-01
4.460302287288033796e-01
4.364561191399121687e-01
5.147572189665929887e-01
4.737760876289026091e-01
4.413760859519177959e-01
4.394045468175751257e-01
5.045631197791611289e-01
5.156017015920465463e-01
4.332700081446548834e-01
4.373780183679191746e-01
4.329317533579724042e-01
4.449261774918958912e-01
4.394505343244844986e-01
4.454019069698275657e-01
3.910008344652054491e-01
4.919079959003478386e-01
4.919080145599578624e-01
4.695637761144208500e-01
4.646541636371168682e-01
4.678197468953093074e-01
4.643801490052710812e-01
5.032749975770830497e-01
4.447474650567272980e-01
4.482898021567598978e-01
4.462580544898583912e-01
4.604953604833730285e-01
4.265118827400499746e-01
4.775905707552538515e-01
4.148568736073210972e-01
3.989511490792644333e-01
4.686864201080507275e-01
4.654135258788035245e-01
4.662241264977917687e-01
4.408100036836593572e-01
4.400660647681366444e-01
4.456375954445658261e-01
4.621396721773412541e-01
4.691551674595515475e-01
4.311989954805068304e-01
4.592915473983584240e-01
4.611676546667082821e-01
4.837173812843620913e-01
4.433733956710213531e-01
4.431680893596835480e-01
4.351236616477167085e-01
5.027352067321398943e-01
4.306822949914582699e-01
4.209877820660212766e-01
4.716697285742742496e-01
4.933043233366746771e-01
5.022529467849848883e-01
4.355661279170597866e-01
4.366971819369336316e-01
4.311936081910077156e-01
4.360652419446857664e-01
4.436905090518337702e-01
4.840698604384482961e-01
4.827063018819788831e-01
4.543343635689099935e-01
4.590266919960557246e-01
4.732959765772836724e-01
4.885337700553191720e-01
4.424205557790213961e-01
4.477679221103615381e-01
4.465328138032343408e-01
4.518387344928078697e-01
4.815177382147111662e-01
4.680033861182023580e-01
4.353895401339902271e-01
4.596228156176138113e-01
4.681138977100716692e-01
4.717754798653127635e-01
4.872805385540307510e-01
4.382011875304357984e-01
4.438920040294709324e-01
4.463383363800073611e-01
4.602069483989588150e-01
4.839095795626356944e-01
4.433735213632701844e-01
4.261700038478678509e-01
4.585557134951466218e-01
4.606438718071122485e-01
4.843793089845541133e-01
4.420758301936246193e-01
4.463555877101569869e-01
4.411693008160144092e-01
5.085855715803383470e-01
4.786277540892402982e-01
4.194547450231591035e-01
4.828477042911248907e-01
4.911270784231692721e-01
5.026261833024104897e-01
4.300274956198353871e-01
4.551079822625727078e-01
4.469859229694045366e-01
4.492515847000431162e-01
4.581006919047214687e-01
4.778467308039494044e-01
4.788038179667842287e-01
4.617895552696162920e-01
4.667910980822558287e-01
4.757318167276045617e-01
4.599192930878637786e-01
4.421840811790847536e-01
4.480680120989879445e-01
4.490940504624019725e-01
4.485777057839270276e-01
5.026989225822580121e-01
4.297693398143419552e-01
4.297083206915825460e-01
4.631728230484755127e-01
4.721510913500536200e-01
4.715276056022911222e-01
4.379981433085753939e-01
4.433906630890784295e-01
4.486580230608976372e-01
4.605422519627741518e-01
4.843239990822467145e-01
4.758371690340248983e-01
4.314220617303176630e-01
4.581190679395282239e-01
4.581073560633233677e-01
4.835332126630145777e-01
4.434977208033493712e-01
4.452281907752675405e-01
4.410057091844907795e-01
4.841765224092376418e-01
4.284020081304984462e-01
4.224800237356367005e-01
4.840652751225409389e-01
4.915744413168693927e-01
5.071997785053677932e-01
4.302525309152986366e-01
4.355077018201101158e-01
4.353842493099053801e-01
4.407297287266999652e-01
4.349975096920421502e-01
4.737169891559637191e-01
4.790685803514761476e-01
4.666147163755420268e-01
4.665155114776676770e-01
4.706877883101940885e-01
4.848011372659087326e-01
4.488895485433681554e-01
4.496177808740371984e-01
4.593183811803654426e-01
4.683219840870757600e-01
4.730601400169072157e-01
4.265351436338986058e-01
4.716784572937565700e-01
4.649761050297248621e-01
4.730670301940081424e-01
4.731311367631204634e-01
4.439144262213594594e-01
4.445662368660081021e-01
4.512582791690895045e-01
4.586206388923393384e-01
4.713412112360793049e-01
4.331636331666824935e-01
4.583943701745545884e-01
4.577968473456789367e-01
4.820950323848214869e-01
4.419952575268261685e-01
4.468467984789829539e-01
4.690169335597730860e-01
4.977714281723842893e-01
4.868951287501419589e-01
4.240011137067131730e-01
4.817056048449515626e-01
4.882858362825380771e-01
5.163634288702532160e-01
4.295880916517111903e-01
4.453715268231832614e-01
4.304180344026241056e-01
4.312005853612310702e-01
4.712598850355013136e-01
4.748821078652343264e-01
4.608673711142800555e-01
4.668350606645839673e-01
4.671658929317066278e-01
4.843664467794603912e-01
4.495964830460750239e-01
4.525268738673358104e-01
4.700492969456915304e-01
4.516343353958748308e-01
4.439267445139487567e-01
4.664650514692810779e-01
4.663957336962005762e-01
4.694272523617707971e-01
4.846034592330126789e-01
4.522911684065979987e-01
4.719137480219106062e-01
4.367843903933700256e-01
4.176556602416515163e-01
4.588295169309598576e-01
4.586837329283761644e-01
4.810702571391730076e-01
4.421738673396060082e-01
4.481138401980401809e-01
4.663302483579986335e-01
4.575423427285761901e-01
4.282761251367526723e-01
4.852209945950482495e-01
4.853860647197993372e-01
5.055595210095902292e-01
4.378522890200983175e-01
4.436386129587319704e-01
4.265459107221760138e-01
4.272819947987112621e-01
4.708051224085179620e-01
4.742981952898684406e-01
4.760726069874307020e-01
4.620816075180264604e-01
4.723272435338369268e-01
4.802768032038696178e-01
4.564860681567993739e-01
4.350034847605568356e-01
4.395049755618040122e-01
4.628120608475375097e-01
4.697615020952397025e-01
4.683098814890884753e-01
4.394341422845202128e-01
4.592804667956040254e-01
4.581832380572589125e-01
4.756277172861518299e-01
4.643847281752188083e-01
4.253167490076154578e-01
4.126244765872362219e-01
4.928958908861801325e-01
4.925974100617075968e-01
4.418427585776401045e-01
4.410094156573594604e-01
4.293337162844646504e-01
4.321364533407558994e-01
4.381751309811746653e-01
4.735468427679142556e-01
4.791940458504374001e-01
4.727257110229773907e-01
4.727291058135175139e-01
4.747878599551395018e-01
4.969908775744716345e-01
4.267067549144907268e-01
4.698380577619692966e-01
4.658098785920847806e-01
4.666258919065360278e-01
4.864465881810619563e-01
4.342353769329022062e-01
4.326763943889644914e-01
4.689236041432984781e-01
4.668669390702099298e-01
4.792462520072831578e-01
4.457941312739155948e-01
4.956249979333351985e-01
4.925990950983025751e-01
5.009174020136176742e-01
4.401304549546048439e-01
4.395406737247484208e-01
4.331841886367738814e-01
4.365461108548972513e-01
4.738228893346981274e-01
4.737980680318595872e-01
4.686984500490060657e-01
4.754688280681587109e-01
4.782164019126355359e-01
4.647420925547568471e-01
4.619895677755817553e-01
4.620625726773095465e-01
4.721603838466555403e-01
4.706742624533654662e-01
4.295573393411122320e-01
4.326220945169674814e-01
4.589263907819276511e-01
4.472900682774524350e-01
4.915713257705741634e-01
4.814473199624675348e-01
5.001472988264892283e-01
4.404031072740011155e-01
4.423966307292114819e-01
4.287364909024733439e-01
4.302033673183540130e-01
4.721813416681592823e-01
4.726421413097893209e-01
4.735547210066523571e-01
4.712709430691765511e-01
4.739521278290530493e-01
4.850040001120022315e-01
4.607806487466563627e-01
4.680742933953405682e-01
4.331632353115396628e-01
4.445403762589437147e-01
4.945383145315207507e-01
4.817025052590551137e-01
4.688397853633531898e-01
4.545089526179812434e-01
4.652030486305785417e-01
5.022136013488813777e-01
5.102723126926453912e-01
4.430410329444089967e-01
4.457889441064573632e-01
4.272808776034710543e-01
4.286591393752494650e-01
4.675848675743271565e-01
4.722540354220379211e-01
4.689856474703237299e-01
4.803458953986666780e-01
4.782052854100432571e-01
4.584323661795521310e-01
4.648579989422890746e-01
4.626205718055714788e-01
4.522871462953139132e-01
4.415619868623634758e-01
4.883882189486072889e-01
4.801717874384263118e-01
4.517115331096546171e-01
4.645823945497196683e-01
4.637566653119736260e-01
5.088064134947779538e-01
4.751089549452408578e-01
4.457550617602715759e-01
4.469873921773857561e-01
4.323864986727231630e-01
4.317451524260209061e-01
4.363980496147051857e-01
4.718475499904296599e-01
4.738644203739970640e-01
4.696491177844079323e-01
4.401956808465473103e-01
4.422836017422621113e-01
4.624842156896248890e-01
4.703796644293494200e-01
4.335407127805993022e-01
4.833808203642735446e-01
4.798324738249499233e-01
4.517102591965789782e-01
4.519777677437236685e-01
4.406839538432793524e-01
4.571225962270301646e-01
4.419279532385303466e-01
4.402792537531457495e-01
4.582478344229987122e-01
4.625702192666595325e-01
4.410399324240138474e-01
4.494470103146556705e-01
4.512118223323000055e-01
4.368962211323851319e-01
4.412495981497364661e-01
4.756862055330393080e-01
4.735900461689517837e-01
4.211777277165458799e-01
4.136014045552814933e-01
4.615233009020598409e-01
4.657043063861557863e-01
4.343875345205560623e-01
4.371123636082194230e-01
4.737530766005692007e-01
4.760266241337454685e-01
4.558873475551210586e-01
4.496472610145946236e-01
4.654157372860772135e-01
4.531657478036164033e-01
4.417821688005709180e-01
4.469223514661337382e-01
4.618623251721722944e-01
4.662878920562428253e-01
4.595659300448615703e-01
4.608706268599934708e-01
4.400206017937421943e-01
4.890690847311387479e-01
4.798448216494182184e-01
4.840174214016355059e-01
4.509380985498563366e-01
4.504974866637344033e-01
4.329571767065706345e-01
4.321352607847809835e-01
4.691303653233447890e-01
4.725270836479699699e-01
4.371666690298623426e-01
4.218235418117455282e-01
4.667245143213509806e-01
4.999050759184910930e-01
4.575848583616419218e-01
4.647929998727943213e-01
4.631690333142777227e-01
4.791119266231529950e-01
4.340343985714720243e-01
4.356641738906843475e-01
4.611489860851822886e-01
4.743465289363119619e-01
4.393227475528656556e-01
4.356915372316355617e-01
4.338382089345541592e-01
4.720476613257750254e-01
4.732836379696105378e-01
4.533790248909588816e-01
4.492575290794347809e-01
4.592608314973939398e-01
4.582385260966871932e-01
4.346929761746942122e-01
4.413636247491471987e-01
4.640637332981958907e-01
4.632698209334515371e-01
4.475899764029821482e-01
4.517679850886575643e-01
4.662247963914991633e-01
4.823309116233513438e-01
4.740855988254463194e-01
4.530150979144159651e-01
4.516622091055330634e-01
4.306786602603551173e-01
4.283641267420975618e-01
4.658414184136395741e-01
4.708815016543267395e-01
4.259354913835303735e-01
4.261016249491006991e-01
4.666416472499680945e-01
4.895579019255901776e-01
4.539210687677505129e-01
4.505039137921173498e-01
4.647145771084277288e-01
4.603982777626256517e-01
4.643633104074083029e-01
4.655203342032278035e-01
4.383957944924899985e-01
4.687144870550101761e-01
4.713577248336718317e-01
4.355098829754398548e-01
4.398613516190562067e-01
4.683005209477074104e-01
4.778368482187249633e-01
4.751368844634849542e-01
4.498222088857358192e-01
4.500900455810115663e-01
4.583373253284155346e-01
4.578018326204776334e-01
4.396483086782411731e-01
4.423895681189116136e-01
4.486410999451649340e-01
4.633699115968905602e-01
4.600598673623082502e-01
4.532202788234420132e-01
4.459127844835216181e-01
4.486353153484670120e-01
4.629922233273137677e-01
4.778800913985273846e-01
4.822424490609160674e-01
4.541669253496478653e-01
4.546376976088527533e-01
4.304955823137587290e-01
4.304904287685372144e-01
4.658335640052482240e-01
4.702531186969085564e-01
4.692530751146360979e-01
4.318054698926342971e-01
4.756310413723057740e-01
4.791331951572298520e-01
4.504701088398546105e-01
4.523814418676410098e-01
4.535774268740881965e-01
4.665273755158858004e-01
4.682851508102150451e-01
4.678899032785493461e-01
4.476421557617649150e-01
4.425844266986342923e-01
4.693322785613034953e-01
4.724834633748371537e-01
4.258449813560102326e-01
4.309874016109175310e-01
4.317719168870444157e-01
4.720830004828575066e-01
4.797778567695444307e-01
4.487867883584137352e-01
4.622147836460743231e-01
4.455124960828958369e-01
4.485891405723261283e-01
4.613297067783933558e-01
4.638513420393577946e-01
4.466249807283760864e-01
4.453727234033662552e-01
4.553289477687875730e-01
4.622014846153481016e-01
4.787926447505496119e-01
4.808139829409653898e-01
4.515629966117835070e-01
4.566179566504284248e-01
4.329608916635147020e-01
4.367618390661771044e-01
4.426917804532496392e-01
4.664464117266714505e-01
4.715106532657715732e-01
4.407870554262356411e-01
4.286704535178332276e-01
4.820474248782169457e-01
4.781987596631652182e-01
4.512994841338531238e-01
4.522308155432431254e-01
4.669255081197672963e-01
4.784369840155671683e-01
4.467889381610991029e-01
4.409193045191305838e-01
4.713318387161219980e-01
4.718509736818297107e-01
4.366195355686567359e-01
4.416693918758425319e-01
4.692802333019916450e-01
4.764288429838965389e-01
4.533456763056547545e-01
4.489196084503042639e-01
4.584447780465503719e-01
4.609088631626937493e-01
4.446902594778157081e-01
4.408559183820734417e-01
4.568263522773103880e-01
4.634038995893491886e-01
4.424627369996513293e-01
4.449963843740096237e-01
4.572131387257770130e-01
4.598139036800623636e-01
4.798554706320355967e-01
4.820928354692409767e-01
4.493046202383860765e-01
4.567841184936626830e-01
4.366359927877554448e-01
4.385171630342551974e-01
4.638983217651916902e-01
4.655710020361541468e-01
4.274707420441803407e-01
4.255432078770640114e-01
4.811658532397686816e-01
4.758709114361527326e-01
4.514064724420802643e-01
4.509990363949740177e-01
4.537421713932426881e-01
4.654146787210103886e-01
4.625488438769003730e-01
4.897207571559301642e-01
4.375541443851864165e-01
4.515265237956884170e-01
4.695296308036486788e-01
4.683273110051797694e-01
4.334528269490157681e-01
4.323750260742780793e-01
4.629387451909151019e-01
4.700893380181120906e-01
4.752623101054219146e-01
4.533090747309969637e-01
4.471520176488933962e-01
4.639817722185402560e-01
4.628051037155269665e-01
4.434543405508679093e-01
4.410444576343117706e-01
4.563970486342459054e-01
4.633975754387528179e-01
4.609457154792500622e-01
4.516153138369298770e-01
4.601270439446197846e-01
4.810012211068230847e-01
4.852758263193584498e-01
4.523246519251207798e-01
4.605620229289059120e-01
4.328613568766498387e-01
4.337672107647426167e-01
4.598931269341129391e-01
4.620975315392046312e-01
4.649525151955820057e-01
4.240949418751799871e-01
4.299670358632292078e-01
4.751341428069965622e-01
4.709300665329071989e-01
4.500493344495996584e-01
4.488978986347660904e-01
4.674081610113722807e-01
4.626910464231964726e-01
4.359403296046061027e-01
4.628427118817619590e-01
4.792710525744312000e-01
4.285396238436174343e-01
4.327373800873531851e-01
4.671950971565222988e-01
4.797353696785594535e-01
4.483033181559273328e-01
4.479461649817940705e-01
4.618754987977465865e-01
4.623933256928083879e-01
4.421807951620931321e-01
4.400571839140035579e-01
4.590128907133741998e-01
4.658196855015362958e-01
4.457157165509801899e-01
4.489648193404209287e-01
4.607655319927991266e-01
4.587436155902399615e-01
4.851420366272281015e-01
4.828010636662039556e-01
4.561167668906518369e-01
4.320669420816615203e-01
4.305550027332337715e-01
4.628224796196905855e-01
4.698836458791604276e-01
4.196340358125629777e-01
4.380640624212270295e-01
4.823359841958719252e-01
4.516042178832340159e-01
4.504224958390307676e-01
4.529516765765316810e-01
4.630352138873769507e-01
4.777210481499200023e-01
4.765966479016924273e-01
4.362392561264747948e-01
4.393729508778119186e-01
4.455497787886200656e-01
4.620870366150148234e-01
4.602171551572371566e-01
4.820066652062774959e-01
4.417456435373365298e-01
4.541949684096660000e-01
4.663533195090767691e-01
4.586996302276026838e-01
4.451197480611180923e-01
4.440290788890141060e-01
4.449714036105776316e-01
4.626301608257272213e-01
4.596276204333952786e-01
4.442101152555057997e-01
4.514266909744133471e-01
4.655720251240279550e-01
4.594502132615926326e-01
4.826429190547680270e-01
4.794758051739831384e-01
1.119541181149227294e+00
4.331589382531174648e-01
4.293729465051374095e-01
4.308841382776517070e-01
4.600303366617780609e-01
4.454269505122354644e-01
4.858690933629258302e-01
4.737546967546042986e-01
4.502423902870489325e-01
4.519828589939850483e-01
4.850153805494915038e-01
4.645764954291108362e-01
4.398978968834368342e-01
4.456218427396320125e-01
4.616209014409653477e-01
4.466028113516027909e-01
4.683820701035324996e-01
4.462629360556428226e-01
4.496764569522367361e-01
4.581490981206420288e-01
4.518408702019804934e-01
4.338400216176450108e-01
4.506180942418047675e-01
4.637123276725665932e-01
4.563984802916893346e-01
4.823130230734666291e-01
4.779644390699449574e-01
5.512539286796750204e+00
4.274749793966401978e-01
4.381027488052731678e-01
4.954135978634209292e-01
4.780618848145920530e-01
4.504896545466627877e-01
4.495455371533658151e-01
4.675831971000005138e-01
4.367775839679978178e-01
4.396357591179138047e-01
4.684944207528642934e-01
4.567651487890655448e-01
4.421424263642650399e-01
4.478309655819819879e-01
4.613577106049488452e-01
4.537190073788054390e-01
4.607495646459295879e-01
4.786520664501630606e-01
4.711586408599963693e-01
4.724238097628803978e-01
1.715897861828873516e+01
4.165261508026789072e-01
4.326063266707337318e-01
4.708833487395895356e-01
4.824123952773166080e-01
4.513494272593702172e-01
4.453273859320470152e-01
5.021765985382974362e-01
4.649583612909564123e-01
4.456288626300888289e-01
4.442483055997189512e-01
4.892413712183429908e-01
4.586917062688558033e-01
4.541011702830934360e-01
4.253849005099105685e-01
4.650770253659763376e-01
4.556605441749234098e-01
4.654198845108056815e-01
4.940272430921237579e-01
2.759237556812231773e+01
4.389085151175454724e-01
4.828502382669679904e-01
4.655552083859427759e-01
4.242964920086350622e-01
4.645004066092083828e-01
4.824668238579701840e-01
4.456513998882902228e-01
4.357061248269871734e-01
4.503859198001631259e-01
4.504873862792246886e-01
4.621374738837659146e-01
4.685809516383571682e-01
4.880021055307708910e-01
3.151654780436641801e+01
4.281069453445305872e-01
4.823282140605306134e-01
4.660663146574673399e-01
4.460035986218529036e-01
4.643752941318309291e-01
4.642965548351681293e-01
4.460588440155359713e-01
4.448744353198380574e-01
4.586441165504700490e-01
4.247227353300837560e-01
4.557673322441408992e-01
4.685230492811102154e-01
4.939330415172367705e-01
2.759304961541486634e+01
4.120312997936080857e-01
4.334272252485307231e-01
4.711857359497427788e-01
4.780446983000309902e-01
4.519394192346151695e-01
4.500471113297409009e-01
5.014361150677727474e-01
4.668943291177221067e-01
4.461839056228086853e-01
4.401502257291134979e-01
4.891673678884384535e-01
4.567116379211444421e-01
4.543181913948473594e-01
4.480379917746454832e-01
4.651821069113615259e-01
4.608398287210333510e-01
4.653161194345258322e-01
4.723372437227466580e-01
1.715959765888957023e+01
4.228653430089578391e-01
4.269584282445291756e-01
4.953603500267974025e-01
4.738101538642149890e-01
4.508595874944811843e-01
4.522493631932584246e-01
4.640681272134993818e-01
4.372218287205948406e-01
4.459876074303968374e-01
4.684557967673927958e-01
4.683408452370819153e-01
4.420492859573028621e-01
4.496748123287437893e-01
4.614130092133733596e-01
4.518801012941607853e-01
4.535557117738441280e-01
4.506475217143591228e-01
4.563818741499852116e-01
4.785854861401451221e-01
4.778946686190573834e-01
4.710916490603862528e-01
5.512819564232380287e+00
4.297470823267032780e-01
4.272021055323694805e-01
4.254755243690516719e-01
4.630363758734795110e-01
4.730452083907424332e-01
4.472998214618807977e-01
4.388244332142820503e-01
4.860396750730808235e-01
4.824752076749604934e-01
4.504105095988975016e-01
4.529611165480712520e-01
4.845381335713797033e-01
4.761900214825688371e-01
4.402134409226808320e-01
4.457461611269881718e-01
4.613658357443438662e-01
4.815772796440292436e-01
4.465201501868266143e-01
4.541679396773845578e-01
4.586592479373520770e-01
4.462540998050554264e-01
4.449263267480570994e-01
4.582443513875087415e-01
4.596959522006840992e-01
4.338292311940461499e-01
4.512080911510992776e-01
4.639895014809228835e-01
4.594336644460563224e-01
4.822597619989520967e-01
4.794250143254795704e-01
1.119632421467166905e+00
4.292836860066279181e-01
4.311866605902802130e-01
4.656499324676173224e-01
4.685135178252471388e-01
4.206272060704798199e-01
4.309255779973469869e-01
4.712732977922740596e-01
4.513758672723421905e-01
4.486609828648684406e-01
4.504819076227763452e-01
4.631418009528285862e-01
4.626373082596413888e-01
4.628659026881472016e-01
4.774459998165052621e-01
4.790432488445152681e-01
4.363147347672359233e-01
4.327952987192959511e-01
4.395539079863793330e-01
4.617213895726450801e-01
4.793700803080706008e-01
4.598437626572261516e-01
4.417208592403294443e-01
4.479159294449499007e-01
4.663130963480948687e-01
4.623631224715827881e-01
4.451498020446975068e-01
4.401098794905755063e-01
4.440294774286315249e-01
4.627015876732193944e-01
4.658634824096644089e-01
4.439898665410990097e-01
4.488827151961718998e-01
4.656966995490552375e-01
4.587259490437328724e-01
4.826017186275805004e-01
4.827641086179386698e-01
4.561551749522151367e-01
4.308517816556666769e-01
4.369774868231858234e-01
4.632062252770094424e-01
4.687181799162924989e-01
4.657988059524876268e-01
4.250303068627908076e-01
4.265228629957689144e-01
4.753630522365704381e-01
4.763442412070191256e-01
4.496749871657226283e-01
4.532540392455871592e-01
4.669025821116907227e-01
4.892256019546193380e-01
4.365311073693219357e-01
4.523437261452371572e-01
4.683531677774035451e-01
4.284706013834382876e-01
4.322759022060185807e-01
4.668548144541122547e-01
4.750045801716717975e-01
4.482647661404758344e-01
4.471078205860656296e-01
4.618506236469478443e-01
4.627827550262810230e-01
4.422278882220588292e-01
4.411265367582205554e-01
4.591096158652468451e-01
4.610137744234754642e-01
4.455367396955617898e-01
4.515947357413390151e-01
4.607501709476933272e-01
4.601259038092600506e-01
4.851126338497311896e-01
4.852510296480555541e-01
4.605976504370750679e-01
4.354389775111567884e-01
4.421561157103500173e-01
4.665410235746063616e-01
4.738426779525116705e-01
4.282818661910725022e-01
4.292665446172446719e-01
4.818028743914691825e-01
4.789182407542507680e-01
4.506222100650300599e-01
4.514455591724014227e-01
4.504827081232966601e-01
4.649751408431582744e-01
4.781257171598332079e-01
4.620659733943486280e-01
4.383175449159825710e-01
4.414987896198291906e-01
4.696014773753763860e-01
4.721165240149803877e-01
4.333316733698217016e-01
4.414923806686064656e-01
4.628666115484670884e-01
4.763922775427024137e-01
4.698555783177901235e-01
4.532554449245088102e-01
4.488647017833459762e-01
4.639774760473214799e-01
4.609008023205518612e-01
4.435539765081857322e-01
4.410002126415686341e-01
4.564312104809983284e-01
4.634488735921337144e-01
4.634252948738129541e-01
4.448719437837805879e-01
4.597633757530518173e-01
4.809823371305729789e-01
4.820781727020955754e-01
4.523665899671125978e-01
4.568357517294844850e-01
4.332691653544873400e-01
4.308340162807305918e-01
4.363189994143713557e-01
4.685153116702187592e-01
4.708046112446673259e-01
4.410883806463621881e-01
4.318533603021831868e-01
4.825802257787699112e-01
4.794216436683922389e-01
4.504053503779097412e-01
4.525815384630603733e-01
4.664970875079055834e-01
4.675222581175425551e-01
4.472988354474357053e-01
4.429175626961794898e-01
4.716809997236641738e-01
4.729524158450499338e-01
4.363734777625470906e-01
4.313544456403844984e-01
4.693171052466477144e-01
4.798876517308341971e-01
4.532863901015996566e-01
4.487253304340775850e-01
4.584403756023327503e-01
4.622233970927553948e-01
4.447675495748713015e-01
4.486590791314464810e-01
4.568564762692970405e-01
4.638740492942312055e-01
4.424393179215110883e-01
4.453451541213301890e-01
4.571532018517259210e-01
4.621273465635756250e-01
4.798456781872769694e-01
4.808073416900661701e-01
4.493546602699068915e-01
4.566629566432028886e-01
4.316711195311588867e-01
4.297224321903161948e-01
4.661364684446226980e-01
4.711358948335681029e-01
4.717380168489382908e-01
4.246781267748486188e-01
4.755269156646658169e-01
4.894069865951043985e-01
4.493960194326966362e-01
4.636027995441895921e-01
4.514090256742374074e-01
4.663017002741685624e-01
4.652883267782241261e-01
4.678794092674736227e-01
4.476551440913684177e-01
4.385292284023078468e-01
4.699049017671310113e-01
4.720138174336320769e-01
4.253334463217834926e-01
4.393435399550091880e-01
4.306062427772502366e-01
4.722379395899814480e-01
4.753915090511326991e-01
4.500169739338509833e-01
4.578085377704601000e-01
4.452959601140143997e-01
4.487549604063628128e-01
4.613375393214560471e-01
4.600574729141589936e-01
4.465562650606103579e-01
4.459402622921299630e-01
4.551707130458608197e-01
4.628138026678695338e-01
4.787869115523425978e-01
4.822449085873667385e-01
4.515981112881120030e-01
4.546685011489596806e-01
4.325215609890856183e-01
4.342952666786380478e-01
4.653296693534042516e-01
4.717874370819069574e-01
4.242644318223393607e-01
4.225400713810796849e-01
4.663857435698866016e-01
4.993413765733801801e-01
4.529153617831768730e-01
4.566028823991757357e-01
4.494423109865866017e-01
4.604160261748579952e-01
4.792184389564430602e-01
4.642423574845684908e-01
4.355415719673706443e-01
4.694467548799086676e-01
4.751444925856878609e-01
4.350630085044333573e-01
4.333925457990114860e-01
4.686398194063429723e-01
4.718213833850716799e-01
4.781134935896900195e-01
4.497479968619996771e-01
4.491752692636285516e-01
4.583423554209817841e-01
4.582515111543255526e-01
4.397498982841780979e-01
4.414848461674656388e-01
4.425002255820605912e-01
4.633470969970160946e-01
4.631982272084835817e-01
4.532715661274820396e-01
4.476461352563203544e-01
4.484709605847373992e-01
4.659975587610648007e-01
4.778889147127712844e-01
4.741204802503464211e-01
4.541879030455693300e-01
4.516835399318734900e-01
4.354079106254390985e-01
4.443033637609261621e-01
4.678801091473694940e-01
4.718719066495520864e-01
4.389957445386155621e-01
4.157462411535882696e-01
4.663862374317454540e-01
4.650776527393556958e-01
4.660104053102945842e-01
4.633478946702881407e-01
4.339060406004762172e-01
4.367688002173029105e-01
4.616459076900845115e-01
4.391977217019737978e-01
4.352373631145124433e-01
4.725851604434407327e-01
4.765154646301110186e-01
4.532916681116557767e-01
4.495576570563428742e-01
4.592719850038542440e-01
4.531890939153702669e-01
4.348531694263444436e-01
4.469816815253773723e-01
4.640024892125118039e-01
4.594797180463161546e-01
4.401167759742031782e-01
4.516475087874819438e-01
4.797780332557586846e-01
4.823858589792936469e-01
4.839671526298206516e-01
4.530292941076899949e-01
4.505090302625543441e-01
4.400696977170733826e-01
4.402729289671541979e-01
4.736019081063585490e-01
4.668038471926593824e-01
4.225730893292181656e-01
4.435531241144214376e-01
4.619568221124573659e-01
4.710585838383218316e-01
4.338407455717507855e-01
4.330374144485283350e-01
4.745275198532326599e-01
4.808017238772400725e-01
4.557891292770530067e-01
4.518822096249231479e-01
4.654545037520735340e-01
4.571483280566490670e-01
4.419817983358619862e-01
4.405160740449384771e-01
4.618361680783746870e-01
4.625445566303164613e-01
4.662339038338988995e-01
4.609995243957345501e-01
4.411530114527838498e-01
4.889424881207428686e-01
4.509408825501125540e-01
4.512136772732077139e-01
4.373617728824843454e-01
4.338750781515882671e-01
4.356044732252010721e-01
4.683327767273025022e-01
4.687414143969084734e-01
4.710460647511259258e-01
4.410028082029236463e-01
4.788895474572967270e-01
4.632397434263464397e-01
4.632022459324414143e-01
4.408874651012301693e-01
4.842867959416766177e-01
4.811986086735224877e-01
4.516148041025394577e-01
4.516160370435688964e-01
4.407392481942090101e-01
4.420757347604824528e-01
4.582187856196542897e-01
4.637540034890427210e-01
4.751070285134519899e-01
4.494402595594931826e-01
4.469783826679933347e-01
4.330149052267090459e-01
4.361713084707317667e-01
4.634015027688910826e-01
4.684986910239407609e-01
4.706617120090076933e-01
4.879696403523519077e-01
4.814348981027967156e-01
4.594542174353170028e-01
4.692317594388695778e-01
4.655690378661032636e-01
4.518155493992738747e-01
4.443525317739194236e-01
4.891668838919754903e-01
4.808173648286035440e-01
4.544140108442232817e-01
4.645728606382750758e-01
4.652328298725214029e-01
5.088491710505818055e-01
5.103033811063804048e-01
4.457352355359575635e-01
4.457671637948589782e-01
4.350946066599676310e-01
4.433382921451747838e-01
4.671051548194053993e-01
4.681964103882665929e-01
4.760956832417214679e-01
4.810754814127955470e-01
4.736054453396283948e-01
4.763813034744040498e-01
4.620188582700778257e-01
4.627690027086591162e-01
4.332391807558545471e-01
4.712612900712182529e-01
4.935492350036892462e-01
4.293299145455877763e-01
4.688062467380459952e-01
4.589315657465419807e-01
4.473113781745172712e-01
5.022230614434415319e-01
5.001747117013417565e-01
4.430070236330324041e-01
4.423636389591903972e-01
4.400420928733987380e-01
4.457745622060081958e-01
4.677237205628841932e-01
4.722327114386696834e-01
4.712397925923331732e-01
5.000640405913787667e-01
4.785989527288128098e-01
4.651775808888664598e-01
4.262185721654444537e-01
4.626780486836500339e-01
4.871088749711119936e-01
4.728646226438087408e-01
4.326713825824283211e-01
4.326431693082642416e-01
4.793464531734288880e-01
4.458474758704934482e-01
4.916039782008683745e-01
5.009524876735979015e-01
4.814759161333701520e-01
4.403652114594023281e-01
4.394995290498864837e-01
4.381818723484065536e-01
4.363306938599908480e-01
4.397498650657656327e-01
4.664233586535435072e-01
4.684537012510090470e-01
4.737322341593240838e-01
4.726923595393689448e-01
4.748465823829451926e-01
4.778823015252185447e-01
4.371075274481373008e-01
4.704579746412756447e-01
4.689060007444792455e-01
4.664042239709530469e-01
4.671800692936053379e-01
4.343182212835050016e-01
4.394974500000902728e-01
4.690406702124675364e-01
4.757325921422608239e-01
4.669798721008418529e-01
4.126852014274400848e-01
4.956718281378902358e-01
4.926450016156668221e-01
4.926444084401340184e-01
4.400823187014579196e-01
4.409621912143064648e-01
4.357602366953938766e-01
4.403456310495182935e-01
4.628998717305006783e-01
4.670327264076971074e-01
4.668701162634008028e-01
4.620458351370843597e-01
4.834824743192043250e-01
4.729242507070274826e-01
4.565207480169979903e-01
4.699529429186369844e-01
4.505857830939282160e-01
4.330209058310692805e-01
4.426149259417218595e-01
4.632563141478009405e-01
4.849584502137217479e-01
4.702663168075453259e-01
4.177226515585616973e-01
4.593741585450395459e-01
4.811843968441105179e-01
4.582890777538399241e-01
4.642986733706603864e-01
4.662486295713519358e-01
4.574343988453989929e-01
4.253632979062497155e-01
4.283149698074926182e-01
4.929451880449967072e-01
5.056196340006176015e-01
4.417924203700522301e-01
4.435904672663164572e-01
4.363211897183381094e-01
4.377514537594175970e-01
4.625339303451974082e-01
4.698327647831221365e-01
4.602623664501236944e-01
4.841862032546128680e-01
4.655495275001527156e-01
4.659988236671813167e-01
4.492497830144511761e-01
4.589209832498735708e-01
4.521295501044262366e-01
4.716082452863690766e-01
4.249244313393786276e-01
4.667844755818968960e-01
4.733307606610773210e-01
4.667504617432549630e-01
4.697764519605311939e-01
4.522489900768132953e-01
4.585786058281526301e-01
4.719216876450142428e-01
4.713157805183568194e-01
4.368228500572130524e-01
4.332418749102257549e-01
4.589188861925804219e-01
4.821875934298387456e-01
4.587736748815970933e-01
4.421735226460967172e-01
4.690205316067510011e-01
4.481070433916901075e-01
4.867622257634571237e-01
4.239841217988097322e-01
4.852781677638290381e-01
5.164274445497152310e-01
4.854384826561223831e-01
4.377997596044954642e-01
4.453095198476299532e-01
4.400286374643896936e-01
4.487856521228165141e-01
4.634627180266708835e-01
4.672556482205167394e-01
4.677511935741027194e-01
4.612553549500797989e-01
4.668776410978894287e-01
4.706623067244208314e-01
4.482242857107345824e-01
4.478943368441448691e-01
4.491994587249145687e-01
4.659807792548427141e-01
4.997099466622970110e-01
4.260550528093159373e-01
4.718251775762161704e-01
4.716754109279552298e-01
4.651780435985456430e-01
4.732723794823457397e-01
4.436522699798132741e-01
4.603724722299539218e-01
4.443590753626762146e-01
4.512006294178729782e-01
4.757284211881501745e-01
4.315611608707223823e-01
4.584735360093508127e-01
4.836252559087174108e-01
4.578812112506531751e-01
4.419893043201825189e-01
4.410188618829842810e-01
4.468377501002123164e-01
4.976377698740698796e-01
4.840623831345545747e-01
4.224510514371976333e-01
4.817710836732422286e-01
5.072671550665921458e-01
4.883491348155839518e-01
4.295327450324037399e-01
4.353093248961032447e-01
4.396945176335883554e-01
4.374860947466499561e-01
4.390057671008830709e-01
4.660479206917627626e-01
4.653152202889859756e-01
4.623156392346812193e-01
4.902344973135858708e-01
4.675242157607713001e-01
4.775112422703524651e-01
4.409230768778639731e-01
4.504694288796698420e-01
4.471798154605761133e-01
4.483045448740859973e-01
4.647608961811160455e-01
4.260488148009378140e-01
4.341706492083670099e-01
4.633092348183396880e-01
4.873258699792988313e-01
4.722298194124994186e-01
4.376326341766997308e-01
4.598713937380559669e-01
4.431251630663355923e-01
4.484866447540482026e-01
4.841930452812058805e-01
4.837561964004675752e-01
4.263754814931263182e-01
4.581585560360580955e-01
4.845711472868307057e-01
4.581797846566951216e-01
4.435056989797169225e-01
4.411890269305692169e-01
4.452311916183119833e-01
4.785531569925234874e-01
4.283063204311822747e-01
4.193660194700959409e-01
4.841440882416747638e-01
5.027012061924580610e-01
4.916461398130170801e-01
4.301993790698916409e-01
4.550579348250099465e-01
4.354472692497199371e-01
4.362161042085140328e-01
4.472715412335266372e-01
4.648514855304670124e-01
4.644198744145205948e-01
4.494705801952084689e-01
4.988034780393547640e-01
4.583291920559365296e-01
4.754496176650260253e-01
4.396166769956464382e-01
4.572998129339907458e-01
4.456374597339861077e-01
4.450314375809305001e-01
4.791825266651420501e-01
4.754761704939887701e-01
3.984682218506309104e-01
4.590972054101965516e-01
4.655893289347631248e-01
4.678927838077250323e-01
4.717859702453037762e-01
4.379991252371048249e-01
4.619554632204273537e-01
4.437167002858092846e-01
4.461272342705244198e-01
4.690081085015501694e-01
4.436004668255029149e-01
4.314519897031030005e-01
4.586199741423070408e-01
4.837864482883338368e-01
4.607076363390746332e-01
4.420945546064318221e-01
4.351479847777648402e-01
4.463721616211053789e-01
5.085431092773629036e-01
5.027241679169973665e-01
4.208591165007763979e-01
4.829442917973111316e-01
5.023409757352168548e-01
4.912090320091716533e-01
4.299653607105844433e-01
4.311390480719635709e-01
4.476509707468064314e-01
4.462395519013401257e-01
4.422552930055423936e-01
4.548090800764711394e-01
4.703195565224325136e-01
4.644121669564310051e-01
4.661980180572394827e-01
4.635713485350482777e-01
4.657718274920152335e-01
4.661100236767808380e-01
4.599296282425230364e-01
4.392519634433884601e-01
4.488714442890766598e-01
4.438664355838591313e-01
4.429234155109424420e-01
4.249609411969014205e-01
4.659791340618368860e-01
4.144838291288724386e-01
4.683201824314938699e-01
4.648066294112169206e-01
4.407851964725539862e-01
4.508079240572243074e-01
4.400177279883517034e-01
4.455520124078694577e-01
4.863231644921071628e-01
4.247426402834742487e-01
4.593484509003081251e-01
4.787579987166903916e-01
4.612250180750553930e-01
4.433871889081554829e-01
4.365045562933525525e-01
4.431932859753935361e-01
4.738272629726522078e-01
4.305244916442641512e-01
4.392827943032882598e-01
4.717802249518332491e-01
5.157142001745382842e-01
4.933797819729541789e-01
4.355063424938820371e-01
4.328651319694654109e-01
4.366371678477461438e-01
4.463038972630866685e-01
4.447068561069880688e-01
4.461050035626786259e-01
4.576170906413226103e-01
4.563844671586881341e-01
4.472302642908541626e-01
4.688674809351416894e-01
4.618635014271073036e-01
4.677879122246489940e-01
4.276742450941480866e-01
4.226047886684545785e-01
4.406489263550819047e-01
4.606716393234900897e-01
4.668490399470345276e-01
4.629136417792180658e-01
4.647221746256858799e-01
4.687342406578633991e-01
4.346281190626017366e-01
4.406973125120516865e-01
4.467511238064583723e-01
4.930785364753917377e-01
4.943988947442526372e-01
4.326301224100696508e-01
4.348607223733225169e-01
4.611293339404962666e-01
4.687767764521843517e-01
4.592393874052979608e-01
4.434875798042745010e-01
4.363445590236344485e-01
4.460662698559594297e-01
5.147632428134258920e-01
5.073090121108679851e-01
4.413555128086956714e-01
5.046214281252980882e-01
4.332048212554255873e-01
4.271763693173442622e-01
4.373161599369020380e-01
4.509984848482773701e-01
4.377280829743984691e-01
4.432099378958938574e-01
4.440248079830705907e-01
4.644384134962842303e-01
6.019875933092684317e-01
6.570400164468421789e-01
4.281151015100372881e-01
4.002787810557555948e-01
4.526049221051441918e-01
4.528465484137274566e-01
4.481042068403485179e-01
4.423184437387936985e-01
4.507102448050919197e-01
4.562597851368765389e-01
4.596003352147988719e-01
4.622109998994245461e-01
4.675723682980870710e-01
4.642619374251974462e-01
4.338932628591347096e-01
4.698945785184296398e-01
4.438070997567891141e-01
4.451658106482589417e-01
4.674104128869084329e-01
4.378285017123593192e-01
4.664347918599711096e-01
4.623755307028712402e-01
4.619676437641579980e-01
4.417959826723710792e-01
4.394126667097563166e-01
4.459284941438252381e-01
4.869871398739904489e-01
5.021424574012980369e-01
4.655985745591181835e-01
4.292410340605698482e-01
4.360956716649618814e-01
4.364392004952798443e-01
7.678064281696516113e-01
4.875776565277750163e-01
4.198985322870850689e-01
6.740776067710949615e-01
7.065940995084158960e-01
5.504116728767814992e-01
4.358366347612521730e-01
4.192479773515456754e-01
4.415579601564949552e-01
4.552174376830540603e-01
4.597199866690244718e-01
4.339896794607977504e-01
4.504086875557676284e-01
4.433889164193029475e-01
4.683205458345753303e-01
4.413538169731490157e-01
4.401313544377650211e-01
4.448782026079468599e-01
4.722409015725032022e-01
5.087198343029488701e-01
4.765821061209322140e-01
5.003247615753141364e-01
4.292079305719189719e-01
4.433994841695126365e-01
4.318431323261796573e-01
9.514789349878410851e-01
5.253496397432516618e-01
4.366497438017591382e-01
4.735254810117812130e-01
4.405393554777318754e-01
4.407793272561618680e-01
4.617745275078246059e-01
4.709567319621700276e-01
4.621282806460796921e-01
4.635469383548081468e-01
4.688108761033740191e-01
4.380676499917333100e-01
4.395641421856329445e-01
4.440884784690568576e-01
4.765380058690624199e-01
4.941064043115339643e-01
4.742457278270194032e-01
4.837483398064490459e-01
4.987998007417737134e-01
4.258490860035299419e-01
4.497428901944696134e-01
4.295896472856840509e-01
1.089555604984283610e+00
3.892516699931543034e-01
3.810983025915689604e-01
4.611096010405034140e-01
4.546210610394190721e-01
4.596484719364532512e-01
4.655485617576667901e-01
4.606543314379520360e-01
4.608970524619340758e-01
4.604760073301993883e-01
4.596925078357569361e-01
4.595940800419113792e-01
4.610074838882034509e-01
4.636529866973714831e-01
4.686191222078961438e-01
4.667032410412979559e-01
4.393418014390757520e-01
4.378161562024426301e-01
4.411076049741132765e-01
4.691230373734533998e-01
4.987998272885906803e-01
4.735793516620693810e-01
4.815260251651672929e-01
5.026793576011194808e-01
4.268549584737074687e-01
4.351683023453307708e-01
4.243852320234491327e-01
1.258639638836426267e+00
3.717570727672452890e-01
4.975705617119065560e-01
5.277150270231601992e-01
5.091620062561441618e-01
4.542772574822924181e-01
4.131885535585775870e-01
4.183249662476211106e-01
4.469976043025001289e-01
4.634830400384860050e-01
4.649495136211563295e-01
4.623625035828990981e-01
4.573572919306891360e-01
4.628612711332593666e-01
4.638867748498702315e-01
4.698777779339823879e-01
4.629234759907486785e-01
4.246001469726362609e-01
4.209231685917761423e-01
4.683163489607550245e-01
4.981726167437797725e-01
4.734814099556378664e-01
4.828281779980051480e-01
4.993694890000845432e-01
4.284666458406053424e-01
4.278228471024884683e-01
1.449394622505652652e+00
4.993382573055601403e-01
4.288350407133176279e-01
3.994831407075828955e-01
4.546103522722190204e-01
4.611162077468909382e-01
4.933096290495172509e-01
4.759930394592135627e-01
4.777633731954418206e-01
4.918659009124198844e-01
4.873996319714362091e-01
4.267423852005742813e-01
4.367441761126221733e-01
4.318954839869844631e-01
3.623709322670555233e-01
4.789789934678377326e-01
4.683049611552870806e-01
4.899667244666832677e-01
4.951798675827741025e-01
4.255566920618259474e-01
4.492323598689452191e-01
4.291342378591297968e-01
4.223898247388323535e-01
4.525278732893268097e-01
4.267575230950936827e-01
2.211751616629339612e+00
1.918502317316211458e+00
4.256609699837642369e-01
4.330504492537566863e-01
4.333944118918972022e-01
2.561144975684432890e+00
4.335509070598422277e-01
4.526471024670681853e-01
4.275517264582003873e-01
4.404527803155295351e-01
4.355869808998472648e-01
2.990393449859580333e+00
4.324532294184567638e-01
4.461204434951874243e-01
4.330320937840306250e-01
4.444186296925502488e-01
4.458343590139072221e-01
3.543932166564680131e+00
4.379284110879677061e-01
4.432940562007194329e-01
4.225537599268909261e-01
4.426215288373840373e-01
4.461064746126779945e-01
4.437390812065860612e-01
4.319503481164608694e+00
4.338782742137355930e-01
4.594035669669507271e-01
4.315883564652243098e-01
4.442820927335325853e-01
4.476496303010393807e-01
5.599551574763976802e+00
4.357376006019251791e-01
4.577528587188403053e-01
4.334032336837839727e-01
4.445156398148524257e-01
4.449887357732621451e-01
8.746677875750675568e+00
4.351086901123941697e-01
4.629440810611715196e-01
4.332969467874245306e-01
4.444627413187514087e-01
4.447557212564769991e-01
1.128998896105204786e+01
1.781694805907875434e+01
7.362402275248173922e+00
5.636585904068452280e+00
4.996584862294870533e+00
4.593563364469425814e+00
4.291244286021305143e+00
4.045045826415194945e+00
3.834921808138761268e+00
3.649780505501380556e+00
3.482886669392239565e+00
3.329933953023862081e+00
3.188095095290240710e+00
3.055500848168289707e+00
2.930929649649700597e+00
2.813608394778143840e+00
2.703075434749881989e+00
2.599080995223816526e+00
2.501511892285950278e+00
2.410333053807154791e+00
2.325541033437072080e+00
2.247126092170215639e+00
2.175040397562465699e+00
2.109170897323909610e+00
2.049316643101773305e+00
1.995171748322873917e+00
1.946316522006628968e+00
1.902220164515109779e+00
1.862258133463810195e+00
1.825745387925313601e+00
1.791983198879169015e+00
1.760312934384049122e+00
1.730166881302233284e+00
1.701105634458813354e+00
1.672834843965736562e+00
1.645200358606551561e+00
1.618167554064267044e+00
1.591794947276559791e+00
1.566212268191408352e+00
1.541609217794330577e+00
1.518235141656917087e+00
1.496404330493545265e+00
1.476498579909520714e+00
1.458958714613530772e+00
1.444259443226796114e+00
1.432865750056794729e+00
1.425172516286392854e+00
1.421431282799533680e+00
1.421669217660293860e+00
1.425606719685818202e+00
1.432583415104933033e+00
1.441508547709673849e+00
1.450859535791456656e+00
1.458756835667856189e+00
1.463136504621738609e+00
1.462017828630505223e+00
1.453824651189562500e+00
1.437681681534989098e+00
1.413595103542708120e+00
1.382455634733776639e+00
1.345862554918883180e+00
1.305827739115757780e+00
1.264447866756159833e+00
1.223621912803233291e+00
1.184855883702090162e+00
1.149161788999896405e+00
1.117037992558674198e+00
1.088513973878607821e+00
1.063246282907614804e+00
1.040655205605426570e+00
1.020088551055921444e+00
1.000990911994246391e+00
9.221393486295704767e-01
9.227215427434767303e-01
9.273227007937837607e-01
9.781665953180928019e-01
9.558701402659494084e-01
1.003647499299931134e+00
1.029215178107721673e+00
1.050312822374982469e+00
1.060831542052910637e+00
1.053252132162851407e+00
1.019017803398765798e+00
9.489117235531493444e-01
8.329929387966621412e-01
6.681314896885978127e-01
4.915938942741969186e-01
4.302376551896454071e-01
4.441148416832194634e-01
4.466527961976891059e-01
4.467384694826055935e-01
