1.748792180022997300e+01
1.110994382599016816e+01
8.614378777605644188e+00
7.281138609738939671e+00
5.605911958166566400e+00
4.991970433642048732e+00
4.607878700964429086e+00
4.320695773007786400e+00
4.086956123481963132e+00
3.887028585382558354e+00
3.709986101263132330e+00
3.549186220693795413e+00
3.400431261726093002e+00
3.261055794272415653e+00
3.129410331435477755e+00
3.004535462806678936e+00
2.885937372670931200e+00
2.773424803559491281e+00
2.666989108007872922e+00
2.566717650226632230e+00
2.472733449177543452e+00
2.385154347484080173e+00
2.304065145129120751e+00
2.229496883003798668e+00
2.161408913561785106e+00
2.099671343164471793e+00
2.044047600466022185e+00
1.994179035434013203e+00
1.949575321992423227e+00
1.909615640520961222e+00
1.873565621452613517e+00
1.840613304843907727e+00
1.809923718652207691e+00
1.780706641980397631e+00
1.752287134892714926e+00
1.724165474073493076e+00
1.696053914223127679e+00
1.667882607206793599e+00
1.639774734074731954e+00
1.611998829958946278e+00
1.584911630941612026e+00
1.558905770740280250e+00
1.534373165589479449e+00
1.511688351243358985e+00
1.491208699125582182e+00
1.473282731990311234e+00
1.458255360660341671e+00
1.446460208421092242e+00
1.438193401795390347e+00
1.433668530396987828e+00
1.432957081907435981e+00
1.435921442841236351e+00
1.442148625508500093e+00
1.450893471012977276e+00
1.461041924577791473e+00
1.471109145108395078e+00
1.479292491479049287e+00
1.483601018896892221e+00
1.482073362550631046e+00
1.473069037030640294e+00
1.455578403547459487e+00
1.429462819496569725e+00
1.395535163627744879e+00
1.355435930133956246e+00
1.311335133246958273e+00
1.265554582025180341e+00
1.220222361904038655e+00
1.177037436111683322e+00
1.137165016346171065e+00
1.101237699378610602e+00
1.069421232107309772e+00
1.041512601466863197e+00
1.017055837634558202e+00
9.187417396831825123e-01
9.111114539613964780e-01
9.077966600065694447e-01
9.176446645727334150e-01
9.319302683763827089e-01
9.524223632356090263e-01
9.782231498338004316e-01
1.007489708082049518e+00
1.037222815784241359e+00
1.063088220920049620e+00
1.079335163267643560e+00
1.078901075902511053e+00
1.053760190029149779e+00
9.954184816893136833e-01
8.951668952656013367e-01
7.466179057112515283e-01
5.630546416276996924e-01
4.105309197014279654e-01
4.260122889930931245e-01
4.383575983918917562e-01
4.363173014433867070e-01
4.271508275279944367e-01
4.268571893060133515e-01
5.527267497604546165e+00
4.081117870562943617e-01
4.332047686853330304e-01
4.371204867129018790e-01
4.284995954429574039e-01
4.274845909701850966e-01
4.265123537413405330e+00
4.106022653626294483e-01
4.365456629760451901e-01
4.389175200787538422e-01
4.333661659983074621e-01
4.326625940897215750e-01
3.495771212726038524e+00
4.158099266397292659e-01
4.299762696263315087e-01
4.435390221377918385e-01
4.444012205458943154e-01
4.468442220522889641e-01
2.943800710184601321e+00
4.232189003704868169e-01
4.149069998672642035e-01
4.387130020427147947e-01
4.377809311913957724e-01
4.377199835308664966e-01
4.323857428385615154e-01
2.513977297724197424e+00
4.194178318507095216e-01
4.172121349394686818e-01
4.375083322546299835e-01
4.361816526876969302e-01
4.485577735996230664e-01
2.163180855881469800e+00
4.175271383276183412e-01
4.164222283534421143e-01
4.296610397019520744e-01
4.425070339982887235e-01
1.868609479540007223e+00
4.082411246329685772e-01
4.146618040143169592e-01
4.394069875717897533e-01
4.106473283221984683e-01
4.029252796989093999e-01
4.354275479848149777e-01
3.085396644122821441e-01
3.300784824026741782e-01
4.575135795178721931e-01
5.032872009202482566e-01
4.886285285687996804e-01
5.066568407329237189e-01
4.931991399848965618e-01
4.101695668420605179e-01
4.160526702049591186e-01
4.215434633886883664e-01
1.213555032421599567e+00
1.400412761036937459e+00
3.729607436579449042e-01
4.880152792556861630e-01
4.745337537479569212e-01
4.852767538047944584e-01
4.997263572848241187e-01
5.276208633496861644e-01
5.070490826876709045e-01
4.164684108615104297e-01
4.188477374515998664e-01
4.170145284778977723e-01
1.052916649992760689e+00
4.667020727905115129e-01
2.400013973868559414e-01
5.059299627184061787e-01
4.379584001099488533e-01
4.589479456370773591e-01
4.613101569329809415e-01
4.627658354681102315e-01
4.636611140173261814e-01
4.663220783087479449e-01
4.681944936309928584e-01
4.678376792901819958e-01
4.768767498147720163e-01
4.821829959106121444e-01
4.922359486054671551e-01
4.740305427838003016e-01
4.724336210676145509e-01
3.952929985444232353e-01
4.101789896365728993e-01
4.886787703393549731e-01
4.852074898734890507e-01
4.961130603556124785e-01
5.179014670135182463e-01
5.136235448243240409e-01
5.201960683832247412e-01
4.093515934529419753e-01
4.382765963088959826e-01
9.160723108389497993e-01
4.510644329173684186e-01
4.694034139676985240e-01
4.615860936222309641e-01
4.623138420664782422e-01
4.624894494255230026e-01
4.638539940481598567e-01
4.664487778056793377e-01
4.707598181462118170e-01
4.781281339236324035e-01
4.918253949501217304e-01
4.844368308422712932e-01
4.834277982132170748e-01
4.588755565346427923e-01
4.414326452953197810e-01
4.348974805351211170e-01
4.782798110381457080e-01
4.931397890718626220e-01
5.138051742978843039e-01
5.198533210326181653e-01
5.262130574472313471e-01
4.185146014324146457e-01
4.214991605916233453e-01
4.287925608952449785e-01
8.124541926503842104e-01
5.012590778475150000e-01
4.095623164805977656e-01
5.406812875580053745e-01
4.170051013946491913e-01
4.176731868069445963e-01
4.354030858123132397e-01
4.695990741312521810e-01
4.771179403179530709e-01
4.757341693640466662e-01
5.117783566371348902e-01
5.390013227078307434e-01
4.430249503476667572e-01
4.513125935825380020e-01
4.808529984432156068e-01
4.947748330558313645e-01
5.221002944019246250e-01
5.237239167921553529e-01
4.250127218887319591e-01
4.288275193199180824e-01
4.247793084463245550e-01
5.424589099705593442e-01
4.981636498920089529e-01
5.213373737138353725e-01
3.667565948175868229e-01
4.217167666362330869e-01
3.602130696450960845e-01
4.725219365833262519e-01
5.068503763228657810e-01
4.853323783686520621e-01
4.691276590112072320e-01
4.722431199423928194e-01
4.773563277647637770e-01
4.908167204906156988e-01
5.042877453173651991e-01
5.013059257044211181e-01
4.899706400471824375e-01
4.236418871667010366e-01
4.219170711534628859e-01
4.355743952021657872e-01
4.407066945140448722e-01
5.375633705201086077e-01
4.728853288537039345e-01
4.456877706632780822e-01
4.462644585490340154e-01
4.629790899062913301e-01
5.046059583318207586e-01
4.780874166566543848e-01
5.093132513379090565e-01
5.021435041668009802e-01
4.267057028955411058e-01
4.294118158723339573e-01
4.292108246026059004e-01
4.403339910747871566e-01
4.522454479782055947e-01
4.389793201438114134e-01
2.745760837403666832e-01
3.465460942690992696e-01
3.290288739567358567e-01
4.864500056670772454e-01
5.550606422105893722e-01
5.546689730628436843e-01
4.466646967314029659e-01
4.576037188821242552e-01
4.462940690567642754e-01
4.456021524747222906e-01
4.720377873782120592e-01
4.683860366258496000e-01
4.707676094871732775e-01
4.726719308038784817e-01
4.783600699729346206e-01
4.864328654081431780e-01
5.044198892947957535e-01
5.102280339603981751e-01
5.135406138864793135e-01
4.206546895442896949e-01
4.409390646832659355e-01
4.454123399236276093e-01
4.740585905576943371e-01
3.800559141755863179e-01
3.936115737381940538e-01
4.563704740608781618e-01
4.548516454138401555e-01
4.572163024077094962e-01
4.459585356754467433e-01
4.478349387938481141e-01
4.591082294598315960e-01
5.494736844984066115e-01
5.003815504264120806e-01
4.248850757393605182e-01
5.280719201101349292e-01
4.267283728763830442e-01
4.251554140837425777e-01
4.470747455133091686e-01
4.332869660573019366e-01
4.319824922349218554e-01
3.487639121459371050e-01
5.048637868734214829e-01
5.093118282929404161e-01
5.423858539252089939e-01
5.092017243396487203e-01
4.934089692446252950e-01
5.060819930625171104e-01
5.026271193554675554e-01
4.273071693385069869e-01
4.062049626668434721e-01
4.432835074471671022e-01
4.657370656496005457e-01
4.698568884242978472e-01
4.787056528748521722e-01
4.822411540986075718e-01
4.322749183141222362e-01
4.301740785022112323e-01
4.374849712849569472e-01
4.485454659570384806e-01
5.581753613689623972e-01
4.041237403182470489e-01
4.605122466801888081e-01
4.662406975163762013e-01
4.649930844628630822e-01
4.473571263135740494e-01
4.484297184489163812e-01
4.639129236768088638e-01
5.534926684356800131e-01
4.791791158454623001e-01
3.909456941924711604e-01
3.937808053337164549e-01
4.970361647664749971e-01
5.274162110601270381e-01
5.488941943667059453e-01
4.261783821753384882e-01
4.272198996610531152e-01
4.518787490099107629e-01
4.315602567371249476e-01
4.343595068836206829e-01
4.450569737293006423e-01
5.095892345885413288e-01
4.934046553040039584e-01
4.659266623321158263e-01
4.787088401365436896e-01
4.931175355661878701e-01
5.131066584061499958e-01
5.503738542924339061e-01
4.280415189571300516e-01
4.408916320184864679e-01
4.442297964595359194e-01
4.541826343911498642e-01
4.608955743295463092e-01
4.647529270635903376e-01
4.463952981827848943e-01
4.775028543017447169e-01
4.988724528183175466e-01
5.003139891645811410e-01
4.285913168854953992e-01
4.397421809804334392e-01
4.424533304454976723e-01
4.347088566176356417e-01
5.617593855073563791e-01
5.021684627077199758e-01
3.957731317683779171e-01
4.063669122522777233e-01
4.677656164660142224e-01
4.716319927976705961e-01
4.692434650959554920e-01
4.458241296225204375e-01
4.427189669501650493e-01
4.677462522050698235e-01
5.030095214960659256e-01
4.082631972749819482e-01
4.978032588445730489e-01
5.136466018758596430e-01
5.430972821598718525e-01
4.311988956533366890e-01
4.337231595842598875e-01
4.364101827003164513e-01
4.334793017494439349e-01
4.333530997958580655e-01
4.881519850394846483e-01
4.879089075144350529e-01
4.538922950181619731e-01
4.889903154174833344e-01
5.025899591853583148e-01
5.104238955195216088e-01
4.280780208080497973e-01
4.395480484540189581e-01
4.438550714641297801e-01
4.544781499175739592e-01
4.798889266558837297e-01
4.332197637469074047e-01
4.728109708224836338e-01
4.771717978560904849e-01
4.963511637009180300e-01
4.945153397681441576e-01
4.291985318991727305e-01
4.440648436828815715e-01
4.447469475849689657e-01
4.412368755892901451e-01
5.133759352356367378e-01
4.075790941309143656e-01
4.724776619059989358e-01
4.720109785287750492e-01
4.706489139696906632e-01
4.451680317639244433e-01
4.435954262845356877e-01
4.659056779807905779e-01
5.175041026537986477e-01
4.978507022540932803e-01
4.079155845238417455e-01
4.172975796636889667e-01
5.045428038989160369e-01
5.093804060931984568e-01
5.265701099823234532e-01
4.345010230104326410e-01
4.365678386560296054e-01
4.393359742101280996e-01
4.267120544907785362e-01
4.306719936797381298e-01
4.804641093062761992e-01
4.820974986233920179e-01
4.988786326401351556e-01
4.872873764048518685e-01
5.127096160957647086e-01
5.163819407310336063e-01
4.284202340723928804e-01
4.407399471038379035e-01
4.395238052531832973e-01
4.346651605086667147e-01
4.929046934547147707e-01
4.737565054165681633e-01
4.344298876439858237e-01
4.300176972325197022e-01
4.778237091587759222e-01
4.795015518658083398e-01
4.861903903796254700e-01
5.078671088550164026e-01
4.358515647690865413e-01
4.480259435840866500e-01
4.504013034982661812e-01
4.532540241805682046e-01
5.269104385767910959e-01
5.205462453752222052e-01
4.049702595188622301e-01
4.068649059591670780e-01
4.738248335049459747e-01
4.722093891832720436e-01
4.691094717613186194e-01
4.453796253248019088e-01
4.472465950362589648e-01
4.536275207161069023e-01
4.930853384149280205e-01
4.184485697088540790e-01
5.114274593075626152e-01
5.117870730133901036e-01
4.344892666504087675e-01
4.276291332147140190e-01
4.380622714377923610e-01
4.242468257836951029e-01
4.278571361162842868e-01
4.799360312472034651e-01
4.840630231093503433e-01
4.845864737213234075e-01
5.056739960337413020e-01
4.936687831465724208e-01
5.236606246819967003e-01
5.264149923443369739e-01
4.366941436988848180e-01
4.398548184224534419e-01
4.385401158716071834e-01
4.881141141855431242e-01
4.320345679052740029e-01
4.720853412515400027e-01
4.851584234940890528e-01
4.874075699044665422e-01
4.506199167757371504e-01
4.543268905364417076e-01
4.834973809475182072e-01
4.900671507667324622e-01
4.205136624271855195e-01
4.736602150058508154e-01
4.723384531371143114e-01
4.679733370593364694e-01
4.487717014735642107e-01
4.486779113572946787e-01
4.525743150829185657e-01
4.590418403910737077e-01
4.919268299020268520e-01
4.999446279070084986e-01
4.042738850541265361e-01
4.160239186247369214e-01
5.142913648424924933e-01
5.134355388899208839e-01
5.152176373900135831e-01
4.331416669766730565e-01
4.444424130900233583e-01
4.162029167979339750e-01
4.133354487222493656e-01
4.828337896910993576e-01
4.865830315105072468e-01
4.964155747670009888e-01
5.013955674887615732e-01
5.136845642538557799e-01
5.308011841856743462e-01
4.383180820267909006e-01
4.655593139517532619e-01
5.448258680718591762e-01
4.393164434282776365e-01
4.148401590450814802e-01
4.875536832866668169e-01
4.750702444426235793e-01
4.870362321812795048e-01
4.961623476514079312e-01
4.440692351883282485e-01
4.946978744776387993e-01
4.141760931221298292e-01
4.013330725622990536e-01
4.719075701961542024e-01
4.718636729628419846e-01
4.689587380210960554e-01
4.463383178295948217e-01
4.596449951707071158e-01
4.870283660691258620e-01
4.842494138898182365e-01
4.232259583801896152e-01
5.044110747146790530e-01
5.001710397203199543e-01
5.309652937718687404e-01
4.410237535884203308e-01
4.442439658784864132e-01
4.096783193526136735e-01
4.056211395869323000e-01
4.815941591583435821e-01
4.832024110731573674e-01
4.884152662346232243e-01
5.108143110687831667e-01
5.159292703240537792e-01
4.241060794965533787e-01
5.001304821880859786e-01
4.222045424701941219e-01
4.732180255780711331e-01
4.787023934613119924e-01
4.790434314276464378e-01
4.298333163106375365e-01
4.718268953071260707e-01
4.711245109032317080e-01
4.695864349183909159e-01
4.735176052681041026e-01
4.163880730498735749e-01
4.156509151693530413e-01
5.036955343324900358e-01
5.024783987573920863e-01
5.046663599341403295e-01
4.459149765815624833e-01
4.428697708300280422e-01
4.079603867883380142e-01
4.111584561194899234e-01
4.774129480824028660e-01
4.811605997480131180e-01
5.111915369265519482e-01
4.960842570378254379e-01
5.172268266887714017e-01
5.330225150647713850e-01
4.509550841822453360e-01
4.800692391955080907e-01
4.777441721224311433e-01
4.746551946770241059e-01
4.846022372869875361e-01
4.307222105736712714e-01
4.164688441751006054e-01
4.708556493068086768e-01
4.702034052568795919e-01
4.707555545182501300e-01
4.305658491055594506e-01
5.055920831613766042e-01
5.091860902590263915e-01
4.512698401700366846e-01
4.469732316501429659e-01
4.130312357734247652e-01
4.198747386504852463e-01
4.285142010923202460e-01
4.731007134344780707e-01
4.788325108849337264e-01
4.922388175483387029e-01
5.053960396429686419e-01
5.140191741722502927e-01
4.656631560939907266e-01
4.679482805221441000e-01
4.677282143339869247e-01
4.505638441996577259e-01
4.116091251649468541e-01
4.500107196504503082e-01
4.499375211637945959e-01
4.476802074206228110e-01
4.040722997897696622e-01
5.003583709357357634e-01
4.922344228631199137e-01
5.112768099567370772e-01
4.475693323713763605e-01
4.498929153287950511e-01
4.216487629226387535e-01
4.195239009463971325e-01
4.784549297008402480e-01
4.799486689722499699e-01
4.768397421611938469e-01
4.966951301857593926e-01
5.045059247092752441e-01
5.574749699437018258e-01
5.262886308506483646e-01
4.678024936435244974e-01
5.070711451209142240e-01
5.022271600791025081e-01
4.042918818278890547e-01
4.245974128144039406e-01
4.453735413314943159e-01
4.497455963190838957e-01
4.335968305102567144e-01
4.593010110462199536e-01
4.964556970583368090e-01
4.899432032715947405e-01
4.468873280717720609e-01
4.502884167579130348e-01
4.143341577195635006e-01
4.146373808682998763e-01
4.807705530481015122e-01
4.756483769122289429e-01
4.060024567827343889e-01
4.941851461009568180e-01
4.972374799704495918e-01
4.417093909240596972e-01
4.316455833889766835e-01
4.586332576165113029e-01
4.913505595780329749e-01
4.369670710701267224e-01
4.422683401338075582e-01
5.187096702638158696e-01
4.995388045393316379e-01
4.570441315035794760e-01
4.530505359188793935e-01
4.516720596644427377e-01
4.084851654912867169e-01
4.126626312926128248e-01
4.747361746082812139e-01
4.745511685897179088e-01
4.548207729320483672e-01
4.356819902929418009e-01
4.949224351360218543e-01
4.963579852217492872e-01
4.202757675139551785e-01
5.043782355621415636e-01
4.925979960510373790e-01
4.362149109128408142e-01
4.382393901847679851e-01
4.950114112705501501e-01
4.941219613653383691e-01
4.938228924234604467e-01
4.532277261575728411e-01
4.546880670421808435e-01
4.544712733334168031e-01
4.160505391851427870e-01
4.228828873192648774e-01
4.298167907573810509e-01
4.703952448130122588e-01
4.733558722253368711e-01
4.239676368275594465e-01
4.881006008550114461e-01
4.950709019229524999e-01
4.323771014866535922e-01
4.113639380202079865e-01
4.922492030039014588e-01
4.936983569264556393e-01
4.375711904445273026e-01
4.693493640746336792e-01
4.747303645265920635e-01
4.549008292628379801e-01
4.053536045565197532e-01
4.501023811187515600e-01
4.983633831653789259e-01
4.932171448650548018e-01
4.698436208912619705e-01
4.613170480439757193e-01
4.652096750117737933e-01
4.776850600118939250e-01
4.924917953407457194e-01
4.961557126162510212e-01
4.530646063494578324e-01
4.584714194677687593e-01
4.268224421237687971e-01
4.308673652155821654e-01
4.708868221327947579e-01
4.759152550179305829e-01
4.732117692602796355e-01
4.340237409916247180e-01
4.144807919819073483e-01
4.662478829550965598e-01
4.800304893958436403e-01
4.578959875555073666e-01
4.706616005101359468e-01
4.654216376983528192e-01
4.941734781063895632e-01
4.968101411939496170e-01
5.107534335669335901e-01
4.183762214245514421e-01
4.202379596312572629e-01
4.636655425880540915e-01
5.348563092514301287e-01
4.160771699531168877e-01
4.215338628894970130e-01
4.884941409010953306e-01
4.844587338655396147e-01
4.393030438907352120e-01
4.409063129552028282e-01
4.745300088356106949e-01
4.747912419547827279e-01
4.211477800454272447e-01
4.270068801547157178e-01
4.309640607285104008e-01
4.899467459351328769e-01
4.786088039723230270e-01
4.582621068722784741e-01
4.470917230704802292e-01
4.636747524704242229e-01
4.992317034366403616e-01
4.970324271085465595e-01
4.585160614892719311e-01
4.580242726352527494e-01
4.199558285060877583e-01
4.199783548410912504e-01
4.729812256065663023e-01
4.773071636033736076e-01
4.241281423713608723e-01
4.241450801731843634e-01
4.722941381358656820e-01
4.779893342972534320e-01
4.675839071084605392e-01
4.715301621562433265e-01
5.014773682872802896e-01
5.024039820411257962e-01
4.244251700770005353e-01
5.148074312156166732e-01
5.242536563573436670e-01
3.948593911023777214e-01
4.097550182482403991e-01
4.818656702153102933e-01
4.955892840283155909e-01
4.929746861794095381e-01
4.503475201487455171e-01
4.407106479956505174e-01
4.748169438679630261e-01
4.747281277476054773e-01
4.364975219218941715e-01
4.419502613758927723e-01
4.832269637532903284e-01
4.768478417118037216e-01
4.641951186908808702e-01
4.566031050159217175e-01
4.533592418223916232e-01
4.621531907020711705e-01
4.936268699402948101e-01
4.962873233129123651e-01
4.584601237344669844e-01
4.148152096159357649e-01
4.178136073171790921e-01
4.690026651609878749e-01
4.743578876419634049e-01
4.330411712881194197e-01
4.737466248588679263e-01
4.736528288813890430e-01
4.660530392693278401e-01
4.600079555381834107e-01
4.728133064618684767e-01
4.946362758613447874e-01
4.988292865587297120e-01
5.261244989979854125e-01
4.357408592812682113e-01
4.232094045466612275e-01
5.217205918348766236e-01
5.225301039186095453e-01
4.105417060146955843e-01
4.142832274562276429e-01
4.165182680149834837e-01
4.919551972014719055e-01
4.937792126120466030e-01
4.448106758787208070e-01
4.378106201038552414e-01
4.735183360695701116e-01
4.744250466345900641e-01
4.333492274685900592e-01
4.322634538703278850e-01
4.773710595991051964e-01
4.896962909592304514e-01
4.883380973322242746e-01
4.639269590796940013e-01
4.581542513425064245e-01
4.578988018695699935e-01
4.637898278484030579e-01
4.925361683511266242e-01
4.940413987003989260e-01
4.622851663254337606e-01
4.598562084791858462e-01
4.211127848687770125e-01
4.231520628731482159e-01
4.275078854271595619e-01
4.641617075320513819e-01
4.690697992400121863e-01
4.441310243804796887e-01
4.364774123052143073e-01
4.743937947352579454e-01
4.684559500704093549e-01
4.622583978378104752e-01
4.647119293685285646e-01
5.026282488728303077e-01
5.086036623881743379e-01
5.195743359773028480e-01
4.234320372852821701e-01
4.215395191113202045e-01
5.178608119667942322e-01
5.145738979410995340e-01
4.004105867106709793e-01
4.106274223027355785e-01
4.808554073189664213e-01
4.829116764771905213e-01
4.409152123434702530e-01
4.386544510104591899e-01
4.729139492655249355e-01
4.729102710186351421e-01
4.307696095673251846e-01
4.259604175145964566e-01
4.848307973249448288e-01
4.894779055663603384e-01
4.550320995972534921e-01
4.584302087288570360e-01
4.580009311705278141e-01
4.649815229066555089e-01
4.919475378916977615e-01
4.928278365041879883e-01
4.633663619014427582e-01
4.631857911149407370e-01
4.326837781696158403e-01
4.358541718345878557e-01
4.654720675478162262e-01
4.630480788149760052e-01
4.692190438735858726e-01
4.334671022996086642e-01
4.279662131809268688e-01
4.750095720169478231e-01
4.732078422225282077e-01
4.615625417784045559e-01
4.572379326769437924e-01
4.646789837901088016e-01
5.151221049831840038e-01
5.116646401076382356e-01
4.243836110473677703e-01
4.282687269019192500e-01
5.130305648081402436e-01
5.091367514745469558e-01
4.138487058006496966e-01
4.238308635723055939e-01
4.296366611525077039e-01
4.753173300500877496e-01
4.806781263368529733e-01
4.884537433256678218e-01
4.391696599086554742e-01
4.354227545021989720e-01
4.779420474334681312e-01
4.293470835203164193e-01
4.326302183077747610e-01
4.823300437554210451e-01
4.842060362038638766e-01
4.525893479837602706e-01
4.560341912732349123e-01
4.621564735269345081e-01
4.621480379788428516e-01
4.914825297768567469e-01
4.915474378828805779e-01
4.582267548369298726e-01
4.639635309940552954e-01
4.290489016722245919e-01
4.249570320611020247e-01
4.618680140360137965e-01
4.620584510275104195e-01
4.262216085689293221e-01
4.355181509450061772e-01
4.763728673894492838e-01
4.561452354974505075e-01
4.561713557026549903e-01
5.073104766297491519e-01
5.037864291982134812e-01
5.475488702945157105e-01
4.080556332112850737e-01
4.512706987363503952e-01
5.155906932835565559e-01
5.140550103937515658e-01
4.197336206487879973e-01
4.144213221175374051e-01
4.795125583209093323e-01
4.797360144665079318e-01
4.322482231135998387e-01
4.399595641048399397e-01
4.775567384226634959e-01
4.810717982307147200e-01
4.347526196236986551e-01
4.453698101477132076e-01
4.424643670812652418e-01
4.758682692741101339e-01
4.803656883876426531e-01
4.540523892177653065e-01
4.664076845588137621e-01
4.911199425171960398e-01
4.898058773166269475e-01
4.624024452732968804e-01
4.228740077431971667e-01
4.232084110444319092e-01
4.607960295849957699e-01
4.629350501360722792e-01
4.821673286063778430e-01
4.281552136660927155e-01
4.402057509316759654e-01
4.776594169816447133e-01
4.752037986122558122e-01
4.569688779911542653e-01
4.538240556918171076e-01
4.576786965558079512e-01
4.874438325325649024e-01
5.257958039696882802e-01
4.129121483627863354e-01
4.192317117910330238e-01
4.709434486388268670e-01
4.642694051283748902e-01
4.976608819302582587e-01
4.306964979063699905e-01
4.539043414262272091e-01
4.768376291473757633e-01
4.782504012886333866e-01
4.452711122871547134e-01
4.429848697162899751e-01
4.702026115022199804e-01
4.789338111716397450e-01
4.798166416316964056e-01
4.568106354599968943e-01
4.533005980243759447e-01
4.683195230507749551e-01
4.659818735431698333e-01
4.913844376538393788e-01
4.886636423499401416e-01
1.132069357574310375e+00
4.186503794405698753e-01
4.165571534861640113e-01
4.401204766220208064e-01
4.819973056340847162e-01
4.648097947576429467e-01
4.550701997464923765e-01
4.579521186453910930e-01
5.421354787720823465e-01
5.262275008129266851e-01
4.205380942535687505e-01
4.317576319919090855e-01
4.368505015584162043e-01
4.676936138550633615e-01
4.553018706314816977e-01
4.823814928806989255e-01
4.739742137238884823e-01
4.387282398549794404e-01
4.454412074805049193e-01
4.681189896812891216e-01
4.878244693413144040e-01
4.584677586781265579e-01
4.471309035172685853e-01
4.701667622958572434e-01
4.684565344412949806e-01
4.924540120286947653e-01
4.927859022249049259e-01
5.512996318207242119e+00
4.183196067282053954e-01
4.122445104200839205e-01
4.687769969757164534e-01
4.530412872768743715e-01
4.511398197180119252e-01
5.182202103551635242e-01
5.129294696507658013e-01
4.261298727865229230e-01
4.329438288647483590e-01
4.820601284387870944e-01
4.686570133965423657e-01
4.419818414859074673e-01
4.388042537178115654e-01
4.686940241728705381e-01
4.509133018257706627e-01
4.729841312879336512e-01
4.656241065503392562e-01
4.952655446170290410e-01
4.891771833911850997e-01
1.713750266673505607e+01
4.213182896184397563e-01
4.229443007149985556e-01
4.866342298003938915e-01
4.621532222907920873e-01
4.590156081819777301e-01
4.519158186639840036e-01
5.044979682203231119e-01
4.398602303100604960e-01
4.343267881753540283e-01
4.831993332075014691e-01
4.421393255895617602e-01
4.468160703528915034e-01
4.725108119291812625e-01
4.757298986993487855e-01
4.941080238885028342e-01
4.752045152691609098e-01
2.757519839088375946e+01
4.338085202494784687e-01
3.784119118608858523e-01
4.679988706022076284e-01
4.822045122132721517e-01
4.492739577034169929e-01
4.536965104155539219e-01
5.550337776229340436e-01
5.551033775574470974e-01
4.319909973105047207e-01
4.279808544486677357e-01
4.835856393473962345e-01
4.915694907834683436e-01
4.585601274555214379e-01
4.214150061604599040e-01
4.824626552562680804e-01
4.999531867864596690e-01
4.857414108229878291e-01
4.915950875786485597e-01
3.151434037560048651e+01
4.339579257884330632e-01
4.230889620403891493e-01
4.678578464111332047e-01
4.619114128239737438e-01
4.491639512530971046e-01
4.516836692542602893e-01
5.548643403999058421e-01
5.043221586939393708e-01
4.320895505320750951e-01
4.345288533617676641e-01
4.835786222942075052e-01
4.831936074529354919e-01
4.584923502946999241e-01
4.467432233648971351e-01
4.758147233009816235e-01
4.999337645719720280e-01
4.751860267592994402e-01
4.857412701032735591e-01
2.757530076140068331e+01
4.214830442647913289e-01
4.123693062411671884e-01
4.863210381062261778e-01
4.684435119353870247e-01
4.587744187104523252e-01
4.509126256203949135e-01
5.128061273336037562e-01
4.400717004869644233e-01
4.331266649202269448e-01
4.686775901024913260e-01
4.420632525373239252e-01
4.387315428392231098e-01
4.725284243340745483e-01
4.657020020445117314e-01
4.940953834953940582e-01
4.891644194376243981e-01
1.713759888946598409e+01
4.184018998120445088e-01
4.167105261814492145e-01
4.641702180791826837e-01
4.528294686616247677e-01
4.577717804741845420e-01
5.181270751251567663e-01
5.261133659803803875e-01
4.262753432759259220e-01
4.369635755976350455e-01
4.820858891756425457e-01
4.739999704496019040e-01
4.419143246590772067e-01
4.453686003326748355e-01
4.687268177944836633e-01
4.878562973537074465e-01
4.509801984277327924e-01
4.469773920709165793e-01
4.729731308329312434e-01
4.683856568581249435e-01
4.952504415748618105e-01
4.927705455804710089e-01
5.513044653831956410e+00
4.188047193837854398e-01
4.233562644711594269e-01
4.401763449529959571e-01
4.822465088336703176e-01
4.404358756288880294e-01
4.813183465019940654e-01
4.745871811775017046e-01
4.549020499909328663e-01
4.575578886073589646e-01
5.420186937736142241e-01
5.257172673117153083e-01
4.206452668768806968e-01
4.193298165101674302e-01
4.318653049032041280e-01
4.676042520690268933e-01
4.975997635360971394e-01
4.551838164512897467e-01
4.537512174613783644e-01
4.824006198908578624e-01
4.782621562350845013e-01
4.386749014835125693e-01
4.429486994444100101e-01
4.681541085327228235e-01
4.798487192012329539e-01
4.584717341238166988e-01
4.533273908322288381e-01
4.703091800162354508e-01
4.659909949570140153e-01
4.924386417697266261e-01
4.886487222945522513e-01
1.132089166783631473e+00
4.230140089443978346e-01
4.251203725860460136e-01
4.608064039354391461e-01
4.620987544718786477e-01
4.630314197215311123e-01
4.284111438264343041e-01
4.358237189452190963e-01
4.771663416151596393e-01
4.759140592785916501e-01
4.569022704560063430e-01
4.561351275679058626e-01
4.537184281386181794e-01
4.875814470574402204e-01
5.473945579992642863e-01
4.517099382228876303e-01
5.140893984424389496e-01
4.129916951548529558e-01
4.144953969532035321e-01
4.708798771930562954e-01
4.796969272377773486e-01
4.641989054146650195e-01
4.305446997324129388e-01
4.398055379897957695e-01
4.768299256653861784e-01
4.810587060508503821e-01
4.452069444153024524e-01
4.424584176479825492e-01
4.702340685135671938e-01
4.803677047772142439e-01
4.789666933658999759e-01
4.567386794657858351e-01
4.541447168582538607e-01
4.684062480418904606e-01
4.664052193810669933e-01
4.913701273283111459e-01
4.897917996147195252e-01
4.623991585928414749e-01
4.292189715834645591e-01
4.360105708936291014e-01
4.618783583746138288e-01
4.692169914480219250e-01
4.265258868452469487e-01
4.282389910161075730e-01
4.730393853966920470e-01
4.561474337493492959e-01
4.647345129608170811e-01
5.071833293480578764e-01
5.115594820681574895e-01
5.035813338036388975e-01
4.085853257654772919e-01
4.288033918250614418e-01
5.156346903155568651e-01
5.092583703852956445e-01
4.197908250649727280e-01
4.296796864982239117e-01
4.794752910201985352e-01
4.884304320852889680e-01
4.320958988039939608e-01
4.352769156071633061e-01
4.775212863113806883e-01
4.779040652008742507e-01
4.347410909948487001e-01
4.326269218243044556e-01
4.451866876958415209e-01
4.759125165366412946e-01
4.842249889801304441e-01
4.560516866838796868e-01
4.622137424097258473e-01
4.911057447322259017e-01
4.915329054274648612e-01
4.639544919600254724e-01
4.328203545265985053e-01
4.275311716373052517e-01
4.655268362445658115e-01
4.691525124470766750e-01
4.630876645812100900e-01
4.336764948033338674e-01
4.366002890874149389e-01
4.748611609185608429e-01
4.686056183687002941e-01
4.615918334080177376e-01
4.647580725442075344e-01
4.573079945993119289e-01
5.150002016163308660e-01
5.194423111015612493e-01
4.248831062263690450e-01
4.219799048625566540e-01
5.131632088970840000e-01
5.147172575495627678e-01
4.138342421212147237e-01
4.106123588347566633e-01
4.238609378734966016e-01
4.753663965632692889e-01
4.829800796366914284e-01
4.806943003374960499e-01
4.390277957935352915e-01
4.385266436919855737e-01
4.728470100221823236e-01
4.293477382678237975e-01
4.260164802739525580e-01
4.823497918540391449e-01
4.894858255901430311e-01
4.525694418322475654e-01
4.584391266751787208e-01
4.622317400467563786e-01
4.650351154069912174e-01
4.914676053753500029e-01
4.928126203858911869e-01
4.582243099070043568e-01
4.631955840511549627e-01
4.211866124621326257e-01
4.178987622521079803e-01
4.232062686114197447e-01
4.642565640573549923e-01
4.744482652522893362e-01
4.441107732356375237e-01
4.329783732418666098e-01
4.746143150309469760e-01
4.738941481960100566e-01
4.622698159514444516e-01
4.728143576256753078e-01
5.025125472538379823e-01
5.259670775892130168e-01
5.085029175726986095e-01
4.238422059249752905e-01
4.235773334423665326e-01
5.180094657497255062e-01
5.226924968466062360e-01
4.003753185286068050e-01
4.164694056832327074e-01
4.809433268887638446e-01
4.938810898031473218e-01
4.407963064756620364e-01
4.377066825841695041e-01
4.728462583834608379e-01
4.743342682563070345e-01
4.308556612674854791e-01
4.323477059247405885e-01
4.848344198004323480e-01
4.883073146986385837e-01
4.550359531478468944e-01
4.581770638902421533e-01
4.580527967824866709e-01
4.638132259961155190e-01
4.919320766333409867e-01
4.940251086728412733e-01
4.633778692929769183e-01
4.598658122475260401e-01
4.148923094618524599e-01
4.200740085173954586e-01
4.690846355991012406e-01
4.773858017508091911e-01
4.239934230677790405e-01
4.738537987291372433e-01
4.778432029839289608e-01
4.656967158431022935e-01
4.710060847846250787e-01
4.600185390190966728e-01
4.943588827207201497e-01
5.021685527411799965e-01
4.986763412573755883e-01
4.360616111368156300e-01
4.247209550063325012e-01
5.220635579650847458e-01
5.249216031263470583e-01
4.104527818454954957e-01
4.096689478270086338e-01
4.142317852457074179e-01
4.920729413041061151e-01
4.931121455048391167e-01
4.447207994642614071e-01
4.406309347913355268e-01
4.734214441206359703e-01
4.746220664944709178e-01
4.333007320491498726e-01
4.419541104361489059e-01
4.773051106845882519e-01
4.767859983217522801e-01
4.896584287577209205e-01
4.639552481635220715e-01
4.566469384708364831e-01
4.579114456635588470e-01
4.621610187996771368e-01
4.925188987841930266e-01
4.962691942922210497e-01
4.622940369234463942e-01
4.584690264341249599e-01
4.200672522259170094e-01
4.309940087699832278e-01
4.730560181538732145e-01
4.732730160050466761e-01
4.239958926831529640e-01
4.141967549481953559e-01
4.720647537469239152e-01
4.804937529677770214e-01
4.668297318063356904e-01
4.652877327210053759e-01
5.012320830333690802e-01
5.104651147331572547e-01
4.204261460986335464e-01
5.160218494949918577e-01
5.361256892156565090e-01
3.947061230096157725e-01
4.213432160743315058e-01
4.819705742221651046e-01
4.845733809373228285e-01
4.957331270502604581e-01
4.502862725926353726e-01
4.408503371490680167e-01
4.747031108118350273e-01
4.746739646774079113e-01
4.366237624739116030e-01
4.310510332955382884e-01
4.831892374556335246e-01
4.784710337160694160e-01
4.642252401177575649e-01
4.583267590263463420e-01
4.533520892917449197e-01
4.636685093421018533e-01
4.936072785445686506e-01
4.970095280418418970e-01
4.580368548473842116e-01
4.269454298985689844e-01
4.298955612794245762e-01
4.709921703009334326e-01
4.734699007708974561e-01
4.759931334786546286e-01
4.335475432844195232e-01
4.232901321773794301e-01
4.698476512603744215e-01
4.773059717137519975e-01
4.713963552607607910e-01
4.936855157368620906e-01
4.945952968644549697e-01
4.965416739662766310e-01
4.185645893651881999e-01
4.114283442594529605e-01
4.639755187695573935e-01
4.159415897138676876e-01
4.886140189076917939e-01
4.938424521140628576e-01
4.392637284367416628e-01
4.375323578454606843e-01
4.744002702188979126e-01
4.745776105707783521e-01
4.213943344734337182e-01
4.503173960568865319e-01
4.270369253861954761e-01
4.898993751781935968e-01
4.932105939915276127e-01
4.613634059818036981e-01
4.470949951244608256e-01
4.776535765778378573e-01
4.992103590371412269e-01
4.961326780677789983e-01
4.585308234529621441e-01
4.584853483609263036e-01
4.161007028936921648e-01
4.126939218498097972e-01
4.229694360671947262e-01
4.705160600568000784e-01
4.746637991097714671e-01
4.345174681831600605e-01
4.876398883338616264e-01
4.958943047474919097e-01
4.323913310981481462e-01
4.203017331339263252e-01
4.925148705657774184e-01
4.928996799514000493e-01
4.382227548889646163e-01
4.691773370155472578e-01
4.548389443122687337e-01
4.053133031768014760e-01
4.982090654315693423e-01
4.939590098240624338e-01
4.699024374358544143e-01
4.532971988100389926e-01
4.652018057123871175e-01
4.924676496349134069e-01
4.530789648933666869e-01
4.544851608754217343e-01
4.085201684985581561e-01
4.146916289657212595e-01
4.748514528994804973e-01
4.757497964586960282e-01
4.535268920652971159e-01
4.052632613588038613e-01
4.944212676724539235e-01
4.967371087556256559e-01
4.316660597399802901e-01
5.046517868762046000e-01
4.915756957053792897e-01
4.362040455912296610e-01
4.422789771616790766e-01
4.949542902104621112e-01
4.996344306626991916e-01
4.938850067904097529e-01
4.571107021087844058e-01
4.546998878536285260e-01
4.516859111464384124e-01
4.143999336345180473e-01
4.196029272587352144e-01
4.808708041635792463e-01
4.769338207272984520e-01
5.265800077605741203e-01
4.936976768392788428e-01
5.016632137394809732e-01
4.414446995531219331e-01
4.041435632556368840e-01
4.588212277790827964e-01
4.455646730320838578e-01
4.369836020900085827e-01
4.336030234114046089e-01
5.186867197720900213e-01
4.592055670597471329e-01
4.899501716915991567e-01
4.530625416350364532e-01
4.503022072809110266e-01
4.217384541657936969e-01
4.285970131843036546e-01
4.785702361197456955e-01
4.789528080595225612e-01
4.800367040706095545e-01
4.972457064241232461e-01
5.146940598453174642e-01
5.049272149131508458e-01
5.577517100276164763e-01
4.669003032168072553e-01
4.670900624011176117e-01
5.064361171462331557e-01
4.510227811842872359e-01
4.247840597656095118e-01
4.118205878578867773e-01
4.497393031546497721e-01
4.499310520088862231e-01
4.040220276749869055e-01
4.964296298377552374e-01
5.112566801496232216e-01
4.468998153302481957e-01
4.499065253613490634e-01
4.130641844794795126e-01
4.111763722238273577e-01
4.199478342534386233e-01
4.732489204462912991e-01
4.815449662975572198e-01
4.914798392572294339e-01
5.327779838340538365e-01
5.054614669898440660e-01
4.614398950176142877e-01
4.496716798212352928e-01
4.676115173313294959e-01
4.847129732107720024e-01
4.168774613256295836e-01
4.500041032335573288e-01
4.707497185474725510e-01
4.476095812010461583e-01
4.304731233660344381e-01
5.003460610426937460e-01
5.091926775677680928e-01
4.922074731447978468e-01
4.475856465526533157e-01
4.469851757357577449e-01
4.079739995907011862e-01
4.056398927499026974e-01
4.775653728227667316e-01
4.833464528454514686e-01
5.092499912650754190e-01
5.144297901454297772e-01
4.944825824463625064e-01
5.170544707571945731e-01
4.209369997623547688e-01
4.801954962893889012e-01
4.791653749239259130e-01
4.778350691704182918e-01
4.747758572591785908e-01
4.312946020373830680e-01
4.303736719044098935e-01
4.708244046326550691e-01
4.695813732316105327e-01
4.701942411606920835e-01
4.155545358273740608e-01
5.055978538113218290e-01
5.046647671739794561e-01
4.512862774425026036e-01
4.428861491724248589e-01
4.097097160347062950e-01
4.133794756638521362e-01
4.817363266416243572e-01
4.867259595187176102e-01
4.876800598478430726e-01
5.299106275922825793e-01
5.100249212184955194e-01
4.236992015108953513e-01
4.649116105574424007e-01
5.007953213063938147e-01
5.458789335094842432e-01
4.140776996505496910e-01
4.733907012424355409e-01
4.963568847513030735e-01
4.788718429172660884e-01
4.017554577652601155e-01
4.717696557163794102e-01
4.689397660084072550e-01
4.710825595011012279e-01
4.734475970810168022e-01
4.869247012591191304e-01
4.842025098573130015e-01
4.162940368821776427e-01
4.240071266306292275e-01
5.036955944412443431e-01
5.309689879052285066e-01
5.024742044428591736e-01
4.459311147179818580e-01
4.442632958240610996e-01
4.162526990930977000e-01
4.278963861421876680e-01
4.829670728007835478e-01
4.847311805829963016e-01
4.980507158580385063e-01
5.270411509160054520e-01
5.018837549285499744e-01
5.128023386754343438e-01
4.374967110281624549e-01
4.380762720939264665e-01
4.891742928754592712e-01
4.387995606791484371e-01
4.319823775988423931e-01
4.878482849545209277e-01
4.877041294331462273e-01
4.753494496989985052e-01
4.872641403615232125e-01
4.442932440472178168e-01
4.838473580857465262e-01
4.947111418388656090e-01
4.898817271090566416e-01
4.146245735650594955e-01
4.209869985066616582e-01
4.718550178848004428e-01
4.679189909969050931e-01
4.718154142677040697e-01
4.462411831404370366e-01
4.589415632902815179e-01
4.595530753033306159e-01
4.999242938086642107e-01
4.159505099940641326e-01
5.044299192864931669e-01
5.152298327390629762e-01
5.001811468845873687e-01
4.410398423616307961e-01
4.444553533899988085e-01
4.242764488940910517e-01
4.306117281676983821e-01
4.801222618785275786e-01
4.823018606829262422e-01
4.842113455839276992e-01
5.044361904290312060e-01
5.152471825874591627e-01
4.922284476346074356e-01
5.232884713292771384e-01
4.362089591571041147e-01
4.341538307087027260e-01
4.392495192662783099e-01
4.747153853744981444e-01
4.309310241650904372e-01
4.725250635372628683e-01
5.082751825765120524e-01
4.855149259041409149e-01
4.508863391951237753e-01
4.535138514539900356e-01
4.546440565234875497e-01
5.202625000676305289e-01
4.071943382542650425e-01
4.736033399861000470e-01
4.690513068185603318e-01
4.722889926794773818e-01
4.487192452140849053e-01
4.536060385157582031e-01
4.486031244948567309e-01
4.524926182328781188e-01
4.919016025475484444e-01
4.930493115065988086e-01
4.042398940714856947e-01
4.184066697030294213e-01
5.143138348453808462e-01
5.118108277257755745e-01
5.134588136064096586e-01
4.331515718875395549e-01
4.380715318624993082e-01
4.392314606935160959e-01
4.332897020023910861e-01
4.266564984166646979e-01
4.806475933804910117e-01
4.880986021425724464e-01
4.994057482725979269e-01
5.107374743478139134e-01
4.870427406061796916e-01
5.120064055757627131e-01
4.278226448379128244e-01
4.538669032492020361e-01
4.369915118357040607e-01
4.389505527037447785e-01
4.933519155695121339e-01
4.799777228074338931e-01
4.368575775215141066e-01
4.355724233997516626e-01
4.784431270929172531e-01
4.950886754344926421e-01
4.800234254972956527e-01
4.866010719840030974e-01
4.360898714232659401e-01
4.415306736279354660e-01
4.482864206560145393e-01
4.506641966272964539e-01
5.266851941049088826e-01
5.133312248831461977e-01
4.050776915551069779e-01
4.076722727288639714e-01
4.737602266394205230e-01
4.705826315204900134e-01
4.721522877395872286e-01
4.453413964188786545e-01
4.658842594028058670e-01
4.472137593084899443e-01
4.977809013193046916e-01
4.172895310617319442e-01
5.114553058321964496e-01
5.266250099489186987e-01
4.345021513917012856e-01
4.365812888601697805e-01
4.276383515857651862e-01
4.334831604105917613e-01
4.452107519391516610e-01
4.882431925969916153e-01
4.934828566662320948e-01
4.532917191034256388e-01
5.498020742735869604e-01
4.882037270463394085e-01
5.070392277779967038e-01
4.276980441373886555e-01
4.538849215692614125e-01
4.391120525824779297e-01
4.435596698009314776e-01
4.605981336581507768e-01
4.482483214111878111e-01
4.728698244393887418e-01
5.004351357055968341e-01
4.775187909139285147e-01
4.968531214391274653e-01
4.293806557211373165e-01
4.348995766332368618e-01
4.443770066947163033e-01
4.450928716200757695e-01
5.020504704271548935e-01
4.062666254660729503e-01
4.723776876494551469e-01
4.691386928582079174e-01
4.719425315927757714e-01
4.451392987489745101e-01
4.677250399684700910e-01
4.435698455322621414e-01
5.173979863418797231e-01
5.028643487452306715e-01
4.079320221068047370e-01
4.082796132493547447e-01
5.045823893739329602e-01
5.431461356896646331e-01
5.094182138403895443e-01
4.345164704677131895e-01
4.364284413258344708e-01
4.318364132793054422e-01
4.322647954463911812e-01
4.345141888837537048e-01
5.096630740985172991e-01
5.095554395154444638e-01
4.663019629392863852e-01
5.030721336939794064e-01
4.796468831452990744e-01
4.936879475010388929e-01
5.128191041501405367e-01
4.262455506830564178e-01
4.405556562042024504e-01
4.406274037698694745e-01
4.444347798849798692e-01
4.821913950281774275e-01
4.657024702101823510e-01
4.779337916898502292e-01
4.990226866645883774e-01
4.286952754077638650e-01
4.486620087167758064e-01
4.399386724997150222e-01
4.426697547529386823e-01
5.619662951499277970e-01
5.581893502180579336e-01
3.954853643965148824e-01
4.038082723321413381e-01
4.676759017608402846e-01
4.649009284124542285e-01
4.715566573463351729e-01
4.458017015854004450e-01
4.638993876687252382e-01
4.426971480139858528e-01
4.790258133080618763e-01
3.937780157271898451e-01
4.978596605337221037e-01
5.489657622213476307e-01
5.136977737842052250e-01
4.312104628872229783e-01
4.518901455878300832e-01
4.337395453326913231e-01
4.338378116851729915e-01
4.530104836233523891e-01
3.491683828133998468e-01
3.469410012126351583e-01
5.051288593855619569e-01
5.429061315691763312e-01
5.552600819630046924e-01
5.097613123457371831e-01
4.935998404582603860e-01
5.061815332761597785e-01
4.596171076766951691e-01
4.702935714174940052e-01
4.278293199907283739e-01
4.034071798869625636e-01
4.668333277094645073e-01
5.141028408849444009e-01
4.715885919356456735e-01
4.795016418250400703e-01
4.322770470520043706e-01
4.453012538302861256e-01
4.302428800929558039e-01
4.375774960290010895e-01
4.749283753178950018e-01
3.932612365157962531e-01
4.604476647737468786e-01
4.571338310628484392e-01
4.661549766828861352e-01
4.473366252139066579e-01
4.590902236659138436e-01
4.484133296158392401e-01
5.535996839700563221e-01
5.494229174392281090e-01
3.909508390349341611e-01
4.249090827026900108e-01
4.971066281947536525e-01
5.281454227770704390e-01
5.274850271703303006e-01
4.261847700077711631e-01
4.470782659212017007e-01
4.272265239196800235e-01
4.299610040538042743e-01
5.434920236675608862e-01
4.411101156050751260e-01
4.392794160802845904e-01
5.215733097554411390e-01
2.749531279880384482e-01
3.671984666169024747e-01
3.300789619962064547e-01
4.873032020441774304e-01
5.556139248716484014e-01
4.321769948147588525e-01
4.649857582339134709e-01
4.598298987417532291e-01
4.733070295051989840e-01
4.913831837560898030e-01
4.709237206075327364e-01
4.741958864986305366e-01
4.750317048408714826e-01
4.793007218981020778e-01
4.866000009172871676e-01
5.044613279677994111e-01
5.105084491715278228e-01
4.206243334661343147e-01
4.405879915866554031e-01
4.409010694739198266e-01
4.740550066471198587e-01
3.798569762672589500e-01
4.562588785312382544e-01
4.547526001482638525e-01
4.459481922389685327e-01
4.629778511158882393e-01
4.478079241573486580e-01
5.020551204552409219e-01
5.004343253111388501e-01
4.267186037018303457e-01
4.293945344880604198e-01
4.251554425080875110e-01
8.134081571578811731e-01
4.985187450527795439e-01
4.212119160331351253e-01
4.138821820080173519e-01
3.311923134938768998e-01
5.279492845094634346e-01
3.559118536110233988e-01
4.508312004423598029e-01
4.784153669295517219e-01
4.853537830473430570e-01
4.849995094644750648e-01
4.937770931824402298e-01
5.059082916557413601e-01
5.029299404526337280e-01
4.233090687901110427e-01
4.345074327273258374e-01
4.218641138109681110e-01
4.354353525640989320e-01
5.384115159689329966e-01
5.396048735917352568e-01
4.457194274936503442e-01
4.513485438930663340e-01
4.462593442916959474e-01
5.044604706471038646e-01
5.235082148819816261e-01
4.781547277412043773e-01
5.093735819949694044e-01
4.266891001941132688e-01
4.247696588814897645e-01
9.167454542817250474e-01
4.990672274246108486e-01
4.170134291038651853e-01
4.687671290613477093e-01
4.169543422957660006e-01
4.695118341371637971e-01
4.833489883673153797e-01
4.769856664842962446e-01
4.756831334898889985e-01
5.121442263994516741e-01
4.430321241676689614e-01
4.348932982137921344e-01
4.808639964302122705e-01
5.262557962746706730e-01
4.948095578941303363e-01
5.221208810182449422e-01
4.249874881664850168e-01
4.288200913425975203e-01
4.288108885498367329e-01
1.053456978384613718e+00
4.499852145263548708e-01
2.400125917539043252e-01
4.620175530634154648e-01
4.727344711939702182e-01
4.628036876588169646e-01
4.628919247260245284e-01
4.640975362717225661e-01
4.665508765773336841e-01
4.707679254914638456e-01
4.780866252008309503e-01
4.917513375347999371e-01
4.843538733301967492e-01
4.589074509047458283e-01
4.102655950735569768e-01
4.414178037049595327e-01
4.782787481460729628e-01
5.202287327151488006e-01
4.931445252726695538e-01
5.138192496543320109e-01
5.199011639388033679e-01
4.184619622048260656e-01
4.382767211757514492e-01
4.214546026179833982e-01
1.213973148663386015e+00
4.674428777942121749e-01
5.089918404948760022e-01
4.404907702986781692e-01
4.605123827871545061e-01
4.621046915709460801e-01
4.632064796460074740e-01
4.638972283259177876e-01
4.665095161181411765e-01
4.683294711354684114e-01
4.679715489101494708e-01
4.769998823739713401e-01
4.822824488569051882e-01
4.923254151780044885e-01
4.742797106654619288e-01
3.953854124905350487e-01
3.730297223669409301e-01
4.886355513567703923e-01
5.069749832052233840e-01
4.851707319770128812e-01
4.960858100238680901e-01
5.178737644712974042e-01
5.136290996781460727e-01
4.092890511841701939e-01
4.169955106033255698e-01
1.400703536189474852e+00
3.301237566040063909e-01
4.879302396165601796e-01
4.930930663154627358e-01
4.744672986113791513e-01
4.852137249413755460e-01
4.996604929820416263e-01
5.275536231194077885e-01
4.164350451627523708e-01
4.214575554553247061e-01
4.188337192475795057e-01
3.085602841309707522e-01
4.574542335576157748e-01
5.031678923559566030e-01
4.885121128864522988e-01
5.065566308236139070e-01
4.101254259767981303e-01
4.353575653549863200e-01
4.160019092530682916e-01
4.105958700251976512e-01
4.393335209112795847e-01
4.028744961295493976e-01
2.162961330173212904e+00
1.868588162666013242e+00
4.081905173294365086e-01
4.424624618712669766e-01
4.146090276776238648e-01
2.513522371742343164e+00
4.174712347381453470e-01
4.485141026298060662e-01
4.163588187940920893e-01
4.296053939125356047e-01
2.943062957489520404e+00
4.193798895182406783e-01
4.323537291524029436e-01
4.171550365410193195e-01
4.374518572816876172e-01
4.361309663138280279e-01
3.494685337012713777e+00
4.232124472232758894e-01
4.468526342681140573e-01
4.148827709319029000e-01
4.386890038639921774e-01
4.377611057510291670e-01
4.376900510639418207e-01
4.263586338626511818e+00
4.158306116486165105e-01
4.326983848069392291e-01
4.299873718453802729e-01
4.435556464092286211e-01
4.444130874855137248e-01
5.525072312451525747e+00
4.106525842608665933e-01
4.275504521833004556e-01
4.365909846597499921e-01
4.389648322163699490e-01
4.334031802780402010e-01
8.610808733281713145e+00
4.081874570024714433e-01
4.269464195236444826e-01
4.332778833601598212e-01
4.371956869418867631e-01
4.285679665247272840e-01
1.110513955094033811e+01
1.748078723284940494e+01
7.277656658223845554e+00
5.602989743784563714e+00
4.989235137942507059e+00
4.605265773331548296e+00
4.318182989043140907e+00
4.084533434426623977e+00
3.884691312813539188e+00
3.707732981387083626e+00
3.547018537811525984e+00
3.398352229431799376e+00
3.259069941532547254e+00
3.127522868921615018e+00
3.002751699305806987e+00
2.884262280899681841e+00
2.771862823358914429e+00
2.665544242735926606e+00
2.565393876971990839e+00
2.471535436260404062e+00
2.384088455061770695e+00
2.303140669004334118e+00
2.228727474629709437e+00
2.160814056202389200e+00
2.099277674309478314e+00
2.043889742726841874e+00
1.994299449349441922e+00
1.950022570645890463e+00
1.910440440542874541e+00
1.874814259338463129e+00
1.842318521714588542e+00
1.812094022181509834e+00
1.783316024820549517e+00
1.755267984283692906e+00
1.727407549391921204e+00
1.699411280978056160e+00
1.671188407433097156e+00
1.642861263346003353e+00
1.614718555245071796e+00
1.587154361078732867e+00
1.560608402619538371e+00
1.535520736313580770e+00
1.512307543787057673e+00
1.491356581765704181e+00
1.473033963771207322e+00
1.457690531115023669e+00
1.445656893754065475e+00
1.437220421824885852e+00
1.432583099730168730e+00
1.431804151164300931e+00
1.434734447855726902e+00
1.440950974507353211e+00
1.449700288953573724e+00
1.459861770852630691e+00
1.469945592719611005e+00
1.478145585971524456e+00
1.482468707935132191e+00
1.480952983897031006e+00
1.471958865422297258e+00
1.454479107463771514e+00
1.428378533194852862e+00
1.394473832629309129e+00
1.354408710371198366e+00
1.310354900367127318e+00
1.264633920385384469e+00
1.219371592247872726e+00
1.176263206415475215e+00
1.136469747652404161e+00
1.100619875362942590e+00
1.068876288762510507e+00
1.041034085171815837e+00
1.016636542246929897e+00
9.109696162886935511e-01
9.185673379034694497e-01
9.076868464040790396e-01
9.319129455856458577e-01
9.175972769977593924e-01
9.524340515949049069e-01
9.782625924826159336e-01
1.007555448294807698e+00
1.037313156065155395e+00
1.063201114832718952e+00
1.079468026027144312e+00
1.079050513465547256e+00
1.053921670136292787e+00
9.955859835482135933e-01
8.953325426088353245e-01
7.467705960101849172e-01
5.631779877894691477e-01
4.106086897364994437e-01
4.260895229985439681e-01
4.384437624598693795e-01
4.364085056235578741e-01
4.272407130035371647e-01
