1.717270847959612823e+01
1.093288052145903144e+01
8.485465158193271407e+00
7.194557167027303635e+00
5.565083931904259096e+00
4.973938115426416395e+00
4.605923071562553872e+00
4.331223091445862927e+00
4.107546715005441662e+00
3.915849988052551023e+00
3.745571209870920626e+00
3.590326480223391403e+00
3.446111904442719087e+00
3.310405629142116890e+00
3.181658890224169145e+00
3.058979012079920068e+00
2.941917072892451301e+00
2.830318264599172462e+00
2.724213592421303343e+00
2.623741125289670073e+00
2.529089260497170866e+00
2.440456163353226682e+00
2.358020239240202542e+00
2.281917067741696226e+00
2.212219092434557943e+00
2.148915626811127577e+00
2.091892352962377188e+00
2.040911322056376598e+00
1.995594308027162311e+00
1.955413889222529233e+00
1.919697357859181830e+00
1.887647945214365297e+00
1.858385561525437213e+00
1.831005472035899251e+00
1.804648962511988142e+00
1.778576472994205737e+00
1.752232165966076449e+00
1.725289948263693640e+00
1.697674138426451318e+00
1.669552251272240717e+00
1.641301781226003564e+00
1.613456740719707350e+00
1.586642567217657396e+00
1.561509361875358382e+00
1.538672830997394936e+00
1.518669688163949871e+00
1.501930130499399718e+00
1.488765371246603797e+00
1.479364424138100320e+00
1.473792622031618871e+00
1.471985386432279830e+00
1.473734280256370877e+00
1.478667044038074252e+00
1.486227105554685179e+00
1.495659129847507041e+00
1.506005057888351040e+00
1.516111440397826859e+00
1.524647226793693688e+00
1.530134939899096658e+00
1.531007465246932542e+00
1.525711618907888090e+00
1.512877196505524324e+00
1.491546971860520321e+00
1.461421981044740193e+00
1.423038660455755888e+00
1.377790593922493256e+00
1.327754207935698094e+00
1.275356741396383331e+00
1.222990505561485586e+00
1.172689995001233498e+00
1.125945155977476908e+00
1.083658679459240659e+00
1.046207455179593460e+00
9.085295937277938494e-01
8.969960149948620343e-01
8.888458977036908237e-01
8.850062564777868568e-01
8.904873330590622471e-01
9.013380134760667906e-01
9.173572666340270576e-01
9.377360265365118908e-01
9.609457393705908013e-01
9.846724373199694513e-01
1.005792990610597348e+00
1.020377462030492843e+00
1.023691778375390049e+00
1.010168699125381542e+00
9.732833313824388322e-01
9.052177486712252863e-01
7.961735530873473854e-01
6.411548453485819143e-01
4.718563373819773532e-01
4.094059929423067845e-01
4.377886465609273081e-01
4.431196211766973980e-01
4.423963097601298355e-01
4.507440596303392000e-01
5.457276512848941330e+00
4.182030070609801808e-01
4.094357343429360085e-01
4.380432418780667581e-01
4.389357896067450637e-01
4.447429445556249639e-01
4.214481306438630170e+00
4.205130424837137393e-01
4.158698871893897198e-01
4.408447084949431716e-01
4.417543365337036620e-01
4.414209324685307023e-01
3.453275570897655022e+00
4.214244855394302935e-01
4.110330071890959669e-01
4.402747042056698867e-01
4.474661410590761168e-01
4.356601509839005959e-01
4.341834149216917127e-01
2.904681227405689015e+00
4.134600781589164997e-01
4.210092233882259949e-01
4.440616628318502790e-01
4.479877365059897754e-01
4.341919698339384293e-01
4.330345654180786097e-01
2.475714738087597677e+00
4.115849412710349542e-01
4.221896844092655754e-01
4.396498196637390610e-01
4.256313821650455353e-01
4.225863452187725300e-01
2.124403801034040029e+00
4.050446359818543063e-01
4.258986174353618370e-01
4.278265885194932894e-01
1.828751592903393286e+00
4.121018498641811356e-01
4.076568975193493038e-01
4.129595368029821412e-01
4.103528179609086668e-01
4.037150910953334892e-01
4.320577609853772372e-01
2.244304336925621035e-01
2.154943868153218756e-01
4.595244835107495929e-01
5.543080630097031447e-01
5.312604744828561820e-01
5.122713883882784591e-01
4.083906003124550543e-01
4.123265679430592745e-01
4.140096368026711660e-01
1.176053551035593170e+00
1.360088498024912607e+00
1.321792283701161697e-01
5.064341227131181622e-01
4.877660895579860045e-01
4.945123833132335500e-01
5.114542681668515778e-01
5.464432812450630284e-01
5.411369026298944451e-01
5.453140827282713099e-01
4.184792192973301739e-01
4.220467783153653007e-01
1.022578278643310634e+00
3.094119316977420042e-01
1.110371305124355917e-01
5.242955267169169264e-01
4.584094717976499034e-01
4.671003266354917249e-01
4.700621660314531769e-01
4.701166627821865007e-01
4.745673641640074658e-01
4.823147621360913684e-01
4.906603827511297755e-01
4.993197615658027666e-01
5.142717597210882952e-01
5.332615959285412766e-01
5.320707855313705492e-01
5.091365224876304163e-01
2.127858711290706861e-01
4.931477983068885407e-01
5.096314741619540900e-01
5.314590441986118963e-01
5.698079074307982328e-01
5.440928193274476854e-01
4.161543043149678045e-01
4.044558531605281781e-01
4.268673471872994618e-01
8.953917928358839928e-01
2.490560964366067831e-01
4.819985056259935008e-01
4.669955272543360181e-01
4.762500562607900889e-01
4.784557609021281577e-01
4.834430834363546148e-01
4.936563867275891027e-01
5.079202447640476237e-01
5.315485804850276219e-01
5.207282512601999480e-01
3.763931324321548311e-01
5.077656206208814860e-01
5.013903880881507291e-01
5.278540098361749200e-01
5.769294169391787630e-01
5.558022525898789201e-01
4.231410906172090591e-01
4.284333322636729169e-01
4.150282972838534867e-01
8.318215503413600720e-01
5.583066524225132055e-01
5.344887658443545631e-01
5.754736750330972095e-01
4.121536904261222656e-01
3.950564192271384667e-01
5.722495435424658217e-01
5.568653675550683246e-01
5.518078369889615198e-01
5.443097351610758361e-01
5.539173090046354275e-01
3.549911964451302748e-01
4.043817453180794108e-01
3.940377534741092425e-01
4.749665955515063320e-01
4.831334975171250878e-01
4.852771051876300090e-01
5.298918699620175365e-01
5.426322809220952559e-01
4.456468847110294229e-01
4.423410278346720514e-01
4.350117194020935996e-01
5.095177421378758176e-01
5.047347172629466083e-01
5.552726037294561934e-01
5.518699243582844138e-01
5.423052832097086107e-01
4.301284682505985835e-01
4.336108740333623479e-01
6.336018272089013470e-01
5.204884311933766217e-01
5.095110195165609701e-01
5.362226935009610784e-01
4.764496413269941333e-01
4.550822959263010614e-01
3.917632304883937322e-01
4.623764057532560590e-01
3.451086683438823743e-01
4.744031702933090844e-01
4.745932585380887581e-01
4.422306455197278496e-01
4.798625261316029622e-01
4.701594005400613896e-01
4.890493956762096972e-01
5.034443847698117924e-01
5.130082493187942960e-01
5.347560663820674076e-01
5.572695422392852649e-01
5.722411745672897343e-01
5.390811440747058647e-01
4.093509711336654755e-01
4.179227331291601177e-01
4.373732385649498067e-01
5.398530732607732530e-01
4.806236061190226616e-01
4.381943735530759443e-01
4.511211944600483914e-01
4.494321669779709483e-01
5.149598354109888865e-01
5.113625350037100947e-01
4.274533819391125866e-01
4.243480416221907525e-01
4.491488962556622888e-01
4.247174816428074817e-01
4.302621790166322735e-01
4.932195332663611986e-01
4.687045960961752078e-01
3.856565773831071575e-01
4.441447956066816305e-01
4.878874662927533135e-01
5.210227059336896005e-01
5.203831730588803772e-01
5.248505185771050741e-01
3.795739115908147721e-01
4.539362511103074427e-01
4.456379995954253825e-01
5.057822349962081132e-01
4.780049736850519038e-01
4.933841803702669337e-01
5.014305481973455603e-01
5.156082099705260324e-01
5.611704058008564200e-01
5.926964893525538125e-01
5.319212699685708090e-01
4.159137673550709069e-01
4.281418439025056477e-01
4.416543408623269662e-01
5.385236121838162804e-01
4.591724791810213313e-01
4.373265065746627100e-01
4.820005076612896011e-01
4.895567763631385461e-01
4.497088591322568329e-01
4.544255325279543678e-01
4.359896322707870198e-01
5.373747021799297752e-01
4.703270239308260381e-01
5.150153320858446016e-01
4.461134434104908619e-01
5.710043315294515143e-01
4.299726773150758241e-01
4.377805008847284740e-01
4.427088267378811448e-01
4.170481144658363393e-01
4.188678565210796623e-01
4.338451198915669882e-01
4.529650245875482262e-01
4.694762012304182219e-01
4.958080975086407438e-01
5.034956230169864710e-01
5.194784198422682797e-01
5.222486958474573671e-01
5.412817382053529691e-01
4.339093138507654213e-01
4.101079032679543213e-01
4.067935149996011468e-01
4.347930239752048620e-01
4.416547470078008297e-01
5.336963380234783783e-01
4.854929372223522055e-01
5.449470245574468130e-01
4.275432123264545914e-01
4.303651287356759503e-01
4.391762147927976145e-01
4.313548498985715351e-01
5.530666766168144122e-01
5.001994677712188198e-01
4.361007051396202372e-01
4.378173348374502782e-01
4.488772679267716836e-01
4.494551942279049750e-01
4.532367521426537427e-01
4.547873987304879573e-01
4.526245255927931477e-01
4.515795083606566895e-01
5.232721204189503261e-01
4.197654500533229416e-01
4.139983103730061620e-01
5.309202996669631913e-01
5.260630164588155910e-01
5.523187620130878273e-01
4.388767006219702616e-01
4.432803006103832044e-01
4.304821628566533609e-01
4.156948537028993806e-01
4.041146245053208186e-01
4.696391100390039930e-01
4.747350195030932696e-01
4.718886121370232112e-01
4.630451340925625936e-01
4.939614356285305097e-01
5.257587008189511524e-01
5.552119338840398877e-01
5.805102111013964450e-01
4.123190708426371920e-01
4.195582091093106869e-01
4.346862983323965812e-01
4.386853502996223564e-01
4.628426844245833172e-01
4.132875504909939712e-01
4.307969627266138857e-01
4.728872868712278299e-01
5.175297365774215175e-01
5.204580333090665922e-01
4.313083294648500932e-01
4.464809268171375245e-01
4.418168306974220028e-01
4.415152148376431662e-01
5.104170016009904609e-01
4.311149004153597142e-01
4.548211257770598537e-01
4.609555589458159131e-01
4.615032453744769558e-01
4.716161592564154237e-01
4.518284688130050908e-01
4.527310608392007274e-01
4.503132260805839393e-01
5.379812043412898204e-01
4.970507522254929977e-01
4.169760642242202886e-01
4.147746169309812214e-01
5.376110768053303790e-01
5.323197296132434753e-01
5.413596688023212256e-01
4.394815412743951488e-01
4.538322034803802807e-01
3.899326033642823153e-01
3.949766600749834433e-01
4.727947897878768679e-01
4.722799055420525138e-01
4.728138836308780624e-01
4.914034416365860025e-01
5.499230692669451193e-01
5.328887741212753326e-01
4.109674605907057687e-01
4.067788498642437856e-01
4.333317788676643301e-01
4.414627967349751825e-01
4.843779505343091540e-01
4.459438437304723002e-01
4.905451698646345893e-01
4.825233662604269114e-01
5.004092568378288863e-01
5.125074077954513418e-01
4.411271702797604499e-01
4.519746895229674877e-01
4.690806161983799849e-01
5.213696143867290189e-01
5.132477525788212702e-01
4.285163365847911021e-01
4.273182845959108134e-01
4.674700738199173977e-01
4.654988302619644247e-01
4.806401065578417842e-01
4.510692806274300692e-01
4.510261095933588149e-01
4.524827177607428919e-01
5.115195278170833193e-01
4.107659116682880751e-01
5.239137581380053366e-01
5.281561232458066302e-01
5.536576394623390351e-01
4.408941841235599068e-01
4.375041965425947588e-01
4.460267283295054064e-01
3.974075143982905844e-01
4.069745529913753601e-01
4.191844971373643314e-01
4.672017553326435757e-01
4.698837286697384874e-01
5.206759878541353803e-01
5.151185953453761845e-01
5.531852419507965468e-01
5.443474666748395752e-01
4.076800491460627063e-01
4.141366830561744039e-01
4.170858147443822772e-01
4.767434237141727205e-01
4.746504820212370523e-01
4.428534065116652707e-01
4.249719662169820777e-01
4.839312787445658737e-01
4.911958274713100758e-01
4.951084448699581975e-01
5.128020622135354145e-01
4.490809720984559328e-01
4.537553241471720122e-01
4.594290343828600909e-01
4.683044567620319731e-01
5.090688463641639405e-01
4.337330352822088564e-01
4.681446821145093251e-01
4.668721868564557620e-01
4.796803067814879307e-01
4.497366979311092638e-01
4.515678491399981453e-01
4.550681516222179757e-01
5.215384979546414668e-01
5.110861640925674632e-01
4.102882498785948018e-01
4.165019081688621783e-01
5.195179385168058328e-01
5.186684726059255235e-01
5.354467870086269121e-01
4.405250939070827210e-01
4.569925123351769591e-01
4.138044365418538373e-01
4.094481462183650056e-01
4.667630968064144237e-01
4.705492318960203257e-01
5.220757393777623045e-01
5.198202351823826284e-01
5.515447563817712506e-01
5.666267161083143877e-01
4.123571594744687707e-01
4.075349813402244781e-01
4.299481799617270728e-01
5.016571711650856802e-01
4.207892052639117808e-01
4.850755901503575052e-01
4.947228734328406596e-01
4.951893973025034978e-01
4.622374236644396506e-01
4.649170579009607174e-01
4.821643055163174485e-01
5.236859178545419935e-01
5.220885541650686079e-01
4.298776162663415779e-01
4.297790844676663280e-01
4.685057541372372736e-01
4.682533085870594913e-01
4.762313300244233605e-01
4.444956346865483465e-01
4.492388244745403880e-01
4.716618968690899361e-01
5.057489997518821445e-01
4.096672635901106863e-01
5.286412932589437119e-01
5.278987919007956942e-01
4.438843364437565775e-01
4.489785814392097119e-01
4.020943587333327129e-01
3.942055310662152534e-01
4.664349041063376444e-01
4.719742054011329957e-01
4.621249487661573396e-01
5.128989484549280053e-01
5.333735575632365666e-01
5.455355839608435620e-01
4.159662101098249853e-01
4.368535553691741957e-01
4.594257500013117501e-01
4.411126526174073970e-01
4.387809146089311496e-01
4.888860220225330622e-01
4.864882507463307304e-01
4.868342379138972387e-01
5.027116263514802563e-01
4.695546434966478277e-01
5.107783186166319211e-01
4.734182101652520402e-01
4.429467989436021158e-01
4.694177764702295308e-01
4.696512253501896050e-01
4.713086616384870586e-01
4.478169004168174316e-01
4.437639626830205408e-01
4.877845383780932687e-01
5.248431233424788456e-01
5.055603318818555625e-01
4.118706584102596047e-01
3.941569259905816081e-01
5.242352201293205560e-01
5.151719452663143795e-01
5.362787965205372265e-01
4.469174557523679647e-01
4.462223786841307271e-01
3.861581761470794238e-01
3.879932065262940988e-01
4.628397151974763535e-01
4.742376044468003538e-01
5.455573829759902127e-01
5.134198994725135412e-01
5.491129733332980045e-01
5.504713662493215809e-01
4.021431549037881581e-01
4.141651046205537812e-01
4.104168209920247001e-01
4.789737664513835091e-01
4.823084999248720139e-01
4.994732553648427720e-01
4.879333481711564668e-01
4.380381434558255904e-01
4.281734085049141991e-01
4.723640672038440513e-01
4.635195432910432234e-01
4.651139360667020384e-01
4.128882500611152362e-01
5.181425050716779168e-01
5.139671718083761442e-01
5.170555205240749963e-01
4.461359873222860983e-01
4.465281425750788347e-01
3.898292501538378474e-01
3.985867852570519343e-01
4.055541488120477656e-01
4.692240314985116623e-01
4.744575140218477705e-01
5.175605144848672845e-01
5.272332398939622022e-01
5.532804807629921884e-01
5.552305427475029420e-01
3.777613586264259582e-01
4.741379916577269649e-01
4.798560670002003925e-01
4.897281026296543827e-01
4.442615944638596548e-01
4.671062895585456065e-01
4.860274795500726386e-01
4.668256302692953552e-01
4.278168480735161094e-01
3.957987408584319189e-01
5.198227402265283015e-01
5.217962233980776299e-01
4.513046036923407667e-01
4.510202112951581799e-01
4.123865923646387044e-01
4.142698719080772918e-01
4.640765354827390277e-01
4.735783997078422680e-01
5.332987665180023429e-01
5.367727231766796780e-01
5.421264355063263318e-01
4.486779330865975912e-01
4.595807173373850918e-01
4.583471968402322849e-01
4.154911906313263903e-01
4.711991384692219009e-01
4.340170355600379004e-01
4.205670320469083734e-01
4.046713032310285674e-01
5.145318722896039532e-01
5.084744437986589150e-01
5.164178299591835053e-01
4.513149307107062747e-01
4.538210062729257088e-01
4.021776023268272549e-01
3.966848067768246056e-01
4.714119819012360102e-01
4.758462927499514938e-01
4.720774995961844467e-01
4.600880122895528723e-01
4.221304895018076486e-01
4.623976125733371689e-01
4.953972531762552700e-01
4.628163839797235779e-01
4.379152048795590391e-01
4.442010163523976707e-01
4.478161130563436676e-01
4.222360351725691907e-01
4.257923826255511912e-01
3.989968041426902867e-01
4.995105990351371705e-01
5.215563839567584070e-01
4.528645618832205511e-01
4.513704843735755201e-01
3.905541867908855491e-01
3.913905579363581855e-01
4.764036090882568519e-01
4.719145279820363692e-01
4.342460576074914091e-01
4.363917048876255200e-01
5.031331313195965826e-01
5.061651172209986616e-01
4.242430192548061751e-01
4.773020948221129989e-01
4.915005785744664402e-01
4.317438196386960692e-01
4.796639464683443155e-01
4.946049312125752051e-01
4.649948328933693475e-01
4.550573046492179530e-01
4.504281097121174970e-01
3.956557339920361849e-01
4.049941816273503470e-01
4.111446718546040713e-01
4.752805438716198316e-01
4.752211270086674766e-01
4.112625269011346285e-01
5.050007299705088215e-01
5.045010651947858804e-01
4.435967149661656506e-01
4.212258793160288950e-01
4.798502783997090071e-01
5.104454232347916953e-01
4.445919201181428027e-01
4.408912453377474838e-01
5.252940387574656089e-01
5.242954750468669101e-01
5.049826099529187706e-01
4.670554083397785994e-01
4.540964881957035293e-01
4.530964401907231487e-01
4.199460835128365765e-01
4.235937742849177345e-01
4.751317343117134051e-01
4.744027212609264743e-01
4.237339415888393135e-01
4.033213200240091667e-01
4.825761507039266207e-01
4.731985765018690837e-01
4.695645460768143042e-01
5.034034411510485141e-01
5.285472991182423863e-01
5.258155102172096251e-01
4.200732228266625956e-01
4.946972206168024355e-01
5.031842074784369512e-01
4.327357666676715509e-01
4.293072287911242069e-01
4.710560988482959677e-01
4.969135853371418610e-01
4.095877016700716911e-01
4.153026974918418435e-01
5.054488434990337398e-01
5.059409889513775127e-01
4.748286385244867569e-01
4.753134266396265017e-01
4.620576128898275514e-01
4.764488490888295624e-01
4.934257179046278585e-01
5.054142127314690258e-01
5.038269651943431127e-01
4.526995240483859817e-01
4.492273667589305464e-01
4.112957245662571260e-01
4.092555415267992158e-01
4.693817310072807003e-01
4.757022396158232524e-01
4.097564467634489671e-01
4.708145906176094964e-01
5.089625425409476378e-01
4.696392220951779439e-01
4.807831764004430464e-01
5.282911098689841989e-01
5.363863544313207665e-01
4.261244152826594855e-01
4.245151532241290271e-01
4.922149024364025904e-01
5.316846644754499307e-01
4.273779616799899816e-01
4.355205693334918138e-01
5.011103837707012731e-01
5.121562502629875002e-01
5.043740074534081019e-01
4.284245987354897700e-01
4.281949902311083522e-01
4.677796508793354846e-01
4.927565305669868168e-01
3.941522384821511404e-01
3.974298788943455008e-01
4.118215346063718862e-01
5.067714698397709494e-01
5.199563179825822390e-01
5.156267201769673125e-01
4.677195177066106324e-01
4.577458613466008908e-01
4.652021006531387726e-01
4.952676646726097420e-01
4.957425445208319403e-01
4.555965893013622647e-01
4.567453968012477605e-01
4.051229063324193747e-01
3.991794494217649203e-01
4.744805373146122607e-01
4.758091260948970613e-01
4.738099572858712749e-01
4.161156502292058801e-01
4.203447616210329585e-01
4.808468189905429901e-01
4.940149082811148840e-01
4.692422854907789542e-01
4.715356712659141691e-01
5.258303579494224556e-01
5.213658403056271595e-01
4.199036065606321366e-01
4.091128250278426304e-01
5.169226396510632204e-01
5.268265677219081677e-01
4.014905598912808515e-01
4.188663603793535417e-01
4.279268797600061514e-01
5.067941678000498218e-01
5.091425976627538263e-01
4.291536488472075805e-01
4.285635632655316329e-01
4.929362010727150745e-01
4.935998320490572189e-01
4.075692347436601359e-01
4.042761744899269205e-01
5.185145184006979546e-01
5.177506699684374381e-01
4.763389280940968362e-01
4.672730686555645607e-01
4.617548911060373462e-01
4.649253356257900260e-01
4.909520774469811610e-01
4.918998027182721611e-01
4.585937460256414022e-01
4.059467701706201970e-01
4.095549375170501327e-01
4.129683577985378551e-01
4.723034191617553890e-01
4.735216477441496763e-01
4.287572222355491292e-01
4.111382403971768906e-01
4.902476025842337215e-01
4.877301613101105993e-01
4.704330333320691504e-01
4.635943502326078103e-01
4.784368284239504665e-01
5.103758537605636025e-01
5.364292045184188007e-01
5.479842392488479819e-01
4.055969289792255017e-01
3.986504513563999819e-01
5.271182439716898260e-01
5.280173149594727944e-01
4.204030806217829430e-01
4.232841386788809834e-01
4.978411245521951467e-01
5.024668257078866995e-01
4.338893264092340551e-01
4.914539134545218846e-01
4.902107359007333298e-01
3.943495729659621252e-01
4.054896814559676987e-01
5.097970316508693145e-01
5.078187973690632129e-01
4.771720217476161929e-01
4.702766126987897310e-01
4.610601238562406778e-01
4.680901163715395774e-01
4.897050393319149486e-01
4.900242432604199894e-01
4.616059946284013504e-01
4.592916578452345133e-01
4.236988544759431874e-01
4.283617219684422994e-01
4.663553272776678749e-01
4.701645431426959010e-01
4.078422987263645161e-01
4.033955271055847946e-01
4.930596808816897214e-01
4.861799959534709448e-01
4.625307039559980460e-01
4.645771544420360111e-01
5.427960459289464801e-01
5.428686202648298487e-01
3.994646518107946020e-01
4.021771177932327301e-01
5.283523089598186617e-01
5.254576676425420922e-01
4.142332905895770301e-01
4.184022805235002584e-01
4.301247836023218696e-01
4.966911012022048322e-01
5.013329379867437208e-01
5.138585564959978758e-01
4.399661912757012461e-01
4.403396496956965001e-01
4.883640938466249359e-01
4.891838355359138801e-01
4.094168629655547398e-01
4.279200680297445269e-01
4.358044282693313565e-01
4.925512127049722078e-01
4.935981061582258578e-01
4.672501202384955477e-01
4.736615833803390907e-01
4.618480254674312557e-01
4.700189014870985726e-01
4.884584220643111707e-01
4.884951212223463957e-01
4.654563530498412316e-01
4.622438949227738458e-01
4.195420047196079527e-01
4.140363448317986861e-01
4.636722623881696093e-01
4.615244513021961592e-01
4.706473227597833264e-01
4.041926950159506204e-01
4.101408798744575757e-01
4.880601638534200482e-01
4.815975750893659590e-01
4.645934482790599618e-01
4.592640804396377341e-01
4.690826614089390056e-01
5.289723570420691301e-01
5.338526882271527052e-01
5.716581952958591506e-01
4.026273442488157439e-01
4.027982684401066882e-01
5.188098636448243983e-01
5.172320735750937093e-01
4.240136874955794388e-01
4.213016964703049094e-01
5.021442289258719605e-01
5.034152297853780045e-01
4.420784816949561713e-01
4.366985022395997174e-01
4.892202106221893443e-01
4.878899669941942907e-01
4.318835575996299858e-01
4.266439951747173498e-01
4.837036395990597093e-01
4.981259316472997356e-01
4.995087508877308347e-01
4.647964693479490483e-01
4.712990996805852539e-01
4.654602887866731709e-01
4.686713353253499914e-01
4.876392481497915932e-01
4.876278315784196571e-01
4.563192765264527662e-01
4.674460073379678726e-01
4.109242324658040624e-01
4.082243190765704188e-01
4.597346148586026748e-01
4.598799129864875046e-01
3.946364582764061990e-01
4.031498235024421617e-01
4.872929381338777510e-01
4.814834395520033450e-01
4.579346671647433475e-01
4.600296514486189592e-01
5.451624653174949042e-01
5.839803251869670753e-01
4.039703123223379322e-01
5.498920195488954388e-01
4.129958984736953886e-01
4.173158052689042719e-01
4.888515343567185201e-01
4.875063316755138820e-01
5.175888829202651698e-01
4.335378881397177198e-01
4.330246458026101863e-01
4.892853569953573567e-01
4.847785046719714774e-01
4.247112248380999211e-01
4.200836734309628673e-01
4.920576501780505874e-01
5.030882395898949033e-01
4.673032052791672997e-01
4.680693973098848382e-01
4.706565812869701881e-01
4.864807698115889423e-01
4.645916430996303581e-01
4.038641781466645875e-01
3.995547380048994346e-01
4.656241587626341882e-01
4.704740644138344363e-01
4.348658145912526751e-01
4.860658848322768066e-01
4.565034605657199984e-01
4.532440299056499367e-01
5.862066477473043546e-01
4.891770148672469620e-01
4.060111979466397569e-01
5.491587531290740287e-01
5.475056032884146884e-01
4.223019304182503708e-01
4.306422784920548863e-01
4.384683371126552043e-01
4.914614738941088801e-01
4.997391085564702462e-01
5.029851792973346614e-01
4.363399967740185792e-01
4.383708430359009034e-01
4.952987033793090910e-01
4.922537693213648868e-01
4.235484323707996435e-01
4.322998916604398056e-01
4.895371334671582697e-01
4.800431076724087642e-01
4.623103017922042257e-01
4.691325033975621839e-01
4.717367476662466808e-01
4.865589961869681845e-01
4.841123792877793375e-01
1.106352246193452737e+00
4.032659421019599288e-01
3.935072504533717042e-01
4.912701171375722375e-01
4.827473587923171161e-01
4.546072274070945829e-01
4.550516429998139323e-01
4.580324952587064846e-01
5.678932240808493015e-01
5.499721901389378331e-01
4.269779046355983154e-01
4.295439038486655314e-01
4.778715877492816788e-01
4.206010923323097450e-01
5.090409902805409503e-01
4.349171579646485819e-01
4.429307738992425136e-01
4.528792315312755168e-01
4.779517854308951708e-01
4.706619082047568958e-01
5.060786832170494076e-01
4.695030375344582674e-01
4.653100674945619408e-01
4.695028493009881232e-01
4.745180307073858517e-01
4.843328355927001283e-01
4.811305363881233643e-01
4.810570388816728382e-01
5.448595965786678263e+00
3.937217851830409066e-01
3.880629773595244414e-01
4.926666087407318706e-01
4.769771165197737584e-01
4.541250325649380803e-01
4.599698312134276601e-01
5.389528282616016241e-01
5.335618594889119937e-01
4.195118385849404552e-01
4.152970743835662781e-01
5.154094760588195934e-01
5.052126556399305635e-01
4.434249280872990528e-01
4.482577030287130948e-01
4.719558514528813808e-01
4.679571612193809127e-01
4.740314472820557623e-01
4.690122238753277606e-01
4.783153474126735638e-01
4.792195065232061624e-01
1.703969844488783991e+01
3.881739443410295864e-01
3.914356681429716489e-01
4.725407758606938180e-01
4.545045558721976242e-01
4.400638325202733681e-01
5.410795340759583238e-01
4.241043720872578748e-01
4.213369516962390260e-01
5.251423534101407053e-01
4.813960390585174109e-01
4.527528583696780462e-01
4.447836000483469387e-01
4.664686435442685353e-01
4.866183080023376850e-01
4.751557612825383914e-01
4.945504202447509323e-01
2.752078887588339384e+01
3.918761213584329717e-01
3.319835832565137812e-01
5.013201731731522504e-01
4.991458052355805530e-01
4.365544858474308954e-01
4.511983479909383865e-01
5.939693130249964481e-01
5.900702342986793303e-01
4.352140046984463995e-01
3.603251969550091416e-01
4.997124151521012969e-01
4.535816645975559447e-01
4.553249634408639279e-01
4.731466422194779975e-01
4.758567888546563207e-01
4.724834791490903907e-01
3.151435982246303524e+01
3.918975375343227707e-01
3.914502882894276281e-01
5.027170121454089813e-01
4.745605842418221254e-01
4.365489632991820801e-01
4.400351246766416868e-01
5.939832118415812046e-01
5.411005502807573198e-01
4.352286905096426906e-01
4.213501298844943843e-01
4.813998029518570809e-01
4.536183008626408775e-01
4.448139980776034674e-01
4.866813153691282312e-01
4.758611323166388463e-01
4.945604319523363990e-01
2.752073669650363286e+01
3.881672166615532937e-01
3.880531991937604674e-01
4.769087317910886137e-01
4.544600588732924940e-01
4.599369278606753597e-01
5.335657592732838683e-01
4.241142338114083921e-01
4.153067609978615127e-01
5.251382380473340605e-01
5.052175499482474130e-01
4.527760083243040357e-01
4.482806556175584212e-01
4.663616077232921597e-01
4.689990114822983336e-01
4.751670753058169772e-01
4.792275452752909337e-01
1.703964622300789244e+01
3.937142866941964470e-01
3.934969644255411070e-01
4.923412743602323394e-01
4.822447771702512709e-01
4.540979895385969800e-01
4.580008436885417700e-01
5.389641570676442228e-01
5.499806859699970518e-01
4.195202226772263843e-01
4.295512302610006716e-01
5.154055867768051469e-01
5.090293721049786724e-01
4.434501028733451866e-01
4.529078851538321238e-01
4.719968616877699974e-01
5.060520550351796931e-01
4.680363855894983383e-01
4.651741406324964578e-01
4.739866060780051349e-01
4.743771160033094514e-01
4.783224003772845179e-01
4.810631145576874101e-01
5.448568202844035646e+00
4.032590940057856899e-01
3.995486473891299295e-01
4.908832332981708513e-01
4.857360458217174770e-01
4.545810061332300478e-01
4.532068953888909180e-01
4.550185454504665494e-01
5.679029660830295922e-01
5.475148660932719347e-01
4.269830298291725779e-01
4.384717916120004499e-01
4.778708055185431069e-01
5.029697517797894202e-01
4.205881973343493230e-01
4.383574259724243305e-01
4.922567706340307825e-01
4.349389133702819543e-01
4.323445270938244267e-01
4.429708492404674236e-01
4.779208628507548573e-01
4.755566410223597273e-01
4.706381778083990053e-01
4.695250797065295134e-01
4.623128476766641959e-01
4.695515055226934797e-01
4.717340800162507786e-01
4.843384120278038663e-01
4.841180916361950137e-01
4.811366239631483244e-01
1.106340902179438146e+00
4.038549493512021415e-01
4.082211018024094473e-01
4.656276466044304563e-01
4.598881648152301493e-01
4.704809283373896367e-01
4.347900614318723767e-01
4.031428260521547902e-01
4.812831105095374262e-01
4.564739935274922389e-01
4.600082052040304070e-01
5.862198055158147625e-01
5.839834547514390906e-01
4.891832639925234316e-01
4.060150662464140914e-01
4.039726349852201248e-01
5.491542927575786548e-01
5.498848973089025538e-01
4.223076247565559771e-01
4.173205291512197546e-01
4.306457066980580728e-01
4.914710048225748307e-01
5.175909299633650873e-01
4.997369959422257590e-01
4.363289403974149883e-01
4.330168964182928848e-01
4.952974635097839862e-01
4.847695006420840724e-01
4.236454045053789641e-01
4.201389338844058741e-01
4.894746877638409543e-01
5.030229396498572259e-01
4.681183559918285497e-01
4.691326002652912441e-01
4.706429339935948586e-01
4.865643201232108805e-01
4.864860650702325096e-01
4.645856939236479577e-01
4.109160817330307913e-01
4.140294438330336391e-01
4.597223631765546270e-01
4.706274952625784658e-01
3.946652830246027976e-01
4.103136570926713689e-01
4.870868455757216831e-01
4.814390007856031439e-01
4.579122373253696754e-01
4.690598072351394587e-01
5.451822691261878351e-01
5.716740298700910827e-01
4.028049112463500392e-01
5.172376912066188881e-01
4.130010123303377578e-01
4.213056609689706522e-01
4.888551841115909569e-01
5.034326005117888414e-01
4.875130556863881415e-01
4.335330657598259751e-01
4.366956889789782026e-01
4.892706330524217995e-01
4.878695834620113692e-01
4.246844506619101289e-01
4.266707403510124341e-01
4.919927805196825932e-01
4.994663949273057679e-01
4.673032446628825332e-01
4.712963377542954690e-01
4.686556753231875261e-01
4.876329125586623126e-01
4.674393723072414186e-01
4.195334425390569999e-01
4.283475326659018645e-01
4.636560588191104837e-01
4.701513563592124023e-01
4.615163126636621094e-01
4.043704742039191391e-01
4.035885679803435377e-01
4.879158881772339140e-01
4.860643782875709862e-01
4.645752951344983561e-01
4.645620690787182760e-01
4.592423323110003119e-01
5.289860388764979771e-01
5.428939700952180036e-01
5.338695914812594534e-01
4.026347065985624307e-01
4.021855506689118176e-01
5.188177388075503327e-01
5.254657973193047615e-01
4.240157006399702944e-01
4.301274613030187655e-01
5.021574745127531658e-01
5.138681814092003197e-01
4.420793574029903694e-01
4.403430133060035057e-01
4.891959088788954135e-01
4.891546141486608490e-01
4.319040303970559935e-01
4.359326153216842026e-01
4.837103768561704653e-01
4.934834218378661430e-01
4.980919384493907587e-01
4.647823951603547998e-01
4.736670818075378597e-01
4.654559078556010365e-01
4.700115027862526440e-01
4.876442996042522626e-01
4.885001387226320935e-01
4.563143741794012387e-01
4.622351999905900954e-01
4.236813438746619975e-01
4.129350983572548373e-01
4.663413750579075145e-01
4.735071297709507743e-01
4.080104119058723389e-01
4.112760745500435022e-01
4.929676748895600591e-01
4.876547246537175084e-01
4.625172004566560080e-01
4.784253268131081205e-01
5.428154369692063108e-01
5.479985400206963675e-01
3.994730186499785840e-01
3.986606362016478777e-01
5.283596593356167936e-01
5.280229831627079040e-01
4.142346633760610186e-01
4.232824593673035207e-01
4.184041783454412466e-01
4.966916750491504051e-01
5.024718232982646748e-01
5.013509781879108562e-01
4.399790039305624956e-01
4.338996158772830403e-01
4.883285480597293615e-01
4.901743590766463599e-01
4.094443300490294146e-01
4.055152345801448233e-01
4.276443444621277901e-01
4.925641476858585444e-01
5.078745421444227359e-01
4.672364327106023341e-01
4.702642724900902294e-01
4.618540607711583701e-01
4.680894555201788321e-01
4.884634347269835031e-01
4.900293641808387557e-01
4.654493360548666026e-01
4.592845012680759065e-01
4.059307163991642264e-01
3.991739780471637022e-01
4.095351080541128064e-01
4.722896248871606972e-01
4.737925652064327031e-01
4.288698825204081966e-01
4.204476421505784489e-01
4.902109291087809462e-01
4.939901212943141329e-01
4.704264333871467363e-01
4.715335615677446190e-01
4.635806922716712575e-01
5.103881383622280721e-01
5.213886092531949679e-01
5.364543148875027256e-01
4.056074403313472132e-01
4.091234715740567074e-01
5.271261689537805051e-01
5.268318684437953703e-01
4.204024863995681760e-01
4.279275736071443403e-01
4.978579027216040731e-01
5.091505444781164735e-01
4.285723061315544480e-01
4.914106031127828955e-01
4.935485712172900108e-01
3.945567596291800205e-01
4.047647165495705246e-01
5.097370614748709672e-01
5.176635634636156391e-01
4.771577182109971171e-01
4.672587949543172692e-01
4.610727870914807514e-01
4.649401343173612533e-01
4.897102100416196313e-01
4.919052719500844884e-01
4.615991631007805296e-01
4.585861834300299922e-01
4.051129121014914736e-01
4.092487246257642819e-01
4.744617044469836564e-01
4.756860732952775672e-01
4.757975074339376165e-01
4.162020991661478098e-01
4.098149639230241892e-01
4.808489474623530158e-01
5.089773306756069093e-01
4.692401421989354504e-01
4.807729751564480125e-01
5.258473408122338322e-01
5.364038439588523222e-01
4.199149456729882601e-01
4.245274404491519160e-01
5.169246258658765081e-01
5.316891102958827275e-01
4.014864907830629770e-01
4.355161539651032365e-01
4.188642466704249334e-01
5.068123737165619591e-01
5.043975568303021850e-01
4.291652220719569533e-01
4.282100458866428538e-01
4.928807768465865990e-01
4.927079585932721550e-01
4.068600324260420731e-01
4.109442136096373988e-01
5.184265400046617067e-01
5.155585261134851827e-01
4.762848484033133656e-01
4.677187553304640311e-01
4.617562931188696762e-01
4.652200126254564250e-01
4.909578266681295378e-01
4.957495059635811385e-01
4.567363753289103157e-01
4.112902065386840889e-01
4.235836619919458590e-01
4.693653836780969368e-01
4.743830716873188580e-01
4.033507722084022640e-01
4.708131577539991230e-01
4.732049657969951140e-01
4.696287222344598944e-01
4.695763390748417532e-01
5.282991050954249923e-01
5.258072193286361662e-01
4.261412924620693321e-01
4.200897450182651816e-01
4.922095123848583276e-01
4.273731059068083260e-01
5.011133706060412196e-01
5.031875741222565646e-01
5.121696739204405491e-01
4.284366250437778856e-01
4.293292872031943541e-01
4.677374573533691349e-01
4.968442430710320323e-01
3.940929375756215269e-01
4.152454648782062940e-01
3.974713023582139293e-01
5.068634012435454528e-01
5.060971575263901734e-01
5.199115394944313628e-01
4.753286538073946410e-01
4.577874029485713425e-01
4.764620370034555186e-01
4.952744666690878650e-01
5.038342264733780551e-01
4.555893260012122137e-01
4.492180320878806365e-01
4.199282341363075322e-01
4.111036999141877146e-01
4.751166294126892842e-01
4.752064030848132670e-01
4.237347062253731256e-01
4.112365094510579966e-01
4.825699464415611484e-01
5.034213024808038561e-01
5.045255115053993711e-01
5.285479420687436702e-01
4.212437754557710745e-01
4.947099711550823620e-01
5.104593758512659951e-01
4.327575774601489234e-01
4.409149748537769531e-01
4.710558715001112451e-01
4.096285343115050326e-01
5.056049671873854567e-01
5.244265068997016055e-01
4.748212242867507760e-01
4.670237870701591798e-01
4.620448946402281876e-01
4.934273474261578474e-01
5.054194850126532135e-01
4.526914476686816347e-01
4.530877678088087723e-01
3.956351177563751653e-01
3.913743608774004623e-01
4.049642211575760764e-01
4.752683796362637825e-01
4.718711967429864984e-01
4.363589663053491496e-01
5.050057594446242248e-01
5.061895534567741883e-01
4.436157125952971403e-01
4.242593715958881684e-01
4.798719786601711723e-01
4.915123091282469492e-01
4.446199789019695814e-01
4.317749331952535075e-01
5.251791744080182012e-01
4.797082283118374590e-01
5.049699844477825161e-01
4.649701381222648422e-01
4.540865224709726422e-01
4.504220732714983577e-01
3.905419957554469579e-01
3.966791797202168235e-01
4.764011739388419042e-01
4.720790706492157263e-01
4.342976985952323177e-01
4.221787516303730503e-01
5.031393739112841601e-01
4.953935019519553062e-01
4.379278705697343121e-01
4.773132267355862934e-01
4.441967692559716796e-01
4.222601920183173263e-01
3.990949024524566568e-01
4.946012459505674252e-01
5.215738173379714793e-01
4.550502139642947919e-01
4.513653788777969300e-01
4.021711028757858908e-01
4.142617416638567640e-01
4.713903938701745067e-01
4.735648281551298466e-01
4.758179009510576929e-01
4.603420690947601646e-01
5.421488909400039580e-01
4.623916402484026800e-01
4.595779624292963828e-01
4.628346330898339134e-01
4.155059409782804192e-01
4.340086465013819339e-01
4.478134874225488948e-01
4.206381591417056032e-01
4.258677283939847347e-01
4.046759527542436174e-01
4.995292799852913412e-01
5.164270817225586896e-01
4.528592565594268815e-01
4.538178208124259427e-01
4.123716436531981722e-01
4.055133889448420126e-01
4.640588703854177655e-01
4.744354141576735961e-01
5.334372022663516066e-01
5.549670087728639789e-01
5.368461174002389091e-01
4.486915129978719663e-01
3.777767630161005807e-01
4.583611874660445951e-01
4.897283253792511504e-01
4.711833276884384580e-01
4.442499523301459696e-01
4.669027217221305981e-01
3.957626765436209615e-01
5.145330002536927516e-01
5.218025621686834814e-01
5.084770236383878705e-01
4.513096476695908632e-01
4.510097187150332032e-01
3.898109964040544773e-01
3.879734649771889310e-01
3.985572991694718570e-01
4.692086442143418856e-01
4.742142654967230198e-01
5.176299063648592824e-01
5.505332239405364980e-01
5.273726482701650564e-01
5.530934482748443015e-01
4.104124461618831599e-01
4.741411800604492521e-01
4.994812209705067896e-01
4.798557035325394238e-01
4.281685506971302790e-01
4.671518428965065750e-01
4.635785552764036810e-01
4.860575480676877502e-01
4.277759593594854803e-01
4.128439880628841374e-01
5.198232625563327103e-01
5.170592848428452459e-01
4.513102421900167527e-01
4.465285683180976184e-01
3.861378664498396618e-01
3.941972195898539311e-01
4.628255124159496581e-01
4.621086776230050597e-01
5.455963922985541670e-01
5.455733163497120675e-01
5.134775590414922819e-01
5.491633305434880929e-01
4.021081293804139034e-01
4.593847277170994281e-01
4.411273035923692909e-01
4.141235639347675135e-01
4.387468331285774847e-01
4.789795195433249608e-01
5.027159827274112480e-01
4.823170643424189996e-01
4.879376193482202750e-01
5.108009699633546674e-01
4.734263373699857946e-01
4.380063322262657821e-01
4.429347234557228785e-01
4.723974984318234371e-01
4.713405142790985103e-01
4.651146920706738519e-01
4.877781876453160526e-01
5.056060393677338505e-01
3.941589936700438668e-01
5.181315771453257613e-01
5.362736068162419212e-01
5.139665119013064887e-01
4.461308001735584394e-01
4.462180904714349583e-01
4.020882159840593606e-01
4.094381427972255683e-01
4.664110572522920384e-01
4.705282341565321103e-01
4.719487650128327272e-01
5.129691992833275149e-01
5.667317753225299404e-01
5.334286732462362179e-01
4.159701428445575777e-01
4.299480850348002536e-01
4.368520586801257211e-01
5.015478100730720312e-01
4.208377867857570620e-01
4.888935835640403904e-01
4.952168797699145752e-01
4.865007796977799392e-01
4.868475392208005958e-01
4.695542572635260647e-01
4.821465078046475172e-01
5.220884971561798871e-01
4.297815782625297176e-01
4.694459037259776091e-01
4.762445546920437978e-01
4.696865532397607179e-01
4.477900770675183328e-01
4.716388315813146992e-01
4.437338250296349873e-01
5.248939497636158080e-01
5.057877940009798401e-01
4.119149180999145399e-01
4.097275599389657574e-01
5.242329133079732806e-01
5.278890461850818117e-01
5.151755782021103514e-01
4.469160803723693509e-01
4.489770323311721434e-01
4.137780510210793961e-01
4.191346229903771814e-01
4.667293397559879597e-01
4.698793209082979261e-01
5.217677050639903946e-01
5.438931012748484672e-01
5.197169694545719087e-01
5.516272176619058110e-01
4.123323443959043821e-01
4.171464634137860283e-01
4.075293124403058242e-01
4.744197172574349808e-01
4.251568491207420308e-01
4.850896082273429277e-01
5.128165280269901816e-01
4.947416438430063401e-01
4.622438548168021355e-01
4.682857294265704851e-01
4.649305693843200915e-01
5.236876716219867056e-01
5.090647000275343448e-01
4.298897435536483957e-01
4.337329429320172514e-01
4.685224688953293914e-01
4.796794198061244963e-01
4.682771476394189114e-01
4.444627319514555808e-01
4.550334339116249849e-01
4.492100507192023362e-01
5.110455345598904353e-01
4.166102597427189802e-01
5.286352610699899257e-01
5.354496159425899959e-01
4.438778526617335185e-01
4.569876793250380875e-01
3.973488588503582553e-01
3.949348639401145666e-01
4.069570887738039322e-01
4.671695069144121137e-01
4.722708955792630503e-01
5.215133856449264416e-01
5.338182811537374173e-01
5.153463403797027276e-01
5.528200618378479314e-01
4.076276521361329452e-01
4.414003686522503522e-01
4.141364149167393593e-01
4.765514017754691189e-01
4.842813905412029496e-01
4.430149282548608292e-01
4.459982698414813318e-01
4.839307698575626704e-01
5.125116367566175946e-01
4.912107004786334663e-01
4.951298764547210629e-01
4.490826480647544527e-01
4.691108837665287634e-01
4.537641818390553694e-01
4.594391334092114976e-01
5.132417086322783595e-01
4.273309220851721490e-01
4.681511017264732288e-01
4.806252378725405783e-01
4.668855832050631816e-01
4.497037472853626094e-01
4.524537716628793671e-01
4.515256824618079645e-01
5.214813456031708316e-01
5.114178269022356949e-01
4.104087503906375112e-01
4.108747129570977652e-01
5.195080489601829887e-01
5.536424752074344813e-01
5.186602683788188450e-01
4.405166730488004889e-01
4.460153129117061521e-01
3.898967670569096211e-01
4.041008108911263164e-01
4.727542992928957521e-01
4.718920112305893255e-01
4.718851917571568744e-01
5.802751080466461708e-01
4.911313228250084872e-01
5.502112177895703837e-01
4.109195398029328317e-01
4.386427540050376050e-01
4.067644112781081955e-01
4.332899918578937970e-01
4.629655757634484892e-01
4.307062103248017748e-01
4.906366071104552584e-01
5.205456851973768728e-01
4.825600123135131425e-01
5.004154062966399419e-01
4.411315207602427013e-01
4.415181539603896255e-01
4.519769682294487168e-01
5.213724543841330439e-01
5.104127388324010139e-01
4.285433147233285167e-01
4.311316553935556906e-01
4.674648112683079115e-01
4.715799713833596640e-01
4.655020399775944839e-01
4.510454515720424551e-01
4.502953182310411306e-01
4.509934269940268359e-01
4.968275163984386400e-01
4.147212551468262287e-01
5.239120334753913921e-01
5.413422540156719309e-01
5.281465150771694761e-01
4.408852491263079987e-01
4.538183259773088118e-01
4.374925817219716961e-01
4.157770335448822685e-01
4.339117222576299171e-01
4.696309677799324067e-01
4.694674300744767215e-01
4.746700058072941264e-01
4.632793432988316362e-01
5.415740871121627054e-01
4.943117022564189056e-01
5.258676725430438958e-01
5.550890682271240051e-01
4.122952176969417737e-01
4.348129179646532116e-01
4.195539615013151313e-01
4.346428841425553635e-01
4.418152284919589223e-01
4.131294311872707459e-01
4.853845770321139064e-01
4.728856256832769667e-01
5.448677517987071672e-01
5.175793259436574090e-01
4.313036952447773520e-01
4.313349424030182844e-01
4.464855677366500464e-01
4.418113251230836869e-01
5.001771653158328945e-01
4.378468135166820874e-01
4.548017799956610152e-01
4.532191624851528156e-01
4.609370803969053410e-01
4.614937560084793611e-01
4.518153101592206622e-01
4.515741303253320571e-01
4.527106342410477935e-01
5.377903286361011004e-01
5.232480751293114851e-01
4.169016531802338110e-01
4.139223280928839843e-01
5.376273847780069781e-01
5.523062893255712424e-01
5.323219304210228264e-01
4.394731851452707838e-01
4.304757327634434749e-01
4.169356574547066208e-01
4.301229120876426393e-01
4.189174163569602816e-01
4.529306781455332276e-01
4.687074838940212262e-01
4.959372825404058660e-01
5.252736176116238331e-01
5.035119401472265555e-01
5.193383452413851131e-01
5.225016027599216351e-01
4.337913724652854297e-01
4.456362736100285549e-01
4.101288162337416443e-01
4.067640918947015849e-01
5.320182199775961296e-01
5.335979350338190264e-01
4.275100894481295710e-01
4.416733932811899854e-01
4.303585239134583018e-01
4.391714329855548882e-01
5.530505094745093997e-01
5.385279656614428978e-01
4.360979014549931088e-01
4.373342386772387513e-01
4.488436346781220498e-01
4.895232080287256204e-01
4.494269628942622608e-01
4.547822846754280279e-01
4.360032239687504085e-01
4.526142150273086417e-01
4.704528667199608938e-01
4.197177468846629012e-01
4.460617967668129569e-01
5.309457918860849279e-01
5.709750914827997903e-01
5.260595913806205282e-01
4.388685903839693037e-01
4.427067853533835362e-01
4.432711372693837193e-01
4.247175962039618224e-01
6.336262357500437314e-01
4.932836811392180554e-01
5.363133297581206271e-01
3.849563920545711615e-01
4.549161033077738225e-01
4.430587398643747177e-01
4.877188722461638370e-01
5.213175891659170835e-01
5.206941365435923119e-01
3.792532421159717781e-01
4.741245454954429728e-01
4.540312221811904636e-01
5.057406415674171596e-01
5.390836540616068540e-01
4.780083794089238780e-01
4.933965274770226728e-01
5.014455174363646739e-01
5.156262390668681084e-01
5.611957642383065270e-01
5.927397713351232333e-01
4.158791415738273267e-01
4.373303323533407339e-01
4.281059436910674143e-01
4.806894339117525616e-01
4.591730868070947325e-01
4.819871514227159759e-01
4.497086943804710635e-01
4.494706273067133884e-01
4.544206585871823911e-01
5.374803651457757958e-01
5.115512112601279249e-01
5.149790877026119151e-01
4.299669265429361120e-01
4.491461273717639036e-01
4.377730158739522870e-01
8.318117622695051505e-01
5.203735448100118566e-01
5.343975741777804433e-01
5.096066195347350725e-01
5.756372008176281474e-01
4.765200046100191988e-01
3.918122599573469755e-01
3.951056751572582515e-01
4.623873903169163357e-01
3.446422027655479114e-01
5.565800283208741650e-01
5.445222280527567404e-01
4.755613964110760872e-01
5.542397496162482229e-01
4.427035309929405194e-01
4.795521918901457514e-01
4.699387821419926947e-01
4.890805718550419456e-01
5.034370644890240332e-01
5.130277976591572919e-01
5.347806526346466915e-01
5.573135133692902476e-01
5.722454704706821937e-01
4.093421707720208969e-01
3.938860730792488329e-01
4.175219183133245804e-01
5.398640581207293510e-01
5.426329066021302605e-01
4.381941630458706105e-01
4.350307446075777351e-01
4.511316654418390804e-01
5.154103616258775000e-01
5.425112309350420547e-01
4.274510465415176097e-01
4.336025767290949684e-01
4.243450887509301328e-01
8.953768761318287028e-01
5.583648869085607869e-01
4.124097845421623165e-01
5.721985739565342843e-01
5.520739791644135863e-01
3.553145878794602974e-01
2.490843387664749553e-01
4.045399793435569546e-01
4.748920516324289243e-01
5.208183963755764756e-01
4.830719190310420186e-01
4.852735151592762475e-01
5.299371202740111864e-01
4.457208282310298197e-01
3.764349017078353343e-01
4.423593353963143349e-01
5.094171231792068433e-01
5.554924635914760822e-01
5.046986766128691571e-01
5.552730897638826768e-01
5.521444148054703849e-01
4.301308851550864620e-01
4.150758581389286661e-01
1.022561849777834597e+00
1.110189348768995943e-01
4.819236166483461536e-01
5.091033410200840326e-01
4.669984520118970472e-01
4.762452649813005423e-01
4.784497175866778695e-01
4.834453593579464692e-01
4.936685715807755392e-01
5.079311884005699440e-01
5.315508448110005668e-01
2.127903693067042246e-01
5.077904567003618252e-01
5.440667136126307035e-01
5.014269840326528449e-01
5.278573530520505042e-01
5.767612569601906491e-01
4.231282385467375340e-01
4.268858140618173036e-01
4.284714056993342290e-01
1.176036318224841892e+00
3.094890804442977372e-01
5.242510215884288449e-01
4.583568185650292448e-01
4.670871816445810731e-01
4.701219773308076832e-01
4.701343430471332518e-01
4.745744507799171119e-01
4.823202623934564892e-01
4.906673468985076059e-01
4.993312330327266402e-01
5.142875166138725085e-01
5.332756540400604983e-01
5.320080004834506493e-01
1.321735631790875720e-01
4.931353201569512179e-01
5.452696137513104446e-01
5.096133790479797643e-01
5.314202603143403092e-01
5.697628261818722395e-01
4.161548619534631843e-01
4.220507370538600367e-01
4.044452754696287178e-01
1.360071869745116624e+00
2.154829237189483104e-01
5.063930643651095576e-01
5.122189704266396637e-01
4.877861672233346213e-01
4.945190448036074216e-01
5.114327071516336920e-01
5.463966010660340489e-01
5.410860010491035377e-01
4.183888534056315889e-01
4.142315353095527009e-01
2.243958560051737827e-01
4.595068364112999681e-01
5.543332061027772539e-01
5.312211032467761829e-01
4.084569549583395576e-01
4.320143729618104445e-01
4.124647187200419229e-01
4.103749736760277100e-01
4.129944574059694062e-01
4.037088392925379798e-01
2.124398281501218122e+00
1.828740784516066586e+00
4.121230334168894394e-01
4.278794062947649524e-01
4.076776727156751767e-01
2.475716231884249385e+00
4.050778513935563430e-01
4.226036988594031873e-01
4.259337199977744071e-01
2.904691706742996260e+00
4.116317104083222489e-01
4.330609268144939294e-01
4.222484984846504585e-01
4.396847163022585825e-01
4.256520751534384472e-01
3.453297484216247160e+00
4.134948950429110925e-01
4.342074946745301256e-01
4.210473516708841957e-01
4.440792123413460080e-01
4.479856603300510498e-01
4.342131380114642725e-01
4.214518136593246922e+00
4.214376390997265354e-01
4.414325272508436981e-01
4.110493814637747878e-01
4.402803685329931271e-01
4.474693450368492087e-01
4.356789312793306057e-01
5.457334533814784727e+00
4.205211025689906679e-01
4.447488867420193448e-01
4.158777109370601077e-01
4.408441678081883586e-01
4.417540948765038555e-01
8.485564623789572991e+00
4.182048286857124597e-01
4.507449198190960904e-01
4.094372124706120997e-01
4.380403975434555841e-01
4.389340370108379963e-01
1.093301941671833255e+01
1.717290965410213133e+01
7.194661922782560559e+00
5.565174538459910281e+00
4.974024498008342121e+00
4.606006856538201077e+00
4.331304690180580508e+00
4.107626012215947142e+00
3.915926449371725848e+00
3.745643903681257214e+00
3.590394122627293072e+00
3.446172957404908921e+00
3.310458456531776061e+00
3.181701955800320558e+00
3.059011086705390348e+00
2.941937410647785800e+00
2.830326712259402466e+00
2.724210612255014485e+00
2.623727731359029036e+00
2.529066886467023156e+00
2.440426490322889386e+00
2.357985014046967809e+00
2.281877937377215559e+00
2.212177471835690135e+00
2.148872608326557465e+00
2.091848658333143707e+00
2.040867292870358174e+00
1.995549928576021870e+00
1.955368836036094571e+00
1.919651071829850730e+00
1.887599723698906828e+00
1.858334667738263057e+00
1.830951256585381826e+00
1.804590987149294001e+00
1.778514620707495109e+00
1.752166716770741761e+00
1.725221599579059184e+00
1.697603955722167379e+00
1.669481549395297693e+00
1.641231956028049277e+00
1.613389086946339868e+00
1.586578124274686585e+00
1.561448820565554563e+00
1.538616515043137234e+00
1.518617602736290984e+00
1.501882054547130751e+00
1.488720965343725666e+00
1.479323329733261083e+00
1.473754537049847935e+00
1.471950111542886352e+00
1.473701736861579903e+00
1.478637268274106464e+00
1.486200222929097370e+00
1.495635313942498490e+00
1.505984475475154127e+00
1.516094185854399035e+00
1.524633251828090064e+00
1.530123989992704603e+00
1.530999039921136839e+00
1.525704975140708797e+00
1.512871409240315934e+00
1.491541050824562120e+00
1.461415022743740799e+00
1.423029997643701305e+00
1.377779902201560880e+00
1.327741543421693926e+00
1.275342506690857913e+00
1.222975360398840250e+00
1.172674734907068528e+00
1.125930579554898836e+00
1.083645460573920305e+00
1.046196035451985029e+00
8.969885288981377380e-01
9.085231643552212910e-01
8.888371446518313901e-01
8.904750617255081657e-01
8.849950296659925275e-01
9.013248141918203116e-01
9.173431979304420558e-01
9.377210925077346104e-01
9.609299217901708934e-01
9.846557420782071635e-01
1.005775492983107089e+00
1.020359337264060029e+00
1.023673307302700453e+00
1.010150240843133540e+00
9.732652540556344656e-01
9.052003108141100096e-01
7.961567515341991808e-01
6.411389219079433044e-01
4.094097346236132418e-01
4.718468362611297762e-01
4.377893725573280270e-01
4.431213834998216083e-01
4.423978487082717015e-01
