1.790235427059190698e+01
1.134093674596554990e+01
8.785358329658734533e+00
7.391658351721761555e+00
5.655634322682295156e+00
5.011214290482042699e+00
4.605276038488697488e+00
4.300766064001003031e+00
4.052822507031116572e+00
3.841265135550371745e+00
3.654921753115838445e+00
3.486997859760576191e+00
3.333135412804924425e+00
3.190459393811035937e+00
3.057058889398760027e+00
2.931681135644939040e+00
2.813535854317414930e+00
2.702159099072555470e+00
2.597311361288452414e+00
2.498897669802360166e+00
2.406903742263001078e+00
2.321344900547001711e+00
2.242225298217288110e+00
2.169505242042589988e+00
2.103074767089860408e+00
2.042732484701649476e+00
1.988170057798191337e+00
1.938964172629626503e+00
1.894579045027491748e+00
1.854382668680569335e+00
1.817678613290119261e+00
1.783752064288131711e+00
1.751924590383916458e+00
1.721608317111785524e+00
1.692348676688159470e+00
1.663847050917050430e+00
1.635960242751802074e+00
1.608680797439855814e+00
1.582107739667081736e+00
1.556418843207944214e+00
1.531852515216968635e+00
1.508701292863041665e+00
1.487312578318527034e+00
1.468088152445347072e+00
1.451473447619727741e+00
1.437930094306320461e+00
1.427889284859236163e+00
1.421687276574879588e+00
1.419486998724597271e+00
1.421191720274703973e+00
1.426359666461463949e+00
1.434133948784984680e+00
1.443210093963245511e+00
1.451870304597420169e+00
1.458112062618318161e+00
1.459880873705398541e+00
1.455381097664082191e+00
1.443396630772557421e+00
1.423528399200954420e+00
1.396270072071398527e+00
1.362897285121501545e+00
1.325212115231872323e+00
1.285227089495271757e+00
1.244872938136117879e+00
1.205781897183419549e+00
1.169159628978358345e+00
1.135734533288816017e+00
1.105767780350866092e+00
1.079113027391151336e+00
1.055320415491587172e+00
1.033778132834589858e+00
1.013876070006222818e+00
9.951651765292002239e-01
9.206422931558981837e-01
9.212701826239978464e-01
9.275679793417265229e-01
9.571438827554547002e-01
9.787864422647275520e-01
1.002385183709161520e+00
1.024474474630628462e+00
1.040153546004910279e+00
1.043054236704671345e+00
1.025510166619703512e+00
9.788299346400861634e-01
8.933188237096807427e-01
7.602444307160824977e-01
5.885382918372971117e-01
4.389638235443943381e-01
4.474700296767011864e-01
4.498789061021519764e-01
4.518129565378430912e-01
4.491112810730053528e-01
4.469327680557085847e-01
5.622933618751375207e+00
4.418337515592423714e-01
4.474440210840930354e-01
4.502370833076256296e-01
4.448202127548616103e-01
4.470065208285760039e-01
4.337403619693104062e+00
4.386948626083561620e-01
4.498449832540187265e-01
4.497791011710138287e-01
4.437280764997543758e-01
4.448861583348369675e-01
3.559089552857492844e+00
4.362554565453046207e-01
4.447904350008449192e-01
4.486438183172351546e-01
4.458801773931045376e-01
4.439949698847763249e-01
3.004020016795821313e+00
4.354565692595688264e-01
4.405580497512206484e-01
4.469217764959568795e-01
4.475355839712141237e-01
4.556819841113307623e-01
2.573930116417241898e+00
4.386873358603269879e-01
4.281928327951072255e-01
4.438902586472953105e-01
4.457531538432351059e-01
4.406370675983052321e-01
4.348368028138965835e-01
2.224140584052997305e+00
4.287012679263262904e-01
4.395176268791290419e-01
4.409888818802744082e-01
4.592332928569496930e-01
1.930806558900422187e+00
4.295218229911077490e-01
4.362507307924819444e-01
4.353383750290795162e-01
4.284493872643651557e-01
4.322495212469960602e-01
4.348912776735602281e-01
4.283998963986616615e-01
4.637222156991069877e-01
4.075006563328462672e-01
4.736257375297507899e-01
4.781728605938140864e-01
4.987985271130592202e-01
5.039763850346615781e-01
4.322057143093845921e-01
4.347186166878562186e-01
1.272498656458133093e+00
1.462271315623149492e+00
4.850565501155463810e-01
4.785478517011765853e-01
5.349751400056185213e-01
4.423088313485658563e-01
4.528892881546591198e-01
4.623040006400826463e-01
4.683741306042167318e-01
4.716707494460610217e-01
4.823393221115561125e-01
4.815014315778188836e-01
4.886627841801468031e-01
4.314891219843466907e-01
4.279583548621208045e-01
4.534704854220901749e-01
1.104645670291682258e+00
4.055562680011765009e-01
5.597445205972521043e-01
5.192689847829993210e-01
4.837118303832072530e-01
4.187732672634889020e-01
4.167309115361500504e-01
4.473627113118057719e-01
4.609731072763190163e-01
4.639228169020771508e-01
4.629892264319791506e-01
4.630997816368520592e-01
4.652176066693053946e-01
4.706602150510209026e-01
4.657555640949695430e-01
4.628581542737970622e-01
4.245291958498711993e-01
4.346929625151512155e-01
4.528236112868064822e-01
4.648229612723610016e-01
4.688526372776337658e-01
4.767929984371952479e-01
4.945047897511538060e-01
4.833099043485762913e-01
4.279415684268955133e-01
4.315998297181239951e-01
4.476801818415188094e-01
9.836948324474165117e-01
5.128081955056574825e-01
4.792971884301963637e-01
4.311232176064147548e-01
4.806061403971283452e-01
4.588317388063747893e-01
4.582562451476278054e-01
4.597773525396065541e-01
4.611618221052858901e-01
4.593262600765598558e-01
4.584169679538569464e-01
4.581418291828158185e-01
4.616936513036207779e-01
4.636685171518980519e-01
4.702312925204624738e-01
4.657184979549849890e-01
4.395951951560608806e-01
4.431054175600338541e-01
4.714570658658749913e-01
4.699780155865871945e-01
4.762440166676182307e-01
4.989778898887622938e-01
4.840334454607785331e-01
4.315432276824344160e-01
4.364028640026259565e-01
4.291396319167132822e-01
7.816201106965627865e-01
4.592351214209515753e-01
4.022242349549218776e-01
5.248077467264568030e-01
4.280680332672882615e-01
4.470725862543515339e-01
4.717658400923980810e-01
4.609109905488272263e-01
4.588131048454311967e-01
4.596998396145868804e-01
4.598012694193909233e-01
4.651782196039859207e-01
4.758669491935466067e-01
4.387807999162801065e-01
4.395159519129687720e-01
4.557999352113801250e-01
4.732725445288636368e-01
4.697223321950388386e-01
4.786969168824343757e-01
4.972571741125368927e-01
4.998755039659773525e-01
4.344593929170826319e-01
4.362066530091631700e-01
4.303044065239123306e-01
4.263782811196656919e-01
3.970383739304559345e-01
4.578200272146468186e-01
4.922673628099669685e-01
5.480781798513552072e-01
4.744132761496122064e-01
4.408802318493844630e-01
4.471726938549804298e-01
4.526056578252373730e-01
4.563000894681618069e-01
4.559723816045951894e-01
4.352204163541849025e-01
4.431147093749038812e-01
4.464741625977421413e-01
4.471856823122604130e-01
4.673687766542540256e-01
4.516634073391352922e-01
4.304132757194018000e-01
4.613917824209649576e-01
4.390704201239460369e-01
4.414746384027472548e-01
4.591205598373711561e-01
4.718475626996845862e-01
4.740108542520027335e-01
4.901718935975910019e-01
4.902031076298591916e-01
4.355881785595156486e-01
4.375910261400887680e-01
4.498867781023677681e-01
4.443625381396920093e-01
4.414618097167786193e-01
4.665114839299445149e-01
4.626408344745132073e-01
4.848814537276597281e-01
3.456703131772546067e-01
4.764650800368584460e-01
4.617294006378068749e-01
4.467040991497180369e-01
4.513905096385786297e-01
4.529300161341503483e-01
4.512473485023922315e-01
4.518474664165788024e-01
4.548519620518244877e-01
4.577360173970321799e-01
4.601468370517303730e-01
4.618605252373941816e-01
4.669823855065178830e-01
4.655397046383890070e-01
4.378632707270579405e-01
4.490257130447203315e-01
4.528877133141738232e-01
4.962787813327510511e-01
4.357811623624861519e-01
4.596779302500988984e-01
4.656111152224046146e-01
4.627174417494764880e-01
4.637372731146501836e-01
4.394061540428851886e-01
4.422915174566597885e-01
4.601275319928123664e-01
4.813156143236200224e-01
4.707614482919555421e-01
4.725250305294231290e-01
4.344308105048492186e-01
4.346088199505364069e-01
4.485473591601092935e-01
4.416260761916752653e-01
4.409398664056896622e-01
4.428172267296999753e-01
4.059439750965405658e-01
2.971774572367195111e-01
3.638216531733500236e-01
3.771623924002830419e-01
4.618985630811417442e-01
4.972327209113100999e-01
5.147497876502290515e-01
4.447005971209477271e-01
4.498469351189887111e-01
4.477912641215074374e-01
4.628842640191492830e-01
4.640148256653554570e-01
4.641175561921291326e-01
4.672711903567862146e-01
4.663757531598195505e-01
4.632727256003059679e-01
4.430974131294725948e-01
4.419412038917586161e-01
4.470280307822779298e-01
4.644876447652032114e-01
4.851478303791427749e-01
4.606074231183256429e-01
4.462769416540727230e-01
4.414942971249160020e-01
4.627510564693116391e-01
4.605841191006326274e-01
4.766630017627607185e-01
4.402030893637165487e-01
4.426451657828255892e-01
4.565258867654400365e-01
4.932765371646614105e-01
4.811473905991983657e-01
4.554970801567689853e-01
4.983754689595661369e-01
4.326273699112460069e-01
4.339293655790375515e-01
4.539830670055188255e-01
4.395558461239391090e-01
4.409459569855471717e-01
3.822504651881799553e-01
4.896859752480209882e-01
4.882691082228025059e-01
5.112931894679617617e-01
4.806779944667924354e-01
4.618414350899625043e-01
4.464535309007998665e-01
4.492446764326719078e-01
4.456223070013667908e-01
4.494294055419225109e-01
4.486511401153717160e-01
4.470972548551049308e-01
4.685237523437972840e-01
4.363054665335810434e-01
4.331322520204848314e-01
4.700494591159848912e-01
4.772260743838800945e-01
4.406460354086097486e-01
4.461517806941420194e-01
4.477501210119917974e-01
4.439518727456155389e-01
4.811176643830547550e-01
4.404859303011726679e-01
4.597825109372769559e-01
4.580603910828205949e-01
4.797614873567530025e-01
4.410718833197067590e-01
4.435057029606312984e-01
4.567527831672602567e-01
5.095398079974362560e-01
4.680676581013616944e-01
4.204325126099229815e-01
4.385787633206476022e-01
4.860449787914802866e-01
4.870828110674453870e-01
4.938329287186934424e-01
4.302566874633884653e-01
4.316925995972837327e-01
4.621465660796362229e-01
4.387760898140972698e-01
4.476208881834398134e-01
4.583048921550191834e-01
4.888435056474754181e-01
4.822035258196740726e-01
4.402216745421455024e-01
4.582049851121193229e-01
4.698441747978222560e-01
5.046392044249207176e-01
4.413115471514057475e-01
4.495466858209810623e-01
4.473680597086893140e-01
4.497334715581318143e-01
4.737542593776840061e-01
4.373490024007664623e-01
4.537535014833660174e-01
4.574578930148699984e-01
4.664584716307907941e-01
4.671186717499192231e-01
4.422291903106307376e-01
4.481780663323199909e-01
4.476125741931476498e-01
4.445174462680276384e-01
4.793017186203172297e-01
4.796535231204279714e-01
4.347072793255646328e-01
4.355156654237613001e-01
4.586166886677642829e-01
4.574373359248962712e-01
4.805451387312059119e-01
4.417364128517282107e-01
4.444414604023093074e-01
4.530921191903445333e-01
4.751340203114825522e-01
4.354483758834657436e-01
4.932860968260021628e-01
4.867259248181292075e-01
4.897932598407253590e-01
4.322587960193677858e-01
4.358878802332825098e-01
4.438232587138188356e-01
4.596422496726900175e-01
4.563795563776192887e-01
4.767505600585139058e-01
4.768201560335502132e-01
4.606597814749179287e-01
4.644415435557998073e-01
4.646805301580900771e-01
4.762475400119006164e-01
4.437232196547956642e-01
4.500944141849149149e-01
4.477247164004002355e-01
4.465203225025523026e-01
4.685232570670163077e-01
4.267071283825963901e-01
4.272441702221479454e-01
4.638163626175499377e-01
4.601700814595074962e-01
4.663352779771864909e-01
4.647240154600554285e-01
4.418893493496905966e-01
4.492020358057696727e-01
4.490951762164216432e-01
4.739257901880168933e-01
4.831291245743837282e-01
4.415441925420995339e-01
4.580063351357360202e-01
4.570268360196682589e-01
4.793103694273281312e-01
4.428193423888309166e-01
4.452914161143947669e-01
4.459083033531889284e-01
4.437155613911213936e-01
4.771824627564535404e-01
4.792726272747741545e-01
4.208631488983927693e-01
4.340379307437061129e-01
4.910301207696514125e-01
4.889204956084391984e-01
4.876906639247693409e-01
4.364192331760920474e-01
4.367976722418425717e-01
4.349434772323494403e-01
4.472138504031943906e-01
4.416906170301198586e-01
4.767671416981530963e-01
4.791816061415381522e-01
4.606641840787720765e-01
4.653556458283656383e-01
4.664469648863697193e-01
4.858588735836065764e-01
4.485443833520101342e-01
4.509395615512685196e-01
4.541380546933764251e-01
4.602980934771348509e-01
4.630226384714328236e-01
4.413585077225435915e-01
4.608794918597691748e-01
4.616654926943599135e-01
4.628932338730502583e-01
4.829690035883129617e-01
4.460664908701237885e-01
4.492225968702038830e-01
4.517556166639747905e-01
4.654562163012931353e-01
4.887409584601192236e-01
4.484049366973522632e-01
4.321196638220418662e-01
4.576775071135030237e-01
4.565029674623353184e-01
4.781022212612947020e-01
4.448808983315450938e-01
4.474910353034132204e-01
4.654043062959098420e-01
4.788957760106460904e-01
4.363282654000685268e-01
4.879679717588037979e-01
4.892081547462764912e-01
4.844672310966235407e-01
4.346309030429414966e-01
4.409121719462801847e-01
4.341295230285461826e-01
4.295604536284151065e-01
4.714726302299898641e-01
4.756371336681040063e-01
4.622059127133511525e-01
4.692240482520352307e-01
4.694891219488045997e-01
4.504665833208711945e-01
4.516718656482563432e-01
4.640739850576562353e-01
4.629715883318698544e-01
4.479791886734991180e-01
4.620884654937273406e-01
4.629290613567035861e-01
4.618601768416748521e-01
4.718899273620057455e-01
4.522198752377787345e-01
4.854655870792428662e-01
4.386884273751638919e-01
4.574086690157483370e-01
4.559522228846106806e-01
4.721498778643059002e-01
4.429107985339963416e-01
4.493746930798082628e-01
4.651466256099632823e-01
4.301832900348682154e-01
4.301426472015459357e-01
4.850856715756287629e-01
4.855103349826938586e-01
5.019573096274388968e-01
4.362036456727116929e-01
4.440399980702184335e-01
4.298981828661093685e-01
4.291932072921715857e-01
4.342145944293641646e-01
4.748830538635246956e-01
4.744648642777662406e-01
4.755934924874001268e-01
4.671215535609484770e-01
4.647257848343430697e-01
4.700365256749966525e-01
4.862632099160003607e-01
4.598409223619853714e-01
4.595646550295867105e-01
4.156809053538347287e-01
4.589872927097704003e-01
4.637740069271975019e-01
4.612179872848807816e-01
4.427101609676261651e-01
4.575301474247148170e-01
4.581375751266823504e-01
4.623918819337952679e-01
4.399303209102281009e-01
4.792685746972830674e-01
4.776774614335633773e-01
5.093252725447164897e-01
4.427874811939210842e-01
4.467205534297660763e-01
4.300802728952192178e-01
4.338897625933342828e-01
4.761788531413502779e-01
4.765880625050812336e-01
4.631632836854893687e-01
4.697232538601685548e-01
4.701720184693765625e-01
4.754956745414312125e-01
4.478811101276762296e-01
4.611332759991392249e-01
4.611478130288880206e-01
4.604689978643933812e-01
4.695716689546001743e-01
4.647580704261013440e-01
4.338048221157387863e-01
4.602313404446577993e-01
4.613139062418373237e-01
4.624500610796775102e-01
4.356233177276254143e-01
4.343013201485871888e-01
4.814833493076844939e-01
4.824073618285817933e-01
4.869010980932019228e-01
4.471311326766620464e-01
4.452550011071080283e-01
4.276018876508211330e-01
4.304564675522910000e-01
4.723188025617836017e-01
4.761153439405912957e-01
4.653640861741869528e-01
4.717724336398367857e-01
4.876497568002009508e-01
4.662997525082560601e-01
4.601888688326572496e-01
4.592388876720482904e-01
4.629815562644165050e-01
4.760244174705205444e-01
4.346109387819984682e-01
4.303174094438770303e-01
4.583681318020836892e-01
4.436641971298721510e-01
4.866368732607346814e-01
4.836334583121795205e-01
4.473438373821849723e-01
4.479108233017340956e-01
4.278815478331498556e-01
4.278313225219209093e-01
4.695277036947684834e-01
4.733503772848974833e-01
4.627891901614140102e-01
4.702774387092437669e-01
4.761559538895815957e-01
4.607332636786521940e-01
4.653089492636647839e-01
4.437855207958609771e-01
4.468363742127292038e-01
4.728379412842673157e-01
4.566118382182269841e-01
4.720843120667210235e-01
4.531294098728361752e-01
4.380288734634031900e-01
4.744661561488978108e-01
4.821461179222883420e-01
4.718153617083102880e-01
4.912794464088878210e-01
4.480555268799533142e-01
4.500930431324147718e-01
4.312336532556951818e-01
4.308890323677150302e-01
4.371700547965502448e-01
4.705367102340642371e-01
4.750885159551618275e-01
4.688180789631555268e-01
4.674306424986834352e-01
4.703886830427556620e-01
4.810295150790730445e-01
4.594372493340651564e-01
4.657678272081277604e-01
4.587492729051311224e-01
4.726505066286757484e-01
4.520454218446934291e-01
4.645058339642341161e-01
4.612191993276449353e-01
4.533288675803734402e-01
4.555036743567690838e-01
4.606203637851141175e-01
4.859366077948536478e-01
4.704676873748327437e-01
4.492526670524396026e-01
4.501345614344539059e-01
4.348531664241546135e-01
4.385569610034663612e-01
4.723513081115305878e-01
4.752210251710082267e-01
4.776047858721678696e-01
4.374289471226174286e-01
4.491322021588093349e-01
4.640008705099272768e-01
4.701817495969772831e-01
4.452946524406460327e-01
4.628157107988475905e-01
4.626298586450083294e-01
4.536505002135959308e-01
4.523923864767928626e-01
4.394254787940526374e-01
4.564900010554946985e-01
4.232646485352087873e-01
4.627266791168209159e-01
4.579192774331746207e-01
4.616558840908975836e-01
4.605403648995429755e-01
4.495716439732101999e-01
4.518314704757577238e-01
4.521973107453975405e-01
4.302926481965151373e-01
4.323992107918547267e-01
4.698818266475341399e-01
4.728182823026080839e-01
4.545663575499365727e-01
4.345644429769074946e-01
4.588538645701734087e-01
4.657584705039386486e-01
4.659702576573486743e-01
4.589006740846494625e-01
4.483655950624839126e-01
4.613889719417571533e-01
4.622908481915614654e-01
4.554952094785937322e-01
4.499562593194974536e-01
4.579141945895678911e-01
4.508174302316129145e-01
4.330023079481226111e-01
4.450114043936124197e-01
4.632580579481406224e-01
4.589443317810752432e-01
4.511447406814663164e-01
4.488889301695682676e-01
4.523871220894233325e-01
4.527703233433714169e-01
4.308592192077245198e-01
4.275080189662266439e-01
4.671414521044817691e-01
4.689949881123189335e-01
4.222011436438569132e-01
4.799348402528847424e-01
4.651359498781047486e-01
4.578065128157844388e-01
4.644836993856865659e-01
4.760716261602105925e-01
4.484515139281923801e-01
4.502293051208116625e-01
4.560024089513289303e-01
4.609832870814100647e-01
4.507830999828255081e-01
4.376330205398255568e-01
4.517414405458437532e-01
4.600544679691173644e-01
4.667960159415457944e-01
4.640173992990885843e-01
4.552157634942849973e-01
4.492788691759680431e-01
4.567212734788050343e-01
4.536889176434617532e-01
4.437415482546611112e-01
4.440762310296483828e-01
4.514950493628717698e-01
4.636936190026512139e-01
4.580429135416328457e-01
4.497094422188369633e-01
4.574646172609913020e-01
4.657988292832403454e-01
4.716237846164535452e-01
4.890077513334045167e-01
4.547248345379743539e-01
4.541797108239138958e-01
4.343150637726408969e-01
4.333704909873611344e-01
4.351010476761186796e-01
4.642470116085379850e-01
4.720752331969577664e-01
4.710769485831213799e-01
4.258309948420523905e-01
4.287402904086842215e-01
4.668424987836091722e-01
4.737984451188948509e-01
4.577024711846314209e-01
4.531527841473906859e-01
4.650700880103021961e-01
4.580058199403554409e-01
4.620931511554305926e-01
4.788675502452132138e-01
4.490808676635056340e-01
4.611291570831119180e-01
4.606122635657223241e-01
4.443879550452091709e-01
4.420233044651055154e-01
4.620306664131305641e-01
4.688503996951807751e-01
4.510221903514551878e-01
4.503165286762553232e-01
4.560506403250623730e-01
4.545397757516828618e-01
4.478830674314933646e-01
4.512757571269346291e-01
4.602067363923624810e-01
4.609096905966783564e-01
4.532682084993950311e-01
4.461978105349133084e-01
4.508422985732156163e-01
4.640921740114696270e-01
4.757079592764005271e-01
4.724218954161344963e-01
4.751274451882976368e-01
4.554625335907818151e-01
4.571501432237219387e-01
4.372576606991018799e-01
4.438844159648220322e-01
4.681702862877700211e-01
4.773097207788298268e-01
4.291618373721135526e-01
4.206326771011857923e-01
4.675201709553762908e-01
4.751745557358634242e-01
4.535146510001164533e-01
4.541149852134825915e-01
4.566332206285703132e-01
4.625172702840406602e-01
4.651325567655090198e-01
4.756587557148062584e-01
4.570290694561582323e-01
4.474341247788281017e-01
4.605988280461309481e-01
4.631605500001639841e-01
4.417692316857781965e-01
4.435720251770201572e-01
4.528048993339230388e-01
4.611813437046470288e-01
4.701711887767360820e-01
4.502016136781082367e-01
4.574972009091951008e-01
4.461701770347615281e-01
4.461177097742913822e-01
4.568236866556033005e-01
4.621431702331027513e-01
4.500530266618175679e-01
4.487724183809125300e-01
4.556663631793903546e-01
4.602232453332719131e-01
4.692323672166192061e-01
4.728319882864990831e-01
4.542132172433104298e-01
4.595650555610696908e-01
4.361652364364374534e-01
4.333235807879701751e-01
4.695523551586321953e-01
4.758733695644613571e-01
4.221382814662022476e-01
4.190956325261387394e-01
4.717351280903471777e-01
4.699157249311923801e-01
4.541231290602729675e-01
4.530371413029059546e-01
4.666163168501399339e-01
4.690797991920698795e-01
4.682182447580303108e-01
4.510417228880426732e-01
4.520429193355762210e-01
4.591182804803133344e-01
4.605760929069585008e-01
4.440937795594955273e-01
4.428362916461578980e-01
4.580197579885590953e-01
4.667673332814534781e-01
4.554654175886223566e-01
4.493126074951336313e-01
4.535502055251845466e-01
4.563968435590560202e-01
4.461035403085597539e-01
4.462293594555842291e-01
4.550714552288101511e-01
4.614031790877687889e-01
4.476421532967527761e-01
4.486564987437972052e-01
4.563322170975896430e-01
4.596975721186462027e-01
4.678351062616352141e-01
4.725418782179321431e-01
4.532494350681252615e-01
4.600197136914760954e-01
4.326746966651077719e-01
4.332403805494281501e-01
4.661799617581319222e-01
4.662360772818094912e-01
4.198192087069764211e-01
4.216553266787119170e-01
4.750180129190561540e-01
4.719794226185559660e-01
4.548099086623268450e-01
4.536635290281912369e-01
4.560549179308463486e-01
4.714881244894682522e-01
4.659025730710881219e-01
4.383641727202702842e-01
4.536769151050716320e-01
4.650927541233237927e-01
4.649503553899889119e-01
4.401713625771284111e-01
4.413523821923404089e-01
4.600461726519459726e-01
4.620110356139692787e-01
4.665187402888666957e-01
4.525546001895351944e-01
4.468469114489735938e-01
4.592951147809600232e-01
4.560073552279021447e-01
4.464712970760510991e-01
4.412608424832149545e-01
4.564916786677832294e-01
4.592301116654974313e-01
4.601198747354435237e-01
4.544750230015116577e-01
4.605327654508424295e-01
4.696149877332073119e-01
4.741774784016007382e-01
4.547986963103723967e-01
4.585770836455015376e-01
4.323902318716891791e-01
4.339662665604955283e-01
4.651402712674926887e-01
4.625474138435278770e-01
4.819320724100680242e-01
4.217611554486627168e-01
4.831806159585174676e-01
4.536334323570591631e-01
4.507531821416444484e-01
4.724904082037990616e-01
4.611129870075474924e-01
4.522092155334345165e-01
4.632778858588541548e-01
4.466344482829650575e-01
4.447096561508265822e-01
4.507642942283905940e-01
4.617673381017783352e-01
4.667377444027190903e-01
4.489358401901544227e-01
4.518848883167109753e-01
4.614827272846838691e-01
4.560051975058665441e-01
4.488789751515835924e-01
4.456916651816583697e-01
4.555982073510491670e-01
4.639694028758754585e-01
4.483181493221786162e-01
4.521527495902487592e-01
4.588578851118296220e-01
4.591662378838981540e-01
4.720309724131242501e-01
4.732640810796752140e-01
4.572929025248680945e-01
4.353750920287227655e-01
4.396475135533091660e-01
4.453385092143002377e-01
4.734102891863034568e-01
4.554193434591220502e-01
4.318935881560479473e-01
4.182951846706673416e-01
4.806039793732633791e-01
4.769648518811021032e-01
4.551051920540295503e-01
4.525083831726283146e-01
4.555348924618314310e-01
4.716578297021022381e-01
4.645496514722002868e-01
4.463847650149326274e-01
4.500644460437504546e-01
4.593439938434171199e-01
4.546028342387391508e-01
4.839391285365063355e-01
4.373247991674477086e-01
4.546631623830363900e-01
4.605358632276629893e-01
4.565394319244370780e-01
4.474412046023255041e-01
4.499129044028091773e-01
4.503979134273666807e-01
4.578933525530102244e-01
4.556156342290253458e-01
4.429782607515427295e-01
4.545210424433347440e-01
4.619916201202098893e-01
4.574690633766016479e-01
4.742018413785932252e-01
4.744018989663619790e-01
1.145849624215372842e+00
4.407723441834370259e-01
4.428783132662521549e-01
4.884777462170871165e-01
4.515179141791023643e-01
4.210630861587238982e-01
4.889745385116370247e-01
4.763996327206330150e-01
4.533644090006391236e-01
4.528162501973381215e-01
4.706059924033293429e-01
4.653695122628250247e-01
4.425400483761944836e-01
4.487732171769052147e-01
4.558280733961170839e-01
4.561012162675667225e-01
4.559952089683860232e-01
4.487166586346534869e-01
4.525641099833221936e-01
4.588594484555515995e-01
4.506692366028240970e-01
4.405115016331164202e-01
4.572052468647704870e-01
4.610793494261002934e-01
4.554018947628948877e-01
4.768054471765265645e-01
4.795953839234262661e-01
5.566441722550414362e+00
4.323970751155523096e-01
4.416195119653286705e-01
4.781450485586854482e-01
4.764205885868078028e-01
4.536069447149303491e-01
4.521197539716871883e-01
4.590545249843742681e-01
4.457631115739845162e-01
4.433497987570247378e-01
4.698347358308039290e-01
4.568277207158353836e-01
4.477437542841531948e-01
4.462333046264765901e-01
4.588766071785740919e-01
4.513221546665861506e-01
4.508937818594462299e-01
4.806765413537797405e-01
4.723639190738483373e-01
1.723039152576983923e+01
4.484723157429169604e-01
4.284774687850424479e-01
4.682336212090174588e-01
4.537345556979013317e-01
4.429399645810802033e-01
4.955043747729892534e-01
4.574396613529456146e-01
4.464240217220450946e-01
4.457803407525301465e-01
4.695922959073665082e-01
4.588802760682036963e-01
4.549193677058859242e-01
4.456367888615594408e-01
4.721637338796207950e-01
4.544541668860809236e-01
4.827934330762692627e-01
4.731333867238883273e-01
2.762963971216237269e+01
4.202196641242114672e-01
4.370244753684521255e-01
5.006150219518363809e-01
5.071792088935498377e-01
4.730631338928324991e-01
4.189636058082537584e-01
4.635682932213194829e-01
4.542085334135224639e-01
4.183141419977984277e-01
4.599616240519616706e-01
4.443214591060534735e-01
4.540274823900896650e-01
4.585074435203057575e-01
4.886154691392977090e-01
4.740531586991135748e-01
4.814627295808385221e-01
3.151614622213146433e+01
4.184042502908854599e-01
4.208052789809773042e-01
4.986154566101811403e-01
4.657161243461581668e-01
4.743940973537009720e-01
4.444628232659237344e-01
4.569187856297940997e-01
4.545974344153656532e-01
4.462547002184805156e-01
4.589383253250812755e-01
4.442348438780446829e-01
4.453376397914916573e-01
4.546045772644506378e-01
4.883954015245952074e-01
4.729104206930582754e-01
4.740493425491786872e-01
2.763062462603607372e+01
4.368055134574351794e-01
4.299784373329164633e-01
4.738337629854234012e-01
4.552528837525470218e-01
4.535126921554060719e-01
4.948749683437939639e-01
4.584336648719380958e-01
4.468771717589092307e-01
4.437877043153187206e-01
4.696720326304539284e-01
4.567586800844602446e-01
4.549465134668002064e-01
4.461002503812611653e-01
4.723829169756745272e-01
4.510864181722015198e-01
4.825968932788691768e-01
4.721750945290320578e-01
1.723127728898275279e+01
4.228137054140385653e-01
4.325184655030014924e-01
4.754599293164908369e-01
4.745870061053557021e-01
4.548225979065161351e-01
4.539599329515909276e-01
4.647277830316091651e-01
4.461373511762267152e-01
4.491133269270803363e-01
4.698507811324635353e-01
4.560220013953524831e-01
4.475185921070061745e-01
4.524700204174764151e-01
4.590496429769773123e-01
4.508057494452522018e-01
4.512136159613047703e-01
4.569480008575815821e-01
4.555244334808073448e-01
4.805518614308268432e-01
4.794762535735098696e-01
5.566800368650419273e+00
4.306860054002611404e-01
4.360719967723731272e-01
4.850840625974277009e-01
4.615727202263847917e-01
4.561292749465320484e-01
4.235043340514063614e-01
4.210864213201870321e-01
4.873714345666752545e-01
4.757356473581820788e-01
4.544398571686970589e-01
4.565075957692164010e-01
4.699552436591231674e-01
4.640103430209911450e-01
4.428409115984800470e-01
4.503267535215648154e-01
4.556126002969864697e-01
4.836446149982476794e-01
4.559789372540895003e-01
4.545800715976597295e-01
4.565782456869174055e-01
4.486472441515473308e-01
4.503161786990892979e-01
4.590913348554439555e-01
4.558343412956318841e-01
4.402319029848076326e-01
4.540830958203166956e-01
4.614260731450766095e-01
4.575374401395447266e-01
4.767038913530449729e-01
4.743050391322089498e-01
1.145928190542651937e+00
4.288232675605210820e-01
4.283127264886364971e-01
4.310472698168914540e-01
4.813102531202411161e-01
4.904343193525817490e-01
4.349873391344736273e-01
4.244856110096559276e-01
4.804326439481486077e-01
4.829986847582904419e-01
4.555691120286694540e-01
4.511070586234429136e-01
4.534313717900789742e-01
4.712028054984250258e-01
4.628797988564292698e-01
4.466247927049212252e-01
4.509481183083429712e-01
4.590316558273542236e-01
4.664396482651669840e-01
4.543237337800648534e-01
4.372475430694960918e-01
4.517723358891514440e-01
4.605685702076548482e-01
4.560370218553266852e-01
4.474489756831325216e-01
4.456256657958313494e-01
4.498282008899888718e-01
4.581260158282466355e-01
4.641862055052056180e-01
4.425748226231517313e-01
4.518854566783455651e-01
4.621902947858653188e-01
4.591865797189471077e-01
4.741118804562696187e-01
4.731811984674933469e-01
4.574234714075237074e-01
4.279822148317193875e-01
4.296963505084592239e-01
4.742392512189531617e-01
4.755251148913945403e-01
4.714919206844931931e-01
4.232449984594285342e-01
4.727129130852132377e-01
4.538287793677311943e-01
4.562079513556347998e-01
4.716031054436219949e-01
4.650341283563815820e-01
4.607981832837911296e-01
4.525766108537290777e-01
4.543298891330586620e-01
4.648035213875442717e-01
4.467198110997235294e-01
4.414107393342414087e-01
4.448884952011658012e-01
4.614812352969090981e-01
4.662329543985759828e-01
4.488431164240008764e-01
4.468050079174752942e-01
4.615092108084489775e-01
4.560306635428697519e-01
4.488945132371464641e-01
4.413195915181545304e-01
4.557973504680047916e-01
4.602749710596318877e-01
4.479946567486511322e-01
4.543075566855728775e-01
4.587943647067995734e-01
4.604720986543192063e-01
4.719532243719123943e-01
4.741071293412173482e-01
4.587566785246965373e-01
4.307096018412993610e-01
4.318753451723418846e-01
4.740634735611568562e-01
4.772922553723554784e-01
4.216072777584020104e-01
4.198592350986020683e-01
4.757561719517676146e-01
4.722424855081099326e-01
4.546097328068505750e-01
4.527930522995994300e-01
4.532232317437466795e-01
4.706178724806258096e-01
4.672967572575725259e-01
4.390142249240908123e-01
4.525176182999300911e-01
4.649480951218467051e-01
4.606746365128199794e-01
4.401045432632832988e-01
4.427281041605118928e-01
4.598950460392094430e-01
4.666376230704471495e-01
4.617913738232204968e-01
4.524662329427699414e-01
4.491952728861573485e-01
4.593221067778767153e-01
4.564238412955347046e-01
4.465287323597310065e-01
4.463446909388472106e-01
4.565962945588676325e-01
4.615209631630100562e-01
4.594048964194890616e-01
4.485471047358935426e-01
4.594515035533255354e-01
4.695493314613116698e-01
4.724871307130101283e-01
4.549573397500017991e-01
4.601155642029742254e-01
4.352844227779473218e-01
4.441517472826066459e-01
4.748577045464248969e-01
4.807740691473760264e-01
4.224517230523355815e-01
4.202568229112770837e-01
4.745520209109285181e-01
4.784853138565657860e-01
4.536824504734621732e-01
4.560760931870581070e-01
4.656706216976845836e-01
4.746267075590784312e-01
4.681622146093158965e-01
4.514585384399380508e-01
4.477151574047752436e-01
4.592594055386975960e-01
4.634711384047718319e-01
4.438833982391116595e-01
4.524659982426327831e-01
4.579194904888908568e-01
4.700662647147877959e-01
4.553798823494156767e-01
4.501176315773619541e-01
4.535700901082168612e-01
4.575154363958181536e-01
4.462109036557054265e-01
4.462670204054023371e-01
4.551564762150274168e-01
4.622286688470328975e-01
4.475607297064702061e-01
4.488453128976609419e-01
4.560616342879628138e-01
4.599278154847566413e-01
4.677851703366897040e-01
4.727985183893914090e-01
4.533357782086310794e-01
4.596501089132673523e-01
4.378774298449386593e-01
4.378840712835701532e-01
4.712941962170892340e-01
4.728824297063389803e-01
4.282689305992040674e-01
4.276078763759665891e-01
4.709533130558307135e-01
4.772141472673082085e-01
4.527356208751626698e-01
4.642291540601701239e-01
4.535642918533586698e-01
4.615559750776451753e-01
4.778798316135627333e-01
4.639981773814898514e-01
4.570873228993946324e-01
4.491759640728842928e-01
4.609761069590390115e-01
4.610869144974704681e-01
4.414095484056747010e-01
4.416283842748279787e-01
4.432311448389077424e-01
4.612433628666312013e-01
4.690998515054728979e-01
4.502394536562231986e-01
4.545533182345777301e-01
4.463467745420245936e-01
4.515078273167351108e-01
4.568493963793033852e-01
4.609083028019331230e-01
4.501063417309384418e-01
4.463435110531577821e-01
4.553214297325635651e-01
4.637256561804338206e-01
4.692034045927766517e-01
4.751386209495156998e-01
4.543073724665795399e-01
4.572455864183124219e-01
4.390063276285323113e-01
4.323709040667019776e-01
4.360006706261435050e-01
4.639219040434945374e-01
4.684342366013600212e-01
4.737374322222940304e-01
4.244558985463047218e-01
4.206945015655244591e-01
4.698524964503140722e-01
4.671182291669886966e-01
4.566533157890166339e-01
4.569986117374054135e-01
4.521004837091405215e-01
4.573206956118234801e-01
4.754754050664615761e-01
4.611066894589585519e-01
4.501059963827573895e-01
4.616609094999438723e-01
4.615209977130303454e-01
4.439164315029006658e-01
4.512319575513887848e-01
4.622155163085318041e-01
4.642400386715815341e-01
4.509456821264627435e-01
4.492070578846106277e-01
4.560617226777265443e-01
4.537003389699227340e-01
4.481071226191546963e-01
4.517719927696911553e-01
4.601895212952321068e-01
4.579840425505466994e-01
4.534427837446843301e-01
4.499059852533712767e-01
4.504933574201436253e-01
4.653589256968161947e-01
4.757542328809288845e-01
4.890448086032435637e-01
4.724369302122323200e-01
4.555542664175074585e-01
4.542691186457140651e-01
4.372972867442116440e-01
4.396373674967311573e-01
4.650965486901386670e-01
4.701486382905671890e-01
4.315718201363160644e-01
4.807228930535114020e-01
4.640084439228354674e-01
4.657488710310383473e-01
4.482897465744176135e-01
4.480677043469163401e-01
4.563419168680562521e-01
4.507069652966490536e-01
4.371795756994565352e-01
4.605668823127431200e-01
4.627192029917515104e-01
4.670258332311831850e-01
4.551373415763588781e-01
4.498854900033636417e-01
4.567293046625783282e-01
4.508305748750637276e-01
4.440177851006122389e-01
4.452166157246115197e-01
4.443144798937452289e-01
4.636357593416389200e-01
4.587843473058747512e-01
4.491104346204094488e-01
4.571598382843208297e-01
4.715591967829116382e-01
4.547981778663046648e-01
4.528385915432074915e-01
4.387623053814204699e-01
4.488632870152031162e-01
4.664569445493436106e-01
4.707454859749757303e-01
4.517645522078524989e-01
4.471147990229841773e-01
4.588894545234615263e-01
4.703444932601589801e-01
4.655769696552111148e-01
4.585207481717734623e-01
4.448518577553743358e-01
4.619462635955886576e-01
4.632146516202704789e-01
4.554273427095802407e-01
4.523331776529496140e-01
4.579400472330927285e-01
4.565103407067186980e-01
4.332906114210293702e-01
4.630331066211360591e-01
4.631445452215955383e-01
4.603935275789385884e-01
4.513308345588365467e-01
4.498086456904553110e-01
4.524378732263078517e-01
4.522442933266731524e-01
4.457405360516867865e-01
4.498170876702249910e-01
4.672785838667244396e-01
4.623378528937612253e-01
4.772891328174930781e-01
4.808341330152194892e-01
4.358832386012162496e-01
4.642458571429064484e-01
4.590456887997067525e-01
4.511481100691839830e-01
4.633319781450097041e-01
4.618203388481250671e-01
4.535840498214453453e-01
4.532601975197427246e-01
4.394909634183044589e-01
4.234520204144096578e-01
4.577566839773221652e-01
4.604695286984860636e-01
4.614855841385238078e-01
4.706011065467065602e-01
4.518616412304523045e-01
4.501614543904855492e-01
4.441558873387119188e-01
4.410795893803393652e-01
4.428376439664669095e-01
4.608845199147779126e-01
4.630802400583677869e-01
4.683434145946671623e-01
4.671902688511803681e-01
4.763938477815792827e-01
4.701575322622750797e-01
4.602737361888145640e-01
4.662432582283535520e-01
4.663868042396401292e-01
4.719394006921752149e-01
4.467351777293168680e-01
4.650590752328236377e-01
4.571399450494490480e-01
4.530662961124455879e-01
4.553682854330809437e-01
4.743482898597541908e-01
4.860136289775199292e-01
4.912908047717973736e-01
4.492641535387179030e-01
4.501016132512660195e-01
4.436375858581753095e-01
4.464523319840180138e-01
4.566760652619446526e-01
4.626866008409481479e-01
4.620075612470749271e-01
4.871337534819561998e-01
4.698498420959013044e-01
4.618965963196769997e-01
4.611811215731195790e-01
4.443889840138432468e-01
4.769373440137046893e-01
4.733180804573821621e-01
4.348210933294299196e-01
4.720369970249529423e-01
4.583095260731081533e-01
4.378966414507349802e-01
4.435988509360924703e-01
4.821709511553781691e-01
4.836760176863807992e-01
4.718342451275441274e-01
4.480451965541648596e-01
4.479039838398012896e-01
4.447922047920627731e-01
4.532492707399100595e-01
4.590567532816796636e-01
4.623641371169672221e-01
4.642988081388030874e-01
4.740476576583735890e-01
4.712992779226634066e-01
4.673610176573130270e-01
4.361461441471046196e-01
4.601231476977648005e-01
4.706723577672700110e-01
4.636438863621715756e-01
4.336745661082402337e-01
4.302744908360468523e-01
4.624068115730508022e-01
4.339543362066562993e-01
4.866820605325694604e-01
4.869565355615631530e-01
4.473270519817738600e-01
4.452312158274326359e-01
4.507925986814232400e-01
4.582194181088211637e-01
4.615899762203314327e-01
4.609909468956053247e-01
4.632253230877803052e-01
4.863351272991250362e-01
4.694586815481094910e-01
4.691063291922329404e-01
4.139840303102219066e-01
4.619050253790107363e-01
4.618809737092793855e-01
4.618642710377416916e-01
4.613728134055168351e-01
4.645106211582034628e-01
4.424842694358933626e-01
4.602718018975610059e-01
4.623900302329073675e-01
4.613456458789950698e-01
4.350851563492627583e-01
4.402750615848191607e-01
4.815433268944834255e-01
5.093912802810564022e-01
4.824572620071441165e-01
4.470989435918761301e-01
4.466880791957431596e-01
4.490693408565632483e-01
4.493494581748860295e-01
4.524532583780739303e-01
4.587505629894734205e-01
4.571204310728390063e-01
4.672895534356636960e-01
4.694308532269164669e-01
4.648037110649381742e-01
4.699188432618356948e-01
4.602933269603445288e-01
4.650821292444272670e-01
4.626786503003358364e-01
4.560347359626078512e-01
4.440399874644106459e-01
4.596091935565616016e-01
4.724966606075192699e-01
4.643846166427763600e-01
4.386185849720778962e-01
4.575826878832123801e-01
4.721988747358293881e-01
4.581735892138041333e-01
4.305355200043320951e-01
4.793547861238426355e-01
5.020349738734902756e-01
4.777476323801140845e-01
4.427482497404723882e-01
4.440022917267783531e-01
4.417386510038157632e-01
4.423774501923704583e-01
4.482902025239761667e-01
4.549641617479989186e-01
4.575142579719021496e-01
4.612207561787293186e-01
4.848014606162276419e-01
4.687701082044741230e-01
4.508034274327391011e-01
4.525655292518089290e-01
4.525157714412592069e-01
4.644715146543231810e-01
4.387020061442456487e-01
4.624800738562280800e-01
4.832853702313077982e-01
4.633029399405456106e-01
4.623604314297440898e-01
4.520498186335710766e-01
4.652304792770742825e-01
4.853487782482776569e-01
4.886446688891192824e-01
4.322709497343797391e-01
4.574954965292606368e-01
4.781794894405338447e-01
4.560106466939526371e-01
4.431080009543797438e-01
4.656731895362598017e-01
4.492995590641237214e-01
4.648184578843201353e-01
4.784791905508745669e-01
4.303852744730923829e-01
4.364984178023971761e-01
4.851824688720547396e-01
4.845451915557216771e-01
4.855955579996250604e-01
4.361644232429078283e-01
4.408624177701040980e-01
4.288066275387174553e-01
4.308740378184644504e-01
4.530988575415221264e-01
4.517968123754188547e-01
4.618947510556333791e-01
4.775895506233876486e-01
4.652468808882614382e-01
4.656570437638562487e-01
4.488016826201423060e-01
4.469450906951435432e-01
4.512033469162397004e-01
4.609853650842566375e-01
4.690471036543799044e-01
4.284247988365520454e-01
4.609797132254660479e-01
4.648072701303956888e-01
4.618052423363533943e-01
4.631592212272529485e-01
4.456925519140430003e-01
4.733849426247658254e-01
4.489785825416893750e-01
4.514774041169206109e-01
4.828900999480499889e-01
4.485837273984967233e-01
4.418404063991696606e-01
4.577901568890313522e-01
4.794160665729151893e-01
4.565964368929582018e-01
4.450324572303697712e-01
4.438030035492758762e-01
4.477706959541311593e-01
4.790118404574361111e-01
4.338935348571981709e-01
4.880703781850264655e-01
4.877864798911349942e-01
4.893045100171725115e-01
4.345952160033019762e-01
4.349052371164664477e-01
4.268002478298755786e-01
4.417867037902973859e-01
4.537792779017773004e-01
4.491182388163814099e-01
4.491701404625604854e-01
4.944131970255115083e-01
4.608603338863668242e-01
4.664814404622903976e-01
4.440255986511122410e-01
4.501585597844354192e-01
4.505982618034219400e-01
4.480669484936545266e-01
4.717571318679562586e-01
4.294877720881980498e-01
4.395597853911052955e-01
4.636962606580624646e-01
4.670322640213417364e-01
4.600075671827215107e-01
4.663549185677220432e-01
4.414578618926306430e-01
4.439548323218160952e-01
4.485823117495962853e-01
4.483733734283636974e-01
4.793394060640621679e-01
4.358621258322535330e-01
4.581246834612214269e-01
4.807743616847195978e-01
4.571401847583241862e-01
4.429113405165192030e-01
4.531712488774491399e-01
4.453883767529132065e-01
4.459993006556087769e-01
4.769424226804823141e-01
4.752017626276335283e-01
4.204557783716008634e-01
4.350165286575168877e-01
4.911315590670303211e-01
4.898987102521026871e-01
4.890252399645865777e-01
4.363693032039869246e-01
4.437577896406291744e-01
4.367492495888729565e-01
4.468784146064783136e-01
4.494603237477994284e-01
4.341016375005503081e-01
4.486777714953045226e-01
4.386632418629683450e-01
4.693429780733939793e-01
4.929027437906681741e-01
4.637906691263357084e-01
4.602202454255049369e-01
4.415065774261889842e-01
4.472577598448853609e-01
4.501314082548447670e-01
4.479207652931251893e-01
4.655742792552030052e-01
4.331537495626360812e-01
4.529317064155379824e-01
4.765464940325791487e-01
4.567973738989843380e-01
4.662920714419087065e-01
4.418674038699049178e-01
4.435524430601915369e-01
4.475722083111047245e-01
4.469628436637953506e-01
4.789759186561545756e-01
4.805394472348034629e-01
4.351216054193179916e-01
4.408868868090641824e-01
4.587894421259801625e-01
4.799240573795386933e-01
4.575711443371341391e-01
4.417873217009832265e-01
4.573515583599354062e-01
4.445279543818149715e-01
4.685109740921616917e-01
4.381504249848574561e-01
4.933987434367353986e-01
4.939346817600488992e-01
4.868312411425290698e-01
4.321977381007794938e-01
4.620743791307568293e-01
4.358335210294383422e-01
4.491737343088735290e-01
4.498088601170061041e-01
5.409759200635909648e-01
5.680419242687084758e-01
4.416149306362525118e-01
3.999052969493114840e-01
4.376101994591196087e-01
4.374373996816133814e-01
4.666491938748872359e-01
4.755468457776619307e-01
4.468427015857310280e-01
4.507228215845782704e-01
4.497692455974707237e-01
4.489670741731767167e-01
4.620768476013726311e-01
4.369683092004394420e-01
4.697734337892183754e-01
4.404896582601899868e-01
4.643779139618824381e-01
4.458221243001145861e-01
4.472918545775094734e-01
4.597473346157359697e-01
4.417895483546407376e-01
4.599879488361118263e-01
4.768692743661008260e-01
4.582304564481305964e-01
4.411074291708417250e-01
4.565333957159974365e-01
4.435560758504569767e-01
5.098080231515197402e-01
4.935390158885424872e-01
4.200624065384200856e-01
4.552443029144249698e-01
4.862913536745190890e-01
4.985538193123256745e-01
4.872348814223739222e-01
4.301832157113876787e-01
4.539120580178225284e-01
4.316294828799014938e-01
4.435235325190745592e-01
4.678092001906359876e-01
4.468217181660547599e-01
5.075990135369945477e-01
4.383598341730088888e-01
5.172783232448104895e-01
5.646512385623130292e-01
4.551923799355234723e-01
4.235418717556060919e-01
4.465308441932541728e-01
4.462316141191933205e-01
4.543466566810935858e-01
4.627971774503200075e-01
4.656325410129730225e-01
4.639799780164316489e-01
4.641862553479048636e-01
4.673620628247729392e-01
4.657538095919622201e-01
4.431387579190266823e-01
4.529262616709266998e-01
4.418739389330546552e-01
4.468507434271226653e-01
4.843830647346824558e-01
4.954755666723700269e-01
4.465231728299954295e-01
4.360255475548487913e-01
4.629303908159038139e-01
4.638746672241815805e-01
4.607933919815440649e-01
4.402054308540088168e-01
4.600987996978513350e-01
4.426659456215988886e-01
4.728761324920595643e-01
4.811590230181565508e-01
4.325394344443467265e-01
4.484678612214356708e-01
4.338509566896291969e-01
4.492207988325808699e-01
4.256731507177041740e-01
4.440455907299395988e-01
4.421375017638181082e-01
4.458500434883915231e-01
5.219086800324986841e-01
4.793336928071193492e-01
4.999154859312829324e-01
4.478296065841730345e-01
4.401623460634602747e-01
4.523133958557069012e-01
4.560863136269937002e-01
4.488811068736762722e-01
4.468832679960677012e-01
4.515676522541957616e-01
4.570177274789433142e-01
4.604775812983509242e-01
4.622598164165683254e-01
4.673321329882663688e-01
4.380755576893716197e-01
4.475485150128656886e-01
4.491353434775663400e-01
4.669881011394276249e-01
4.305984979733264439e-01
4.601158795143485136e-01
4.616848930897464731e-01
4.659267825579431199e-01
4.628567662513562997e-01
4.393808468646221432e-01
4.589901128125786212e-01
4.422870441756635018e-01
4.813380044497326260e-01
4.901717793063984363e-01
4.709192381317817699e-01
4.343365364060727818e-01
4.375046604385237625e-01
4.345165189856323718e-01
7.810160814666256002e-01
4.071729833174366764e-01
4.073868592091866025e-01
4.443075151153361713e-01
5.314566526605095653e-01
5.012926158415397238e-01
4.563225749161120004e-01
4.451471332598334052e-01
4.513959452974560804e-01
4.536147802411603092e-01
4.546973733851656374e-01
4.357535778571843821e-01
4.728012309529315282e-01
4.434233078148318019e-01
4.468630505781976403e-01
4.757653499084142923e-01
4.518950694265027601e-01
4.390610033418019253e-01
4.558246114501909307e-01
4.414179464287884547e-01
4.719510913346843806e-01
4.999336819356032247e-01
4.740946126583510667e-01
4.902028701636179653e-01
4.354812513672497443e-01
4.302195497345285280e-01
9.832360443375977033e-01
4.694679507162475285e-01
4.288864199247058862e-01
4.814149616255043451e-01
4.482840518163615506e-01
4.610055084914473911e-01
4.658109565583294365e-01
4.590025116391386328e-01
4.598838495502386992e-01
4.599317659980036166e-01
4.652207761066264324e-01
4.386425162132937539e-01
4.429663368209090790e-01
4.394626600658602666e-01
4.733942088841757156e-01
4.840897089688878663e-01
4.698760826110399136e-01
4.787853780548390614e-01
4.973143433356125853e-01
4.343276778495417934e-01
4.290439142513141069e-01
4.360903993549827273e-01
1.104192942344100370e+00
5.136559063255158319e-01
4.061785910860103432e-01
4.797849399664734782e-01
4.310359492325119279e-01
4.584473781400287273e-01
4.625877721766721296e-01
4.577264048950926423e-01
4.592664228888816425e-01
4.608545601660210544e-01
4.592625843018829923e-01
4.585000238944676454e-01
4.582566972192999022e-01
4.617807189496827558e-01
4.637196604959842317e-01
4.702681042042273218e-01
4.394539006352480848e-01
4.526232320815393173e-01
4.716298930131270772e-01
4.834056301890621299e-01
4.701894458955755973e-01
4.763613312335704397e-01
4.990311840272649846e-01
4.314107124621500144e-01
4.475634130557896162e-01
4.362762513028352052e-01
1.272071587816392846e+00
4.786650349418691275e-01
5.580712667452473186e-01
5.331964789453559339e-01
5.136472182011159182e-01
4.707445874255834495e-01
4.097578091625305730e-01
4.153736321431695244e-01
4.497417279195395357e-01
4.630094102449443527e-01
4.647232787099899731e-01
4.630752419662496622e-01
4.629375367193576118e-01
4.650595533133133896e-01
4.705461521866032282e-01
4.655842792771568428e-01
4.245115240746373253e-01
4.528296853571260883e-01
4.345131929654630354e-01
4.650591663796191377e-01
4.887747690890271723e-01
4.690720297006031325e-01
4.769044315215245633e-01
4.945727212804173489e-01
4.277829174967333614e-01
4.533209725195050388e-01
4.314490089693502339e-01
1.461938267752365350e+00
4.849160011900180978e-01
4.422731461962226551e-01
4.074718855627887382e-01
4.623703523528928661e-01
5.044574351567426840e-01
4.686954875697527667e-01
4.718603880725373290e-01
4.824374720486538926e-01
4.815992603437160846e-01
4.313579604115816424e-01
4.345709780365661357e-01
4.278314494631352272e-01
4.637442885078151833e-01
4.736879872516815415e-01
4.782593235282326938e-01
4.990697796661300312e-01
4.320677827520542080e-01
4.282642608911829685e-01
4.321182009948761338e-01
4.283259080029049315e-01
4.347536065894380686e-01
2.224317994634265716e+00
1.930807961840577347e+00
4.294184026033172619e-01
4.591164447745361699e-01
4.361326749570448857e-01
4.352166411425250070e-01
2.574256197277392744e+00
4.286220154652832237e-01
4.347226965842903024e-01
4.394029061051493712e-01
4.408476564898370365e-01
3.004458857300420949e+00
4.385515694192137492e-01
4.554801408590041789e-01
4.281245735899840699e-01
4.437530290917844900e-01
4.455495718212429956e-01
4.404944797449187321e-01
3.559610654621186754e+00
4.353629418180866573e-01
4.438278215942718097e-01
4.404283125481479044e-01
4.466813325425878500e-01
4.472515882640287765e-01
4.337997049055019261e+00
4.361577338074521526e-01
4.447160377094741546e-01
4.446036945488676673e-01
4.483459732675063592e-01
4.456557408982149693e-01
5.623635502113550011e+00
4.385879943401485015e-01
4.468141508121389327e-01
4.496284910688026493e-01
4.494536164363922004e-01
4.435266652983366753e-01
8.786369076591636684e+00
4.417277178122453463e-01
4.467541341016781908e-01
4.472393439860134490e-01
4.499151169132813988e-01
4.446048816635180256e-01
1.134221522690206463e+01
1.790430335619918978e+01
7.392521859966910469e+00
5.656261702285015680e+00
5.011639582207809696e+00
4.605428930809895682e+00
4.300560409755709301e+00
4.052179334180942227e+00
3.840130051100545394e+00
3.653280308888660954e+00
3.484886746455610140e+00
3.330646165818713644e+00
3.187732285965033885e+00
3.054267009277895184e+00
2.929007454041459013e+00
2.811148254626922416e+00
2.700188988752339814e+00
2.595840325780147673e+00
2.497954173291699220e+00
2.406469106829839166e+00
2.321365691286941590e+00
2.242628368035277653e+00
2.170212036296711666e+00
2.104012615809484288e+00
2.043841938357513488e+00
1.989408390293794460e+00
1.940305767515617452e+00
1.896013519630553645e+00
1.855911444905051555e+00
1.819310426065412045e+00
1.785497783466337474e+00
1.753791801647963444e+00
1.723596324175754146e+00
1.694444800635339643e+00
1.666025111672889913e+00
1.638181771277491761e+00
1.610898873610585147e+00
1.584272605170307324e+00
1.558483922601118676e+00
1.533779428757319874e+00
1.510462875464657850e+00
1.488893619136544277e+00
1.469484235589440413e+00
1.452688674110876210e+00
1.438974530278605446e+00
1.428776792270052498e+00
1.422434088744693126e+00
1.420111132948112420e+00
1.421713135059688993e+00
1.426800962798823846e+00
1.434521331747772965e+00
1.443574199355734500e+00
1.452246342867462126e+00
1.458538604612362510e+00
1.460396653450406701e+00
1.456019621461393632e+00
1.444179233151533071e+00
1.424457464535726636e+00
1.397324904685629976e+00
1.364034918572790689e+00
1.326373920673360463e+00
1.286349822812488553e+00
1.245900940282469893e+00
1.206676617094287307e+00
1.169903812559383027e+00
1.136330649616785093e+00
1.106232333567775505e+00
1.079469389540154589e+00
1.055592537680728915e+00
1.033986444274902494e+00
1.014035746572872432e+00
9.952862174460835876e-01
9.211980815134273026e-01
9.205946555261177444e-01
9.274722063177697207e-01
9.786229162552608773e-01
9.570025384356127818e-01
1.002199883624925070e+00
1.024268111017078819e+00
1.039927515377456979e+00
1.042811153249111555e+00
1.025254581615578031e+00
9.785693345199021342e-01
8.930650960912126513e-01
7.600172532279567683e-01
5.883688331153231754e-01
4.388749256792315312e-01
4.473320647311761489e-01
4.496466634239900673e-01
4.514771594359781037e-01
4.488910214645966401e-01
