1.797680322127042629e+01
1.138120839925201189e+01
8.816511617722968097e+00
7.409300687452117451e+00
5.662084617747679793e+00
5.012284850467956687e+00
4.602674898017425242e+00
4.295374988750976897e+00
4.045224292570693159e+00
3.831918213082735836e+00
3.644230456735105594e+00
3.475339492666833952e+00
3.320864231125280952e+00
3.177899272477807457e+00
3.044492852091918333e+00
2.919343142032151839e+00
2.801607557046328356e+00
2.690771978045587876e+00
2.586553046999020555e+00
2.488820508546931709e+00
2.397533624871640345e+00
2.312688822206081518e+00
2.234276769148053177e+00
2.162247320700802611e+00
2.096481023783593578e+00
2.036766581738277626e+00
1.982784844761030341e+00
1.934101233456348545e+00
1.890169472577497123e+00
1.850349459891760473e+00
1.813940505659051405e+00
1.780228018442810978e+00
1.748537736804347764e+00
1.718288329950890203e+00
1.689032342718676416e+00
1.660478024479722370e+00
1.632490001766154109e+00
1.605072942115322476e+00
1.578346676989303754e+00
1.552521912053681730e+00
1.527882598588390373e+00
1.504775851366390693e+00
1.483605277449422610e+00
1.464820642834919973e+00
1.448896715636187160e+00
1.436296372160849044e+00
1.427416328606926355e+00
1.422516934666155475e+00
1.421639995564006220e+00
1.424521439639878873e+00
1.430510383463803770e+00
1.438513650846337644e+00
1.446993382275127749e+00
1.454049328043737432e+00
1.457608123095215147e+00
1.455712970783092253e+00
1.446863050858175015e+00
1.430312238684103177e+00
1.406228720637733520e+00
1.375655981174957354e+00
1.340287263436900522e+00
1.302131601088480251e+00
1.263174444611498082e+00
1.225113194552027940e+00
1.189200644379104554e+00
1.156188464241551639e+00
1.126345449665667742e+00
1.099528447177909429e+00
1.075293764870514979e+00
1.053040815788810258e+00
1.032173900316288639e+00
1.012257643579486333e+00
9.931359430434877344e-01
9.229535797708098288e-01
9.259716001630073912e-01
9.346383811414544773e-01
9.672327745403836996e-01
9.884616418614188271e-01
1.009506378728342479e+00
1.026205960106955750e+00
1.033034212168225441e+00
1.023180337851226529e+00
9.887268567545602904e-01
9.206743370000599613e-01
8.084587008524325435e-01
6.482812399810866655e-01
4.806061540320834546e-01
4.418021581755828819e-01
4.503973576661334799e-01
4.516103076946542672e-01
4.507794507248982230e-01
4.683388966904952211e-01
5.641499837797512740e+00
4.446151820757139883e-01
4.460469667784046077e-01
4.508657644654205932e-01
4.496139901470796452e-01
4.587805566298971405e-01
4.352715439334526870e+00
4.425512216844180724e-01
4.464408578758350954e-01
4.508453492428615150e-01
4.492271814390901286e-01
4.491554359806832486e-01
3.573676422731797864e+00
4.421985516552209838e-01
4.455078052630408458e-01
4.485803662035093287e-01
4.470275824035826462e-01
4.498586920500218245e-01
3.018880634507724814e+00
4.383546433096094375e-01
4.427913619409152290e-01
4.482679796893874191e-01
4.480955263700318048e-01
4.544139089464002690e-01
2.589550513569042423e+00
4.388982431149298091e-01
4.352415728716700904e-01
4.464017589388082352e-01
4.492141040428145882e-01
4.420073228166082058e-01
4.429593999594851894e-01
2.240762364917709082e+00
4.308726235910271263e-01
4.431828468594841697e-01
4.412326769163837370e-01
4.603703030453636935e-01
1.948531692116707292e+00
4.324000717958138007e-01
4.390744873066205201e-01
4.405797534340347155e-01
4.290542802623092400e-01
4.367383798920491667e-01
4.394250300452479663e-01
4.385251555457196915e-01
4.026945233827001203e-01
4.212906383535032773e-01
4.850220586581801552e-01
4.770522967164547712e-01
4.661452630720424040e-01
4.355276101964274948e-01
4.409595733193256151e-01
4.276354604078566601e-01
1.294022963573207230e+00
1.482270452284553341e+00
5.493316836482002863e-01
5.386683905885737422e-01
5.940923388285141993e-01
4.397422567293886031e-01
4.455656949944210576e-01
4.262915982320860109e-01
4.670582041085397651e-01
4.563434074378954763e-01
4.612342547282914373e-01
4.661576373106971483e-01
4.846831312264703873e-01
4.737585379483264525e-01
4.385600560950358440e-01
4.383061100334952886e-01
4.351124376519875936e-01
1.127228964914958942e+00
3.547886517297516029e-01
3.946416427769840474e-01
6.003239549485626103e-01
5.760939422304131030e-01
4.935689420079980572e-01
4.320269655182118473e-01
4.274166348869776200e-01
4.360283573330890339e-01
4.515329913217829838e-01
4.589967241421034627e-01
4.616806830601720701e-01
4.628797584722711411e-01
4.664204728925696042e-01
4.639434038712459407e-01
4.611188899258236717e-01
4.323596640337749042e-01
4.644291113416829653e-01
4.679139042014717753e-01
4.615501269044281485e-01
4.660611678327326590e-01
4.746032983149804374e-01
4.737128020532732076e-01
4.822595129601190966e-01
4.353047691209322445e-01
4.576417131830399776e-01
1.031080178075246323e+00
4.421488740529061490e-01
4.727213063641504953e-01
4.722360433794135504e-01
4.478865904918239438e-01
4.492499307328305380e-01
4.586208262738398767e-01
4.583269249870475792e-01
4.580338941754034665e-01
4.571241585830531640e-01
4.563804321136749609e-01
4.565209214048732700e-01
4.575415795427015819e-01
4.596708310867465563e-01
4.613974991386153301e-01
4.691916439227478142e-01
4.626771238652963025e-01
4.670047959215206657e-01
4.354740899990527381e-01
4.252315626929039083e-01
4.485802202450592802e-01
4.628388382878611540e-01
4.664095233521019512e-01
4.752270046298133765e-01
4.746720340987751197e-01
4.860252285850705789e-01
4.329894290709194737e-01
4.350970609439062664e-01
4.594268495763598192e-01
8.085845329622358690e-01
3.962994573729396452e-01
3.985572057081565589e-01
4.037142967466593735e-01
4.437571189134033589e-01
4.470018677130884188e-01
4.636520432212710707e-01
4.585598146055449020e-01
4.581784431312289074e-01
4.602220188992567351e-01
4.559853590852535055e-01
4.590834584034414467e-01
4.362475511354036439e-01
4.428239024393987311e-01
4.429591727041907734e-01
4.635334314344206064e-01
4.679425914938900033e-01
4.788963384345067964e-01
4.741862662602999157e-01
4.791148420965863353e-01
4.373825001665996304e-01
4.405581073004175563e-01
4.465513827282228121e-01
4.528380578719153338e-01
4.535017317785841051e-01
3.935507433716040060e-01
4.456365083303313046e-01
4.736132459923940718e-01
6.563683709048496739e-01
3.630221583408479447e-01
3.820477389350158681e-01
4.493911358815719237e-01
4.636758528721993677e-01
4.636182841067856830e-01
4.606381627130180512e-01
4.619564569220080408e-01
4.406491175820079209e-01
4.511479493468529833e-01
4.765449921815904100e-01
4.656393646848467349e-01
4.649196588137478603e-01
4.293488276382806390e-01
4.733040444784821221e-01
4.370916838859904563e-01
4.435662001635639062e-01
4.448215441217319155e-01
4.700204456324590940e-01
4.699223630939894925e-01
4.847843718416574577e-01
4.912592454302148193e-01
4.389198542123123326e-01
4.429505388869440230e-01
4.380458775744500155e-01
4.533785827978557559e-01
4.488414962307661349e-01
4.639458804274908532e-01
4.869931685238734764e-01
5.018362401153304564e-01
3.799256483844943300e-01
5.144494099180637603e-01
5.317405186115622406e-01
4.019585726285763716e-01
4.545453628287995929e-01
4.574026843109643137e-01
4.556258815267527629e-01
4.556969916135934495e-01
4.566456077616865561e-01
4.575760953138088838e-01
4.585088536252770464e-01
4.613456563830299895e-01
4.633682269800075693e-01
4.731198491154685604e-01
4.448924375115894669e-01
4.478319558731109207e-01
4.485622331217409275e-01
4.647880296115713405e-01
4.716613611212995272e-01
4.315021299517870501e-01
4.289275831121074356e-01
4.605365549410366244e-01
4.736451147261173111e-01
4.752055482794469987e-01
4.384770684954241715e-01
4.418337267059048168e-01
4.490143409166318378e-01
4.666729533115362982e-01
4.663853088967446769e-01
4.760737963834079656e-01
4.963571283119616040e-01
4.419751154678624450e-01
4.453831778509412254e-01
4.313948338672400906e-01
4.482657317638119032e-01
4.438177525573221982e-01
4.622528236461511120e-01
4.691980683625670556e-01
3.286683439936939899e-01
3.757043070537715024e-01
4.545417255101459331e-01
5.039293264128239525e-01
5.277039171736759293e-01
4.223151124598990003e-01
4.497603111301951007e-01
4.487209806354623964e-01
4.637944139796412735e-01
4.652604190578968901e-01
4.612342428818813067e-01
4.651913445336796626e-01
4.698118737846416759e-01
4.745247260015329482e-01
4.576554303875822738e-01
4.441474757124196926e-01
4.490329217994934452e-01
4.486651231376324600e-01
4.471077104525432167e-01
4.862710086970890577e-01
4.309466991523538959e-01
4.636656952937021070e-01
4.684756974230984139e-01
4.750957167224669209e-01
4.393487449335336525e-01
4.445960785855253561e-01
4.492288896721414182e-01
4.811565644324433677e-01
4.536401739021178048e-01
4.426468355130934729e-01
4.436054843919081114e-01
4.385729474827553265e-01
4.409605191417916847e-01
4.409546483026035024e-01
4.385444925734158783e-01
4.818640343139331539e-01
4.997153128289072432e-01
4.732305325100124027e-01
4.532445877378366017e-01
4.535458607204994053e-01
4.466099298525475492e-01
4.500157687470007772e-01
4.628774148440590319e-01
4.613868307106017141e-01
4.461723795640015200e-01
4.423848367946772164e-01
4.623996703641273243e-01
4.758715817131647374e-01
4.467895320082206356e-01
4.498001620724645933e-01
4.584504882102424794e-01
4.814501058510484710e-01
4.775918228761275586e-01
4.393419871044415004e-01
4.279703054220823089e-01
4.648116285956688798e-01
4.668650295522562832e-01
4.668945196949170207e-01
4.410026301551174255e-01
4.446662753408313629e-01
4.547334120169553295e-01
4.609112821236914792e-01
4.524659827227269782e-01
4.413476535876577067e-01
4.745527059674208847e-01
4.816386991100542470e-01
4.887294647155442928e-01
4.428547638672963860e-01
4.448305026662135453e-01
4.384621818734378285e-01
4.431363673944412329e-01
4.417933397690680386e-01
4.455634598393632406e-01
4.848526154564795076e-01
4.773399477782611089e-01
4.301064354209989116e-01
4.436314433909884780e-01
4.589580314069911515e-01
4.645444966319983715e-01
4.921786677429204060e-01
4.474303370209026243e-01
4.482471518844927116e-01
4.490743646576522141e-01
4.681934565562424488e-01
4.888923421069675812e-01
4.440502995873382708e-01
4.308401023428429233e-01
4.486717219717414329e-01
4.552939153207106737e-01
4.617640821033050513e-01
4.691848196930120118e-01
4.453150090936945915e-01
4.455844915844160981e-01
4.491103162305679075e-01
4.615837175048512209e-01
4.729708490380994945e-01
4.375765976782650113e-01
4.664399383514872821e-01
4.658257061796216014e-01
4.653133650295482870e-01
4.414463172242796829e-01
4.448588561320578894e-01
4.598994112894548847e-01
4.659419447988537577e-01
4.410637374730770888e-01
4.463738627989472518e-01
4.741083536588884262e-01
4.779180887634033592e-01
4.815954934691318301e-01
4.417962256303976654e-01
4.561102533995747277e-01
4.435404518515627670e-01
4.465918986449852190e-01
4.744561868829108575e-01
4.744806886664522660e-01
4.606014036060052108e-01
4.600526188078587486e-01
4.568534593121092446e-01
4.670008278187165462e-01
4.466335586898866339e-01
4.492403972077555485e-01
4.498295196738404944e-01
4.684084043574838208e-01
4.692487159481187886e-01
4.601247370591017294e-01
4.421035329206852160e-01
4.565736772284945122e-01
4.585175098360906309e-01
4.591782176382073755e-01
4.799701542951039235e-01
4.435905058832367298e-01
4.449591808949835969e-01
4.502273275988286638e-01
4.461781953815219803e-01
4.511267850143518277e-01
4.751570266903344941e-01
4.477246046895616005e-01
4.282155791799012179e-01
4.665959618937280950e-01
4.644034517034958953e-01
4.643546519155337671e-01
4.418920266273331232e-01
4.456714197398620181e-01
4.655567163550221044e-01
4.585691749260010774e-01
4.655275185645824654e-01
4.403608571251904635e-01
4.774696232158449627e-01
4.790066361302888209e-01
4.805078201709228058e-01
4.405748310502342613e-01
4.394304741967330341e-01
4.521050606119096371e-01
4.525433407248389273e-01
4.425207357642364503e-01
4.491362968503020969e-01
4.744388012148834655e-01
4.786210516449034835e-01
4.750365871883895363e-01
4.563599904745756497e-01
4.586391578105749600e-01
4.571141619358157215e-01
4.477533980507228395e-01
4.519427467016743361e-01
4.532545438613908018e-01
4.542130010594717104e-01
4.728403323596872543e-01
4.492718992821788104e-01
4.594632253641656727e-01
4.606428493722318218e-01
4.598697970684614833e-01
4.727730054698093265e-01
4.417599326348938815e-01
4.482095974849786835e-01
4.514107194306257731e-01
4.481695321135341081e-01
4.821363776727623507e-01
4.557330234099246646e-01
4.358811440297084006e-01
4.657717185229148238e-01
4.631001480923216396e-01
4.626416296930540017e-01
4.629420550883326935e-01
4.431195517791678973e-01
4.487350418669229790e-01
4.468024764464316179e-01
4.580089531004805092e-01
4.678194016323160564e-01
4.498314171183569465e-01
4.373463743771606738e-01
4.785139807937487944e-01
4.788026246995640278e-01
4.721546557290547952e-01
4.434922334077526784e-01
4.431586196054947968e-01
4.397474156230463671e-01
4.409938914073764371e-01
4.734140354933739636e-01
4.827632208006709114e-01
4.570441024207925751e-01
4.551342150218941063e-01
4.558884614589400752e-01
4.678717950837936179e-01
4.523878934621632930e-01
4.543295766616493592e-01
4.586529935090576382e-01
4.840626829258449226e-01
4.257645583791273558e-01
4.482772168127629464e-01
4.580189494810951167e-01
4.606671282521439537e-01
4.660721133886032153e-01
4.472298541348352363e-01
4.427708551644328749e-01
4.621054774950635879e-01
4.608344196303395535e-01
4.625604535689215036e-01
4.440858494491463082e-01
4.653818098450922536e-01
4.592929196469808240e-01
4.418882969958699558e-01
4.756274066006054846e-01
4.765274187701593056e-01
4.886576045035526672e-01
4.430811263147499401e-01
4.426425480145204094e-01
4.430800340934693549e-01
4.320256340959824914e-01
4.328480605016503113e-01
4.747054043272785906e-01
4.809262590895976297e-01
4.536271672040763092e-01
4.578297195334390945e-01
4.592503757641341333e-01
4.767302467694602419e-01
4.750647199089638173e-01
4.490873409278178241e-01
4.602521270962147693e-01
4.600499338511590541e-01
4.587084365299963773e-01
4.777624234998128494e-01
4.503137817867209347e-01
4.350203866130890051e-01
4.609970123159434219e-01
4.600630446505099558e-01
4.605445231368079373e-01
4.421992330402593763e-01
4.740078667673459645e-01
4.726818612624001936e-01
4.961281608445398117e-01
4.442533672519388133e-01
4.443214328783349210e-01
4.302670685464575762e-01
4.274105460058900685e-01
4.711897438977822872e-01
4.729114960062676953e-01
4.597246768975913334e-01
4.616552488392545173e-01
4.617283000568477291e-01
4.535698394307512982e-01
4.619361875378064641e-01
4.635972848436682447e-01
4.670779837028009029e-01
4.388618749445521994e-01
4.587372019935367362e-01
4.629812671714352845e-01
4.474497675193433999e-01
4.313492102708892939e-01
4.701932730095222945e-01
4.695241306784332380e-01
4.896881820002083052e-01
4.467021041540977233e-01
4.471658393880851845e-01
4.366480569111317322e-01
4.353528674929422193e-01
4.391101517170024615e-01
4.675726383194403479e-01
4.744119408287894579e-01
4.705117036622682991e-01
4.615741175219468806e-01
4.605938722617780590e-01
4.575554264016681860e-01
4.781117646230574336e-01
4.556019259073834649e-01
4.694703867645266815e-01
4.613157285410777741e-01
4.634937345778941120e-01
4.671503397069451946e-01
4.538349848112481766e-01
4.584165677952733997e-01
4.385205650817269873e-01
4.574137508454795276e-01
4.558455724366505812e-01
4.765598776303932582e-01
4.757725412757466965e-01
4.478515896781858352e-01
4.492386689848627546e-01
4.391506926375202680e-01
4.430238199749812478e-01
4.728798380805394053e-01
4.720418785242517234e-01
4.574111183224462418e-01
4.568481892868588856e-01
4.703622762043226380e-01
4.554694221229740325e-01
4.597932303680908883e-01
4.663838393182323516e-01
4.482037441961330693e-01
4.554035314883346786e-01
4.611330139580405163e-01
4.561431867722511302e-01
4.639825967574416343e-01
4.548839827085671694e-01
4.542137808570603230e-01
4.641388113992021558e-01
4.785986384879694078e-01
4.725057672094066796e-01
4.788137878297648031e-01
4.491012581753310862e-01
4.507116199348519259e-01
4.364015407316988449e-01
4.366465106122663364e-01
4.732495646477458684e-01
4.701555925556229476e-01
4.565862053934391374e-01
4.561397393926668875e-01
4.630847554762612672e-01
4.592505463871969784e-01
4.571106881538496980e-01
4.639467868997577682e-01
4.760418934580177841e-01
4.515856674678794258e-01
4.590734169211798665e-01
4.577324659513635763e-01
4.540712867948465403e-01
4.508611374691047224e-01
4.575234473541517910e-01
4.724159759255840974e-01
4.716299090842651642e-01
4.866045661901313157e-01
4.502661072562802458e-01
4.510977973666029373e-01
4.357778694118978891e-01
4.336150040862205568e-01
4.698892398656895342e-01
4.695480762825229859e-01
4.566341149471806471e-01
4.650395135351954035e-01
4.188596466548911157e-01
4.574971996107603522e-01
4.594131194709356603e-01
4.500376280269185458e-01
4.591539976344147234e-01
4.589011044274531326e-01
4.554078849034475795e-01
4.538388609148322206e-01
4.469974089019878583e-01
4.560044562637096122e-01
4.443209375214280943e-01
4.619048916858611853e-01
4.565537181260859168e-01
4.581033041893288749e-01
4.555090872382981382e-01
4.560603357284169768e-01
4.513608762369186178e-01
4.516991015476624072e-01
4.380254932547662516e-01
4.380608977230882051e-01
4.636883661766258991e-01
4.686950053598333277e-01
4.430179689452057312e-01
4.564464244432286932e-01
4.571701645458666197e-01
4.600881344825616392e-01
4.640501439209449575e-01
4.517755718515155672e-01
4.577600931500616643e-01
4.597069403619915562e-01
4.539628906069103076e-01
4.531125008283086175e-01
4.505787484639131035e-01
4.507216456764045476e-01
4.474359569004394688e-01
4.506925635370967465e-01
4.538334470929606401e-01
4.573015585652285275e-01
4.562419434580019528e-01
4.572065656329251659e-01
4.519418821079304038e-01
4.523377630768382063e-01
4.385153683296592608e-01
4.405115144203882727e-01
4.478287759354745434e-01
4.680560854900323586e-01
4.710514178351952186e-01
4.668779604285007712e-01
4.374536265548767955e-01
4.445339542960630719e-01
4.794094744385954399e-01
4.710609642043981915e-01
4.911885060923315005e-01
4.574647144490064377e-01
4.584605689462952771e-01
4.539951345753190926e-01
4.547460493409992699e-01
4.571742624494260498e-01
4.522597198461803525e-01
4.339161202441168541e-01
4.571270135748289332e-01
4.589885212936452574e-01
4.612432411463008308e-01
4.578597143344763087e-01
4.515263730056484626e-01
4.530077593187784024e-01
4.563160295971765423e-01
4.519769819575456538e-01
4.502972413364926263e-01
4.560034770476849575e-01
4.577910270612627897e-01
4.545567416523508264e-01
4.530750120880968623e-01
4.534194360783921907e-01
4.567065897324921742e-01
4.634026509976243435e-01
4.754499889924319600e-01
4.680629675015782754e-01
4.523441666859291943e-01
4.537653625427270354e-01
4.396920387122174589e-01
4.382291802256647051e-01
4.697622429467114280e-01
4.707882892592622492e-01
4.490586465658599757e-01
4.396080243677525923e-01
4.816823078856500295e-01
4.518934220503676435e-01
4.480813665228574605e-01
4.591844694197464993e-01
4.562854621499259355e-01
4.543838339313747698e-01
4.714087107606326765e-01
4.551222276082871887e-01
4.526166160864887322e-01
4.563121668562993283e-01
4.552941741762993599e-01
4.418464553871072065e-01
4.450958630755449952e-01
4.532916099553357392e-01
4.607076234256630709e-01
4.613711819125329017e-01
4.519937947518783972e-01
4.539926215815316413e-01
4.542575168389650919e-01
4.500780458367074632e-01
4.548007041246932558e-01
4.577138886212689939e-01
4.569033629464304136e-01
4.538129680757325701e-01
4.537696864982280198e-01
4.459139398489775363e-01
4.602294917381072326e-01
4.695705556556514226e-01
4.752958966096174076e-01
4.519346447765669739e-01
4.550130871761706164e-01
4.376658104505950497e-01
4.416130156462067524e-01
4.636464790153032589e-01
4.691022028936216448e-01
4.416575760085065250e-01
4.761668029508719369e-01
4.761561145134047823e-01
4.799119082947306270e-01
4.508165506614671969e-01
4.508267142919760717e-01
4.545346494621371192e-01
4.527852620785555726e-01
4.538708259577653448e-01
4.694076159139981552e-01
4.577405756363226996e-01
4.530064343863484666e-01
4.558995375656730298e-01
4.565392701149260102e-01
4.478656961909495693e-01
4.465665286604733608e-01
4.571609004636948415e-01
4.631879040554877647e-01
4.525981560398308901e-01
4.506219073183530544e-01
4.551169270165922320e-01
4.506889782387238363e-01
4.524430723222718775e-01
4.552432785716875596e-01
4.586486053807828922e-01
4.503782261952277155e-01
4.545837174476614062e-01
4.502390381906444805e-01
4.586766095860076997e-01
4.720195219277372178e-01
4.760146435900676209e-01
4.515823262710794150e-01
4.558936931273605553e-01
4.391881401317410671e-01
4.409108373245448353e-01
4.578836935578389777e-01
4.659203354319234047e-01
4.438507820666697246e-01
4.443438340155633770e-01
4.777184645372679617e-01
4.494603555455617960e-01
4.534753399608584812e-01
4.534988172867051026e-01
4.552998551263851557e-01
4.590426547253066980e-01
4.555949586307019294e-01
4.562024971268071605e-01
4.554317513519358651e-01
4.561859481091504187e-01
4.483812882550182732e-01
4.473075651818028686e-01
4.548830968292373877e-01
4.600503911453998063e-01
4.579793361682145680e-01
4.552712654753690580e-01
4.496016408611259174e-01
4.535268224691670902e-01
4.548132495721421420e-01
4.520198258728838625e-01
4.484179797330290485e-01
4.543797110844223774e-01
4.571349226814770406e-01
4.540369167820015317e-01
4.551602876909520701e-01
4.551421179702870856e-01
4.713063661084539446e-01
4.726376421998640942e-01
4.505346184306514012e-01
4.558074809695043528e-01
4.415887963836649388e-01
4.443918957294590300e-01
4.490058588541289697e-01
4.634687357799581742e-01
4.637579364984043551e-01
4.675422152220226057e-01
4.489074586945753231e-01
4.401686770996399156e-01
4.700285471891592071e-01
4.752858126030816699e-01
4.499931768045402070e-01
4.513216704857817008e-01
4.531341932003858375e-01
4.561047256509041525e-01
4.532429067770584186e-01
4.499855501672547775e-01
4.607299542404481585e-01
4.561658001481012636e-01
4.504189279076881158e-01
4.473960564176322485e-01
4.517553193697473879e-01
4.551292387495528557e-01
4.646997412610054390e-01
4.515603692702418459e-01
4.502429376102053404e-01
4.572312545794546823e-01
4.545120905222139185e-01
4.532113210549600923e-01
4.510339748090404499e-01
4.561659048334554267e-01
4.558058334575519899e-01
4.583959668498028828e-01
4.535865252275397830e-01
4.565221993595123262e-01
4.557111024167820879e-01
4.725908686495464139e-01
4.680081566571993035e-01
4.682491485387401120e-01
4.528817791452632302e-01
4.561448759384825191e-01
4.446650988817594241e-01
4.477221333593726649e-01
4.629992239387904496e-01
4.694186983222664589e-01
4.406926950727550474e-01
4.411177853574765328e-01
4.775691786177366227e-01
4.705472852577608500e-01
4.504178844812139482e-01
4.515285526684704176e-01
4.567586451673152359e-01
4.555674127665440554e-01
4.546157284428306022e-01
4.545652177524059367e-01
4.540028529121690748e-01
4.489446171009287556e-01
4.515117991656706908e-01
4.556421356807464629e-01
4.564172629301790352e-01
4.470183474991263894e-01
4.508780501757936876e-01
4.594645796697778284e-01
4.541576747877899001e-01
4.516875275786917387e-01
4.524601322976374851e-01
4.531665836207366960e-01
4.562171825422737248e-01
4.574954101105607740e-01
4.491042432957726982e-01
4.551629782798205515e-01
4.547684566327282463e-01
4.559766129126158751e-01
4.623381858349022155e-01
4.657398876119359099e-01
4.550040782573461784e-01
4.418603464485848509e-01
4.456291282002050047e-01
4.568399205414249709e-01
4.552249884095626031e-01
4.799374801811182034e-01
4.279192889825459978e-01
4.434199430769691364e-01
4.748097938939369045e-01
4.651035418700005808e-01
4.513335434217515818e-01
4.519240513070092446e-01
4.533547612530711701e-01
4.605347976306649604e-01
4.531266231944017786e-01
4.463072682420063941e-01
4.505980968930667907e-01
4.565870343557819067e-01
4.544800597646510565e-01
4.701881759374512693e-01
4.425656506240445709e-01
4.555944114655686161e-01
4.594244375839260930e-01
4.551468339812680397e-01
4.526734944217676304e-01
4.533206007423498662e-01
4.557850085646701910e-01
4.562467740145493278e-01
4.473272149057001545e-01
4.546740037271361223e-01
4.559724838519178536e-01
4.552995865973042400e-01
4.615053192126785109e-01
4.636043686224644578e-01
1.162171407909812881e+00
4.402450758880966375e-01
4.415564322652448248e-01
4.552231576905886312e-01
4.481775147921810976e-01
4.751781303739692763e-01
4.722992593464661049e-01
4.519961670919173113e-01
4.526558179192670117e-01
4.511994000728518084e-01
4.450932165505857574e-01
4.435316415481539987e-01
4.536354790272976722e-01
4.519990173382119614e-01
4.551388744333751402e-01
4.513880997099888326e-01
4.540873854563274858e-01
4.564472421204657793e-01
4.546554458552056199e-01
4.473732206108256282e-01
4.562389776779727235e-01
4.566289122079579821e-01
4.550689304668227297e-01
4.627048524439376642e-01
4.635938505164718948e-01
5.600645152811525307e+00
4.433793867450823156e-01
4.387574086588776345e-01
4.623743649963803493e-01
4.525622752868478371e-01
4.504376938503610872e-01
4.608956932574412857e-01
4.536534253931948091e-01
4.482200653885792807e-01
4.461869404526283556e-01
4.651369470692615082e-01
4.584853196260494923e-01
4.525350256356414635e-01
4.501040067522903976e-01
4.581329995425407753e-01
4.539751984845246668e-01
4.511327459450301114e-01
4.652263270228372827e-01
4.629862436245069657e-01
1.727572122803375976e+01
4.417017097123757674e-01
4.399078964445276019e-01
5.026561328586106603e-01
4.695037969958397173e-01
4.552558760521193681e-01
4.464616965425833306e-01
4.590636630962505738e-01
4.523740719504565355e-01
4.458944340816333729e-01
4.424583285338238303e-01
4.507477723711765250e-01
4.703056806646450094e-01
4.535095693205691836e-01
4.551390978485778116e-01
4.693639119621133005e-01
4.532223347563949511e-01
4.658478077003379014e-01
4.574065736564766338e-01
2.765401305131230458e+01
4.515906277643116917e-01
3.881370093096235263e-01
4.624084517403150851e-01
4.695060652417570868e-01
4.520820544610256175e-01
4.551438205001315240e-01
4.428203980758197988e-01
4.479426755140675231e-01
4.628984845289892402e-01
4.519512143426338002e-01
4.502783371219255537e-01
4.564738851525173002e-01
4.681627859329221542e-01
4.559094986260057714e-01
3.151645773105709480e+01
4.473730145931211766e-01
4.359556329619994064e-01
4.655787896329451336e-01
4.699631691064227734e-01
4.471717579727241265e-01
4.527466786746995875e-01
4.423023818254998019e-01
4.420209445156605410e-01
4.696836411364169739e-01
4.518654148513746582e-01
4.550795529773808967e-01
4.531701259318184349e-01
4.681718312235086943e-01
4.574515656358982274e-01
2.765373373427463477e+01
4.375504312434126408e-01
4.346677731444204551e-01
4.970120448103587663e-01
4.571923260628522057e-01
4.559932178214818332e-01
4.511736705040568229e-01
4.595592512016475339e-01
4.540397372419066047e-01
4.453779053696524937e-01
4.456541803551451464e-01
4.505652830886491822e-01
4.587385699839675590e-01
4.534700813164525002e-01
4.500162631798309554e-01
4.692822885827311330e-01
4.510603307982231081e-01
4.658866297970062909e-01
4.630089517602781757e-01
1.727545548286795452e+01
4.393938021408393957e-01
4.376198892837903642e-01
4.684745669200953144e-01
4.533319802958057365e-01
4.534990559542141364e-01
4.613438776652429851e-01
4.567234113880512258e-01
4.477075898403107823e-01
4.430833723781606448e-01
4.652749875698850013e-01
4.550790266683933383e-01
4.524669234255488393e-01
4.540247840265579371e-01
4.581651210157148824e-01
4.546470034455743492e-01
4.540298051929200773e-01
4.562736405576424126e-01
4.550278524331175523e-01
4.652581177713308036e-01
4.636050252382104553e-01
5.600511150673240124e+00
4.366370173462047477e-01
4.420943750946751405e-01
4.600129049887879962e-01
4.818436367812365950e-01
4.547939484802536181e-01
4.479986476775343340e-01
4.707529609546926008e-01
4.620516028834030231e-01
4.529645548931360288e-01
4.544995818559789402e-01
4.538008473773344487e-01
4.447058519850742853e-01
4.502113537524263798e-01
4.539098539291405721e-01
4.706176431588959264e-01
4.520850265475923613e-01
4.554689092716390775e-01
4.553274500355457000e-01
4.513039395665115472e-01
4.532443197693053483e-01
4.565095148505697309e-01
4.562842010281615845e-01
4.475103332024966685e-01
4.546690925673190775e-01
4.567434805242830409e-01
4.552875262272524925e-01
4.627199874361203613e-01
4.636089669143698133e-01
1.162116532114160439e+00
4.387589558497058118e-01
4.449315353805624040e-01
4.602338065158270153e-01
4.730430268718688880e-01
4.573981602815023195e-01
4.313900538570134002e-01
4.430717209579032589e-01
4.732939719571794268e-01
4.705401858950412630e-01
4.522112531931432589e-01
4.522783720168807031e-01
4.531006226281635296e-01
4.611230785103676011e-01
4.544706102710624473e-01
4.460617876272722770e-01
4.513367814670423694e-01
4.570939365088676487e-01
4.569476607518181410e-01
4.548754429884747652e-01
4.424528121198763597e-01
4.508393588720700507e-01
4.595192930880440119e-01
4.543103220815696841e-01
4.525966188815584990e-01
4.531227486084996592e-01
4.558432325166742460e-01
4.575646081252744968e-01
4.472841621397097289e-01
4.551868788955476530e-01
4.561220574735668221e-01
4.560040232850117170e-01
4.615101438241406284e-01
4.657395810172131334e-01
4.549962207031616468e-01
4.421510746861936347e-01
4.470990758415164246e-01
4.667017709235712353e-01
4.714208674538509225e-01
4.418232331803021995e-01
4.402563541839998318e-01
4.790524870482561481e-01
4.772839471381215559e-01
4.513053959486250100e-01
4.542842011852878392e-01
4.567302357480791941e-01
4.532042018732749256e-01
4.548627419041750830e-01
4.539949120328521937e-01
4.598836185523055287e-01
4.548753292901694389e-01
4.564494456308471060e-01
4.488144148317779747e-01
4.518212904142328012e-01
4.561344932989590539e-01
4.651637211575192499e-01
4.469863272748429428e-01
4.502318207962064389e-01
4.596313624527408326e-01
4.546041073740073046e-01
4.516620110571661906e-01
4.509753209360157777e-01
4.523629136437070652e-01
4.562699025821652099e-01
4.584319014483541621e-01
4.490141396806937024e-01
4.564984680192540889e-01
4.548379353471133646e-01
4.557507729266302432e-01
4.623381286705216531e-01
4.682478012159773106e-01
4.561498454884189147e-01
4.411788870738153068e-01
4.405514718864477208e-01
4.426428233486929265e-01
4.667522623355486733e-01
4.694423511354693934e-01
4.675205764272371001e-01
4.475490810488991777e-01
4.424943768593403992e-01
4.737530376255703612e-01
4.816873909653245911e-01
4.509230962977144874e-01
4.543434131179606705e-01
4.525646295315329248e-01
4.558754823501657838e-01
4.586440119575741492e-01
4.491984630420019498e-01
4.556201949513031257e-01
4.562342957911385555e-01
4.506863214665324802e-01
4.475166661777592592e-01
4.474542854615256027e-01
4.555549771921794666e-01
4.582417744862135045e-01
4.515505790542007070e-01
4.496124808396184114e-01
4.573077226823470953e-01
4.548734440883631103e-01
4.531767504415037950e-01
4.484273352767103593e-01
4.561936293454174618e-01
4.571864705808174612e-01
4.558626362329760151e-01
4.534876392378692223e-01
4.539958080544253538e-01
4.551416297882570627e-01
4.725866318490801743e-01
4.726355551379581299e-01
4.680095065870006343e-01
4.528730973923323910e-01
4.557894715195948687e-01
4.398358886093756692e-01
4.424101230733380463e-01
4.627275740542974858e-01
4.719710014994428771e-01
4.401506004338109346e-01
4.381609772254383417e-01
4.800444127014584228e-01
4.502632357260040186e-01
4.558988453076316394e-01
4.529868173872362846e-01
4.688942165460588396e-01
4.548667287439122076e-01
4.550750386789562674e-01
4.525380071287080086e-01
4.554385721263542464e-01
4.563755849411182397e-01
4.433360669003254539e-01
4.469702573836909498e-01
4.549343617281533803e-01
4.631966710798904874e-01
4.602913159674751897e-01
4.553348515928510865e-01
4.506919342856735011e-01
4.535658390469073376e-01
4.551563078877778890e-01
4.520051980930128721e-01
4.524565440932897253e-01
4.544030805672693019e-01
4.586763367832509819e-01
4.545948535365486598e-01
4.551495913117314940e-01
4.586717164454455209e-01
4.712928179076221746e-01
4.760019379192090283e-01
4.505139346224857344e-01
4.558735594507585809e-01
4.391377015417147200e-01
4.402217491165795749e-01
4.656874378313745622e-01
4.722837121412645778e-01
4.338406054540471790e-01
4.800484546658314033e-01
4.826703751511468021e-01
4.845217017404744864e-01
4.516076869178642372e-01
4.600173829443661710e-01
4.520939068532297545e-01
4.521581405796095132e-01
4.708069733025375680e-01
4.532107961396949491e-01
4.572683931695615822e-01
4.522592348041024057e-01
4.556785809055502456e-01
4.550745261769887917e-01
4.483123481264773003e-01
4.538662694552784704e-01
4.570787133963423732e-01
4.612561756248532707e-01
4.527048476033610491e-01
4.520741325813139588e-01
4.543020169935683694e-01
4.507054724041873461e-01
4.548486402916602778e-01
4.552509945490783028e-01
4.569025203605082686e-01
4.503553297611654904e-01
4.538001124436902844e-01
4.502463501880074603e-01
4.602404272484763026e-01
4.719958544441256731e-01
4.752468533197560796e-01
4.515718895053742465e-01
4.549958131944993878e-01
4.421767307550537596e-01
4.513555900374926488e-01
4.708414412012359440e-01
4.670274187837555324e-01
4.427621207495133215e-01
4.381971174384855505e-01
4.728252017637096238e-01
4.530153958889118204e-01
4.930307204385711017e-01
4.488912711276683010e-01
4.553865575083997363e-01
4.574664737438298712e-01
4.537199435895238331e-01
4.550430145619099864e-01
4.538492099745522479e-01
4.560577619634545443e-01
4.568276697697615796e-01
4.425969610094618312e-01
4.578727025210077572e-01
4.456640805147727979e-01
4.605112610969072096e-01
4.575251286758476033e-01
4.530958846199784618e-01
4.540293448592673808e-01
4.520070091653407007e-01
4.501151243250547385e-01
4.561181679106042219e-01
4.577152563700174204e-01
4.545252391423948435e-01
4.538227101480560854e-01
4.534560051582946505e-01
4.459778273088791933e-01
4.634196227086613273e-01
4.695350141901256658e-01
4.680200007704105603e-01
4.519406774228466039e-01
4.537614951491079629e-01
4.421400889011275481e-01
4.418247326806710729e-01
4.438730483098406454e-01
4.669341625480482594e-01
4.675894360027815222e-01
4.711972053150798589e-01
4.324610409755901830e-01
4.385579164096702343e-01
4.807515840992497846e-01
4.567565755116587134e-01
4.594854255302548429e-01
4.519312019112546874e-01
4.544492273968288032e-01
4.525227971524687920e-01
4.345720704505974807e-01
4.584945764140385682e-01
4.591863831889981817e-01
4.609176945727922470e-01
4.516066635563340537e-01
4.532155589809792051e-01
4.563397649236882181e-01
4.507391331474067120e-01
4.503564425894146517e-01
4.538850549143016999e-01
4.577819235882033544e-01
4.561849536324379950e-01
4.529969102826988947e-01
4.572251812764808188e-01
4.567184796244270206e-01
4.754387555717640157e-01
4.523267116982049307e-01
4.523648830921230268e-01
4.428129667594662422e-01
4.387617432458249533e-01
4.614366426840150193e-01
4.672144645689697007e-01
4.172985106311543624e-01
4.553899574293831520e-01
4.582964064367425761e-01
4.562832706124551607e-01
4.642908188938343339e-01
4.502894442348140958e-01
4.567790854496081576e-01
4.580113502499065237e-01
4.540867220264410697e-01
4.539628889382479882e-01
4.506026883483506551e-01
4.560206232080141753e-01
4.474618798049415647e-01
4.620084092031637168e-01
4.507670610518291765e-01
4.572634816499346888e-01
4.554569887852659149e-01
4.560357105675308387e-01
4.519616165057707691e-01
4.516984191252545466e-01
4.417087950274379837e-01
4.429958765601610393e-01
4.669589692414606308e-01
4.668394525927905825e-01
4.560238012975498245e-01
4.617168389758541935e-01
4.639259537541045586e-01
4.567694225482427650e-01
4.632241905364757883e-01
4.521024805583018225e-01
4.584034836723969164e-01
4.570526441705746179e-01
4.555312422018359397e-01
4.542067850011832220e-01
4.469959104372953074e-01
4.442820038828154128e-01
4.564962545396010207e-01
4.574684509072309835e-01
4.580372671462436540e-01
4.865416555104419838e-01
4.513805326060233991e-01
4.511165612717278339e-01
4.433510594904590540e-01
4.510075428568193767e-01
4.696766177536300102e-01
4.679020679021203555e-01
4.569079292437653317e-01
4.697296583247669854e-01
4.549416689021500981e-01
4.586399032715912649e-01
4.590303502546533854e-01
4.563268359093730631e-01
4.764461970763892440e-01
4.554071778949264071e-01
4.582622484084687975e-01
4.553338689669194639e-01
4.549581705697070544e-01
4.508011562857591192e-01
4.641209913404962806e-01
4.723859429093416051e-01
4.787121832311747593e-01
4.715782636784270898e-01
4.502870836936825327e-01
4.507355234562855917e-01
4.472363313998138912e-01
4.476351086371691546e-01
4.684891958219261632e-01
4.650841952369025867e-01
4.510878791133623444e-01
4.715098402180206705e-01
4.540622388911537688e-01
4.544130027633543900e-01
4.681275161137448126e-01
4.661737164414793688e-01
4.669121839128053120e-01
4.480778947602557793e-01
4.603896175471794971e-01
4.534846403106758683e-01
4.638919780848274055e-01
4.573686442219699333e-01
4.541220027424729966e-01
4.558810180086799724e-01
4.785334846415737475e-01
4.757106342665550214e-01
4.724367718669058580e-01
4.491243162009049272e-01
4.492646206904402084e-01
4.452940099424757547e-01
4.366375016528972197e-01
4.434810595871141459e-01
4.599036159967977433e-01
4.650132099142266218e-01
4.690005482856124952e-01
4.500494754236635808e-01
4.522629839672159813e-01
4.518122934966087856e-01
4.524423432386274202e-01
4.543323428126812003e-01
4.535867853856538900e-01
4.610324932771902584e-01
4.667153428357898592e-01
4.632124292968892720e-01
4.388325016894148445e-01
4.581712442922809547e-01
4.627818041994796183e-01
4.384735019883795326e-01
4.315924613803962528e-01
4.764893688156700002e-01
4.896210522173482516e-01
4.478791090754720705e-01
4.471919406524895169e-01
4.403458149243655861e-01
4.436535246696582946e-01
4.630197498570584602e-01
4.727219771201542353e-01
4.504806022050715231e-01
4.678214389957169317e-01
4.534545846070007213e-01
4.525530535593841885e-01
4.615899427969267776e-01
4.773979867942177990e-01
4.633098192469741750e-01
4.348082239636741897e-01
4.585316168474711795e-01
4.602718910624146731e-01
4.477051245459660045e-01
4.425059584103076538e-01
4.701096244943419045e-01
4.960353285726594730e-01
4.694478738640927573e-01
4.467304398329254855e-01
4.443491337437337485e-01
4.428245899588839074e-01
4.501723918589293771e-01
4.665805594665927702e-01
4.742269492656424057e-01
4.611651116656947380e-01
4.746983069767374830e-01
4.591690545186665751e-01
4.523710947665511295e-01
4.773467414423571142e-01
4.595233739831785513e-01
4.880452185135846221e-01
4.558197012183571317e-01
4.600125284006764681e-01
4.657455909697394425e-01
4.597172249929469823e-01
4.584848278155559953e-01
4.498120907372631927e-01
4.421412313236056657e-01
4.608157975643865645e-01
4.622831091075337295e-01
4.598140063228957630e-01
4.422619057496025019e-01
4.739490989971881785e-01
4.885956941908790596e-01
4.726084207721194530e-01
4.442795502774861682e-01
4.430989654589853055e-01
4.460639390938975768e-01
4.436853243408704350e-01
4.649965926460105092e-01
4.657691680539378098e-01
4.613250946916513939e-01
4.617797906872262437e-01
4.618954423134040699e-01
4.621995678055993984e-01
4.521354158355710973e-01
4.539527820920042922e-01
4.547598704385507062e-01
4.790842927230939408e-01
4.317969786038595159e-01
4.553831693649899592e-01
4.577559961545005218e-01
4.728664419273526653e-01
4.604890632284421303e-01
4.497425775690054861e-01
4.480542630758296285e-01
4.561502522026300022e-01
4.343502480661496912e-01
4.619730623653225954e-01
4.626956916142911380e-01
4.606088939008247118e-01
4.441204739463397444e-01
4.581676409272451567e-01
4.653008883271016471e-01
4.591645068977829869e-01
4.676326914593306183e-01
4.377846486650114333e-01
4.758028553519585424e-01
4.723780694053348328e-01
4.765231313560432391e-01
4.431130855234258759e-01
4.432161556493632304e-01
4.426735305053076108e-01
4.322193739985752403e-01
4.276221748376553000e-01
4.367025408096874561e-01
4.601945365677820310e-01
4.607847072661289678e-01
4.693373233587626592e-01
4.558076431888077873e-01
4.677720743761352162e-01
4.591607552274788451e-01
4.486306602191801884e-01
4.698729430467730728e-01
4.518874492809339949e-01
4.527378731272319046e-01
4.684438387103020962e-01
4.476593832997975420e-01
4.591658653659310696e-01
4.796391600707654579e-01
4.604439152829896131e-01
4.597378519546889142e-01
4.420989933142372985e-01
4.513941431280535932e-01
4.482296509775062221e-01
4.512556458867058584e-01
4.826233276417567497e-01
4.756676377087034058e-01
4.279928926461460392e-01
4.656004828003815210e-01
4.641439189405250909e-01
4.629820369835130900e-01
4.624593575574919013e-01
4.431784996357231443e-01
4.656433973076031796e-01
4.488988172815865374e-01
4.469919265952237986e-01
4.651662305779148410e-01
4.502726777077710185e-01
4.407107464357434279e-01
4.768215496722191249e-01
4.790461942832026643e-01
4.784866964456529481e-01
4.435358679052467945e-01
4.521321122558032979e-01
4.365217875075695364e-01
4.455153235938740242e-01
4.601028203151561469e-01
4.637514794232727722e-01
4.458584995829973363e-01
4.773167763548444298e-01
4.552876190436347392e-01
4.574757393106397840e-01
4.493832556074807139e-01
4.718865092137012329e-01
4.505591730474225454e-01
4.514499796486710625e-01
4.756181714652721326e-01
4.967290127227371177e-01
4.382024524104725094e-01
4.566362916033656072e-01
4.691980847667143184e-01
4.583952842245967441e-01
4.590888323430717399e-01
4.439491619373724385e-01
4.619513376113118519e-01
4.452276546101470722e-01
4.504696631315764921e-01
4.465948256599260313e-01
4.735351894871572265e-01
4.474088365965146474e-01
4.375392683186158926e-01
4.664390760961519833e-01
4.651799218099411659e-01
4.643473310588743241e-01
4.418924688819578783e-01
4.599758836098399306e-01
4.457684831572774620e-01
4.581415440451536703e-01
4.655927638719146722e-01
4.462703113476411132e-01
4.775811407752223459e-01
4.816636098710408986e-01
4.788649843406264095e-01
4.406158519786750327e-01
4.561837664850849627e-01
4.394661845405797296e-01
4.474997820656981817e-01
4.453933559489970939e-01
4.447162809439658693e-01
4.674722629728826906e-01
4.908001361446152067e-01
4.790863035084037547e-01
4.913181926766820862e-01
4.690344707360490362e-01
4.588026561384208613e-01
4.512559839632280800e-01
4.508791842192991228e-01
4.652630476085506950e-01
4.512207209150463916e-01
4.540943821745502817e-01
4.683044590911215610e-01
4.509674234787834912e-01
4.466217056408183228e-01
4.476898592094351592e-01
4.752432448585832137e-01
4.548152576462572427e-01
4.620075532267503005e-01
4.455539504994847633e-01
4.588524253191371693e-01
4.458284481732174842e-01
4.493804268814071690e-01
4.783817784808012119e-01
4.279234055348316579e-01
4.663678453454143114e-01
4.668794551514892088e-01
4.658314932842106959e-01
4.414657746152510498e-01
4.548713681290244559e-01
4.449363530524151900e-01
4.619351400177026945e-01
4.408460542105027136e-01
4.411228108659392966e-01
4.741087090781314073e-01
4.886533729723054331e-01
4.778895761826996713e-01
4.418392678408079588e-01
4.385176316285702702e-01
4.433998070473301190e-01
4.633538594000654043e-01
5.072157790526806709e-01
4.900019532362569485e-01
5.073127351902529947e-01
4.075655155235463067e-01
4.113817372301032949e-01
4.059324662929918448e-01
4.391774634896444263e-01
4.736348619810525906e-01
4.506155618100979865e-01
4.703504520078487516e-01
4.559082559433151882e-01
4.636882756643896375e-01
4.472055291378045361e-01
4.618214689541276230e-01
4.470034653956674320e-01
4.473216378359650136e-01
4.499668278366995011e-01
4.823483900827695292e-01
4.865434829168815423e-01
4.397467177440350650e-01
4.317930748047430489e-01
4.648149412747779041e-01
4.752085601835612239e-01
4.669221912822605902e-01
4.409936219174587779e-01
4.493678135316858113e-01
4.446939443201642916e-01
4.558044120406625210e-01
4.522794770133936049e-01
4.743275674504012218e-01
4.814754928013594837e-01
4.429144480922302396e-01
4.386376627341030954e-01
4.448811443325420556e-01
4.467479631623876291e-01
4.625354532793023998e-01
4.442670269762351021e-01
4.359271490535245874e-01
4.637146921790730181e-01
4.330202006337193210e-01
4.433329026206184187e-01
5.413708993369070743e-01
4.576844509214515466e-01
4.897037059694065997e-01
5.693043142509390808e-01
4.597653167344057379e-01
4.577200986646550174e-01
4.672791240341855334e-01
4.734052620736128869e-01
4.700064525662427939e-01
4.673379108358658440e-01
4.695049169706650427e-01
4.748727730777408396e-01
4.443275045641825738e-01
4.649578466421020462e-01
4.491597631018243719e-01
4.488291663267641174e-01
4.708564557029923936e-01
4.288860877352916323e-01
4.636428293332335304e-01
4.752858857541172877e-01
4.685291599019706932e-01
4.392694410468679922e-01
4.491161743971927578e-01
4.445714605656234664e-01
4.828193771023698844e-01
4.970101530900086773e-01
4.427204472462842877e-01
4.314750160855266303e-01
4.436755572332501396e-01
4.501853701072587866e-01
4.502969936449986998e-01
4.466148597072587823e-01
4.365333204138690526e-01
3.783110985572096241e-01
3.190862783252478851e-01
5.274359695833694683e-01
4.536955062117970505e-01
4.625860469378011985e-01
4.495308460349040081e-01
4.499359222336247188e-01
4.559657705747715561e-01
4.596475220540309770e-01
4.604518156953650299e-01
4.622945445501321360e-01
4.636135906150091746e-01
4.451071939840666736e-01
4.765763919851074837e-01
4.479353155563717825e-01
4.485978682282977248e-01
4.647725668555118816e-01
4.318037273600295323e-01
4.295988744503360657e-01
4.608580315911214864e-01
4.735506531129526908e-01
4.737745727991404254e-01
4.383370547318262145e-01
4.448420287908401716e-01
4.417380160790947419e-01
4.665361875636786504e-01
4.911870173438425691e-01
4.663981166383859844e-01
4.765858626526580100e-01
4.420649400388405037e-01
4.381537627931407775e-01
4.454701884534077450e-01
4.498904205736286022e-01
8.066637009525124968e-01
4.488974473638625562e-01
4.552722012695747944e-01
4.173408874268402236e-01
2.776442914188885780e-01
4.467076094058286539e-01
5.073559840726646897e-01
4.782271767889361147e-01
4.618965874748651168e-01
4.597760603138560942e-01
4.572521701753108347e-01
4.405935428023713962e-01
4.633653740059539006e-01
4.513488700607116155e-01
4.586120452688635107e-01
4.651190240540739596e-01
4.369286952009971969e-01
4.431545060276673720e-01
4.434141519990839608e-01
4.700923941504605574e-01
4.792275820617177828e-01
4.699707465151348185e-01
4.848286224911592668e-01
4.390380100764652016e-01
4.467309208216325711e-01
4.430584268953074445e-01
1.028850325252237408e+00
4.523713246786518760e-01
4.435948729987360672e-01
4.500616344832684690e-01
4.465044627587663184e-01
4.587564516629286659e-01
4.670896668730832868e-01
4.583999943251130249e-01
4.602963415888198795e-01
4.557290347726523638e-01
4.359238312949900163e-01
4.484354887649351085e-01
4.426277245203011357e-01
4.636966823104749502e-01
4.860958014113836434e-01
4.680754957797667037e-01
4.789466058944195637e-01
4.742241955855742153e-01
4.375234091030022476e-01
4.595927210872336466e-01
4.406895249670794712e-01
1.125796138761157916e+00
4.427614686702637248e-01
3.950774042961996413e-01
4.732548271590969469e-01
4.726092177977845865e-01
4.486849834430653994e-01
4.577629154340945306e-01
4.606695819048712837e-01
4.568208021570210886e-01
4.565031661482454872e-01
4.561963364862092196e-01
4.562247650415103828e-01
4.568151753585599217e-01
4.578982300309872300e-01
4.598949630244230646e-01
4.614817480869915500e-01
4.691780185472733677e-01
4.627325787024312853e-01
4.351052554682444673e-01
4.639829105229026363e-01
4.248293072818531968e-01
4.630900702021241155e-01
4.823308749909138715e-01
4.666176055408343126e-01
4.753011651493102008e-01
4.747187161643016129e-01
4.331494299829274364e-01
4.578221388678557768e-01
4.352577737945241276e-01
1.293001121232848938e+00
3.548681098530851452e-01
5.399127793456780511e-01
6.022342536352477405e-01
5.950024844784523870e-01
5.783631029142140001e-01
4.925674568807422160e-01
4.294420016508765925e-01
4.262646479048163850e-01
4.359470300373799456e-01
4.522503661837914413e-01
4.597175874488241831e-01
4.622039323040368908e-01
4.633033359365358872e-01
4.668968934183622133e-01
4.640895700237446242e-01
4.320322152877755228e-01
4.261921302605916062e-01
4.680274759420238739e-01
4.739048946975919496e-01
4.620013358910944890e-01
4.663495607402996512e-01
4.746388830680787763e-01
4.737156146353416752e-01
4.354687037240871361e-01
4.352459698656970799e-01
1.481640893078930432e+00
5.504988483354984474e-01
4.396637635728143367e-01
4.212433511139884734e-01
4.455593210351447286e-01
4.672642253488720754e-01
4.662996309865929945e-01
4.569476743209635039e-01
4.616075810194434914e-01
4.662923611864105422e-01
4.845960317391934113e-01
4.387081089085711483e-01
4.278053516273432888e-01
4.384716935636505664e-01
4.026776981733682925e-01
4.851038514030358018e-01
4.771902607407919050e-01
4.356506808458498470e-01
4.386806782278199757e-01
4.411020531137096468e-01
4.368373479885371835e-01
4.291640743278616887e-01
4.395476302006206537e-01
2.241108827243751822e+00
1.948586155571682355e+00
4.324255402259097880e-01
4.604552863507279103e-01
4.391232819886465299e-01
4.406613640131761267e-01
2.590160763541864863e+00
4.308616320581100667e-01
4.429559158495847138e-01
4.432035964965051478e-01
4.412797351290015935e-01
3.019741912691955132e+00
4.388619168756003885e-01
4.543698924442001186e-01
4.352293918398197348e-01
4.463894805626409945e-01
4.492019950029483844e-01
4.420009822374432185e-01
3.574806808271641767e+00
4.383422946057167757e-01
4.497887242094822935e-01
4.427720555694819038e-01
4.481818215559380536e-01
4.479850992345774108e-01
4.354193841939584253e+00
4.421829801007485239e-01
4.490474921024590893e-01
4.454533604418657866e-01
4.484146823556987016e-01
4.468925728469107517e-01
5.643555675524392079e+00
4.425166932641048656e-01
4.586093668633819953e-01
4.463630671943282779e-01
4.506091525423962518e-01
4.490434588681667671e-01
8.820011404480061046e+00
4.446070104675660106e-01
4.681972909368171676e-01
4.460131077462209936e-01
4.506273787852314583e-01
4.493435037684602729e-01
1.138598228612227992e+01
1.798446776513746315e+01
7.412274674841731859e+00
5.664144864424170756e+00
5.013832996133094966e+00
4.603749661977754926e+00
4.295962717947496401e+00
4.045308409576141351e+00
3.831498882798899164e+00
3.643335342699734358e+00
3.474029027387556923e+00
3.319231069550983904e+00
3.176061494030916865e+00
3.042581536818401489e+00
2.917486442956914505e+00
2.799914599658372971e+00
2.689320237679250880e+00
2.585382054141135200e+00
2.487933073305172993e+00
2.396903878205462579e+00
2.312274905675490544e+00
2.234035352922550732e+00
2.162147266329777828e+00
2.096514092709132360e+00
2.036953703875547639e+00
1.983176848673023906e+00
1.934773145859842947e+00
1.891207848101273070e+00
1.851833140365703567e+00
1.815916981653632911e+00
1.782689911246061465e+00
1.751405899524015375e+00
1.721408321004908482e+00
1.692188500980928101e+00
1.663424239207116573e+00
1.634990309903559424e+00
1.606941049424906121e+00
1.579473547527555866e+00
1.552884854947733873e+00
1.527535762088824578e+00
1.503827718101875544e+00
1.482191435325448392e+00
1.463079376449067270e+00
1.446952001558351908e+00
1.434249419128438285e+00
1.425344226723806340e+00
1.420475778790163623e+00
1.419669837442055771e+00
1.422651093456154925e+00
1.428760977339091465e+00
1.436900586674804359e+00
1.445526926865319028e+00
1.452734397448449011e+00
1.456443941943372566e+00
1.454693179756517685e+00
1.445976518506476571e+00
1.429544421487209505e+00
1.405563115918493589e+00
1.375075221884844545e+00
1.339773725288418316e+00
1.301667808159270745e+00
1.262743751535906123e+00
1.224701027334671677e+00
1.188796125282503224e+00
1.155785849552654954e+00
1.125944735170305133e+00
1.099134774007335169e+00
1.074915706573787988e+00
1.052688014956650653e+00
1.031854706313537928e+00
1.011977356587305144e+00
9.928960448502703873e-01
9.259077641661577207e-01
9.228736655845728443e-01
9.345905036511078512e-01
9.884578637862865280e-01
9.672159550577985598e-01
1.009511678320169636e+00
1.026214316519133529e+00
1.033037743201271841e+00
1.023170006210614158e+00
9.886936984943387463e-01
9.206110819095679743e-01
8.083618009559715434e-01
6.481592950855545876e-01
4.805093308809157415e-01
4.418574971840147358e-01
4.503307969693696733e-01
4.513449378454441052e-01
4.504957641436331262e-01
