1.744854031868586475e+01
1.108823107441612343e+01
8.598560606694165998e+00
7.271076611694540226e+00
5.601742304010215889e+00
4.990711636559079345e+00
4.608619178573002628e+00
4.322943080065383192e+00
4.090389905322476594e+00
3.891426175119651276e+00
3.715193019826445120e+00
3.555098759782838957e+00
3.406981420446176134e+00
3.268195611725331240e+00
3.137096258154193240e+00
3.012715117931317632e+00
2.894541109983155280e+00
2.782363373793703243e+00
2.676157082483258787e+00
2.576000915220950205e+00
2.482018464894911070e+00
2.394337050753640561e+00
2.313058092883317762e+00
2.238234092327529012e+00
2.169848530859434632e+00
2.107796612295413929e+00
2.051866600327227452e+00
2.001723424396587792e+00
1.956897999753878459e+00
1.916786956142871867e+00
1.880667644184516485e+00
1.847731835102594422e+00
1.817138208788537490e+00
1.788078984674144722e+00
1.759851175164786730e+00
1.731919760052281987e+00
1.703960198674208559e+00
1.675871648981622108e+00
1.647759084577276711e+00
1.619890046048253263e+00
1.592637579409258874e+00
1.566423192595371328e+00
1.541671823459987323e+00
1.518785599406986098e+00
1.498136321857007180e+00
1.480070297764707554e+00
1.464915291067623526e+00
1.452979035332529367e+00
1.444531770118224090e+00
1.439770340743595556e+00
1.438766666222464519e+00
1.441407197454371181e+00
1.447331654747204599e+00
1.455879387184816132e+00
1.466051709555991955e+00
1.476500388898729810e+00
1.485556797322542755e+00
1.491320946082563159e+00
1.491828546185210991e+00
1.485299351742737084e+00
1.470437812566180114e+00
1.446716845764298265e+00
1.414550971903122401e+00
1.375281268457400063e+00
1.330955848236390127e+00
1.283967839066817884e+00
1.236663551810259998e+00
1.191028905243850744e+00
1.148511902475809920e+00
1.109978878355379894e+00
1.075765123121428912e+00
1.045775853984154402e+00
1.019609457144092124e+00
9.161565631221115780e-01
9.074705270282109604e-01
9.027484453538892062e-01
9.085946590637293818e-01
9.203343934015457695e-01
9.380430175817162652e-01
9.610134360512029295e-01
9.877048330255528974e-01
1.015565971516254384e+00
1.040881445085791945e+00
1.058679593645693195e+00
1.062758366748369099e+00
1.045877495985388927e+00
1.000064913786343546e+00
9.167937124677725258e-01
7.869534237753740280e-01
6.103166517822622428e-01
4.323459982496939413e-01
4.164457442939904497e-01
4.430488769545927186e-01
4.425615800166058933e-01
4.366315726585603407e-01
4.321372269950666256e-01
5.518765087732036889e+00
4.159469325318732036e-01
4.248697047206487776e-01
4.424998175551943524e-01
4.355160417430820607e-01
4.298562332562147481e-01
4.258907150565093502e+00
4.173085976776351180e-01
4.272157750783385222e-01
4.436407661043771933e-01
4.417593714068709931e-01
4.409448006751581217e-01
3.490405975730038524e+00
4.231421760491156370e-01
4.221410392922576582e-01
4.418708026331001348e-01
4.442752725987187956e-01
4.410095598282253171e-01
2.938665052474323414e+00
4.280471904857947041e-01
4.086536645345945629e-01
4.344059314344589362e-01
4.437857331250746884e-01
4.423008909405278244e-01
4.415533452412302995e-01
2.508728938206593817e+00
4.225733859441626050e-01
4.021326299971175744e-01
4.345386000708220675e-01
4.341727610903707291e-01
4.254597831075139780e-01
2.157619262885219324e+00
4.186530356667200747e-01
4.074962682749070919e-01
4.303910815137770851e-01
4.382025544831418262e-01
1.862635794102834197e+00
4.131884404665310817e-01
4.116218017667882534e-01
4.159852685000532402e-01
4.098884971751894368e-01
4.105802109694469682e-01
4.265635578593448551e-01
3.282074998376791064e-01
2.284358050625388548e-01
4.971083997402711008e-01
5.025263569208545666e-01
5.022718102969381260e-01
5.030806916476563417e-01
5.076585967565646618e-01
4.123566029022719404e-01
4.012344329525897035e-01
4.260691653176620908e-01
1.206947874857778880e+00
1.393769723429908902e+00
2.747182699206511813e-01
4.779526906439430789e-01
4.813879628575229441e-01
4.909121177226961064e-01
5.195861787595218440e-01
5.141425597941244874e-01
5.199086037563127594e-01
4.142883732946563979e-01
4.192629467444743407e-01
4.158230105121303866e-01
1.046934736915310360e+00
1.814076830811164054e-01
2.120171465284427514e-01
4.682018160333603629e-01
4.417120363787576665e-01
4.728784193337105535e-01
4.658991221521815995e-01
4.620138105312355803e-01
4.658374780184169062e-01
4.691741424465651344e-01
4.707574629013684397e-01
4.741880301859498492e-01
4.786905501563102905e-01
4.849306712735703684e-01
4.940178937191113118e-01
4.880863338048892497e-01
4.822630768817829372e-01
3.860349418287513656e-01
4.764492014490247507e-01
4.909163105766449209e-01
5.081224869635286856e-01
5.383812002090136994e-01
5.272305091833534574e-01
4.161190980495969582e-01
4.297748372120612781e-01
9.105507570748748725e-01
3.192506315951750273e-01
4.199829531531094062e-01
4.202012455424662396e-01
4.665654664122422246e-01
4.645680152180160505e-01
4.638817152377476827e-01
4.637053739465964441e-01
4.664210428200695202e-01
4.699304382529627122e-01
4.772033693125352083e-01
4.876579921387744210e-01
4.879357338072172201e-01
4.882843306599728428e-01
4.160779473541891260e-01
4.353323988951480206e-01
4.235806280404654789e-01
4.861731909609430802e-01
4.895070372766044398e-01
5.068655754284191461e-01
5.422252730941059529e-01
5.258595864513934126e-01
4.191414186598228508e-01
4.086719623614601948e-01
4.314167814937906464e-01
8.137561584354532362e-01
5.161651144357298771e-01
4.137164462188541170e-01
5.347950485893151473e-01
4.155531630696165379e-01
4.183977883447206891e-01
4.191885831445941180e-01
4.719087677533603253e-01
4.821749769008324416e-01
4.754576063007995845e-01
5.135289032759940975e-01
5.430773588202171265e-01
4.330793559543564819e-01
4.415315101827365085e-01
4.376556030567979039e-01
4.888574730954269865e-01
4.909419913546559933e-01
5.180764739985711520e-01
5.288798049614126251e-01
5.254175247249368574e-01
4.232004785145452308e-01
4.263098267627126736e-01
4.263921542004447951e-01
5.509535202475820403e-01
4.903605877465534446e-01
5.128592154974956907e-01
3.649050864550071327e-01
4.345240250562171225e-01
3.445124935190341797e-01
4.909725331692072481e-01
4.874393588390590892e-01
4.815016139655767247e-01
4.622215273094233412e-01
4.710291042133921136e-01
4.721733480865989430e-01
4.892753914762242862e-01
5.038382315975202808e-01
5.229979956972578004e-01
4.973419124870216423e-01
4.943303248469133604e-01
4.189716186364601525e-01
4.337315858446774697e-01
4.533700971259769785e-01
5.963306545569608819e-01
4.445629465668866076e-01
4.500708341764748099e-01
4.818633018374211541e-01
4.934996320938185854e-01
4.976976259261692292e-01
4.257536865103732082e-01
4.293509611675606630e-01
4.238012650461425723e-01
4.222263834491482015e-01
4.372491985292663585e-01
4.234104927944764007e-01
2.753379148964970047e-01
3.481047554828858304e-01
3.854454057655652410e-01
5.007091907633441918e-01
5.344470126097280449e-01
5.093614291745020006e-01
4.253770268448509584e-01
4.490769792937163718e-01
4.424445059068328745e-01
4.420303878260612995e-01
4.679154771073255614e-01
4.726600427536166715e-01
4.758152521947879854e-01
4.788035302824010242e-01
4.885276354503784724e-01
5.019286476934392560e-01
5.287412579427382964e-01
5.048346460128584345e-01
4.170034485586653350e-01
4.319103618649615117e-01
4.318958840834261625e-01
4.254587406949771888e-01
5.697049439843083762e-01
4.684238613918046967e-01
3.892255560777306833e-01
3.820107737887640242e-01
4.569116959283422985e-01
4.584826438149015582e-01
4.586268181783308973e-01
4.440919504949861207e-01
4.438378251641583727e-01
4.503469365822057036e-01
5.126332933675435966e-01
4.794732685856324950e-01
4.085320318537137840e-01
5.149868061250233442e-01
4.282652547408619670e-01
4.370061752936770239e-01
4.394260901624761906e-01
4.319020492578425907e-01
4.272503194080795597e-01
3.497473806119782425e-01
5.125955239913021488e-01
5.144649041285346280e-01
5.027362359090814525e-01
4.842847596002269883e-01
4.894142945453256455e-01
5.150828452428323212e-01
5.011671146552711953e-01
4.125560853080289525e-01
4.462528674987890076e-01
4.439306475125424090e-01
4.824063640667298203e-01
4.686642850690015405e-01
4.780750717078296463e-01
4.767157749402359812e-01
4.281346807674471511e-01
4.401284624502419529e-01
4.503683106847949369e-01
5.187778586696480954e-01
4.143594195929168333e-01
4.589204863324818362e-01
4.658489076395458395e-01
4.648217754049226436e-01
4.446995107222464494e-01
4.452902865354513851e-01
4.552255129698535852e-01
5.374608104865723490e-01
4.840771085580625743e-01
3.995766462755095394e-01
3.982240665209409447e-01
5.024763227311707103e-01
5.214284770495728472e-01
5.408957015875873742e-01
4.297605661536341159e-01
4.277364072542990669e-01
4.533142458079498782e-01
4.300510805972389550e-01
4.279135255229177814e-01
4.432565926895977726e-01
5.037057807187835801e-01
4.923512591918644543e-01
4.824386552546574558e-01
4.715259980579844523e-01
4.895097436237811905e-01
5.307254742204614573e-01
5.364285410716549407e-01
4.237268666787920024e-01
4.306955718594355220e-01
4.397500260061406041e-01
4.501024841102948537e-01
4.564919293571567671e-01
4.618724332679131628e-01
4.381345571771301795e-01
4.750613496844708905e-01
4.981088155262858863e-01
4.969808364171674486e-01
4.290803371693999724e-01
4.360836718231411724e-01
4.416521327332219582e-01
4.455517470759057796e-01
5.345506784550477786e-01
5.254927456268914110e-01
4.133724406343066704e-01
4.172760390007091424e-01
4.683348651652060601e-01
4.710937311061572097e-01
4.716188306166197997e-01
4.436399593971291910e-01
4.460129654608033234e-01
4.588728938822418946e-01
4.956365691723374489e-01
4.021404831885213582e-01
5.035236799958887621e-01
5.159820446794035620e-01
5.370130225333035190e-01
4.264492621342260703e-01
4.299771503902187764e-01
4.447890199916648135e-01
4.325805514487926495e-01
4.289701148829049848e-01
4.871502502620000952e-01
4.895635835786278367e-01
4.389214116551274358e-01
4.881974163798991073e-01
5.017729598656512913e-01
4.986030817309701768e-01
4.980599929714447649e-01
4.277236588061730238e-01
4.285874983086904177e-01
4.420230849476969315e-01
4.514179068427773278e-01
4.697898833094580340e-01
4.374483344698656406e-01
4.786877625379323820e-01
4.739676052406907591e-01
4.914027949260912354e-01
4.972715125919814350e-01
4.293510936504517650e-01
4.418198646399028595e-01
4.446630072877384987e-01
4.502777598686357186e-01
5.040872258837767461e-01
4.213846439963382373e-01
4.726661367472335118e-01
4.717680050340617992e-01
4.719933677431479291e-01
4.433851929561868355e-01
4.471100123182280561e-01
4.570075606995236961e-01
4.975230100702304203e-01
4.956748736751800943e-01
4.189049982225693802e-01
4.222092604932084492e-01
5.082385228662764654e-01
5.152686930707478519e-01
5.415692017037450068e-01
4.344264127772004547e-01
4.344604902505411204e-01
4.314502412865858783e-01
4.218219385437079194e-01
4.177789761094682364e-01
4.803139722937742051e-01
4.792064459989573422e-01
4.967029841514212229e-01
5.087367801289096603e-01
5.198928789542235362e-01
5.328444081419162481e-01
4.242749755119177846e-01
4.315991985207832671e-01
4.372223106544335658e-01
4.355484952245158303e-01
4.874032040150438339e-01
4.700341475263022928e-01
4.186260355615810114e-01
4.293109988613031947e-01
4.853442046514571673e-01
4.800461130421236899e-01
4.956772449864249586e-01
5.062570376960398022e-01
4.368841475239402250e-01
4.448673818087628407e-01
4.499376619979073566e-01
4.560934440100914422e-01
5.151306415954978180e-01
4.050976780038230141e-01
4.149362743297888567e-01
4.732715258240517420e-01
4.714041924922910409e-01
4.696517005540051803e-01
4.443346638848961194e-01
4.481212638685779237e-01
4.472526901600736848e-01
4.455893087092497318e-01
4.921786097789012659e-01
4.195749266105236464e-01
5.070529051904298923e-01
5.086049199635090945e-01
5.294811499845409886e-01
4.279526334232642282e-01
4.393145981308842485e-01
4.192607438983034229e-01
4.176301523610570499e-01
4.243242660284832213e-01
4.758568213017875248e-01
4.825623906391395268e-01
4.806724641018831901e-01
4.930891577832551276e-01
5.181245068713362656e-01
5.209651755631286019e-01
4.323273881369424365e-01
4.367090574330132480e-01
4.371649070044937302e-01
4.766621262194631892e-01
4.356770587655395266e-01
4.777470325481096847e-01
4.842458632512388061e-01
4.865489672114737818e-01
5.036426950527496116e-01
4.517601605113361063e-01
4.531788487231407925e-01
4.768246696384928485e-01
5.164682349482314638e-01
4.937487650197118216e-01
4.265799411065436808e-01
4.728482376732780490e-01
4.711135893047856404e-01
4.675268463468041924e-01
4.462224904312737661e-01
4.507616048346836934e-01
4.597890469914190925e-01
4.895662345004368476e-01
5.023733466120400282e-01
4.228020239332890839e-01
4.153455843100706812e-01
5.149161634061700799e-01
5.148523747371412940e-01
4.364514116980712233e-01
4.456994039252373252e-01
4.192286224374272008e-01
4.229770652376615980e-01
4.838314407272304440e-01
4.814851798832038288e-01
5.153910315472847170e-01
4.983678672090651185e-01
5.250265226368582283e-01
5.334883049972692914e-01
4.395871580769471487e-01
4.482242694604002264e-01
5.372205185144428574e-01
4.383052231440716651e-01
4.178265665995886669e-01
4.752065327188468302e-01
4.862995543724391578e-01
4.877824114827048474e-01
4.515565841338949338e-01
5.142349611547681887e-01
5.092237666624845893e-01
4.409667282397459753e-01
4.144485438772317343e-01
4.721798989506026389e-01
4.705811770354086931e-01
4.665084908136500896e-01
4.435869732733115911e-01
4.566544959847858576e-01
4.783747792145349731e-01
4.778231602178048543e-01
4.224964457940175722e-01
5.145546683249520026e-01
5.105955390873428978e-01
5.242961082998744970e-01
4.434756314894506279e-01
4.482013669204267803e-01
4.110274577152738251e-01
4.082180003638019028e-01
4.811610110986191957e-01
4.833099854361074810e-01
4.976452115122898534e-01
5.061844964281204673e-01
5.170542674125864213e-01
5.319614273204686938e-01
4.383255228627428446e-01
4.739069476497988487e-01
4.107857579641462920e-01
4.782560300933381137e-01
4.777115599455266648e-01
4.786560427286716268e-01
4.847779879423299021e-01
5.148623188560546016e-01
4.297103619220459803e-01
4.707210479623735178e-01
4.701001278803888517e-01
4.643651274468321155e-01
4.669432375392525425e-01
4.288278994804450850e-01
4.126012622553961728e-01
5.059013974588268958e-01
4.959512754367874088e-01
5.156990607389548842e-01
4.486856769874529860e-01
4.463744171971928409e-01
4.036851829089784793e-01
4.052108672267623057e-01
4.767664567644104845e-01
4.802655687879178736e-01
4.909322588574130397e-01
5.142582559675827891e-01
5.192316166089692153e-01
4.501434764459971150e-01
4.736203707456346779e-01
4.715201723673760892e-01
4.840238706404138558e-01
4.302412872857020454e-01
4.698648917960704940e-01
4.671693501138842741e-01
4.673344065204065312e-01
4.270723133331287280e-01
5.116484157890766049e-01
5.101174923548508211e-01
4.546054269176998952e-01
4.492801163995320257e-01
4.113410373830580502e-01
4.133603739110526254e-01
4.192669686902371629e-01
4.705139062389436799e-01
4.773403019904833289e-01
5.016306728797724768e-01
5.063626592301700979e-01
5.171797116874299327e-01
5.171777690643089009e-01
4.525417891828577011e-01
4.655832957022463803e-01
4.678461624162916777e-01
4.230337491820980733e-01
4.378532985074445327e-01
4.075041594296211489e-01
4.497407472829255126e-01
4.420112558625289845e-01
4.181261176374658772e-01
5.098003658911512970e-01
4.925037169445612428e-01
5.106547642645432594e-01
4.492634468508942547e-01
4.518466872680529378e-01
4.238672114010036407e-01
4.274406291578852213e-01
4.754258270987729018e-01
4.794303292202773958e-01
4.730827243333771692e-01
5.060647951814307710e-01
5.313443213362942785e-01
4.855618361754278633e-01
4.644456997071862436e-01
5.059014089876433529e-01
4.232382410344346924e-01
4.365108526949662004e-01
4.372819252784998501e-01
4.465326562885277295e-01
4.539845140227775078e-01
5.076460739481865048e-01
4.826209509183217450e-01
4.523281085979334870e-01
4.519550564644743140e-01
4.164181058439591632e-01
4.145419162581721606e-01
4.784517818237383202e-01
4.775099757554754354e-01
4.144604644581965647e-01
5.014213266527109969e-01
5.040159986519806568e-01
4.944024275956450665e-01
4.437919514373026009e-01
4.290097293178319338e-01
4.390756033173890960e-01
4.999678654059201977e-01
4.357737475978162855e-01
4.438405590681970270e-01
5.158139308471637596e-01
4.574103904036823653e-01
4.545143296723384019e-01
4.531594589228341019e-01
4.116026300893029233e-01
4.052163443564356649e-01
4.750406228407711429e-01
4.753064603272363908e-01
4.492858214732643463e-01
4.329729986952094989e-01
5.033525433123936521e-01
5.033175350996467179e-01
4.165353026779523571e-01
5.146925023543352795e-01
5.011911625671016113e-01
4.420241177327942639e-01
4.328002003508316098e-01
5.111249772759118848e-01
5.032862285882462317e-01
4.952817355351323281e-01
4.935964827636507568e-01
4.508224801267466941e-01
4.559031506274850987e-01
4.550204061211016171e-01
4.102316562323550797e-01
4.138201415556549967e-01
4.140848490591835240e-01
4.711568928429136771e-01
4.734433539871114038e-01
4.197121235456158228e-01
4.989572137441663502e-01
4.936229796066912145e-01
4.304511843097933443e-01
4.222774876579826198e-01
5.042362551936671045e-01
5.034988507083419940e-01
4.376807062233017964e-01
4.387788944530748858e-01
4.683583106386429162e-01
4.738693101682446285e-01
4.536649798367045072e-01
3.997982518364216475e-01
4.388638943416007243e-01
4.941485407911399008e-01
4.992329055093965295e-01
4.676057623383217954e-01
4.607071590256522908e-01
4.562826520169542821e-01
4.757405936443815375e-01
4.854797283495639326e-01
5.033559670535879826e-01
4.540939478291952103e-01
4.583580700644206973e-01
4.233174617100302628e-01
4.332615905579875193e-01
4.700876600305652353e-01
4.763204861359504605e-01
4.730700053898019841e-01
4.271199634846328252e-01
4.226019995085227299e-01
4.651542994534547115e-01
4.840452112904274351e-01
4.693708818636903590e-01
4.752575457568965489e-01
4.683382716025754067e-01
4.895081739838822998e-01
5.069380288906469856e-01
5.046387097406935807e-01
4.132543274774663211e-01
4.187725389038365331e-01
4.593791677008470242e-01
5.689493837125879638e-01
4.270261935859623881e-01
4.126079653976415518e-01
4.967337019246251817e-01
4.882317628359560957e-01
4.397069662247319322e-01
4.726577850070464715e-01
4.738023454026513148e-01
4.152251135080035072e-01
4.268803470788696264e-01
4.950435627952251560e-01
4.854241983344362299e-01
4.577283151314119891e-01
4.475851491517709446e-01
4.651966185828474432e-01
5.022184141402038504e-01
5.048733944266681206e-01
4.585529949073244849e-01
4.581684153639254409e-01
4.235302248560946503e-01
4.195828137842773087e-01
4.764733920605486728e-01
4.797942717757970876e-01
4.137365588450868659e-01
4.190377790502712863e-01
4.734402856004006899e-01
4.800851387177909046e-01
4.666261519241307054e-01
4.683093439390081381e-01
5.071588416385329756e-01
5.152806423632270150e-01
4.198485846525865650e-01
5.348022877776608119e-01
5.410390824013473487e-01
4.100520552598244106e-01
4.140875251659902889e-01
4.815467537555127575e-01
4.995205748409043411e-01
4.980678122487324777e-01
4.472775813820323854e-01
4.415110640653961971e-01
4.740927664819989951e-01
4.737965669426077442e-01
4.248237589193188946e-01
4.345125646449736201e-01
4.420423523065069027e-01
4.874341993345879254e-01
4.775806814543097634e-01
4.637656389217303388e-01
4.559026200189358891e-01
4.553971186657594372e-01
4.633291472370549835e-01
5.038167915260263197e-01
5.064971849126362891e-01
4.584983682739475763e-01
4.146063035107513395e-01
4.147369683569634979e-01
4.700332850087140524e-01
4.760050344375827969e-01
4.234918508016530803e-01
4.764353408647675203e-01
4.748455410953101863e-01
4.657749850082003040e-01
4.604869768926206919e-01
4.728594021220379751e-01
4.894337115350878009e-01
5.071653104744405782e-01
5.177486814241500923e-01
4.298732533233644570e-01
4.269232873907680692e-01
5.343580582950666624e-01
5.409013231851537151e-01
4.117148834206406649e-01
4.126693310473656395e-01
4.265184746687767925e-01
4.941787421553434090e-01
5.017674126782192268e-01
4.451709337667715261e-01
4.387457401370951082e-01
4.742444958378723152e-01
4.753716480204088768e-01
4.350389051578030242e-01
4.396925411941481343e-01
4.754777112688850504e-01
4.824591598073897925e-01
4.636636007441620189e-01
4.577295781512235595e-01
4.591496976589517498e-01
4.648879736725375356e-01
5.029701087532932879e-01
5.044166989281306801e-01
4.625529308871868528e-01
4.596548139148174950e-01
4.093358416197765415e-01
4.147990588610025453e-01
4.654398947239297146e-01
4.713744421036123455e-01
4.320866968449627032e-01
4.342795636559519390e-01
4.765776604990386023e-01
4.717362359395915750e-01
4.615728757888398204e-01
4.640307327948117733e-01
5.135001252518078818e-01
5.161326792552294318e-01
4.303116658424943064e-01
4.219722241162552345e-01
5.392731770836648453e-01
5.345951576802505656e-01
4.109835503874459395e-01
4.029170353417301786e-01
4.870974195748962732e-01
4.880170288795491196e-01
4.388659541693605282e-01
4.367500892115118161e-01
4.735485091838759764e-01
4.727897814737342386e-01
4.308779349228435418e-01
4.294477004038291246e-01
4.813791299910732402e-01
4.861792043199205660e-01
4.847341332027479410e-01
4.546061021513549960e-01
4.587079871586699498e-01
4.588617948645939970e-01
4.659824232885239059e-01
5.026539159266747436e-01
5.026933577777226159e-01
4.633973896605733112e-01
4.625945278146508799e-01
4.167409422566507593e-01
4.253070837542052285e-01
4.312406857898365420e-01
4.660239545200894895e-01
4.642631777876428112e-01
4.698266707351557159e-01
4.355805009091718860e-01
4.249979278601676569e-01
4.777067814628817022e-01
4.736546029966991478e-01
4.616702127719487514e-01
4.574880417663412246e-01
4.652447658096640626e-01
5.115356929105571160e-01
5.069400351690208639e-01
5.404216403353817588e-01
4.234728420261010817e-01
4.289021538411444956e-01
5.286594624149930643e-01
5.215305823382249129e-01
4.140383884223542976e-01
4.179251451615392243e-01
4.262299902192506207e-01
4.744361459741858744e-01
4.833329993569965843e-01
4.890427693887184901e-01
4.383922048054280651e-01
4.347889912017076086e-01
4.775088443533168636e-01
4.758340082971194707e-01
4.294389715024559684e-01
4.303967660968900377e-01
4.850678368601167301e-01
4.878965122791576459e-01
4.528687752451941995e-01
4.571087685760378272e-01
4.629457764582165513e-01
4.629199555778403807e-01
5.010568224834207607e-01
4.998212488525962671e-01
4.576985969462842307e-01
4.648394754329140954e-01
4.304464871338363752e-01
4.307771246992899705e-01
4.618705462515310112e-01
4.619960608908925126e-01
4.254940461162582954e-01
4.374853588127003423e-01
4.813810552573257739e-01
4.563895163840677727e-01
4.574008416907365815e-01
5.157768108405437202e-01
5.321428106421771664e-01
5.454722706909632679e-01
4.198812800185280358e-01
4.488400716013924985e-01
5.118729646891023721e-01
5.037685965565571466e-01
4.227611852118965952e-01
4.152102959124646109e-01
4.805734604737534887e-01
4.871398681536037722e-01
4.339021980757968855e-01
4.368753388441968810e-01
4.842216423702388473e-01
4.364780866546139615e-01
4.420421898856862764e-01
4.416990905158423297e-01
4.769086301860970822e-01
4.814211112894578593e-01
4.541992346345852805e-01
4.661068918935120653e-01
4.986618484845505295e-01
4.964898203526001974e-01
4.625793561167884094e-01
4.225939013709648084e-01
4.229954352287091934e-01
4.602780580861211002e-01
4.628357202163106421e-01
4.766622641655674508e-01
4.135250387607882216e-01
4.271711360998963758e-01
4.769532198515717414e-01
4.811201617377626749e-01
4.579614383406658273e-01
4.555473932310332708e-01
4.583109173613457710e-01
4.706634132804919934e-01
5.349302445035827303e-01
4.133667221127297897e-01
4.146077733446486002e-01
4.700936258761701514e-01
4.641899956734175103e-01
4.998745798348318004e-01
4.229187046425100793e-01
4.486936128129054291e-01
4.824570078629134562e-01
4.799701652474268054e-01
4.462233318389128289e-01
4.433861405366198438e-01
4.710560905402765841e-01
4.763222044397921739e-01
4.557820768277986434e-01
4.513011236835658413e-01
4.684471795395557803e-01
4.664838789904465766e-01
4.987591457220232893e-01
4.981051736381368333e-01
1.121254803963733115e+00
4.219678930537451023e-01
4.199139451473888895e-01
4.379542423781925820e-01
4.848746400195909079e-01
4.696443892265413367e-01
4.560885243189548022e-01
4.598548646022023734e-01
5.397700250016402856e-01
5.372715246296266844e-01
4.193127878562999400e-01
4.231297258029986241e-01
4.270467501316360659e-01
4.725297677390111195e-01
4.388667461636646672e-01
4.875576642373709579e-01
4.790263412130483789e-01
4.408366011359733383e-01
4.455811129717605068e-01
4.764760330037387526e-01
4.663825371235558181e-01
4.933324352101057242e-01
4.586089704376077325e-01
4.487891078586728200e-01
4.720708291069732332e-01
4.694386092413896927e-01
5.021333890292294377e-01
4.939782276823624363e-01
5.490291271554077035e+00
4.133163402652070828e-01
4.098852996279507832e-01
4.793922375628299481e-01
4.535623642582636839e-01
4.531746651680099158e-01
5.484711573499654325e-01
5.155327674951167838e-01
4.262546074675881425e-01
4.385921693206425998e-01
4.853005956647643560e-01
4.738758349927739144e-01
4.414460281771395156e-01
4.409475596406750020e-01
4.672403036345790239e-01
4.512595545848921419e-01
4.704181147571450117e-01
4.675884972592518340e-01
4.954853936321664265e-01
4.906337947083351803e-01
1.710661686805795512e+01
4.259472234504769195e-01
4.242219493699905808e-01
4.798860337280671517e-01
4.661854438550235846e-01
4.620404081398935547e-01
4.512662824764651082e-01
5.327231666036431612e-01
4.376080787659920035e-01
4.176868942324193368e-01
4.795988463860930140e-01
4.919240073582004658e-01
4.423335676191513799e-01
4.467486015290557111e-01
4.676909999205904334e-01
4.778855753780413274e-01
4.945994621720288809e-01
4.781878006713935481e-01
2.755892802509709227e+01
4.411023240047587390e-01
4.063518382367473647e-01
4.814947164767688359e-01
4.861129161418767941e-01
4.472894523834764491e-01
4.580140157383088551e-01
5.366734860270945262e-01
5.371984875432261886e-01
4.155268297854462500e-01
4.311124408852471390e-01
4.876714273815007106e-01
4.528467676254162577e-01
4.286812951805785699e-01
4.752971936408034170e-01
4.939858493580426835e-01
4.802422419743400117e-01
5.332649269010102389e-01
3.151447607282327112e+01
4.407342805261839636e-01
4.239447542003818570e-01
4.799685537553154413e-01
4.633805788956185667e-01
4.472506961374292933e-01
4.511488284596081866e-01
5.371295729384558681e-01
5.332635394938040063e-01
4.153440776510528565e-01
4.172623029076029111e-01
4.920945467263831419e-01
4.526887182352663519e-01
4.465672025399660683e-01
4.779266225619743791e-01
4.940792036318987779e-01
4.782824132020893626e-01
4.802494236494851965e-01
2.755841509269776068e+01
4.261191592737036959e-01
4.100202222958263532e-01
4.771894860162397278e-01
4.765989600619317534e-01
4.619992906830640567e-01
4.532225015806701784e-01
5.161119151077183664e-01
4.371401128628021882e-01
4.381663092079762234e-01
4.797579230149066620e-01
4.740718331322548718e-01
4.421530626328343261e-01
4.407789116495540727e-01
4.676345568659450169e-01
4.676267327835035847e-01
4.946680617374856759e-01
4.906961392966612823e-01
1.710614195116493974e+01
4.132376547063114081e-01
4.198797247071955896e-01
4.672207604885043608e-01
4.536818657687783918e-01
4.601131211996136727e-01
5.490606236198066759e-01
5.377978039816880829e-01
4.258721880123963466e-01
4.267556896076665218e-01
4.854957070383010831e-01
4.792018609921935290e-01
4.412924661413082372e-01
4.454302259487128435e-01
4.673142683477946036e-01
4.933747579858044352e-01
4.514287384175534878e-01
4.487628609891953779e-01
4.703874754660057333e-01
4.693652449775417290e-01
4.955233199139427724e-01
4.940127393433803027e-01
5.490068888299489913e+00
4.220193786482911991e-01
4.230507337671185475e-01
4.387791588479261762e-01
4.766694364263808770e-01
4.289120707451182790e-01
4.827214000487003442e-01
4.794090494534132829e-01
4.563868486128435653e-01
4.587648292167941233e-01
5.401706206075740369e-01
5.353171424197166184e-01
4.191642829248306557e-01
4.144728899371640796e-01
4.228674851004329271e-01
4.727491819007104690e-01
5.003125029358662657e-01
4.388301968296023925e-01
4.484672734536487848e-01
4.877063101939320133e-01
4.801043066688127081e-01
4.407162866285234681e-01
4.432981274509785186e-01
4.765169287969612810e-01
4.763845338731424461e-01
4.664273780434083916e-01
4.587212564449365537e-01
4.514235370165745609e-01
4.722029642644812730e-01
4.665133073218555304e-01
5.021554107121425359e-01
4.981231944936020395e-01
1.121176260901772581e+00
4.226412158339871161e-01
4.306400961010005690e-01
4.600886462480013317e-01
4.618364931822195318e-01
4.626520125808896156e-01
4.154803904638267875e-01
4.392272285449295710e-01
4.760715102699460965e-01
4.806154754190732903e-01
4.585803322808186255e-01
4.580349082867005706e-01
4.559820644068647844e-01
4.705415775767046727e-01
5.455585765579453739e-01
4.484686301869660885e-01
5.040668659831070153e-01
4.133208363273470631e-01
4.152062600074108989e-01
4.704559048538384247e-01
4.875364827796862532e-01
4.646123763998074585e-01
4.226947351020035604e-01
4.366857347685521029e-01
4.825388213011216898e-01
4.842966118101063588e-01
4.461003696271053087e-01
4.416093663114054602e-01
4.710579826327392916e-01
4.813876304017011831e-01
4.558168750525325441e-01
4.543443072505953251e-01
4.685564594238982306e-01
4.661254584683060531e-01
4.987676874897307155e-01
4.964939326920485008e-01
4.625531861935269218e-01
4.304693090026241453e-01
4.311998742380810379e-01
4.617914975798124155e-01
4.697983413751587456e-01
4.268215507222057892e-01
4.257710254234078340e-01
4.738973557328493014e-01
4.571279899047706596e-01
4.661262960237111397e-01
5.158047745423364194e-01
5.404285608610551739e-01
5.322038127778092598e-01
4.194533716866315487e-01
4.285044573958746716e-01
5.121524111849197203e-01
5.217101216028077193e-01
4.228096463979216790e-01
4.263579032735040908e-01
4.809221630065478315e-01
4.893426891390547095e-01
4.337245345221013015e-01
4.346472281194744269e-01
4.758594987917198482e-01
4.364124363246797422e-01
4.303595455502540745e-01
4.418339208863744649e-01
4.769259751557413662e-01
4.878729488066638198e-01
4.572088192859289912e-01
4.630020396965447427e-01
4.986574287956471729e-01
4.998122401438847007e-01
4.648176169642354028e-01
4.167600639390737771e-01
4.147747902802327857e-01
4.252867290813606704e-01
4.659986652847137867e-01
4.713563045752713343e-01
4.642503167595048996e-01
4.357300602867802408e-01
4.340700332992623589e-01
4.780587651635062052e-01
4.730142191756059322e-01
4.626878962494353487e-01
4.650615573290047822e-01
4.583841035150232890e-01
5.113886821526563153e-01
5.159509817754538430e-01
5.069066757325654260e-01
4.231417514788354262e-01
4.217190614166045903e-01
5.287633596824427018e-01
5.346275136077415224e-01
4.142939646890345662e-01
4.031897016917296850e-01
4.180607744715110208e-01
4.746004382076661199e-01
4.881743116589740694e-01
4.836386430437251138e-01
4.382673456513107024e-01
4.366609854103459809e-01
4.775318866872348966e-01
4.727577002040246890e-01
4.293916166817370872e-01
4.294719480770644027e-01
4.850312026714600488e-01
4.846825180230237562e-01
4.529374042549060286e-01
4.587931390418759636e-01
4.630392214675652096e-01
4.660807831259957679e-01
5.010397399158902365e-01
5.026718185163315811e-01
4.576774805869114338e-01
4.625740753118742776e-01
4.093339581962599505e-01
4.147791605458337472e-01
4.654202863510819022e-01
4.761104540785484618e-01
4.310259311591770892e-01
4.224005319417832305e-01
4.782326899756190186e-01
4.770907728467943532e-01
4.626674439184242926e-01
4.740634169416538257e-01
5.132215887271576182e-01
5.173646461433805133e-01
4.301348679395339270e-01
4.267916499979024780e-01
5.391812878856763191e-01
5.407918043080669479e-01
4.113245235492907770e-01
4.269136380893074900e-01
4.871646288901367861e-01
5.017654360633312383e-01
4.388037025156470428e-01
4.387096390430343384e-01
4.735050588256621840e-01
4.752832883281143950e-01
4.308550523731816129e-01
4.396628862987599917e-01
4.813131463759544038e-01
4.823997115601313390e-01
4.861227394122825674e-01
4.546760723066486931e-01
4.578022635203924384e-01
4.589695574131735234e-01
4.649938136437655745e-01
5.026245204817394452e-01
5.043817722030481399e-01
4.633831513097430022e-01
4.596440150762372556e-01
4.146358598196844270e-01
4.196227803850189897e-01
4.700311989026303983e-01
4.797984864014620543e-01
4.169880462931582210e-01
4.790722714565942564e-01
4.829473074824159329e-01
4.669660467785581859e-01
4.694899637517317426e-01
4.616868029076676150e-01
4.888454489714647577e-01
5.146215783003581512e-01
5.067349702656106514e-01
4.298615341234875986e-01
4.198552612195572964e-01
5.341215769312106509e-01
5.407810113176680922e-01
4.121704993010775198e-01
4.145334519427402165e-01
4.130717178347301788e-01
4.941386180514530380e-01
4.979136500603107418e-01
4.451705677805285477e-01
4.415280969005792588e-01
4.741353086285279850e-01
4.736570314586659447e-01
4.349215019387326908e-01
4.419797495699016587e-01
4.753835032949559891e-01
4.774911695441710902e-01
4.637248557231058999e-01
4.559677551791082029e-01
4.592730833418098291e-01
4.634628595355695380e-01
5.029272013283144771e-01
5.064496365517163756e-01
4.625545440875561409e-01
4.585002053901702790e-01
4.235670805136151351e-01
4.332814852044304943e-01
4.764832127381508076e-01
4.730829359886682961e-01
4.116139279558884145e-01
4.198907847470101373e-01
4.762780669616143991e-01
4.869787016928274759e-01
4.676192708665853903e-01
4.692286053168154836e-01
5.064157896665086867e-01
5.037605302281610298e-01
4.188990625009512692e-01
5.344629482907056195e-01
5.686021125238046592e-01
4.104787252690967336e-01
4.129914168918539796e-01
4.812744253799869365e-01
4.879479810702562759e-01
4.993647386238333485e-01
4.473424418052630025e-01
4.397736474643404447e-01
4.739240032367866839e-01
4.736166658101342297e-01
4.249335444910772308e-01
4.268842707826536187e-01
4.345830797677669444e-01
4.873260062140976068e-01
4.852182014595685100e-01
4.637925884025618783e-01
4.577873519581143191e-01
4.555385471977618228e-01
4.653467229608420075e-01
5.037600190227202734e-01
5.048062332924175832e-01
4.581797117152029419e-01
4.233289793665955258e-01
4.140620232111826282e-01
4.700804237163622723e-01
4.734347930444108843e-01
4.763334377853447599e-01
4.238960139296372165e-01
4.162940539108828664e-01
4.677120460104942090e-01
4.709496760379199842e-01
4.761227621154753287e-01
4.884547722529769542e-01
4.925410067574195194e-01
5.060414670911722590e-01
4.133902090482802216e-01
4.225050982281214895e-01
4.593273148812344608e-01
4.273200406538347207e-01
4.963150007077561932e-01
5.029975967375959200e-01
4.388895608844768925e-01
4.724516839927330181e-01
4.736342776267248311e-01
4.155730835882144869e-01
4.390872987147708684e-01
4.949105073331133697e-01
4.991158641592621237e-01
4.607189596102334583e-01
4.477596245835011035e-01
4.758858803741933818e-01
5.021414703439264215e-01
5.032668966070847905e-01
4.585672331392352530e-01
4.583820876834338032e-01
4.102355834294776349e-01
4.052646105022394418e-01
4.138491316093880767e-01
4.711676512457890764e-01
4.753259392660044713e-01
4.283613721011995112e-01
4.978100668789611216e-01
5.020905749627523340e-01
4.307429510999908895e-01
4.168300978088393394e-01
5.037485437981368275e-01
5.006160621464331717e-01
4.377995001770802475e-01
4.329656910381932677e-01
4.681288307218027800e-01
4.535781934276405525e-01
3.997795584810423519e-01
4.938769197006551148e-01
4.949605473441346937e-01
4.676216203089340051e-01
4.508329211241535739e-01
4.562988136577318388e-01
4.854091368987621946e-01
4.541186800132814283e-01
4.550569040374993768e-01
4.116066169082271964e-01
4.145410213630049134e-01
4.750974829759043172e-01
4.774961787274917824e-01
4.441380305688359398e-01
4.119057792930857498e-01
5.020724838181263028e-01
4.930485800259810647e-01
4.294095431578287547e-01
5.140659149725529398e-01
4.994891982649056206e-01
4.421987123539422582e-01
4.440456227593407301e-01
5.110582169409579878e-01
5.159128416862900357e-01
5.030587327189806057e-01
4.935844586630823150e-01
4.574145207823556714e-01
4.559409541807569188e-01
4.532077080223667620e-01
4.164118766114416892e-01
4.274155829737564249e-01
4.783516413192448469e-01
4.727841723003596286e-01
4.849329332270800319e-01
4.998219138485618385e-01
5.043234163764834799e-01
5.026158950762051880e-01
4.441182342819386397e-01
4.235920558161285210e-01
4.390797962155983947e-01
4.372722712860073746e-01
4.359932844695892928e-01
4.467337798594314680e-01
4.538840384317558985e-01
4.825725883110950631e-01
4.545668473402479925e-01
4.520142829898134429e-01
4.238316433188490384e-01
4.191956745521610572e-01
4.754479563626280436e-01
4.773660256648235567e-01
4.790904057592936249e-01
5.045049027835659672e-01
5.146867680285207580e-01
5.306436686721625051e-01
4.637757413398889139e-01
4.649813571809575663e-01
4.236956724139789854e-01
4.364887336841589693e-01
4.078442008449355005e-01
4.497633301659869076e-01
4.181042832637829609e-01
5.075553054410252285e-01
5.105718984663663029e-01
4.523928696985285436e-01
4.519156612498063108e-01
4.113040670908809093e-01
4.051779666473018793e-01
4.133197738569960311e-01
4.705629851629156701e-01
4.803029339111796747e-01
4.952159452636039627e-01
5.134822839697049668e-01
5.022042814068474748e-01
5.146942990288965181e-01
4.519787980334390443e-01
4.509532134542013071e-01
4.673451367383293920e-01
4.835108174240526080e-01
4.382486840437856412e-01
4.306622096318550308e-01
4.671638684893532067e-01
4.419993252189384769e-01
4.270376678280529137e-01
5.097266620706287776e-01
5.100549187281456787e-01
4.924203441213134691e-01
4.493407408509504930e-01
4.493543037138880702e-01
4.036515595939378365e-01
4.081905598111908451e-01
4.768119902488706097e-01
4.833576509995131110e-01
4.848018727937191685e-01
5.253288207854263092e-01
5.084885623423524015e-01
4.119164426203871243e-01
4.732008492587441717e-01
4.843679101905181139e-01
4.710441877832757807e-01
4.301169416141507607e-01
4.696003063620173834e-01
4.641381024612339368e-01
4.669466955378897555e-01
4.125542189981347696e-01
5.115820807210449406e-01
5.156323306817489627e-01
4.546891136817922674e-01
4.464556988749597832e-01
4.109942767103180183e-01
4.229336110263854920e-01
4.812186254632547788e-01
4.815576904053428531e-01
4.978007976660528966e-01
5.361153490047574355e-01
5.032634017998836029e-01
5.114427691128011766e-01
4.387348921882902597e-01
4.501960539542671502e-01
4.768840220534690810e-01
5.417018344403521368e-01
4.192496376022385451e-01
4.780181387547312033e-01
4.875573033297556091e-01
4.774431936813646749e-01
4.782870778377054655e-01
5.148667154317256855e-01
5.142438665214882354e-01
5.092440553529492542e-01
4.147328724478768769e-01
4.705137988308700225e-01
4.663252555581094971e-01
4.698701112315456507e-01
4.669583399223682374e-01
4.783677076035444120e-01
4.778803591789705374e-01
4.287910203651750796e-01
4.224698361242887334e-01
5.058310889971945334e-01
5.242204069965640256e-01
4.958883799491313193e-01
4.487696099767207181e-01
4.482895290056505000e-01
4.191675696296015552e-01
4.242164330037643816e-01
4.838858995494853543e-01
4.807265569879214384e-01
5.175236276317348727e-01
5.230799287708368661e-01
5.013710527435272235e-01
5.296181333235335797e-01
4.390937638377394037e-01
4.367596294773989918e-01
4.813328226311500702e-01
4.403194466381820105e-01
4.384477213048104116e-01
4.751341984201463697e-01
5.036167701462526125e-01
4.861332890685301500e-01
4.517148491125377863e-01
4.770938605089210527e-01
4.936459023692071346e-01
4.412232334990162097e-01
4.268060557073881101e-01
4.720233720744772543e-01
4.673599957941220739e-01
4.704065080791916542e-01
4.435925052701886195e-01
4.598288222726196195e-01
4.566523923218084313e-01
5.024486424613140434e-01
4.153170614620612655e-01
5.144919312399536260e-01
5.147871975972516667e-01
5.105343458942420698e-01
4.435623311335536445e-01
4.457843256662916698e-01
4.191473453159155760e-01
4.176430117411567555e-01
4.175373569466352408e-01
4.758900307654729822e-01
4.792529383171505453e-01
4.826268124195617903e-01
4.909544484200215608e-01
5.285285985561924971e-01
5.180568408484501619e-01
4.322112549772864076e-01
4.354181515841711314e-01
4.363694450442225925e-01
4.742598375271788735e-01
4.325769691626036861e-01
4.778970042810227192e-01
5.063855735648064016e-01
4.842979025081401434e-01
4.865109230229137660e-01
4.520364045820737808e-01
4.563725930111868778e-01
4.534823169122295661e-01
5.164289995175010972e-01
5.151182420445254984e-01
4.149436434240240668e-01
4.727432014132758598e-01
4.695349788361165566e-01
4.709877432891588223e-01
4.462956860014536398e-01
4.456898245954966087e-01
4.508200045029142622e-01
4.896409781595349453e-01
4.922468984278312587e-01
4.227757499448268619e-01
4.195480478633983878e-01
5.148542056230703823e-01
5.294326367322038651e-01
4.365312911198346302e-01
4.393942968675118022e-01
4.217035287035134083e-01
4.289115687371217178e-01
4.803563303966034148e-01
4.896301319229015570e-01
4.883532706620885011e-01
4.951540379118718471e-01
5.049297441441366052e-01
5.169473132647963709e-01
4.262890020220315712e-01
4.522908307520666638e-01
4.319896955172833897e-01
4.373661039127181849e-01
4.909846419932086259e-01
4.728076267446942316e-01
4.224234035445704194e-01
4.417579787368710043e-01
4.857137306104661323e-01
4.976146672082846778e-01
4.803227893231372669e-01
4.958327874006486780e-01
4.372396419244817256e-01
4.506561276002042371e-01
4.452143274946404605e-01
4.502615182529756677e-01
5.043759617651791816e-01
4.049302150350372331e-01
4.212042973705058535e-01
4.732203127701795631e-01
4.719327964558569510e-01
4.713288590146231805e-01
4.443954392152817956e-01
4.570766891798063170e-01
4.482070268625257814e-01
4.473492663818965376e-01
4.957499009871147444e-01
4.221946295158438001e-01
5.070000002354106972e-01
5.415128914148116257e-01
5.085486343499214801e-01
4.280312588083348135e-01
4.315321929111735066e-01
4.325535621440451117e-01
4.433851946334209648e-01
4.871646937180599268e-01
4.923926837772336640e-01
4.369799382372124286e-01
5.357921670953288418e-01
4.865583520464626943e-01
5.009766660523883308e-01
4.960828796150550946e-01
4.302866970508368305e-01
4.639588698609306006e-01
4.303017762468397955e-01
4.437167250558076703e-01
4.593070537372681006e-01
4.420003598256499466e-01
4.790279720857656964e-01
4.972503295809730384e-01
4.744434426172443597e-01
4.917784891032216388e-01
4.296880985133337272e-01
4.458801318719806672e-01
4.422117713648148762e-01
4.450813677160854187e-01
5.258952128327916142e-01
4.169726786681320907e-01
4.726464103730422806e-01
4.715909612561544062e-01
4.717406634605340598e-01
4.434002098287675997e-01
4.588843859038378437e-01
4.471546166853603288e-01
4.975881215507155786e-01
4.956784156027880806e-01
4.188949475528097599e-01
4.021243574346754501e-01
5.082035229169462598e-01
5.369626782948435650e-01
5.152232370637013226e-01
4.345128694776816403e-01
4.448760870539751888e-01
4.345407066145606789e-01
4.303372650455568049e-01
4.275454801067162247e-01
4.280288169805950838e-01
5.037348484633852319e-01
5.145183359438892934e-01
4.834253650826880744e-01
5.019879843835672872e-01
4.740862714733390382e-01
4.909267912414340684e-01
5.304023117433399603e-01
4.299693170593270608e-01
4.503546477019692573e-01
4.350347734423254398e-01
4.439850800247956975e-01
4.788412254485694408e-01
4.641495013915546419e-01
4.758674358474725974e-01
4.983092394204315934e-01
4.292585286192276972e-01
4.505282807358717001e-01
4.363394109886052363e-01
4.419744523903973987e-01
5.349220571385315814e-01
5.194148634710316070e-01
4.129248563747257572e-01
4.138754702699849464e-01
4.683746509898663590e-01
4.648652651340091091e-01
4.711142076783992327e-01
4.436082862707136365e-01
4.551867589552061610e-01
4.460100282527849624e-01
4.841460299938806222e-01
3.982252999355236356e-01
5.035189620688284018e-01
5.408620885641487464e-01
5.159459279849594182e-01
4.265364629813267472e-01
4.534087946191431850e-01
4.300645792595324535e-01
4.401388533404692605e-01
4.379737135309850760e-01
4.323766294038884350e-01
3.505385869926864739e-01
3.488848808854954076e-01
5.126148393963003702e-01
5.034484330686177511e-01
5.101522164069600684e-01
4.851368995994274624e-01
4.898521378000983972e-01
5.152830842957735191e-01
4.298072774802376705e-01
4.786907146155456871e-01
4.580813983054312644e-01
4.842386242574630018e-01
5.120310102456521184e-01
4.707893142798705299e-01
4.795869581617298039e-01
4.281887416609419517e-01
4.254788445192826951e-01
4.402423256201580815e-01
4.687876177096548802e-01
3.816557369154412460e-01
4.590081644098097935e-01
4.587186095286309162e-01
4.658964465322780746e-01
4.446197403264260939e-01
4.502513183486170356e-01
4.452406793823922015e-01
5.376224302640557617e-01
5.126803366665170225e-01
3.995787808981641764e-01
4.085181512952584804e-01
5.024846334049061225e-01
5.150061651052704192e-01
5.213898217285528602e-01
4.298480622189611577e-01
4.370980402830699219e-01
4.278246568920267001e-01
4.230134360007537508e-01
5.518889967703677346e-01
4.236926058194346312e-01
5.130826922716292815e-01
2.769047612158732075e-01
3.661766986176844818e-01
3.872070225972518709e-01
5.017319982104835319e-01
5.354576592689098691e-01
3.176474168564315526e-01
3.251358539139362347e-01
4.706665519851365720e-01
4.825118794229765751e-01
4.724074476030614145e-01
4.997098678449851672e-01
4.765067558762964284e-01
4.786910917041938274e-01
4.809129867362921806e-01
4.900529305369306088e-01
5.029870084909801031e-01
5.296338461795008223e-01
4.168753376917462838e-01
4.531273518041991077e-01
4.318385835733044575e-01
4.318815802845857865e-01
5.702326852186193618e-01
5.965526752464253013e-01
3.889097191875249271e-01
4.568076779761927608e-01
4.585506052381470576e-01
4.439629819912473963e-01
4.499124986868982545e-01
4.437184228029549260e-01
4.975817266334460753e-01
4.794740677549075292e-01
4.283516993378770898e-01
4.238885880933134787e-01
8.146616523616804217e-01
4.908426005529010205e-01
3.319995021929626478e-01
4.135382599161877004e-01
2.450593073502761177e-01
3.759489865123403773e-01
3.480149138520980401e-01
4.650885059075854366e-01
4.988395490686786116e-01
4.990764907530430561e-01
4.886914418670484372e-01
4.986930127554712322e-01
5.081959301521462580e-01
5.248628583031074157e-01
5.010551195589325602e-01
4.188299182042127256e-01
4.190008465102280644e-01
4.334937674265798568e-01
5.434432846543874041e-01
4.444092806281200736e-01
4.375096015605727251e-01
4.817502842324273837e-01
5.253660232409147479e-01
4.934917129455078655e-01
4.258331578210012847e-01
4.264843804384120807e-01
4.294374713166855817e-01
9.112301913607571136e-01
4.199017163009026166e-01
4.155302397026812145e-01
4.185648049401027304e-01
4.181524623535697871e-01
4.718578184836421108e-01
4.882522148350895708e-01
4.820149186732900493e-01
4.753009827888295957e-01
5.137680583946893087e-01
4.328855158621423005e-01
4.233687428828438737e-01
4.413933974872775723e-01
4.889011695681097502e-01
5.258767456203798929e-01
4.909746463973985175e-01
5.180736003450511218e-01
5.287272606491554283e-01
4.232791895844839614e-01
4.315308347058768867e-01
4.263949074872460665e-01
1.047506340404675163e+00
3.173219677961257590e-01
2.119558409524713305e-01
4.181718955424598705e-01
4.668542953426159658e-01
4.824999222270511257e-01
4.648454174631430069e-01
4.641055720593496581e-01
4.638749835255531750e-01
4.665437850632003225e-01
4.700061818187715179e-01
4.772341155698172632e-01
4.876532774715281460e-01
4.878847908924857646e-01
4.159347130518250002e-01
3.859548262634404092e-01
4.350848173978266731e-01
4.862189467405984566e-01
5.272374781926908449e-01
4.895291530443820482e-01
5.068734089156416989e-01
5.422436681520064194e-01
4.191970650655331143e-01
4.298566779896408896e-01
4.087264670602087646e-01
1.207420653160785839e+00
1.816725900706733232e-01
4.696889582871373037e-01
4.427453008227364428e-01
4.737777311838416439e-01
4.668435581620283825e-01
4.627815628340519183e-01
4.664430378503210961e-01
4.696833186331091370e-01
4.711528066845995788e-01
4.745138433478620077e-01
4.789538411142142404e-01
4.851460637272372312e-01
4.941962937052177263e-01
4.882971184251008734e-01
2.747064672265646657e-01
4.765002691684503966e-01
5.199973475765141684e-01
4.909374636956706506e-01
5.081279886040936944e-01
5.383985222171577822e-01
4.161543142792731298e-01
4.159313305588474563e-01
1.394134985788430425e+00
2.283972187385804320e-01
4.779956249882318930e-01
5.077150219705215406e-01
4.814069229230089619e-01
4.909310401052649486e-01
5.195952128537031367e-01
5.141895867329915326e-01
4.143250685781653120e-01
4.260861081067632838e-01
4.193733097247590025e-01
3.281873930645882731e-01
4.971613193511009166e-01
5.025733897949204998e-01
5.022932368139032544e-01
5.031152451902778378e-01
4.124288195621725883e-01
4.266131573366431229e-01
4.012885387260441972e-01
4.106344986679775766e-01
4.099375318206427976e-01
2.157516371102190078e+00
1.862719132055351778e+00
4.132403966105185344e-01
4.382443008061105427e-01
4.116665267891286839e-01
4.160388565783502690e-01
2.508403378431791619e+00
4.186950465134114396e-01
4.254697533110641805e-01
4.075431354348321156e-01
4.304447680274827714e-01
2.938074212301747146e+00
4.226224638903179898e-01
4.415996851242972587e-01
4.021784745619916279e-01
4.345767530380810206e-01
4.341947977560353111e-01
3.489496468327422551e+00
4.280749528731619402e-01
4.410115644623296416e-01
4.086803408172222096e-01
4.344269260644760267e-01
4.438046643346341691e-01
4.423298681990044945e-01
4.257601699585380040e+00
4.231551858967883550e-01
4.409628451073495659e-01
4.221449848896681178e-01
4.418792040729192516e-01
4.442947945208793881e-01
5.516920680232132668e+00
4.173115271466208420e-01
4.298623530573549845e-01
4.272131526839654803e-01
4.436461342229272575e-01
4.417736025392319799e-01
8.595684048441214031e+00
4.159414621265419276e-01
4.321360159663407696e-01
4.248602511986818708e-01
4.424962369905249826e-01
4.355177094744749344e-01
1.108441688348772836e+01
1.744315473066543731e+01
7.268086557590573982e+00
5.599050808133199553e+00
4.988065183713967343e+00
4.605984151677000149e+00
4.320311399545895270e+00
4.087759868256351403e+00
3.888799235017783573e+00
3.712573311199699244e+00
3.552492884184657029e+00
3.404398006836080182e+00
3.265644583126775302e+00
3.134587905594366397e+00
3.010259164275407073e+00
2.892145969083625978e+00
2.780035793201021566e+00
2.673902323584071539e+00
2.573823593865465664e+00
2.479924156925195078e+00
2.392334750504649055e+00
2.311163570230586384e+00
2.236474083409663027e+00
2.168265474113213465e+00
2.106453272830921097e+00
2.050849419422417608e+00
2.001142872609434242e+00
1.956883806725432606e+00
1.917476173047721666e+00
1.882184460932142089e+00
1.850160176738479878e+00
1.820491182256317897e+00
1.792272352926825629e+00
1.764689705161994082e+00
1.737104021660453190e+00
1.709116652037079742e+00
1.680601835494253793e+00
1.651697152677852998e+00
1.622754662397541514e+00
1.594266027128416807e+00
1.566781322988035186e+00
1.540840854414589955e+00
1.516932593933577822e+00
1.495477754628583344e+00
1.476837363459743369e+00
1.461326725932129866e+00
1.449223778545458252e+00
1.440760976991491971e+00
1.436096607260761049e+00
1.435267798001099937e+00
1.438132115529694000e+00
1.444306676330726846e+00
1.453113839100774962e+00
1.463542443239612467e+00
1.474235197155215893e+00
1.483516980844165056e+00
1.489483368183260659e+00
1.490167481410228367e+00
1.483788314412091358e+00
1.469051387243885065e+00
1.445432385015933185e+00
1.413349932269713616e+00
1.374149962123341950e+00
1.329885495661965455e+00
1.282953971612779354e+00
1.235704962444618582e+00
1.190126420927960949e+00
1.147667236062528628e+00
1.109193735089529564e+00
1.075040631671396074e+00
1.045112303318172398e+00
1.019006268332832921e+00
9.072343567898457639e-01
9.158748968826652126e-01
9.025555672913202487e-01
9.202575903678277269e-01
9.084816314124842807e-01
9.379995334861385148e-01
9.609998725517405749e-01
9.877171991785569372e-01
1.015599648102371466e+00
1.040931249636176670e+00
1.058739975824399826e+00
1.062823749920311256e+00
1.045942766255882450e+00
1.000126036926511475e+00
9.168484464326988048e-01
7.870007500139736267e-01
6.103522202284964449e-01
4.323617671794444117e-01
4.164452224789078061e-01
4.430480065061106476e-01
4.425645654830573927e-01
4.366282114722332408e-01
