1.693983903539094271e+01
1.079594135024525947e+01
8.385191607759550081e+00
7.118888718006181726e+00
5.519534323167239798e+00
4.942640721122204539e+00
4.584555900391599437e+00
4.317564940194460021e+00
4.100145001614045270e+00
3.913633872817661619e+00
3.747707375181557055e+00
3.596151412775753897e+00
3.455095009348479795e+00
3.322125136299048265e+00
3.195783268606052996e+00
3.075251157925654066e+00
2.960140311320546669e+00
2.850343737274332323e+00
2.745928771316838990e+00
2.647059364688514549e+00
2.553940515111235321e+00
2.466779174391410034e+00
2.385756551476893694e+00
2.311007168764472652e+00
2.242600778868534928e+00
2.180524448713295982e+00
2.124663740621995256e+00
2.074783843062405708e+00
2.030513490246432795e+00
1.991336148173172171e+00
1.956593638797606616e+00
1.925506494535914825e+00
1.897212581236894069e+00
1.870821363043642105e+00
1.845476999603733903e+00
1.820421105535982242e+00
1.795046659745680229e+00
1.768937782182738783e+00
1.741893877951416592e+00
1.713938801922682664e+00
1.685315580253998080e+00
1.656466177208812285e+00
1.627995813869620445e+00
1.600623255010465096e+00
1.575121302732858997e+00
1.552253685439806130e+00
1.532714529982851293e+00
1.517074941791126452e+00
1.505739061451533134e+00
1.498910432679061655e+00
1.496569097470542120e+00
1.498460359214427884e+00
1.504096979097910625e+00
1.512776719241276213e+00
1.523615524269326116e+00
1.535592618177866964e+00
1.547598188779205186e+00
1.558470065968198037e+00
1.567007364124820556e+00
1.571960093297530614e+00
1.572013394501536210e+00
1.565805183840536463e+00
1.552022142812604422e+00
1.529597381009127233e+00
1.497982422360486066e+00
1.457407031937875352e+00
1.409010640992234054e+00
1.354759782621594910e+00
1.297152088869476305e+00
1.238802045807654961e+00
1.182049103418441716e+00
1.128700832939076415e+00
1.079948765027848534e+00
8.961411238242291688e-01
8.816922444323177510e-01
8.713823476385031963e-01
8.638988947968838650e-01
8.673529689143437693e-01
8.759388367611653514e-01
8.895792452714955667e-01
9.077191550652548013e-01
9.291903154680519750e-01
9.521419972459280734e-01
9.740406252948917709e-01
9.917130148928788858e-01
1.001380980780837593e+00
9.986201619555641340e-01
9.781703473758774914e-01
9.335051831235684494e-01
8.560345907125932463e-01
7.356937392296687417e-01
5.743587734526662825e-01
4.265658476764689899e-01
4.372509939545177193e-01
4.481026605061495527e-01
4.503488773779294463e-01
4.412731486453190244e-01
4.357573083612808484e-01
5.400886222201406461e+00
4.179730812576821775e-01
4.298339904951580803e-01
4.474159607526705940e-01
4.388228334367201278e-01
4.375254477351177007e-01
4.174128091220717707e+00
4.185568192519346642e-01
4.356013254035154270e-01
4.502506867627526499e-01
4.431579082741584630e-01
4.373260315372917151e-01
3.421040733419449253e+00
4.226472978635670286e-01
4.301794415089473800e-01
4.496191285962771178e-01
4.531541019253809699e-01
4.391327711075865281e-01
2.877058748448562575e+00
4.331897564921473043e-01
4.083681132041931394e-01
4.304006593014373938e-01
4.488024575204728750e-01
4.517224689837759377e-01
4.279754563461663497e-01
4.277213320494794857e-01
2.450742394743393504e+00
3.969630367739284127e-01
4.217450313581092569e-01
4.396384927384815455e-01
4.298466427348844876e-01
2.100875681763110236e+00
4.101623351897277225e-01
3.983544245615125989e-01
4.195703357234069064e-01
4.280176983476922103e-01
1.805947906353681631e+00
4.018691658731610716e-01
4.068098939865469332e-01
4.197311149166554900e-01
4.069900942064675897e-01
4.105683041149178480e-01
3.964278260944626431e-01
4.194010137182439535e-01
2.260765143688743539e-01
5.686416360096643308e-01
5.640104264809483459e-01
5.409762680482765873e-01
5.379481412446941446e-01
4.054903586111630598e-01
4.253145163720834510e-01
1.155789297361055068e+00
1.338367141071462596e+00
1.873486176887290688e-01
1.682418112756123019e-01
4.811297570720303729e-01
5.072052225961086735e-01
5.287795899986104109e-01
5.573514055005344137e-01
5.913032952316261692e-01
5.665108681633811427e-01
4.091010737837411093e-01
4.097824779851411692e-01
4.277630425359486011e-01
1.005200333551796943e+00
1.212506661897905652e-01
1.183475100786817863e-01
4.355250932123251872e-01
5.133818345768672575e-01
4.837761643962952274e-01
4.871396477160839233e-01
4.865408261356981567e-01
4.869924864900290196e-01
4.881254671722875527e-01
4.993015932337239726e-01
5.131754672583213051e-01
5.275566134538677288e-01
5.483433915435415029e-01
5.756787057308855315e-01
5.859882537585454632e-01
5.522190563825399856e-01
1.304345951042201468e-01
5.036590819525581519e-01
5.035529758673373824e-01
5.368091449886565059e-01
5.828090120665523344e-01
5.734123911985550270e-01
4.194009351438552913e-01
4.237604330259123753e-01
8.838801834828263759e-01
1.763040161594052746e-01
5.138682724768467436e-01
4.799666355923220551e-01
4.982242399178390957e-01
5.023935595084960681e-01
5.166254238447892666e-01
5.419093850651437450e-01
5.737443263078084721e-01
5.574267892839908090e-01
2.521026760234959530e-01
5.640282537536739360e-01
5.101535724875161382e-01
5.331515985136437985e-01
5.797194197701855956e-01
5.744533948740098150e-01
4.217140560052648479e-01
4.120172225845102343e-01
4.356319534014279071e-01
8.200706297197456474e-01
5.834796422433687901e-01
4.793578598929927881e-01
6.510051802275993449e-01
5.380305752541588715e-01
3.580041534798272806e-01
6.316052406932178842e-01
5.839005365697089722e-01
5.736150215690838383e-01
1.996109496253167248e-01
3.676954717819655993e-01
4.881440109443522246e-01
4.669831514946109485e-01
5.235360731416588420e-01
5.457265154498326387e-01
4.543307080059966196e-01
4.977713686697121109e-01
5.507173409288768084e-01
5.017645776700890847e-01
5.501855798719414992e-01
6.004853829531625609e-01
5.806755890471670956e-01
4.338270563857630213e-01
4.381157359624603953e-01
4.271205577651788765e-01
6.820405801170131843e-01
4.938703127789726977e-01
4.966458385740566972e-01
5.470539247352065315e-01
4.929746343287847998e-01
5.114625718724380432e-01
5.089083682698505307e-01
4.856565110560908116e-01
4.918423986357982614e-01
4.959234374790465472e-01
4.625691554280995099e-01
4.046580482347852947e-01
4.955287258000541373e-01
5.570065971272177840e-01
5.258418940607384462e-01
4.821189776738654675e-01
4.890592513553341236e-01
5.120826785868181075e-01
5.377067285530217067e-01
5.578346174712700556e-01
5.875109838431089582e-01
6.283805043885223318e-01
5.996791364164616445e-01
5.835973465698199858e-01
4.033232867282249279e-01
4.478852282452309153e-01
4.375364874549340644e-01
5.823118565292326743e-01
4.933596970208709021e-01
4.900732691564834709e-01
4.554333323172228831e-01
4.660667340477506193e-01
4.956349467391913954e-01
4.372878884154519086e-01
4.474082490763140463e-01
4.242172322511371108e-01
4.828652236459047287e-01
4.846157989968452040e-01
4.433595883158968354e-01
4.931871864234046443e-01
5.153819390937200984e-01
5.494689515361943499e-01
5.429600176487563434e-01
5.431340252929867107e-01
4.217517941117633895e-01
4.502973557373457503e-01
4.498868616306890833e-01
4.781841146240801699e-01
5.044208613212918246e-01
5.339477054738701600e-01
5.516408063438665854e-01
5.029245224041470896e-01
4.271281339376820085e-01
4.345957541319699358e-01
4.497918824877633615e-01
4.500603470169077802e-01
4.875664159538565801e-01
4.620735667163233806e-01
4.534594348286160592e-01
4.927965599431277099e-01
5.009382832420772313e-01
4.679532936643247543e-01
4.669651614116840932e-01
4.493024744175568852e-01
5.729722407235358084e-01
5.249108734026023404e-01
4.815030896313272080e-01
4.499825910651554239e-01
5.622760509722604105e-01
5.767285906951700181e-01
4.411223586372667871e-01
4.324542950432950783e-01
4.603846843736752459e-01
4.328133225174838339e-01
4.160367031150474237e-01
4.076423731853338062e-01
4.686548299466831158e-01
4.554730439404306996e-01
5.009665333660312525e-01
5.182715783239874030e-01
5.433670037135853725e-01
5.588137353302493615e-01
5.722461303246456632e-01
4.054962809382389732e-01
4.302028987906089119e-01
4.287251857431459978e-01
4.283405917830979126e-01
4.366949178659144670e-01
5.391435074927963811e-01
4.979858329970252018e-01
5.732078386837514694e-01
4.475421051130353267e-01
4.550846563435196890e-01
4.696362226440480847e-01
5.702519433435948581e-01
4.487884773400120375e-01
4.411104252685362215e-01
4.615977722004070971e-01
4.546554637548378408e-01
4.597750090371550691e-01
4.662433109140162180e-01
4.670411441096656291e-01
4.562038494358122143e-01
4.994507855035040245e-01
4.364892477387097292e-01
4.247667799140422140e-01
5.210139235153793402e-01
5.410765208502980039e-01
5.653273687055014873e-01
4.473200821310123199e-01
4.491529320482677834e-01
4.580265697069077491e-01
3.952534751578722361e-01
4.007290202579562033e-01
4.135300676926227936e-01
4.541536959403393858e-01
4.382622306034561488e-01
4.368306587818873710e-01
4.796130741185720137e-01
5.064040238042789577e-01
5.263758104156079920e-01
5.557819382034889788e-01
5.934742709137352801e-01
4.007586212062468900e-01
4.249825707142108056e-01
4.280782932750420433e-01
4.274223579897999392e-01
4.614877619929781405e-01
4.280664378191858521e-01
4.147552080340149994e-01
5.109660480568488650e-01
5.173013566619210080e-01
5.332086417750476759e-01
5.438415133937208878e-01
4.509313709919320345e-01
4.583837093839853716e-01
4.602937126517231969e-01
4.650287300274012492e-01
5.670512841527285408e-01
5.125810786162467991e-01
4.382717686045397021e-01
4.583347455452690400e-01
4.506631961687086463e-01
4.561776742515971650e-01
4.655280734875249515e-01
4.665943543781355118e-01
4.552856990313274843e-01
5.242196030529844286e-01
4.249927015223573523e-01
5.218850890118673647e-01
5.326337962663377779e-01
5.639256217627882650e-01
4.492273766474120245e-01
4.539872319916642973e-01
4.517214370773718901e-01
4.059560545547055144e-01
3.968190834435496583e-01
4.365870427250317376e-01
4.398189221687565098e-01
4.453188000447587669e-01
5.136900703708816573e-01
5.575729817252074172e-01
5.545889520596463118e-01
3.987581038108714560e-01
4.111035343184737401e-01
4.201092983443645013e-01
4.154183888136364078e-01
4.821310977635918649e-01
4.272581416446634139e-01
4.930591634376131349e-01
4.967500938742352434e-01
4.916939522565258458e-01
4.611907585260411335e-01
4.638661286287879548e-01
4.783240332712322962e-01
5.412540378455709122e-01
4.364528877353555103e-01
4.286014086802311662e-01
4.578942199829759696e-01
4.606415134908638520e-01
4.593435394178223552e-01
4.673372852412257528e-01
4.651395125659289476e-01
4.643441674789962614e-01
4.595252727539836934e-01
5.304578337178675884e-01
5.240524798573128473e-01
4.216704787240634911e-01
4.053759379983934985e-01
5.400317517703071557e-01
5.344462010389042783e-01
4.475935382823687525e-01
4.570198784987503648e-01
3.878398788492624649e-01
3.808074131784621175e-01
4.377490915715620545e-01
4.288349261067638807e-01
5.104687612681452213e-01
5.112035169807864765e-01
5.286179529566868984e-01
5.415320012267679228e-01
3.895971400284060082e-01
4.063391662760957868e-01
4.176397967687942581e-01
4.818769106177758776e-01
4.937180973754557445e-01
4.227154909408449845e-01
4.871753588622507181e-01
4.804139766884286677e-01
4.843758294484471483e-01
5.047767859313939676e-01
4.680788369525308856e-01
4.702751775253521394e-01
4.740782177712607459e-01
4.787276497704365252e-01
5.555499248717479244e-01
5.120973667139107066e-01
4.397549267022308195e-01
4.634710952528240946e-01
4.607743785928384850e-01
4.692621300101834647e-01
4.622218583515175783e-01
4.607577915948189440e-01
4.756042117588852869e-01
5.199205274409668398e-01
4.110890876323475829e-01
5.364726860972183209e-01
5.370757011530665759e-01
5.413417967363930439e-01
4.493354383220293236e-01
4.609887020301907667e-01
3.721779167300882651e-01
3.613158638665110445e-01
4.186912151837208773e-01
3.999515940477073039e-01
3.977326219680189512e-01
4.993697134167270901e-01
5.139569460823312230e-01
5.284389631751384986e-01
5.444464045467684032e-01
3.819276131257088869e-01
3.739036833443255547e-01
3.932754028943256652e-01
5.020660073781892940e-01
4.039837082248891598e-01
3.675998930321987546e-01
4.809893749970071686e-01
4.848932108803910568e-01
4.843878545449629702e-01
4.783978633410173043e-01
4.866163693369290888e-01
4.876029930310729621e-01
5.104172466002515618e-01
4.367450802787637421e-01
4.290082732561844581e-01
4.635193329957568165e-01
4.625493204202390518e-01
4.684390991312049612e-01
4.569199987397014051e-01
4.602012616942780521e-01
4.866753438403398913e-01
5.191093336298728822e-01
5.507369911870984014e-01
4.106349771468785215e-01
4.023284182313776047e-01
5.261690457001855226e-01
5.193888339751712158e-01
5.555861467825903288e-01
4.518954142016959885e-01
4.509996085087171758e-01
4.506702076670553447e-01
3.633815265919116411e-01
3.515795727989016184e-01
3.541350097577496969e-01
3.615188056403477734e-01
3.498857055867139465e-01
5.096443249860780345e-01
5.430536282245224111e-01
5.518968086375218851e-01
3.263614569654670339e-01
3.194563901734603362e-01
3.219323481466172532e-01
3.746349189187391238e-01
4.845251484483202864e-01
4.788512863818252252e-01
4.803102454096853657e-01
5.001250793508510428e-01
4.717247103057053970e-01
5.200591946772306073e-01
5.291622009233755142e-01
4.986537716705526924e-01
4.429632602241508899e-01
4.637755287202758869e-01
4.637399534085339670e-01
4.638976882594973983e-01
4.572021716105908462e-01
4.585988266638270638e-01
5.029918701180495777e-01
5.636015282663945358e-01
4.092840001571930730e-01
5.369063640712582464e-01
5.320905636194309674e-01
4.503538764133320771e-01
4.483227004654055659e-01
3.655280470990576736e-01
3.689277775717119123e-01
3.804599597734937833e-01
4.401901798267685018e-01
5.439292671986100114e-01
5.265692130596785203e-01
5.650532403354669997e-01
5.773771208979433522e-01
3.234626412935090456e-01
4.122012442113702768e-01
4.743926193382607681e-01
4.768879299220749601e-01
4.886663373985908332e-01
4.770438050656460316e-01
4.596667251196133730e-01
4.335775334529540226e-01
4.647700096223105759e-01
4.515679138940306148e-01
4.454028750745931964e-01
5.607729822686496890e-01
4.082327276415461115e-01
3.949669840200550897e-01
5.352012721895669234e-01
5.251870199857583410e-01
5.371430488881343557e-01
4.542085378150497177e-01
4.496954992662822170e-01
3.572413805879748883e-01
3.491449981559953120e-01
4.798443902144008955e-01
4.752871816749736911e-01
5.327067770839106764e-01
5.500109848415744018e-01
5.697317047164670578e-01
4.374127694439576830e-01
4.180885889720591941e-01
4.719007129316507010e-01
4.755688904649668647e-01
4.820208043587418945e-01
4.489581803431145768e-01
4.618549346481453099e-01
4.816851352988912871e-01
4.078443770702489535e-01
4.173195239242617482e-01
5.277237837528057085e-01
5.246193550676720996e-01
5.252004151742595273e-01
4.526284086675558260e-01
3.389421842314483957e-01
3.227109807240439165e-01
4.517326727754587545e-01
4.666398468317211612e-01
5.479028863636240532e-01
5.459634014474454844e-01
5.808002281743150919e-01
5.644409049804445244e-01
4.355076901414489665e-01
4.536754715984223640e-01
4.415027778064185560e-01
4.616825298889157270e-01
4.415796811974777025e-01
3.982812787998953330e-01
4.202390962811174968e-01
3.875109201829258776e-01
5.077738960649671451e-01
4.980055586421847091e-01
4.539444677322293509e-01
4.573250924205154999e-01
3.178679617165830473e-01
3.147462210388969894e-01
4.723057430688406000e-01
4.823836527026457155e-01
4.719362565790481412e-01
5.191612334250722549e-01
4.803132218999477954e-01
4.449955088908361112e-01
4.377375883442633508e-01
4.721171127505809362e-01
4.189375509417055388e-01
3.868777663211474538e-01
3.938239372397873694e-01
5.256403817018691083e-01
5.238283474410400098e-01
4.581858799643817037e-01
4.573421546984292041e-01
3.198888020154859735e-01
3.511558641654087265e-01
3.660936163331343085e-01
4.801842511739504715e-01
4.908190485815158710e-01
4.787314526110702517e-01
4.579913155694417815e-01
4.243191040812100967e-01
5.617740146430805215e-01
5.467849855450225283e-01
4.358379308321613244e-01
4.708382395262696307e-01
4.844621711789168228e-01
4.274181421630340871e-01
4.229413089707965701e-01
5.097083442108414353e-01
4.652153263283063112e-01
4.608032614033323870e-01
4.577938765050659775e-01
3.766121685702891742e-01
3.826312776753574285e-01
4.875013377725906927e-01
4.942686581800124213e-01
4.275617851971808547e-01
5.530814735318769770e-01
5.510309788239700080e-01
4.444621142208313724e-01
4.317266716390140702e-01
4.918556862380933370e-01
5.019481040700867203e-01
4.349248619732236643e-01
4.435287971623001479e-01
6.246003186490376446e-01
6.187953068267332268e-01
5.109032520454508397e-01
4.909585536909049641e-01
5.057006009943080249e-01
5.012701149700399261e-01
4.890226099496726153e-01
4.593429035254644743e-01
4.587541058719765696e-01
3.765369088961234567e-01
3.848110045253701483e-01
4.900469676109480699e-01
4.875905974290499767e-01
4.321375760828788937e-01
4.232149296228677748e-01
4.744913955562136132e-01
4.880346812228310571e-01
4.555854147556137601e-01
5.476241353064984496e-01
5.443064741237599868e-01
4.289935102098152431e-01
4.265131703895763682e-01
5.049052415508903380e-01
5.069874261235024493e-01
4.426137511576535566e-01
4.353906292827678937e-01
4.429457967209576297e-01
5.190864856656760562e-01
4.089338831720583656e-01
4.008360071110406708e-01
5.556407210592778645e-01
5.418911877491261464e-01
4.810205454188420382e-01
4.620160388871895618e-01
4.705955209299682029e-01
5.122675689558755519e-01
5.047205243472273617e-01
4.595841509891196996e-01
4.609519013846958280e-01
3.908343314012455716e-01
4.086480121904795260e-01
4.195576939697755470e-01
4.828680631013601565e-01
4.851300886255529021e-01
4.138282820345961510e-01
4.058115139017888784e-01
4.783777483688002041e-01
5.001811890245166925e-01
4.636205753053389000e-01
4.761944304848362841e-01
5.373499960203798054e-01
5.381819934712132047e-01
4.286723426874892162e-01
4.931230610665253145e-01
5.879616100493718633e-01
4.338879983366495940e-01
4.445897978977916831e-01
5.071756634545243614e-01
5.067650495191515780e-01
4.343490147738500728e-01
4.311660821892895901e-01
4.882229340412895802e-01
5.034494965170488445e-01
3.987050539448271369e-01
3.981924812069929653e-01
5.353350446681772734e-01
5.209011191678359909e-01
4.849883234108705032e-01
4.766494789585090652e-01
4.576663108903419319e-01
4.620940525608741578e-01
4.970740320318957628e-01
4.983330523951802760e-01
4.589745165820532935e-01
4.638609789978968556e-01
4.208121677648071213e-01
4.192715809855317444e-01
4.818227879446402850e-01
4.985277788613758365e-01
4.976414819209146745e-01
4.120881169330364857e-01
4.852381647737680215e-01
4.923560397517957044e-01
4.608058852489972379e-01
4.667881782947498337e-01
5.362288467594701347e-01
5.606918409803248737e-01
5.662356292077512787e-01
4.379457438847719764e-01
4.324494572166299178e-01
5.636688306783358415e-01
5.445190435440461219e-01
4.301528415592182353e-01
4.306846480032309743e-01
5.045102869001015788e-01
5.173723710787782037e-01
5.156005429108480032e-01
4.289190092249808850e-01
4.207740604802704398e-01
5.017543696006256937e-01
5.142876245076295483e-01
3.886606270031216503e-01
4.037950128806729322e-01
4.183894316208389696e-01
5.157141586221852814e-01
5.136981619381671971e-01
4.887487503467299321e-01
4.799583581624620732e-01
4.602404477235189639e-01
4.636013477329590238e-01
4.909529272625579588e-01
4.929767497165748469e-01
4.641845674148907253e-01
4.108297753155657484e-01
4.059879989712713022e-01
4.958005258177284325e-01
5.038664695909658153e-01
4.141728063449564567e-01
4.210725275411557611e-01
4.896571328786127886e-01
4.895205936971364635e-01
4.673659563253630966e-01
4.647862189997993276e-01
4.803367049618561535e-01
5.615087896013450930e-01
5.642912525730765516e-01
4.351308634184684609e-01
4.219546049982278446e-01
5.444921528682763467e-01
5.602185826121464096e-01
4.300574750742513497e-01
4.264922330583378884e-01
4.474874667074159040e-01
5.139026821046336346e-01
5.199377206003106267e-01
4.221716843797492236e-01
4.224845555776258199e-01
5.083136323131752787e-01
5.089950501097921798e-01
4.160455115494017808e-01
4.113171192806734378e-01
5.138265450683392466e-01
5.289370530001600290e-01
5.261578139567493206e-01
4.835605862075071926e-01
4.819170664766787016e-01
4.592245005318305595e-01
4.683255926187207541e-01
4.895804812759637636e-01
4.910524838608774090e-01
4.654664968178405804e-01
4.633566593957901270e-01
3.974856284979290111e-01
4.036448445665708484e-01
4.920800895076226089e-01
4.925657661716826285e-01
4.279797398995864310e-01
4.152373185448564596e-01
4.896423433076911857e-01
4.940360884125494789e-01
4.616234454100203166e-01
4.619527544454459234e-01
5.346863639384056288e-01
5.662284207746992593e-01
5.755295990576707599e-01
4.221387450182868539e-01
4.183433193948938311e-01
5.595306570008815594e-01
5.692466875728950937e-01
4.253246297275164456e-01
4.134575736762362008e-01
4.980303291600121085e-01
5.143089386132090324e-01
5.132227428194663377e-01
4.173999862496930446e-01
4.192143404936796158e-01
5.121158788325116396e-01
5.105177272288888846e-01
4.033120623739681054e-01
4.051895880690249419e-01
5.171592890980964974e-01
5.202407464126339587e-01
4.791435086074133376e-01
4.812686532220760705e-01
4.629508745807866532e-01
4.725094901890911081e-01
4.894636900410411773e-01
4.901996212381289353e-01
4.726843215732703385e-01
4.682726847983670893e-01
4.070028738756898412e-01
4.155366398516056048e-01
4.214354992546527900e-01
4.806701353614553085e-01
4.924498115252420316e-01
4.975190066485851714e-01
4.109269102532007722e-01
4.085941594604510230e-01
4.928916041837145268e-01
4.899123972214045053e-01
4.635700786578643706e-01
4.568260706124701032e-01
4.670440246293688369e-01
5.714466768730349644e-01
5.797059602151479751e-01
4.152493055137879696e-01
4.188278341853658437e-01
5.664601166441081137e-01
5.685210354458930526e-01
4.267407373231122403e-01
4.276992739922474973e-01
4.447536629352089599e-01
5.126282111162889787e-01
5.299989364740460562e-01
4.249362825454192083e-01
5.061294043689487099e-01
5.041178759013487110e-01
4.144650255670052075e-01
4.291013783914993107e-01
4.355226042897309968e-01
5.023684732019886301e-01
5.022423448013102476e-01
4.750558996475984785e-01
4.792666314304105390e-01
4.684872094504027862e-01
4.718845435782341169e-01
4.889635135041748848e-01
4.885541031405762347e-01
4.598829354710127215e-01
4.728898793330715278e-01
4.239539248463034538e-01
4.256496636963701952e-01
4.858567353044833670e-01
5.021259150749367572e-01
4.044630710488886782e-01
4.205346626351763040e-01
4.923752083770303045e-01
4.836602094961747200e-01
4.544802096666711866e-01
4.505864408771534935e-01
5.484432233153813119e-01
5.397383590642422790e-01
6.202270850478671660e-01
4.019053146986935054e-01
4.301443447175511969e-01
5.650237556110195847e-01
5.560526107632721704e-01
4.324938848520374357e-01
4.214046159320938845e-01
5.067623574888826532e-01
5.155471103034715563e-01
5.187908120024250502e-01
4.267948060064531979e-01
4.301499382532114613e-01
5.032792139233452922e-01
5.023633930845630147e-01
4.349960271235834841e-01
4.332380390138272919e-01
4.940248251297810200e-01
5.019175095707801848e-01
5.127030658730469259e-01
4.739823998304921182e-01
4.719048842998019300e-01
4.867869822756617504e-01
4.853901687901305273e-01
4.696613775062377649e-01
4.177102324492056318e-01
4.154030653436968090e-01
5.156062746693655940e-01
4.790240036544587410e-01
4.059062157533969151e-01
5.014373702556356172e-01
4.461893022996064606e-01
4.420866371285755436e-01
5.443235932281983436e-01
4.491573484889691548e-01
5.488800686263921591e-01
5.385675647521783738e-01
4.183674289960623849e-01
4.233466228105767781e-01
5.162125052302946049e-01
5.354612078184396440e-01
4.353009990379357319e-01
4.092435632726313943e-01
5.051510386709268108e-01
4.981489579327045281e-01
4.268153829472707272e-01
4.263699529076955819e-01
5.086007635896062640e-01
4.966480184595250535e-01
4.747458426064661285e-01
4.690963061956259228e-01
4.710687429974202978e-01
4.738970742187768037e-01
4.852954535328934949e-01
4.840360584730916682e-01
1.110650245671975345e+00
4.137771429280227009e-01
4.108885128813701271e-01
5.055621238332749234e-01
4.931468208586679558e-01
4.482692121819317199e-01
4.417166748074032867e-01
4.441603961646318766e-01
5.805984342173990953e-01
4.247169206010774078e-01
4.361634363213481302e-01
4.439629457315129590e-01
5.393614100650311327e-01
4.689644520186255772e-01
4.246905429742018345e-01
5.027288883237737149e-01
4.991666500749451507e-01
4.331416915390933764e-01
4.388190300480423467e-01
4.412388657616265197e-01
4.843030198679444953e-01
4.794183454328129201e-01
5.034234440410610967e-01
4.759246616767454641e-01
4.706491048198921945e-01
4.727382025747458583e-01
4.765232658449506942e-01
4.850171715687884855e-01
4.834914579711455107e-01
5.452367574208714096e+00
4.043533045484732913e-01
4.081155986905121158e-01
5.157541243288595867e-01
4.912859505963040330e-01
4.419415978011642654e-01
4.513868842723817165e-01
5.894824773118425565e-01
5.834756485999605946e-01
4.279863843940908130e-01
4.313185929649718808e-01
5.207959412218293727e-01
4.423597651827508304e-01
4.592170422675314612e-01
4.858439332917782738e-01
4.701755512505589873e-01
4.782036393470817659e-01
4.728943888428138731e-01
4.811509329757533981e-01
4.855869932901862862e-01
1.704005867120355333e+01
4.222123622256147568e-01
3.997032293164665129e-01
5.047820474041626593e-01
5.069609065286894145e-01
4.302346821236401886e-01
4.416763549505672848e-01
6.030620787122288329e-01
5.473917736718635352e-01
4.435984336961145691e-01
4.291862227501359039e-01
5.429373546576361509e-01
4.911719458878645583e-01
4.650859957761134811e-01
4.470956711856661769e-01
4.819198062118478232e-01
4.911162903399483581e-01
4.853801716247177489e-01
4.964041212100083200e-01
2.751938640458268281e+01
4.056208740981329663e-01
4.020555471436516592e-01
5.082897533099161036e-01
4.367901453240167764e-01
5.659679986948350505e-01
4.376990105935721354e-01
4.122614582145877615e-01
5.236269027604106840e-01
5.466280047840462730e-01
4.456731045648433254e-01
4.633163334201800265e-01
4.790966582532978912e-01
4.873175203168434444e-01
4.573533648613730129e-01
3.151367570434312171e+01
4.055615118242414385e-01
3.996507479783111827e-01
5.069290553138154909e-01
4.416902029048656586e-01
5.473964040784166096e-01
4.376917428656291187e-01
4.291734692520092209e-01
5.236333183872513564e-01
4.911872587252976152e-01
4.457008748802232523e-01
4.471168930696232668e-01
4.911879776205500536e-01
4.873114030655948947e-01
4.963969188962034096e-01
2.751937279568619488e+01
4.222274605595278674e-01
4.081324567452309093e-01
5.047992519064663508e-01
4.913306110919685721e-01
4.302403418207300656e-01
4.513980163715120564e-01
6.030920828317298810e-01
5.834987056246083714e-01
4.435786339140095902e-01
4.312971976711489908e-01
5.429591445183985510e-01
5.208081873224115199e-01
4.650891808019141926e-01
4.592252912524488195e-01
4.817843860710278592e-01
4.728206800170072222e-01
4.853734514992413263e-01
4.855852140408419837e-01
1.704004824080176661e+01
4.043559927614995275e-01
4.108872338614782960e-01
5.158258294562040325e-01
4.932017226627329887e-01
4.419593614574086060e-01
4.441542324146996457e-01
5.894844112289429061e-01
5.806011243992238446e-01
4.279662981708914904e-01
4.439452755361706360e-01
4.991828257446215278e-01
4.423759862163103018e-01
4.412754235115726731e-01
4.858817143418990292e-01
5.034394608347360078e-01
4.702570168798191896e-01
4.704481377616890336e-01
4.781790733422618955e-01
4.764208995524760737e-01
4.811495933836898997e-01
4.834911105977044987e-01
5.452365204774664242e+00
4.137757188762196670e-01
4.154020055245210008e-01
5.056003503175666713e-01
5.014746729338001030e-01
4.482740603456878414e-01
4.420957696707231155e-01
4.417168801285522584e-01
5.385803539849463029e-01
4.247099640681579191e-01
4.233415958805909485e-01
4.361483618672745144e-01
5.393606963023902523e-01
5.354759750780376804e-01
4.689582178084543140e-01
4.246858144256736578e-01
4.092408622112269079e-01
5.027396519100173489e-01
4.981550733198419900e-01
4.331673642002952240e-01
4.263394103478541641e-01
4.388414941968584171e-01
4.843106027923972379e-01
4.966531257314438785e-01
4.794415102638586168e-01
4.759327703843289070e-01
4.690795449007489348e-01
4.727625579802863243e-01
4.738993116219304969e-01
4.850167335673732372e-01
4.840361239277016780e-01
1.110651215984167717e+00
4.177072802405553675e-01
4.256449494581768245e-01
5.156136438748151196e-01
5.021315711908977963e-01
4.790088612117470168e-01
4.059205398913055540e-01
4.204936720867388789e-01
4.836898480918803700e-01
4.461910361899687483e-01
4.505911330722141006e-01
5.443158780741224056e-01
6.202396000325677283e-01
4.491266805695143804e-01
4.300859925219269742e-01
5.488953733143353553e-01
5.560527056150433856e-01
4.183664976703034832e-01
4.214019681636710923e-01
5.162059842919973773e-01
5.187838655277468014e-01
4.352997799940664381e-01
4.301515003956633554e-01
5.051552493032960278e-01
5.023675980358490722e-01
4.268688948600343758e-01
4.332883991030856419e-01
5.086089748420918877e-01
5.127155417890435496e-01
4.746782606981864716e-01
4.740107483682604594e-01
4.710687106902445853e-01
4.718889501604138781e-01
4.852955417511321534e-01
4.853911273039052676e-01
4.696597905528079320e-01
4.239455643081958547e-01
4.214156291540110955e-01
4.858470323736009955e-01
4.975176984865556928e-01
4.044149640518136524e-01
4.085595612871488758e-01
4.924021908373417133e-01
4.899214831989288088e-01
4.544781996051095452e-01
4.670261338324214195e-01
5.484400527455308705e-01
5.796988852123966529e-01
5.397561843870098963e-01
4.018485194450838183e-01
4.187784344850325469e-01
5.650179912134878357e-01
5.685110242742381637e-01
4.324947815431401943e-01
4.447579911191259505e-01
5.067777414041280126e-01
5.300088061159546893e-01
5.155481135435666662e-01
4.267980447144020251e-01
4.249402392469069922e-01
5.032825318841284146e-01
5.041208988619330089e-01
4.349854652640034458e-01
4.355703379091526162e-01
4.940373673017159906e-01
5.022469181313627962e-01
5.019207795050596443e-01
4.792470771811393471e-01
4.718666170250839231e-01
4.867880222649866861e-01
4.885560731321350603e-01
4.728862625114735319e-01
4.069986874947614242e-01
4.036353076348662694e-01
4.155218367732009255e-01
4.806606946455836971e-01
4.925599398848762300e-01
4.924672379148362644e-01
4.109072638188693283e-01
4.152342907307756126e-01
4.928877476562558146e-01
4.940229948265497106e-01
4.635477746835778290e-01
4.619343834739105814e-01
4.568095020748361157e-01
5.714346249166531999e-01
5.755241297989055482e-01
4.152030139225261762e-01
4.183028268374793801e-01
5.664338525788766843e-01
5.692209810959900640e-01
4.267486802279930047e-01
4.134653139508368547e-01
4.277023084057515190e-01
5.126339291756472072e-01
5.132185893711649349e-01
4.192170746905433676e-01
5.061300275717182107e-01
5.105188448246252841e-01
4.144786897209962739e-01
4.052984029781120934e-01
4.290970176375448197e-01
5.023578050671289041e-01
5.245321200456526389e-01
4.750052265238488003e-01
4.812536838696011565e-01
4.684820839280372518e-01
4.724922261291011893e-01
4.889655785511324293e-01
4.902025118916553681e-01
4.598830638101523149e-01
4.682707844411079789e-01
3.974822096574434638e-01
4.059911443146490551e-01
4.920736269637127624e-01
5.038631144786854810e-01
4.279949861135754485e-01
4.210923125464439143e-01
4.896205002064556444e-01
4.894877541030697721e-01
4.615991510434681033e-01
4.803084689713543742e-01
5.346948296985002402e-01
5.643020307096591193e-01
5.662261109490229760e-01
4.221004425009954875e-01
4.219212973116500121e-01
5.594749759613630857e-01
5.601599929136410472e-01
4.253341541385333158e-01
4.474987613683508170e-01
4.980397755831182383e-01
5.199415539824739918e-01
5.142983156997109617e-01
4.174039488156374711e-01
4.224896164010415456e-01
5.121195276063755797e-01
5.089911213478728325e-01
4.030444822958859641e-01
4.110558015313235392e-01
5.171573243336375914e-01
5.261763764057877379e-01
4.791176028165144429e-01
4.818860830294545150e-01
4.629434992254544690e-01
4.683095505775908829e-01
4.894667252138331093e-01
4.910561448298744192e-01
4.726829268734123457e-01
4.633537943618120658e-01
4.108261291352164335e-01
4.192676523260318033e-01
4.958019870040946131e-01
4.976393313070768265e-01
4.142107242967243974e-01
4.121088035529164029e-01
4.896288893001520259e-01
4.923306967448298765e-01
4.673638699144268549e-01
4.667882338433894662e-01
4.647532978306310736e-01
5.615145221931648889e-01
5.662416266518912611e-01
4.351010776602232122e-01
4.324234619796903378e-01
5.444291424544963620e-01
5.444559334687671948e-01
4.300663294364913125e-01
4.306914026406045704e-01
4.265035349008577947e-01
5.138964546882129891e-01
5.155739354828868803e-01
4.221763622494790758e-01
4.207820501767483012e-01
5.083128013054867278e-01
5.142852497036283221e-01
4.162631313640868802e-01
4.187226972552208770e-01
5.139118565353458790e-01
5.137651215258790538e-01
5.289245354452132286e-01
4.835448675059798029e-01
4.799378462876638940e-01
4.592201859999014424e-01
4.635922581912784168e-01
4.895841672264495403e-01
4.929808495314443317e-01
4.654629264740206551e-01
4.641812757564678926e-01
4.208001663659567959e-01
4.195267810691723498e-01
4.818115713799999700e-01
4.851234733770224961e-01
4.985259214771380898e-01
4.058526597847684214e-01
4.851974304984854602e-01
5.001632969250338068e-01
4.608362554885915285e-01
4.762313522265348986e-01
5.362788890827835386e-01
5.382399469286287541e-01
5.607047967076768114e-01
4.379340644742947819e-01
4.286626692807851136e-01
5.636190198089303660e-01
5.878899120892814301e-01
4.301602490546289626e-01
4.445949244049175464e-01
5.044843929650196790e-01
5.067465385026307390e-01
5.173680935318325513e-01
4.289265131310455170e-01
4.311782709871521124e-01
5.017734240791186240e-01
5.034621744848507552e-01
3.887019371106138488e-01
3.983848112395804164e-01
4.030848733783471416e-01
5.158150015105209540e-01
5.210140525739135331e-01
4.886893595472808216e-01
4.766393543522453036e-01
4.602098988907821764e-01
4.620737725357283998e-01
4.909572517816021553e-01
4.983381975616812953e-01
4.638554738183505166e-01
3.908286367149322871e-01
3.848055057464239148e-01
4.086278391201076943e-01
4.828635391787784448e-01
4.875868656559377845e-01
4.138652515425114142e-01
4.232723188223429522e-01
4.783314533176915573e-01
4.880049686481427451e-01
4.636618921009504901e-01
4.556159231696996770e-01
5.374088818272483303e-01
5.443411352160643091e-01
4.265201811168035095e-01
4.930879400907072219e-01
4.338830761268006597e-01
5.071566341485728158e-01
5.069596206318002229e-01
4.343633177642725052e-01
4.354059198941632736e-01
4.881635404218862551e-01
5.190785176435001036e-01
3.987034008726216827e-01
4.008771985911241953e-01
5.351786210890957518e-01
5.418570362936100393e-01
4.849564356666182796e-01
4.810142764662851955e-01
4.576499354677506792e-01
4.705700727891143909e-01
4.970765837398985476e-01
5.047276652163134036e-01
4.589726238051854423e-01
4.609453196526519525e-01
3.765342027443331352e-01
3.826307666179154521e-01
4.900540458048444070e-01
4.942782865038013451e-01
4.322006204177701871e-01
4.276198875021668955e-01
4.745126121381526563e-01
5.477449647740812999e-01
5.511540067209543814e-01
4.289999884925614904e-01
4.317373708778246555e-01
5.048861495681425948e-01
5.019226066713805556e-01
4.426294757380397349e-01
4.435495931751059495e-01
4.429831830161722328e-01
4.089714418481615321e-01
5.558054158947079992e-01
6.186816631377402009e-01
4.909214017070324676e-01
4.620048764155056942e-01
5.012781479669071727e-01
5.122794296335467790e-01
4.890288245761951758e-01
4.595796633207536175e-01
4.587473608827078997e-01
3.766049968986805441e-01
3.660541457051473824e-01
4.875087569607785554e-01
4.787026843823107836e-01
4.243992495628182149e-01
5.531340066744588890e-01
5.468283193518805874e-01
4.444731874711657649e-01
4.358461109422359647e-01
4.918308657803779349e-01
4.844230105821529242e-01
4.349552194872201016e-01
4.274372579823376150e-01
6.245443834389230453e-01
4.229466434435710243e-01
5.109226713407861720e-01
4.652117989547155386e-01
5.056899808040143940e-01
4.593337060189305876e-01
4.577879876406368287e-01
3.198765932458276229e-01
3.147361262107767899e-01
3.511300149980615681e-01
4.801895623858803419e-01
4.823995538805688765e-01
4.908237733921972379e-01
4.580230876082912461e-01
4.719374228511171165e-01
5.618120994355486619e-01
5.191155067559841685e-01
4.450019352661625516e-01
4.707973148016451059e-01
4.376845417811680017e-01
4.189533258136256544e-01
3.938376268909791755e-01
5.096580047852105055e-01
5.238418454425937121e-01
4.607943591713528075e-01
4.573343833607439457e-01
3.178629242408658739e-01
3.227142138306971497e-01
4.722955865290605071e-01
4.666377640656425019e-01
5.645076345834608711e-01
4.353754200095958926e-01
4.803216150748934044e-01
4.415016161116740445e-01
4.415249954753895367e-01
4.721272188686167492e-01
3.982677317291347108e-01
3.868814561841162347e-01
3.875183994227243134e-01
5.256196238963448675e-01
4.979987224769100718e-01
4.581751136380652900e-01
4.573157642137485879e-01
3.389164131519986078e-01
3.491025848867263526e-01
4.517508473426460891e-01
4.752944143012718947e-01
5.481377163251378581e-01
5.699166233409564963e-01
5.460206223036653261e-01
5.807424029161377677e-01
4.178244222660652540e-01
4.536862500393444853e-01
4.820313733241693432e-01
4.616501695988261544e-01
4.488981667002708842e-01
4.078699795963228181e-01
4.202532046416698197e-01
4.173429844325792226e-01
5.077669809359947051e-01
5.252050095300221377e-01
4.539312734176523256e-01
4.526147753097062854e-01
3.571951604785141288e-01
3.688709436839337497e-01
4.798212179904279284e-01
4.401360510789793512e-01
5.327412869146082031e-01
5.772871716314567081e-01
5.500390386893562189e-01
4.370996961116129231e-01
4.118983405066526382e-01
4.718995855240277759e-01
4.886602265925383271e-01
4.755724091636387985e-01
4.335174792070133343e-01
4.620782701955546412e-01
4.518005306616135752e-01
4.817853696234845606e-01
3.949981171259535073e-01
5.276978373511411746e-01
5.371424368836297258e-01
5.246242163343789455e-01
4.496801358027015527e-01
3.654541637927982700e-01
3.540649080708284102e-01
3.804163278889827193e-01
3.498427646581396822e-01
5.438004416812008968e-01
5.518410686116259622e-01
5.265321369278074259e-01
5.649667392347882400e-01
3.234964787402310193e-01
3.194398252800538240e-01
3.219405313701751425e-01
3.747061752743188201e-01
4.743722393723690534e-01
5.001135233109008649e-01
4.768812448552393612e-01
4.770474848371812904e-01
5.200404140223680027e-01
4.986598857641999505e-01
4.595897241202731576e-01
4.429037716591125440e-01
4.648536034649844439e-01
4.638968171930668016e-01
4.453865887348114616e-01
5.030301046953683519e-01
5.607841144015706103e-01
5.636072965153375858e-01
4.082681764631571619e-01
4.093097803387462652e-01
5.351883792454362743e-01
5.320760134752136050e-01
5.251868152878692575e-01
4.541957110551896326e-01
4.483063171492549515e-01
3.634767763165508425e-01
3.614020305272987454e-01
3.515329787858217925e-01
3.614554509491924583e-01
3.976950272616616155e-01
5.095993587867755359e-01
5.441912620378536181e-01
5.429916637541127855e-01
3.262710017284249364e-01
3.931001975816771354e-01
5.014062143948389005e-01
3.683410190771271853e-01
4.844966867759546436e-01
4.843623513195648433e-01
4.788219746513851516e-01
4.802918722225281711e-01
4.716832827322674504e-01
4.875623875649449102e-01
5.291830702467952285e-01
5.104424002432592644e-01
4.289747032599724452e-01
4.637509748998034365e-01
4.684196313890189867e-01
4.637329053592331718e-01
4.572164690247713659e-01
4.866916809598001992e-01
4.586154257995970207e-01
5.507312145804604819e-01
4.023582381764525540e-01
5.368968739631696518e-01
5.555684676682782763e-01
4.503388522606077138e-01
4.506548220891388734e-01
3.721818308726163038e-01
3.808302228225283192e-01
4.186538562799216878e-01
4.288196821753808008e-01
3.999206924539895902e-01
4.993681715582528602e-01
5.414193942199787557e-01
5.139315295550538343e-01
5.282746538638986022e-01
3.818844361250348096e-01
4.176025321384603251e-01
3.737696014603347217e-01
4.922540431174678988e-01
4.050204806374524957e-01
4.238138199653825877e-01
4.809252399216630280e-01
5.047299236074708206e-01
4.848551767455260841e-01
4.783762466828915261e-01
4.786792629810056598e-01
4.865844933185222709e-01
5.121062495410895199e-01
4.367062446741552528e-01
4.397397573617891076e-01
4.635122244970033556e-01
4.692452167457472623e-01
4.625345891352500294e-01
4.569119900168310267e-01
4.755897164556532331e-01
4.602062729534526220e-01
5.190943498532846201e-01
5.199055279547249997e-01
4.106784219615777776e-01
4.111122149444716434e-01
5.261490328638274150e-01
5.413276387845780135e-01
5.193800737630607234e-01
4.518840537554187908e-01
4.609734105399644344e-01
4.509851231806562555e-01
3.879055982512049638e-01
3.969251295654068756e-01
4.377200286457925693e-01
4.398260984778394889e-01
5.131267925132145802e-01
5.558114186053665362e-01
5.114945027231729835e-01
5.283483907667697599e-01
3.895845974230225384e-01
4.153697876183758964e-01
4.063318797362356904e-01
4.804956893121765660e-01
4.815531043940782241e-01
4.275344498016137029e-01
4.871093951037393510e-01
4.916488709288960313e-01
4.803567665369831707e-01
4.843270320628668135e-01
4.680497804409845530e-01
4.783366039915351586e-01
4.702471185919402386e-01
4.740530720462934888e-01
5.555581838864723787e-01
5.412452929229748522e-01
4.286075283691293536e-01
4.634703346990423078e-01
4.673199675390189989e-01
4.607688012289822277e-01
4.622173243232675643e-01
4.595268395908240211e-01
4.607423013571002590e-01
5.240344910875583961e-01
4.053997240007486402e-01
5.364568583756048614e-01
5.344262721234872560e-01
5.370553924362830855e-01
4.493259249782317610e-01
4.570104642165430109e-01
4.059033017053959580e-01
4.134323540030136468e-01
4.365821602993892880e-01
4.368573100114543362e-01
4.431822678033799368e-01
5.923710071367191965e-01
5.126394433846751530e-01
5.581970147370862723e-01
3.987417370317032916e-01
4.273615522062189087e-01
4.111259763442353665e-01
4.200780598143042943e-01
4.622330609032225257e-01
4.141197293679645952e-01
4.930450412871609234e-01
5.438463687774547362e-01
4.967096982825788265e-01
4.611744352459565266e-01
4.649952594332663058e-01
4.638338134045535410e-01
5.125259247944089491e-01
4.364573280996530968e-01
4.382899848444459789e-01
4.579028149399643199e-01
4.561806055665202364e-01
4.606403367242158375e-01
4.593448910296781262e-01
4.651645033792015105e-01
4.553133942638163956e-01
4.643526864490986061e-01
5.304026993858115269e-01
5.241879579348465157e-01
4.217055246809982005e-01
4.250202630341938237e-01
5.400078747574712512e-01
5.638884579911002115e-01
4.475829184123393811e-01
4.517088135133163762e-01
3.951520084372847075e-01
4.076137876577085040e-01
4.007246420206444504e-01
4.540448939184922872e-01
4.553591048113811990e-01
4.384368888665030606e-01
4.798063138928447824e-01
5.725394730736376170e-01
5.067053487758029773e-01
5.273002684105944082e-01
5.552291241593593218e-01
4.008135651109731579e-01
4.283971467277397638e-01
4.250016162148261833e-01
4.280231070260457349e-01
4.381198161571874805e-01
4.273448920851972144e-01
4.974982706686416067e-01
5.107271647080343646e-01
5.729977860792647704e-01
5.172034323549360435e-01
5.332187710069170583e-01
4.509304982109245685e-01
4.696230335689782209e-01
4.583724508183445456e-01
4.602786564538875469e-01
5.669917667345509837e-01
5.701883698011860346e-01
4.411269003724155868e-01
4.583488319071031825e-01
4.598047310640520635e-01
4.506691838506292624e-01
4.655596993220619817e-01
4.562321802895289991e-01
4.666233755175471232e-01
4.994298974487552112e-01
4.247721494909048046e-01
5.218546620620760912e-01
5.652926858527090870e-01
5.326025748285445616e-01
4.492183946728914856e-01
4.580293599885943423e-01
4.539788687471940642e-01
4.326397878242396744e-01
4.240755997031541158e-01
4.157724618488298218e-01
4.684645997963188813e-01
4.844527631273137236e-01
5.417387631197658759e-01
5.418050868474785231e-01
4.993687005215682873e-01
5.176478558290394938e-01
5.437911834239020914e-01
5.591351763978144040e-01
4.054510933417261320e-01
4.497987080492851231e-01
4.300710658208381498e-01
4.287417554304626677e-01
5.036669950231790205e-01
5.389599310232415785e-01
4.475559013804057407e-01
4.500479090895941892e-01
4.550889256169327601e-01
4.875595517996679784e-01
4.487896710358276198e-01
4.534798431776543848e-01
4.615986434970853480e-01
5.009473853216039885e-01
4.546638868098396014e-01
4.662681150163279775e-01
4.493334453521327099e-01
4.670688771601234079e-01
5.247409469583235175e-01
4.364714092014060354e-01
4.499541817381402242e-01
5.209665021903330251e-01
5.766496037261378271e-01
5.410358066848584002e-01
4.473148526474585163e-01
4.603831591597020712e-01
4.491447493628248355e-01
6.818625355887577566e-01
4.827874115099554109e-01
5.470898813762249402e-01
4.438072315216130548e-01
5.169358510620162273e-01
4.941736743350413907e-01
5.154809068262875549e-01
5.492756665776934444e-01
4.217973749886649859e-01
4.954952736968198379e-01
4.501573983047448269e-01
4.781810310332664793e-01
5.835997393673523215e-01
5.043760381076699550e-01
5.339172897162018927e-01
5.517511178882580358e-01
4.271344160606077578e-01
4.376048072458879612e-01
4.345466988511192952e-01
4.497635681000625718e-01
4.934055031442751149e-01
4.620902798947133516e-01
4.928192683910707639e-01
4.679650037599011325e-01
4.661085178187898137e-01
4.669817448090888834e-01
5.728535753785222173e-01
4.957857565425212165e-01
4.814795984825142039e-01
5.622232747714281942e-01
4.411219467407579975e-01
4.473977500976978328e-01
4.324503297467410246e-01
8.198622303498005470e-01
4.938752739965240890e-01
4.793129226841396640e-01
4.967085354514387818e-01
6.510806804511285462e-01
4.928592503938515335e-01
5.120826266781018932e-01
4.819776757051804084e-01
3.580648012168695660e-01
4.914011013109406689e-01
4.646160009299089566e-01
5.741003138430373909e-01
4.056820024431610494e-01
4.968246776874437609e-01
5.586546852504756799e-01
5.270926939306767034e-01
4.826246485403146158e-01
4.889572553761584728e-01
5.117799986167236304e-01
5.374949328479005084e-01
5.577418679825646430e-01
5.874856451481823560e-01
6.283811586136389682e-01
5.995413324628714458e-01
4.033984319324784296e-01
3.677155209590916018e-01
4.479014928054665390e-01
5.821457350078589332e-01
5.457026297159757178e-01
4.900779589302874939e-01
4.977870752890123374e-01
4.554623985521054630e-01
5.809297290312674944e-01
4.372891776425028021e-01
4.271236429220111597e-01
8.837604694376944847e-01
5.834935613422816969e-01
5.382289513907465572e-01
6.314637569558438912e-01
5.842401707379631937e-01
1.996587007508156542e-01
1.763170376898511027e-01
4.877853968841083798e-01
5.575721084598004307e-01
4.668185441910642774e-01
5.235314276155920155e-01
4.543346652710326672e-01
2.520859471397434159e-01
5.508014848982693001e-01
5.743426943055145451e-01
5.016774142505522338e-01
5.501571385310668472e-01
6.008418114173720292e-01
4.338279679284610113e-01
4.356323079669996434e-01
4.381149733080305086e-01
1.005113557975153338e+00
1.183551883619621409e-01
5.137012669413819621e-01
5.521388481837803397e-01
4.800063034787721561e-01
4.982485268605328921e-01
5.023923488559554063e-01
5.166357218077434199e-01
5.419502235644867438e-01
5.737857212276329388e-01
1.304317028744372275e-01
5.639910802777948762e-01
5.733880433935832910e-01
5.101707967078019657e-01
5.332271108307569119e-01
5.796725557527285799e-01
4.217288161094653320e-01
4.237823391790248029e-01
4.120323625070499429e-01
1.155731066763497905e+00
1.212720510234466670e-01
4.353665830364846223e-01
5.132444765677436349e-01
4.836797059969504264e-01
4.869941424742475489e-01
4.864147423903682488e-01
4.869439298383261838e-01
4.881285765077718053e-01
4.993049718081828403e-01
5.131692792944234638e-01
5.275442446831398735e-01
5.483399139550841905e-01
5.756858925461603160e-01
5.858633595470833511e-01
1.682338969759127612e-01
5.036215178883545196e-01
5.664904001502610864e-01
5.035625048524557945e-01
5.367977599935351840e-01
5.827752507773235058e-01
4.194229330151061363e-01
4.277856673716062819e-01
1.338332920186475761e+00
1.873402366127313590e-01
2.261013147599837680e-01
4.812424672878422016e-01
5.379463298691389284e-01
5.073079588806821416e-01
5.287925974129452644e-01
5.573238591354289229e-01
5.912473397099264893e-01
4.090598708071471190e-01
4.256160774292836457e-01
4.097504867615953672e-01
4.194001524796302505e-01
5.686468530952154543e-01
5.640400609261021492e-01
5.409457618993409600e-01
4.056986981825864702e-01
3.963045727697945830e-01
4.069917205966024909e-01
4.196971903614695187e-01
4.106436577723057701e-01
2.100900696150040492e+00
1.805954497444713036e+00
4.018620692683280149e-01
4.280099711593236544e-01
4.067928342193042335e-01
2.450785769366334854e+00
4.101515188652812838e-01
4.298623454127944998e-01
3.983397989119271121e-01
4.195670202850433350e-01
2.877121844396997474e+00
3.969277099834907507e-01
4.277300520465564526e-01
4.217353525401568715e-01
4.396465348997167788e-01
3.421127181867994693e+00
4.331867828153713185e-01
4.391516002553383369e-01
4.083692454988260834e-01
4.304107118229584250e-01
4.488248512764596021e-01
4.517562475030363900e-01
4.279737807850549358e-01
4.174245843785879373e+00
4.226554050898402859e-01
4.373207692254719725e-01
4.301933529917488230e-01
4.496263685178337188e-01
4.531593263953565542e-01
5.401054379363378288e+00
4.185582544513632430e-01
4.375137650849886817e-01
4.355987654811379062e-01
4.502345730347629416e-01
4.431454500666731633e-01
8.385479137719425324e+00
4.179725562263521543e-01
4.357498578797728284e-01
4.298276708706620930e-01
4.473943266246393491e-01
4.388062153818438338e-01
1.079633409815671818e+01
1.694046150152691865e+01
7.119140822592240347e+00
5.519718189090224492e+00
4.942791274577907679e+00
4.584679663415728967e+00
4.317664607187666093e+00
4.100222872066844104e+00
3.913692851288550933e+00
3.747751248101412802e+00
3.596184773428286796e+00
3.455122940853783575e+00
3.322152738980125086e+00
3.195815131465590042e+00
3.075290883927743302e+00
2.960190194793495877e+00
2.850404655101088647e+00
2.746000295848156636e+00
2.647140051773490654e+00
2.554028282439257058e+00
2.466871674253648727e+00
2.385851458539771652e+00
2.311102338517585064e+00
2.242694272364651464e+00
2.180614451529341302e+00
2.124748421642653540e+00
2.074861201525480592e+00
2.030581232314490059e+00
1.991391623505490704e+00
1.956633857805186061e+00
1.925528239271006914e+00
1.897212615114595602e+00
1.870796733668895095e+00
1.845425413187185448e+00
1.820341331993656997e+00
1.794938908766923191e+00
1.768803978186645143e+00
1.741737762018581215e+00
1.713765806144667447e+00
1.685132455547605046e+00
1.656280404566938591e+00
1.627814879632848877e+00
1.600453907644171947e+00
1.574968918656564965e+00
1.552121849904100293e+00
1.532604891855908535e+00
1.516987342803350902e+00
1.505671887785537066e+00
1.498861102685989266e+00
1.496534588831734514e+00
1.498437689273170337e+00
1.504083575791797633e+00
1.512770648786868399e+00
1.523615569345448284e+00
1.535598223507649962e+00
1.547609308206439049e+00
1.558486955259152262e+00
1.567030365615682541e+00
1.571989451629026924e+00
1.572049128433122611e+00
1.565847021421266083e+00
1.552069511607391927e+00
1.529649436770494475e+00
1.498038100598395594e+00
1.457465114755841284e+00
1.409069839812601810e+00
1.354818839111378459e+00
1.297209888968125613e+00
1.238857729474832192e+00
1.182102143692238982e+00
1.128751058467595714e+00
1.079996311439538115e+00
8.817242020784979983e-01
8.961761916822473806e-01
8.714107190026076921e-01
8.673700458611687258e-01
8.639195788930992270e-01
8.759526588579391593e-01
8.895901462604552945e-01
9.077273290173307752e-01
9.291957465776523595e-01
9.521444572375349358e-01
9.740397357080969876e-01
9.917083545969413994e-01
1.001372207192114505e+00
9.986071078236158360e-01
9.781530488001917156e-01
9.334837962156495861e-01
8.560091430418225178e-01
7.356654317214035288e-01
4.265644997355960144e-01
5.743514215582962157e-01
4.372532098925122068e-01
4.480977934839133758e-01
4.503360596069865274e-01
4.412627514252401850e-01
