1.783051602140988834e+01
1.129783733559572312e+01
8.752565344535211622e+00
7.366561374615699265e+00
5.638910722556500055e+00
4.997985332490712196e+00
4.594247415798474066e+00
4.291289541655161521e+00
4.044490085396362566e+00
3.833795690952754853e+00
3.648123336706762476e+00
3.480754259607307777e+00
3.327400038233443880e+00
3.185247375303034811e+00
3.052432976065481363e+00
2.927731172005842541e+00
2.810355007612404421e+00
2.699821757704098157e+00
2.595857390875448090e+00
2.498325899985495813e+00
2.407175086070719949e+00
2.322393346148592386e+00
2.243973761706173686e+00
2.171883008734122100e+00
2.106033648978632211e+00
2.046259410381869426e+00
1.992294234260893804e+00
1.943757143896605477e+00
1.900146159762044595e+00
1.860845103361828068e+00
1.825146598966299605e+00
1.792292409996342872e+00
1.761528437245948986e+00
1.732167100467638665e+00
1.703646104605552214e+00
1.675571709422111200e+00
1.647737758457411328e+00
1.620118338333200292e+00
1.592839627190408169e+00
1.566141993046577863e+00
1.540344301672669891e+00
1.515818452533739036e+00
1.492975435756108249e+00
1.472257860840479049e+00
1.454130534689372922e+00
1.439061077732884053e+00
1.427485731455639062e+00
1.419759466556334226e+00
1.416092621671466878e+00
1.416478198542842293e+00
1.420615594668361625e+00
1.427839678185300443e+00
1.437069900629162289e+00
1.446801778813833428e+00
1.455168483402645929e+00
1.460096439711364935e+00
1.459559091159588373e+00
1.451897232979926455e+00
1.436134596574332623e+00
1.412195686215972579e+00
1.380948610008741362e+00
1.344049235295178724e+00
1.303630955391797741e+00
1.261932659358415032e+00
1.220964187167789872e+00
1.182276744513976352e+00
1.146858287863122383e+00
1.115136189786272602e+00
1.087054450677833461e+00
1.062196914991485608e+00
1.039938368951200953e+00
1.019610297589842229e+00
1.000664229343584344e+00
9.227660850557412031e-01
9.223019859367187490e-01
9.276158604949182873e-01
9.563651239910470059e-01
9.786557849338117787e-01
1.003985823382343101e+00
1.029185254708634867e+00
1.049617300407401421e+00
1.059098285230791525e+00
1.050057424759226032e+00
1.013920135926495325e+00
9.414675780792898241e-01
8.227358848010009051e-01
6.551065291240162347e-01
4.787746443219823012e-01
4.280948522979526327e-01
4.448471925763951007e-01
4.465687572046996845e-01
4.454072070524013327e-01
4.590949702481701422e-01
5.603005401496321092e+00
4.381774831297002293e-01
4.359863077522246888e-01
4.453378102176966391e-01
4.437828293970711990e-01
4.531016762164051803e-01
4.322154617787536068e+00
4.337712963136770017e-01
4.359698692806859843e-01
4.455260352502019017e-01
4.443395657913668528e-01
4.554850818667098289e-01
3.546225673158748037e+00
4.369850775460458192e-01
4.341786249466976222e-01
4.444309880161962933e-01
4.459854930238805193e-01
4.536902666773032777e-01
2.992503515903873534e+00
4.370272221506095178e-01
4.265963983858107045e-01
4.432664896992032366e-01
4.466568860158386944e-01
4.437998187647758663e-01
4.404657848523914621e-01
2.563148178339429428e+00
4.316875805486229400e-01
4.352490001306721923e-01
4.444632824418258132e-01
4.450300773889968586e-01
4.538972851329066138e-01
2.213678327871018592e+00
4.334412690039153304e-01
4.300266124427732928e-01
4.413701969521881541e-01
4.341550351064579205e-01
4.318011055416867139e-01
1.920361077655574178e+00
4.286801187075073849e-01
4.342307173605894355e-01
4.482404559550805523e-01
4.263599041987116700e-01
4.298078828400737628e-01
4.462820384294209353e-01
3.784282474786491157e-01
4.049897002681621672e-01
4.828109517211389701e-01
4.723566960385754965e-01
4.940792057043602581e-01
4.881202946198915371e-01
4.910558021440818988e-01
4.258545798119695580e-01
4.296667972315146300e-01
4.328062776478147633e-01
1.260403291977750140e+00
1.451140522629198681e+00
4.406946558726915208e-01
4.509807010308818365e-01
4.302527690492105594e-01
4.654544558810295718e-01
4.697169250755015013e-01
4.735525972699384245e-01
4.937485086970799797e-01
4.852067324519316327e-01
4.872371541615889701e-01
4.285483453503010076e-01
4.309621168517763778e-01
4.252066792205576040e-01
1.091385029540561158e+00
3.498281982603423934e-01
3.727136383322165458e-01
3.831116835658839870e-01
3.751613484368901963e-01
4.515539581580566564e-01
4.979184347556362966e-01
4.949450680138252623e-01
4.675024275310270538e-01
4.531110285999594978e-01
4.523217831914559395e-01
4.565346611212178773e-01
4.583270027292385418e-01
4.632198606785173367e-01
4.639469280486841485e-01
4.698792553067794309e-01
4.606417636462160625e-01
4.623124301693891658e-01
4.342387208067470805e-01
4.437649047085190368e-01
4.669868464702579547e-01
4.739480515347490597e-01
4.847606092870862526e-01
4.959337002058000765e-01
5.037787341080091075e-01
4.276636523478097862e-01
4.422971917159783106e-01
9.550460500699213817e-01
3.900138037206437591e-01
4.231982048219991022e-01
4.292822192893164801e-01
4.660945660861382511e-01
4.557360818786961865e-01
4.553616858259540434e-01
4.501841869671018292e-01
4.562834212496590380e-01
4.577505298267595113e-01
4.593719136685261994e-01
4.615334189124628561e-01
4.644124708600038676e-01
4.702047829306714166e-01
4.651531466466780618e-01
4.710449532231218428e-01
4.432149504832079701e-01
4.414368005950514706e-01
4.366036637153625777e-01
4.706128867377516456e-01
4.743931355189120458e-01
4.827424252094581480e-01
4.988517302216528559e-01
4.984093275017829616e-01
4.267152960375167892e-01
4.192931579976539869e-01
4.496751846285874099e-01
7.686126018923198355e-01
4.167683529634986783e-01
4.143192502529869370e-01
3.941992367325997115e-01
4.272906662381233400e-01
4.429060486070187097e-01
4.432867361278080565e-01
4.487177157645834136e-01
4.585218641197836287e-01
4.667272598746251000e-01
4.626491003061225515e-01
4.697724910946853849e-01
4.699694712775922545e-01
4.379023416221280440e-01
4.422034977554178958e-01
4.366929558998842720e-01
4.692723675085236912e-01
4.741660168880377224e-01
4.857410253910379172e-01
4.956952701193815258e-01
5.137288906864997395e-01
4.265583671472001903e-01
4.315935135453391469e-01
4.404179927104706627e-01
4.387414961714852790e-01
3.604874008590263634e-01
3.101833486490511715e-01
3.587827560891887479e-01
3.947981835614696733e-01
4.621754622867204620e-01
4.780218840142307912e-01
4.678789501308440180e-01
4.622031293569964228e-01
4.647488745171755586e-01
4.613281373328292356e-01
4.350267489983969393e-01
4.431727738190668342e-01
4.670816580784409311e-01
4.650706626609296679e-01
4.396597999255091871e-01
4.424428645967071749e-01
4.361232591857379104e-01
4.713999897473389877e-01
4.781395331625006295e-01
5.084919377436888377e-01
5.123918541350845901e-01
4.298414773356935559e-01
4.347117006306717713e-01
4.329185343067858960e-01
4.515247058851025730e-01
4.435505062720127012e-01
4.459030118812543075e-01
4.563494866292933105e-01
4.537928992695037245e-01
5.065205428296845058e-01
5.451823002073256097e-01
3.747254689318932352e-01
4.749660132213581187e-01
4.779524026909682810e-01
4.830852461874783343e-01
4.611364296361953330e-01
4.642476516658831098e-01
4.713026572624083865e-01
4.637963846115566446e-01
4.593036506123158724e-01
4.589034782711293725e-01
4.609375003260950399e-01
4.708035926014090822e-01
4.613974219214004302e-01
4.626211804504439251e-01
4.341009686785353705e-01
4.434889257487598102e-01
4.451871582267405980e-01
4.498640339784092945e-01
4.981643522774484856e-01
4.365736595810176257e-01
4.254407109749414606e-01
4.614585977713341891e-01
4.595444291595373598e-01
4.612178509299399431e-01
4.674131726422904309e-01
4.403502661959196596e-01
4.436229582185612363e-01
4.338865869757648208e-01
4.799986068763735791e-01
4.666130634292623980e-01
5.174166175761136799e-01
4.315614244825830004e-01
4.378655804686540365e-01
4.240766080418548745e-01
4.471184183139300106e-01
4.461724842287548287e-01
4.447698858397414745e-01
4.988099474560592772e-01
5.400173243395398615e-01
4.969460631153727048e-01
4.582162216673806854e-01
4.504233257898590526e-01
4.486765262911071583e-01
4.537532997294820292e-01
4.530411768054457555e-01
4.641528473968113966e-01
4.556170424272183994e-01
4.567438500887140984e-01
4.603586219317560291e-01
4.627971105186726719e-01
4.514450600356401111e-01
4.376108487884691201e-01
4.467384373849994095e-01
4.575807470723811665e-01
4.987940750729896178e-01
4.803957445815688621e-01
4.346545793191377571e-01
4.289614757735442652e-01
4.611433787400824325e-01
4.606939941064960298e-01
4.806009831074026240e-01
4.414649190556464986e-01
4.429181200204511670e-01
4.332971508964745255e-01
5.089957595432322845e-01
4.772986285871747558e-01
4.446371997835704137e-01
4.409548316256157729e-01
5.105366745041248766e-01
5.351485750888707038e-01
4.340748674396230355e-01
4.363809837171429007e-01
4.299356543503633499e-01
4.474115046998162759e-01
4.454894621948904399e-01
4.474458560844681299e-01
5.209609947587294787e-01
4.557099655932263516e-01
4.522205902812760914e-01
4.392148109171730708e-01
4.525315224066335795e-01
4.649866063653290693e-01
4.665370908740694156e-01
5.066611209757279077e-01
4.466724919726546283e-01
4.521445684300211543e-01
4.513569869453530892e-01
4.601520292393664890e-01
4.233087141411280285e-01
4.775039361374463498e-01
4.252542403653173375e-01
4.090807505650846387e-01
4.754404736648182306e-01
4.710587690666032112e-01
4.406664851050617893e-01
4.415959566448930951e-01
4.421439514579735830e-01
4.597107702762311954e-01
4.690636726654427435e-01
4.331259623118496327e-01
4.601171749802213107e-01
4.580198316211975262e-01
4.827263680815688240e-01
4.423798077025883901e-01
4.439786122908038757e-01
4.359327486256089901e-01
4.964642545582013122e-01
4.376600120154054974e-01
4.179295376158055353e-01
4.767461395895958298e-01
4.935449116582842910e-01
5.097096185750560338e-01
4.350885344945759625e-01
4.349451696482454222e-01
4.327973352311016986e-01
4.369331951837399641e-01
4.284911791875957165e-01
4.426449752077270539e-01
4.477336396297837973e-01
4.571894622222968940e-01
4.623033386340262285e-01
4.701630524764375263e-01
4.859900255904140987e-01
4.454500251988063875e-01
4.507967193146086848e-01
4.501381566687499558e-01
4.531353905302075713e-01
4.769137960287282985e-01
4.703956592743734899e-01
4.449921855268426096e-01
4.694888463088583985e-01
4.647649696491139015e-01
4.702668490904397536e-01
4.694002543369126812e-01
4.849740268643689123e-01
4.386960741686822263e-01
4.452939539750108144e-01
4.470768850771332792e-01
4.589392193618853644e-01
4.831452772322074041e-01
4.417587509767225140e-01
4.255959027408872108e-01
4.587041332016121853e-01
4.576317321419279271e-01
4.835789478761424731e-01
4.422627400980477796e-01
4.439120571418306849e-01
4.378796170411488053e-01
5.033989018972481189e-01
4.786357428518170365e-01
4.158425334945066720e-01
4.826124239650085301e-01
4.910461507957500915e-01
5.091886223203477835e-01
4.296080057039451394e-01
4.574373769680701307e-01
4.293245576669535435e-01
4.217938375836122189e-01
4.322556769907954788e-01
4.598077315739528270e-01
4.565550261865408688e-01
4.535358168068554519e-01
4.613127512251772866e-01
4.725971478337721576e-01
4.610187443901127557e-01
4.442253763822088253e-01
4.491949078163642861e-01
4.486905778217228358e-01
4.469489090391589037e-01
5.057596806016638746e-01
4.485679386109068800e-01
4.469907482901965268e-01
4.619800581545191465e-01
4.714534682194970738e-01
4.709016819790077246e-01
4.389860408223464905e-01
4.456568090576036867e-01
4.501838107396839983e-01
4.644980624590963059e-01
4.802506896918519175e-01
4.749012229563020493e-01
4.345564689658675817e-01
4.584627469894531626e-01
4.591792420665801178e-01
4.836024684389796380e-01
4.428390867830663269e-01
4.467925666497341020e-01
4.403913757891437242e-01
4.792880913369869655e-01
4.324470592365317057e-01
4.211091146058430490e-01
4.835103891955837563e-01
4.904479846099832341e-01
5.118272142257618285e-01
4.311453045134207573e-01
4.360378990885950823e-01
4.310552763195103498e-01
4.315522643222556298e-01
4.356139334102465677e-01
4.542029647463062259e-01
4.591012614210609466e-01
4.652447232928741960e-01
4.646764291141058378e-01
4.679850078092867571e-01
4.883103713526191769e-01
4.482233621386373379e-01
4.494389791352263464e-01
4.579702967406455438e-01
4.701624057798139966e-01
4.962669318254264161e-01
4.328241042655147641e-01
4.703996579130652056e-01
4.642571551297176025e-01
4.749193476195219255e-01
4.746945716766186041e-01
4.451654757482714220e-01
4.458577690261497639e-01
4.516627628968071240e-01
4.591842948468262686e-01
4.736888099004510355e-01
4.322720220914576528e-01
4.585133817177436955e-01
4.583486998975201399e-01
4.825388090511310568e-01
4.431213026351389361e-01
4.467660032802260317e-01
4.676564914871135792e-01
4.951972135437567868e-01
4.810661454779968649e-01
4.236722479906915306e-01
4.816023778484319062e-01
4.845442976233195753e-01
5.171863146704449576e-01
4.300173481201067238e-01
4.454355865876590825e-01
4.393992338021647792e-01
4.436994257598817493e-01
4.523171583786098626e-01
4.581458675924337531e-01
4.633537521642291379e-01
4.699260904533521521e-01
4.703060671646482893e-01
4.831323983161029956e-01
4.484862684104748420e-01
4.516920037090347284e-01
4.701803136000932137e-01
4.596785348997965426e-01
4.459295315114642499e-01
4.645242484332214872e-01
4.655703798354356993e-01
4.680341715830021454e-01
4.855134595513986850e-01
4.526740413400997531e-01
4.673869481990707841e-01
4.327671610631158017e-01
4.212438552937991521e-01
4.582589135327834184e-01
4.579642314968535022e-01
4.806452864473430564e-01
4.421187310790996583e-01
4.484894563397845979e-01
4.645513388937148047e-01
4.230580079385841685e-01
4.230677662243126913e-01
4.851648770481488127e-01
4.870652700483202868e-01
4.976631955187068579e-01
4.372191069854016732e-01
4.436221455729794649e-01
4.450734898293627895e-01
4.433286153328940271e-01
4.528503359378326931e-01
4.596238797935262022e-01
4.608249502237534156e-01
4.645291151770681859e-01
4.700472670638909944e-01
4.657330870700805425e-01
4.606374968461131036e-01
4.517224855188882726e-01
4.362834020489418374e-01
4.616162984554063597e-01
4.684810355708556306e-01
4.660092910225261953e-01
4.421712589597930898e-01
4.588402761145909947e-01
4.568031710634734566e-01
4.714070203202649911e-01
4.142768416482414673e-01
4.936961455372821939e-01
4.921685843541200867e-01
4.415805949903988670e-01
4.426719557062143706e-01
4.465062583197234591e-01
4.474925850700518515e-01
4.546340693660981813e-01
4.584004469908335433e-01
4.653067088953715125e-01
4.634479728977641821e-01
4.640632584370387170e-01
4.681342261705642716e-01
4.841793453248169898e-01
4.251822117424364778e-01
4.674557779971368343e-01
4.646494865918187611e-01
4.648354031460794622e-01
4.847043708755518487e-01
4.408522497958430875e-01
4.328839219584768028e-01
4.639285457656399658e-01
4.648987051841725338e-01
4.737396037074826927e-01
4.445878748982307060e-01
4.916911649330437672e-01
4.883724428971977782e-01
5.040080440591826472e-01
4.417317927683218071e-01
4.413890699509821491e-01
4.465045381272547131e-01
4.494621954954851617e-01
4.608696817681244284e-01
4.618713629778476992e-01
4.600357071923140695e-01
4.704414404787239934e-01
4.767977086718820923e-01
4.632540901422215751e-01
4.599088204128786717e-01
4.599964439646241354e-01
4.706027973675339648e-01
4.704697913133013554e-01
4.290163011308643637e-01
4.321913547831772173e-01
4.588471620547918128e-01
4.471150886489619891e-01
4.877482734238519080e-01
4.837703935494606644e-01
4.932247885186124003e-01
4.427259950668799293e-01
4.442258707697185338e-01
4.414301836588668815e-01
4.427393729108823894e-01
4.606510783025162814e-01
4.617381059083248696e-01
4.680677499967413335e-01
4.678070080369578498e-01
4.720310119428902662e-01
4.789401055421076969e-01
4.591080831873426971e-01
4.670850379299692490e-01
4.327582363443788771e-01
4.434737523904996315e-01
4.873894233953697253e-01
4.733000798934339226e-01
4.693895770847585913e-01
4.541838033907553696e-01
4.775495794647999781e-01
4.973574901456445652e-01
5.135382968284974980e-01
4.449260882352226165e-01
4.472135327605253341e-01
4.354276552688434165e-01
4.376988116258195838e-01
4.578210406527384868e-01
4.650858426212501340e-01
4.635477410018764011e-01
4.746887561938958888e-01
4.828838047364477637e-01
4.814380355405260548e-01
4.570859947284406366e-01
4.640570835317383569e-01
4.610931676029402793e-01
4.559726992294525494e-01
4.444658764802292272e-01
4.830251158901950337e-01
4.759640082887029999e-01
4.528804073799098107e-01
4.637181121266118478e-01
4.627040930296443255e-01
5.070322945475180809e-01
4.750955269599587694e-01
4.470058869302131477e-01
4.478459611139447571e-01
4.411974327775745053e-01
4.402774681185066541e-01
4.474013486982698073e-01
4.661213872426689941e-01
4.646539769545046661e-01
4.399146390235602611e-01
4.434180999018058067e-01
4.613233679920306640e-01
4.691194949370038891e-01
4.366782079701457819e-01
4.790702703486778291e-01
4.753579037320546652e-01
4.528890749124002135e-01
4.525705504852452488e-01
4.397303843497146758e-01
4.564856473680526938e-01
4.331689800944332203e-01
4.396862982692171240e-01
4.578292575233308126e-01
4.618853954030034958e-01
4.453266845987482458e-01
4.511018399088217445e-01
4.510933745155778496e-01
4.433974845417314459e-01
4.464926658288621564e-01
4.688982256837597173e-01
4.674260957749536982e-01
4.185363106682838397e-01
4.054219818800642861e-01
4.597771269722325527e-01
4.639414597899085280e-01
4.414300203719718763e-01
4.400385632891902765e-01
4.715701073230654794e-01
4.735677372911854532e-01
4.562222552822067234e-01
4.498171722626508884e-01
4.636940414412091260e-01
4.519750356657725177e-01
4.411728390485021301e-01
4.468064842057195563e-01
4.614201461049316499e-01
4.653497037151698712e-01
4.591979180967253327e-01
4.595831699103440915e-01
4.395371618151776016e-01
4.508663425154500470e-01
4.510596436814003907e-01
4.360685251687627106e-01
4.372447524074550285e-01
4.648692416192442001e-01
4.687050692960954001e-01
4.371520889309785107e-01
4.218062760729259786e-01
4.695884941356314179e-01
4.926175216927802802e-01
4.588246118297645837e-01
4.636645396021167875e-01
4.614605377330590619e-01
4.778099876333670171e-01
4.335727662831647122e-01
4.382618858656133765e-01
4.608585948113177455e-01
4.719558152263769180e-01
4.403696600403770867e-01
4.370196289019183111e-01
4.310968567599594015e-01
4.697275816655406833e-01
4.716696450928308804e-01
4.536915547745454802e-01
4.497796936091896791e-01
4.582256366685111826e-01
4.570336946529269806e-01
4.370543649778561024e-01
4.425920504249798992e-01
4.634800517446105994e-01
4.625157039555179428e-01
4.467217896972602853e-01
4.471467484584445984e-01
4.676777916450213790e-01
4.842368163172938722e-01
4.886122748500829061e-01
4.747267194099882848e-01
4.536557695546649671e-01
4.524034258553563115e-01
4.357527551638272767e-01
4.314659580421889573e-01
4.619924996547872253e-01
4.692641533654508534e-01
4.229127128641769207e-01
4.747602054962674067e-01
4.908541506078045180e-01
4.559931346559143450e-01
4.527018204623866615e-01
4.665062457009410135e-01
4.594707791599095259e-01
4.645232121820723203e-01
4.681356220629409037e-01
4.387560161642226619e-01
4.679293285456693208e-01
4.699151891236426071e-01
4.353186491191605167e-01
4.385093029708720946e-01
4.680346618507029155e-01
4.755497072493333754e-01
4.739937949037155152e-01
4.498967017592888640e-01
4.502897199070832190e-01
4.589392928033381169e-01
4.573129118717458308e-01
4.425384153752752736e-01
4.446322539908834082e-01
4.498688651365295166e-01
4.624537839800484940e-01
4.591821603287915554e-01
4.522158866128125898e-01
4.451149936884403191e-01
4.486033202116128105e-01
4.640599644345461128e-01
4.770450540891426061e-01
4.803824216238089528e-01
4.547596962041533519e-01
4.554932227236760389e-01
4.371053764258274188e-01
4.345086131582047151e-01
4.348727288634475219e-01
4.655303428076994487e-01
4.716459168437727723e-01
4.715608132572354783e-01
4.272314029884593523e-01
4.293325964005460516e-01
4.806736631456628994e-01
4.835813655343046968e-01
4.527306938306326356e-01
4.549747450337421339e-01
4.564667098698617642e-01
4.660252589058062056e-01
4.678786859390063890e-01
4.667984110086915162e-01
4.491629275949672873e-01
4.426536566996399635e-01
4.678619564192743607e-01
4.706621107537175552e-01
4.300045243023717934e-01
4.330190725295913756e-01
4.374885604649258464e-01
4.750301238936954218e-01
4.779268049495557502e-01
4.485300645133377118e-01
4.613940321226359109e-01
4.450516527018974489e-01
4.480674177598069075e-01
4.602466205744593086e-01
4.628147342125117913e-01
4.463690238592509241e-01
4.458405518354921493e-01
4.556628673641655025e-01
4.621920510322181652e-01
4.769891987197978356e-01
4.795425688099722028e-01
4.525332298636961514e-01
4.577944473990109842e-01
4.371426058602672082e-01
4.430111900161707861e-01
4.691059590498787846e-01
4.748739110285435383e-01
4.364100497301333093e-01
4.247125974128350134e-01
4.822551512473381985e-01
4.788534065000623619e-01
4.533078732737264027e-01
4.537885312793248360e-01
4.662970074978904922e-01
4.740317759908865836e-01
4.439091276833673771e-01
4.414440903080647516e-01
4.689284828516282477e-01
4.694341534186633469e-01
4.379732805606371127e-01
4.416178127181685231e-01
4.682564148787210501e-01
4.735965893641771451e-01
4.537177786818825109e-01
4.506672582376806679e-01
4.571953612135878364e-01
4.597246095659336396e-01
4.450552112360255386e-01
4.418406514770884530e-01
4.562710458783095779e-01
4.631737371083139987e-01
4.434658431243832521e-01
4.454591940276881878e-01
4.565157902324272765e-01
4.592130236532147025e-01
4.787925521242739624e-01
4.808360520243948888e-01
4.505732808053597993e-01
4.578195046293861981e-01
4.344841533501141440e-01
4.304279785114354939e-01
4.683622051190744484e-01
4.706943099352733917e-01
4.251153367791701831e-01
4.209101197827548879e-01
4.808981772047277725e-01
4.760305920015978631e-01
4.538511264823744118e-01
4.533551872084795042e-01
4.561560169971264345e-01
4.646679344800912492e-01
4.628178382100962551e-01
4.882306203364160657e-01
4.372876493025082967e-01
4.512654847764141497e-01
4.686047134387304469e-01
4.685214378807093794e-01
4.338550985465360332e-01
4.351086540705537131e-01
4.623995565232996707e-01
4.694212291749024768e-01
4.749917481806533170e-01
4.530586231526390062e-01
4.475102388118913921e-01
4.630599658858610690e-01
4.616928592168880741e-01
4.442792600399531611e-01
4.412499476782221208e-01
4.566548197252051633e-01
4.613257224967379777e-01
4.627112705313653485e-01
4.514253924882324909e-01
4.603065482694003729e-01
4.793131241560343314e-01
4.823623154559955606e-01
4.512042163736860734e-01
4.565474389143098777e-01
4.295185371807826447e-01
4.288402119809043289e-01
4.653464301871390041e-01
4.635406523581036553e-01
4.761016059698955916e-01
4.218204779276695238e-01
4.291351551395888864e-01
4.763623215346449169e-01
4.724647788137938398e-01
4.521334318472436387e-01
4.503465595345631511e-01
4.677569628448614014e-01
4.628889584715862315e-01
4.381860411954570100e-01
4.769425911611521740e-01
4.339711977969722412e-01
4.356704739694436390e-01
4.658860384652784847e-01
4.777734415766750620e-01
4.488855966330042024e-01
4.486720243894732896e-01
4.610754003656799549e-01
4.613572864882218294e-01
4.377804910179104447e-01
4.394780156632506207e-01
4.581287350375867207e-01
4.650444618943077035e-01
4.456430734646359415e-01
4.488655591361100372e-01
4.606634154726945707e-01
4.586090343214583309e-01
4.832142300151063274e-01
4.859303725116819739e-01
4.561462604721207015e-01
4.234222530590017186e-01
4.241215678955524426e-01
4.701232944637127598e-01
4.757406304063883651e-01
4.183021538392212024e-01
4.322319768459043088e-01
4.832392310173716510e-01
4.536119480591924713e-01
4.523533475716670083e-01
4.551816235584504877e-01
4.705249667215119502e-01
4.748972868326532537e-01
4.369329559526303752e-01
4.397802246032654350e-01
4.466357847897556854e-01
4.609306575642180825e-01
4.595450287559096347e-01
4.832781009994259191e-01
4.411005946537934763e-01
4.529770436623372087e-01
4.647984054525339803e-01
4.575886087223758336e-01
4.445163923128263028e-01
4.446357574003204083e-01
4.461740744554931748e-01
4.611532995432643944e-01
4.584427853071157966e-01
4.430519230580293177e-01
4.508310077150785578e-01
4.654310886597879948e-01
4.591964936806515740e-01
4.818646788894489497e-01
4.771983680846257347e-01
1.122584030488405826e+00
4.268279196077012783e-01
4.254159191251589700e-01
4.290125226653403456e-01
4.663210084229417740e-01
4.483598859915366441e-01
4.877278563707079240e-01
4.834123678773028510e-01
4.524776923209242740e-01
4.536819408254805230e-01
4.832675299366948618e-01
4.654434257189318802e-01
4.400555933982320256e-01
4.448506446506327872e-01
4.598836257245123571e-01
4.457080886912641038e-01
4.675212317264126338e-01
4.465108332784709089e-01
4.501947110981009414e-01
4.609465404577712255e-01
4.510077696462511665e-01
4.350047924077757866e-01
4.502782171420771085e-01
4.634031951662480053e-01
4.562818056476656836e-01
4.826539800337625863e-01
4.781264642716783753e-01
5.518442622388539220e+00
4.246101843122516151e-01
4.367567264979964614e-01
4.932321280318214263e-01
4.752990196454410787e-01
4.521070806520949281e-01
4.511973172778908636e-01
4.654470098471518713e-01
4.384207586270920110e-01
4.407762935333121024e-01
4.681404407514777599e-01
4.566097655984310832e-01
4.424731878714494027e-01
4.471395699527799250e-01
4.601057889566968484e-01
4.523721235249186234e-01
4.532821772048243880e-01
4.802203359676022187e-01
4.732214583846187650e-01
4.738141888896386100e-01
1.716727968936921300e+01
4.106102770691073545e-01
4.295330162356507109e-01
4.751605992202695972e-01
4.802392562433560053e-01
4.529360833136720221e-01
4.464299017045570417e-01
5.062781199272294863e-01
4.612403965377235293e-01
4.463078907740843371e-01
4.470472490683173872e-01
4.865913872515021943e-01
4.611391898004721934e-01
4.546403770370804343e-01
4.289343499787566238e-01
4.693158695608072861e-01
4.557655980549214503e-01
4.646647882789665673e-01
4.894529119668704076e-01
2.759717979423828993e+01
4.361610204563489690e-01
4.881274084374822020e-01
4.674759664523542302e-01
4.227206070441807961e-01
4.684234592988363310e-01
4.785663344535268648e-01
4.498692688696683817e-01
4.338594048149682636e-01
4.600970116584608416e-01
4.514553483545707402e-01
4.613461321823604244e-01
4.676829486124418067e-01
4.935136778766464616e-01
3.151652738250752606e+01
4.283540370025523125e-01
4.804836632703674004e-01
4.661554936282293338e-01
4.448667947145960033e-01
4.684855885846592183e-01
4.618560628751848807e-01
4.494910423700141933e-01
4.465090273517851038e-01
4.611449779869528087e-01
4.283081924270547014e-01
4.556302649902017055e-01
4.677273119656127354e-01
4.896849142653398324e-01
2.759630817511770218e+01
4.199831234094372201e-01
4.470236764383558881e-01
4.757835644667334773e-01
4.753729698196971776e-01
4.514234475213718678e-01
4.498584603868491238e-01
5.069705893577465261e-01
4.662266007938238865e-01
4.457404407187135487e-01
4.402749823261274953e-01
4.865922199829329498e-01
4.612507183309503267e-01
4.549145394065596815e-01
4.473369041832713777e-01
4.691473948508959046e-01
4.530779071746259823e-01
4.648705023771076417e-01
4.739773556952884270e-01
1.716648039129530190e+01
4.341601533170941218e-01
4.378287422849363453e-01
4.932957509814518970e-01
4.835701200937038702e-01
4.510067817600550977e-01
4.527471668468088239e-01
4.662172710979083368e-01
4.379866013384307033e-01
4.444519722646345650e-01
4.681634086674907325e-01
4.675390349508072307e-01
4.423827792277243431e-01
4.501905008562401278e-01
4.599921342174402850e-01
4.508686819511705246e-01
4.523701972557402917e-01
4.507918306498774896e-01
4.560852314976499566e-01
4.803128469737876771e-01
4.782175772366760724e-01
4.733862334664755145e-01
5.518095517744207257e+00
4.334408527117277754e-01
4.310827723883717821e-01
4.337820421062013598e-01
4.615561457845657189e-01
4.678224692824530240e-01
4.451632152916342733e-01
4.304668235401681864e-01
4.878495350489319149e-01
4.831527290715098566e-01
4.516556344463620865e-01
4.545928829593670062e-01
4.840909493706858635e-01
4.755894393629936379e-01
4.397125466216045275e-01
4.463647641939940125e-01
4.601337098934367709e-01
4.835278781857146324e-01
4.458156452259050551e-01
4.529895154011888136e-01
4.576166349260054611e-01
4.464923816261566758e-01
4.460852852522471657e-01
4.608175852594644795e-01
4.582945579822607640e-01
4.354957164303104311e-01
4.510733218838842151e-01
4.635174873829462361e-01
4.590834923361878372e-01
4.827267615890621366e-01
4.772672165478822892e-01
1.122485085733588184e+00
4.291974317189425903e-01
4.341707328500354346e-01
4.634230691699357529e-01
4.690435305230406526e-01
4.167755324840335396e-01
4.276435315840053653e-01
4.719572964625621814e-01
4.534333956645480446e-01
4.502094742014194906e-01
4.518789439894999038e-01
4.710342592934521622e-01
4.774769240559231243e-01
4.368694793056319692e-01
4.355927500182538159e-01
4.395450908676840629e-01
4.613516683904210214e-01
4.782294418431546901e-01
4.599084837661304714e-01
4.411002511163093498e-01
4.486745895379456450e-01
4.648222350124843749e-01
4.613691558394994452e-01
4.444733436131259041e-01
4.394324488459818712e-01
4.445906426693607694e-01
4.610269575475240966e-01
4.649052732786184139e-01
4.432368732347463092e-01
4.491345017205755630e-01
4.655169223634470499e-01
4.585831006608997451e-01
4.819226857457517554e-01
4.859860022214076425e-01
4.560439919269716480e-01
4.338177683109746274e-01
4.339706803114218858e-01
4.580785351627089663e-01
4.636789114179605820e-01
4.563899520177857050e-01
4.203440466347431737e-01
4.196855541734390571e-01
4.780057838116326119e-01
4.748701479600449527e-01
4.522459987139332283e-01
4.565367005611512541e-01
4.684336983497005558e-01
4.891700697580568247e-01
4.630654637358268544e-01
4.375486073221286354e-01
4.506489614973202551e-01
4.687391437245038150e-01
4.339944783152210883e-01
4.351474754216838048e-01
4.662890341902863334e-01
4.753002441516595011e-01
4.488951162914283644e-01
4.475285832406158959e-01
4.610784630049298283e-01
4.616843421611874776e-01
4.377045299063948014e-01
4.412014269189390436e-01
4.580344592838739293e-01
4.626243820760321257e-01
4.457364910164821614e-01
4.516727008358083495e-01
4.607433081072543901e-01
4.604068750136404709e-01
4.832600788706604700e-01
4.824027574712809741e-01
4.564291561858425661e-01
4.373944758808269717e-01
4.447852081402184354e-01
4.623322630456331295e-01
4.695082537335145134e-01
4.238718227885260870e-01
4.235878949651154524e-01
4.796788950342538715e-01
4.776705314394446011e-01
4.545912205916228799e-01
4.544551458367298014e-01
4.538229563767338659e-01
4.654835223764801078e-01
4.751027591273884743e-01
4.636890420467587592e-01
4.368067897841522162e-01
4.410354106253791540e-01
4.687949910767605921e-01
4.694142578559060697e-01
4.339771634108116616e-01
4.418309169966557759e-01
4.625990899760659136e-01
4.737883818867299479e-01
4.697451556951167673e-01
4.530915395827012082e-01
4.507052451458185005e-01
4.630449872582817483e-01
4.597037953342639760e-01
4.441969264403530238e-01
4.417841800516831285e-01
4.565645151427393245e-01
4.630930230128845748e-01
4.612171438970029125e-01
4.454790332672943221e-01
4.594001928195078355e-01
4.793426106826533251e-01
4.808578149389936551e-01
4.510974964998968328e-01
4.577278662815035815e-01
4.385804637163721043e-01
4.345220112320416495e-01
4.643445440806878155e-01
4.682256077771926872e-01
4.354941421437712457e-01
4.285671701609081730e-01
4.810584188193102184e-01
4.824453336816488802e-01
4.541786305915279653e-01
4.577692124457165557e-01
4.671126977280067316e-01
4.676080896439182011e-01
4.436630838849718317e-01
4.424265364838574910e-01
4.688102197212697941e-01
4.704372054511959944e-01
4.382226679822335824e-01
4.378635366149625230e-01
4.683330814851808244e-01
4.779135875844782722e-01
4.537717589354045566e-01
4.485734652842311987e-01
4.571610606496417928e-01
4.613707207275371536e-01
4.449503046422632058e-01
4.480365817597972700e-01
4.562171297770940548e-01
4.627665963105546676e-01
4.435609948205990194e-01
4.458426005533817627e-01
4.567110999236345670e-01
4.624832542739353292e-01
4.788047851447615466e-01
4.795425936628741614e-01
4.504855448043904587e-01
4.577073814797609774e-01
4.349495135035224003e-01
4.290045246688391489e-01
4.341711258231140680e-01
4.642359899583438088e-01
4.680915761281085885e-01
4.685533358354205258e-01
4.262937296170962731e-01
4.219701926391584701e-01
4.795787934836132083e-01
4.897399864087012555e-01
4.540585116850573422e-01
4.678946850941727020e-01
4.562316173863354973e-01
4.667541459209123000e-01
4.686145200148810197e-01
4.686566889190495466e-01
4.490022427117520420e-01
4.388054667184833613e-01
4.675436358921613578e-01
4.695488306326929817e-01
4.305152985278624667e-01
4.390246386960905411e-01
4.333791533162513199e-01
4.749230770803023471e-01
4.738089187179370665e-01
4.503370288908100649e-01
4.572811346990405257e-01
4.450597528025312388e-01
4.497480508783040509e-01
4.602203907019045137e-01
4.591712232172728836e-01
4.462912549701620879e-01
4.450559852137067618e-01
4.559496867820040378e-01
4.643927077524635516e-01
4.769769756363410051e-01
4.803476778722739482e-01
4.524506444821931317e-01
4.554134669905191002e-01
4.321110650621684535e-01
4.330254482000741589e-01
4.625334178899195847e-01
4.697260618206852700e-01
4.212885595486005608e-01
4.736426995628744141e-01
4.914450662654950563e-01
4.574459939491145599e-01
4.600807051956696259e-01
4.542249027934432415e-01
4.596607024912169881e-01
4.779041488225925782e-01
4.650537029870897565e-01
4.385485373190618485e-01
4.675412601775912336e-01
4.715292453979890719e-01
4.358947876623780471e-01
4.316625081440441103e-01
4.683667714054229325e-01
4.720647382178810303e-01
4.754284145607127199e-01
4.499429810539969932e-01
4.498417480195876506e-01
4.589048582884729388e-01
4.569921884622125119e-01
4.423776950787022821e-01
4.424264831598310743e-01
4.444809570670781862e-01
4.624461965123730089e-01
4.624911837910140600e-01
4.520909986506908562e-01
4.465775109006998589e-01
4.490526708208468221e-01
4.680730579254109847e-01
4.769962648566815622e-01
4.746675543304715861e-01
4.546928303024871942e-01
4.523418991028014813e-01
4.310623256571399220e-01
4.402992434016450574e-01
4.668477074114367742e-01
4.702650637669208433e-01
4.370972984726912425e-01
4.059266063590920570e-01
4.696477726880929904e-01
4.632337375622501141e-01
4.635026806176710812e-01
4.614045211006794767e-01
4.339069662202492683e-01
4.405027962667386054e-01
4.605456616192686314e-01
4.403582410091532728e-01
4.375595367533589575e-01
4.694992820296270963e-01
4.729681556985161905e-01
4.537549564558429060e-01
4.498902509878494604e-01
4.581766374127012043e-01
4.519229055368152448e-01
4.369238947034724263e-01
4.465755798273933763e-01
4.634717942089935372e-01
4.591764364998727754e-01
4.392996152013297628e-01
4.475541446507138588e-01
4.843403437096968633e-01
4.885896193711474766e-01
4.536125906946753550e-01
4.510178920674721703e-01
4.366584251884814138e-01
4.389283149832901576e-01
4.722916505007864196e-01
4.691042648656553182e-01
4.188503239454354210e-01
4.433139428409881844e-01
4.589590288685220232e-01
4.682705199255695616e-01
4.419768305959432819e-01
4.372283598798878401e-01
4.709841801685676899e-01
4.746989317470817205e-01
4.563036777754470030e-01
4.526606003755568874e-01
4.636483820069300932e-01
4.564224498459044099e-01
4.410512924522717038e-01
4.396100809399948184e-01
4.614634011437441230e-01
4.619318026204847216e-01
4.653687514191311436e-01
4.593677098831274730e-01
4.451039698287068136e-01
4.508438879602176264e-01
4.510726831900604417e-01
4.314085500272072382e-01
4.276853074654501374e-01
4.321611231396293995e-01
4.713074842403173759e-01
4.705786866305178284e-01
4.394118412180214039e-01
4.810924898471397593e-01
4.603699677613665719e-01
4.596894725954552841e-01
4.453146066742429410e-01
4.782641504558233225e-01
4.754496127884133005e-01
4.529627107972689637e-01
4.529529477401119664e-01
4.396928944549159390e-01
4.330933208504771925e-01
4.578846925051438532e-01
4.627872191312654704e-01
4.749140710853395064e-01
4.511004116452544399e-01
4.478452654593345628e-01
4.286550342707108885e-01
4.305597984129942435e-01
4.665645285095726957e-01
4.709989864666946358e-01
4.713680744213491480e-01
4.741472580697552730e-01
4.800368834287041531e-01
4.830644866915497770e-01
4.552654966545147119e-01
4.651845857329016121e-01
4.628038118605035112e-01
4.565624023594620495e-01
4.436893779855688447e-01
4.825311512708060913e-01
4.724726205011696711e-01
4.542805431193073784e-01
4.637982899030617667e-01
4.776556399616089799e-01
5.070381990039675157e-01
5.135259558301823457e-01
4.470213914978662939e-01
4.472296373912794110e-01
4.284927770250433476e-01
4.354569857083092077e-01
4.711362730908889018e-01
4.728965359683245384e-01
4.658562293749586858e-01
4.753749715523715169e-01
4.662865379180549108e-01
4.715207065286357024e-01
4.569822660039400408e-01
4.575621269015668902e-01
4.325668753031443048e-01
4.696990740733393288e-01
4.865754580543121266e-01
4.289198818774532240e-01
4.694472750675643402e-01
4.588653986880183444e-01
4.470859067627203642e-01
4.972975368973189814e-01
4.931716389878288420e-01
4.449507403933023464e-01
4.442538997561411573e-01
4.317011573959691484e-01
4.378507430758848407e-01
4.726755358440640764e-01
4.783921772171550457e-01
4.562732708327960074e-01
4.812191405935212773e-01
4.683858853254817545e-01
4.616585059671893809e-01
4.251272834759064478e-01
4.591196422808740407e-01
4.839588655234295378e-01
4.698618711424357719e-01
4.332537662989356386e-01
4.321880224273935145e-01
4.736544159406784194e-01
4.444257836722280142e-01
4.876765548371157499e-01
5.039366195367496193e-01
4.837179564623723116e-01
4.427679169483710320e-01
4.414265352065644410e-01
4.291600929833436218e-01
4.276149266755131517e-01
4.309562105550605593e-01
4.718786087714113564e-01
4.755329316825543939e-01
4.634956798755789920e-01
4.663803483133147632e-01
4.621426113463469876e-01
4.650144851546445524e-01
4.386865188135226634e-01
4.668638429226599773e-01
4.654362517649398012e-01
4.639865554919317958e-01
4.641052994909876106e-01
4.413225198388900927e-01
4.425255760147507877e-01
4.638677869784579855e-01
4.713041923921217902e-01
4.648604000042265705e-01
4.140822031085964472e-01
4.916124820144291974e-01
4.920877728712725330e-01
4.883037915017425790e-01
4.417804207224931834e-01
4.427231253097332897e-01
4.264890941556060411e-01
4.263216036160121791e-01
4.693458079621928292e-01
4.743463965197150523e-01
4.741348454870250029e-01
4.665584676091441008e-01
4.864202522682347651e-01
4.710393410526902969e-01
4.606907756319201797e-01
4.691421314456258318e-01
4.615834126811895199e-01
4.550278281305497607e-01
4.498475453048780270e-01
4.611418644300452896e-01
4.851701870871445998e-01
4.680197299830491375e-01
4.214785795799723678e-01
4.587330418624551709e-01
4.805572732894980992e-01
4.567165663730719527e-01
4.646725982541600186e-01
4.646783847092567643e-01
4.646543455286585855e-01
4.228433108608568025e-01
4.936129581851246284e-01
4.975646976966910384e-01
4.416353249523966573e-01
4.436805433602832860e-01
4.295571338155199648e-01
4.338170125277412414e-01
4.709617823852071394e-01
4.786758893319247865e-01
4.654659040171848505e-01
4.896359773595246323e-01
4.723785483542016217e-01
4.731495855580577503e-01
4.475673850255902364e-01
4.570749889086604401e-01
4.504540344529840423e-01
4.810750739433373724e-01
4.359754669236107216e-01
4.644036490233305337e-01
4.746213865493646433e-01
4.653741757395321033e-01
4.677503879654883456e-01
4.530084805454749342e-01
4.596115188967602738e-01
4.675488546828011072e-01
4.738309363450294298e-01
4.328657042805955646e-01
4.323580667099621300e-01
4.581442199873715371e-01
4.824317265189753678e-01
4.578590732424897558e-01
4.419998799691255975e-01
4.675599888141134808e-01
4.484752665599778254e-01
4.813837386372893379e-01
4.228383754931953065e-01
4.235945594849356288e-01
4.850682346703449332e-01
5.170833477388645516e-01
4.869769681441415421e-01
4.372703994468222777e-01
4.454775024081384927e-01
4.391959801563878885e-01
4.557511072087796489e-01
4.739178047994585530e-01
4.791613164535830083e-01
4.640942568313088379e-01
4.602218240397088489e-01
4.641042026920856878e-01
4.690458108443263385e-01
4.475549309020860900e-01
4.464971694623313114e-01
4.487298885522332803e-01
4.721144484107508976e-01
5.092715691535191214e-01
4.507749677788798204e-01
4.706786269623434715e-01
4.711784674400637529e-01
4.644373143359148970e-01
4.749483491051664785e-01
4.458199645157158164e-01
4.653554806021690249e-01
4.463445727276417752e-01
4.521625765504103112e-01
4.750889517837637022e-01
4.345293431385629512e-01
4.583887196794839136e-01
4.834907456671135861e-01
4.582390596810642647e-01
4.430531226333360717e-01
4.403507609733111616e-01
4.466803387237445744e-01
4.954723674311687365e-01
4.795017348049325778e-01
4.212019002115113819e-01
4.814907805700385790e-01
5.117169754313315444e-01
4.844479663492838872e-01
4.300593569200099053e-01
4.310749172190787015e-01
4.446989178767794537e-01
4.422522658270098828e-01
4.470623456099916404e-01
4.784636475505790187e-01
4.829749910470741425e-01
4.514759143168310951e-01
4.849379213261935662e-01
4.603479931994157726e-01
4.721812383354317966e-01
4.439934363703954001e-01
4.531759982508589135e-01
4.490828623184587309e-01
4.483433181117510991e-01
4.739388052386931949e-01
4.520052523438326531e-01
4.468926540376086942e-01
4.623819088557267754e-01
4.854646493130132523e-01
4.717774603186746796e-01
4.396641567826060082e-01
4.596823027229529068e-01
4.463838246395819276e-01
4.510227724110746905e-01
4.805112971295568136e-01
4.834725858824395761e-01
4.253597055571269325e-01
4.583012202659817458e-01
4.835620426428202112e-01
4.590585021395501841e-01
4.427818372816940684e-01
4.378345794689841863e-01
4.467330179954681069e-01
4.786490735671128371e-01
4.325291230499185846e-01
4.160202492803419250e-01
4.833879194667683454e-01
5.090694087370571941e-01
4.903411677477753638e-01
4.311983066003551857e-01
4.574995787143107950e-01
4.360840539271637062e-01
4.364192796758009640e-01
4.439919671008935032e-01
4.842574304524430717e-01
4.934329424334738534e-01
4.618442926545411331e-01
5.097802205504179396e-01
4.640176048654556240e-01
4.694902049406435296e-01
4.454255856020698512e-01
4.604815661050207787e-01
4.512613496722626127e-01
4.506951916038448580e-01
4.820234201668732177e-01
4.822872296352588295e-01
4.099030342936914595e-01
4.705101646270943294e-01
4.719069365395117677e-01
4.658919569271647299e-01
4.709863518719343278e-01
4.698613698838837727e-01
4.391604473433615152e-01
4.601676323671798352e-01
4.459154393282275253e-01
4.478923269013255215e-01
4.696872557002302884e-01
4.414569253863202536e-01
4.327716076311883819e-01
4.585658154563183597e-01
4.825931505307971547e-01
4.574980325529524605e-01
4.422161101250269843e-01
4.358908573697904965e-01
4.438627933222129007e-01
5.033280186181199323e-01
4.963597959832262707e-01
4.182344151988126035e-01
4.824783755167970645e-01
5.095735868367433641e-01
4.909289488650148692e-01
4.296518061023433810e-01
4.328717893339174561e-01
4.421897600444867904e-01
4.400071407247621580e-01
4.399822826977722312e-01
3.989218943429205244e-01
3.671343081530654140e-01
4.932878103121773883e-01
4.631531704815544659e-01
4.711582515516025138e-01
4.602708814688925565e-01
4.666793924924143577e-01
4.681251542581131297e-01
4.481267329175449010e-01
4.668887434617239873e-01
4.528486494290688835e-01
4.528321209390105406e-01
4.266599722158919694e-01
4.537483620480630697e-01
4.258383979099026329e-01
4.759598488663763227e-01
4.408600222871661978e-01
4.578403791997653904e-01
4.419020936049048998e-01
4.426078700048592385e-01
4.811094517448167296e-01
4.286608066742185197e-01
4.599712502382768964e-01
4.804624734893441218e-01
4.578802128187066112e-01
4.423303188986704715e-01
4.332790992055602919e-01
4.439384451684560973e-01
4.771008109195273850e-01
4.379962460776471445e-01
4.412179407910483131e-01
4.765423573407476243e-01
5.349266775327267132e-01
4.933846752526889756e-01
4.351563363562067077e-01
4.300066222985449715e-01
4.349995885734303513e-01
4.455626097510894668e-01
4.443307262640138200e-01
4.432482147321009647e-01
3.854853874118863155e-01
4.852415926530347368e-01
3.719936050903914215e-01
3.885804984114040184e-01
4.437443702193404893e-01
4.728738099170817777e-01
4.780062356475032748e-01
4.610086215374494811e-01
5.090165123927055113e-01
4.601992074999964322e-01
4.563831552854827889e-01
4.633317878871314188e-01
4.572864982728921945e-01
4.606288613619568539e-01
4.639332863902505544e-01
4.375899629517049916e-01
4.498301583876009313e-01
4.468574464183494022e-01
4.994688382990939424e-01
4.988429208029995232e-01
4.342166209343010785e-01
4.250485462651406587e-01
4.610263209843233900e-01
4.672893868195624467e-01
4.605549372499471716e-01
4.414184924027388934e-01
4.338954187445134836e-01
4.428881132230517714e-01
5.087383332280009940e-01
5.171390405051879968e-01
4.447025111129381814e-01
5.103819907146052159e-01
4.341592017362883582e-01
4.241519491411548382e-01
4.364576465338373956e-01
4.509427554963831852e-01
4.396849636906010050e-01
4.430055729052729263e-01
4.500540648425223611e-01
3.358194356488855559e-01
3.353813750500838076e-01
4.761546370780389559e-01
5.047229323643634968e-01
4.686073562867369979e-01
4.653502370483492689e-01
4.743346816858980408e-01
4.659052573342412629e-01
4.607926690832304106e-01
4.598022707148585186e-01
4.613627173657506852e-01
4.708687459911281570e-01
4.618061941218091770e-01
4.338484161292006092e-01
4.667848312390291410e-01
4.432743401333057442e-01
4.450497636749902730e-01
4.657070857801844377e-01
4.363879860795334964e-01
4.611473191530087168e-01
4.593781665038968454e-01
4.611184617179548972e-01
4.403197723127454388e-01
4.361364653911439238e-01
4.435990545671815721e-01
4.798555261940740113e-01
5.123312648647242451e-01
4.663989810217332166e-01
4.316619888199650368e-01
4.330105748017013534e-01
4.379657306066103151e-01
7.690760623364754078e-01
3.709056019462104170e-01
4.195294037274235888e-01
2.679462797099105842e-01
3.846563768242829973e-01
3.525105552002712472e-01
4.791300447347539015e-01
4.998825140632175423e-01
4.764588654348815289e-01
4.679818787835956506e-01
4.645529821023525185e-01
4.642976148428910044e-01
4.345906323198652776e-01
4.480787065566345651e-01
4.427453325124786065e-01
4.702369510617215309e-01
4.396043947791393736e-01
4.367433085709493401e-01
4.424326079824101865e-01
4.712980558021427901e-01
5.136373976854794465e-01
4.780480551630653108e-01
5.084715363585767811e-01
4.299572509805800746e-01
4.405732003694042276e-01
4.348284299504688866e-01
9.551597700146143843e-01
4.131779780793227164e-01
4.263771611805558526e-01
4.648660175215778567e-01
4.417898555129712301e-01
4.424223047060566461e-01
4.583474059893115071e-01
4.709317899192392298e-01
4.664871729773630293e-01
4.624372896351256479e-01
4.697110006669949489e-01
4.378475215140348320e-01
4.368614961098101213e-01
4.421942167348294483e-01
4.691759562376880410e-01
4.983077277227911939e-01
4.740724855917522462e-01
4.856622297811907796e-01
4.956125119795328771e-01
4.266712100721765100e-01
4.498250062344525402e-01
4.317214578281435289e-01
1.091692980612414487e+00
3.896806741402554231e-01
3.725093751725557234e-01
4.223081983818930962e-01
4.281449858142064024e-01
4.556685149175407346e-01
4.624032270341579265e-01
4.551558397533613243e-01
4.499392307225890120e-01
4.561112386042440736e-01
4.576984225633274339e-01
4.594025215257106498e-01
4.615835982539733817e-01
4.644448918662156256e-01
4.702180437521346068e-01
4.650903717251994030e-01
4.431938900269932202e-01
4.437234642676686769e-01
4.414984486803686936e-01
4.705037985058897476e-01
5.036526913199796951e-01
4.742852945985094326e-01
4.826477927983067184e-01
4.987617555329521557e-01
4.268355307513801988e-01
4.424741199233523381e-01
4.194156905663758428e-01
1.260804008600017845e+00
3.496747142073087233e-01
3.831457994415849999e-01
3.750336453087583233e-01
4.555052387566405070e-01
5.108086852640644215e-01
5.033317371689497444e-01
4.701984478935039569e-01
4.522112920284647730e-01
4.510845387521457694e-01
4.560446812180207199e-01
4.584088726889630760e-01
4.634935989854742089e-01
4.642280175826304922e-01
4.701284810950909221e-01
4.607760083962665343e-01
4.342909013298852927e-01
4.302672692726553505e-01
4.668707876491874353e-01
4.872145524350767753e-01
4.738284449791210218e-01
4.846458810060380595e-01
4.958288663686510334e-01
4.277623532817781959e-01
4.253610559579807382e-01
1.451532333442150602e+00
4.407293714391699591e-01
4.050077856178799784e-01
4.510321701203174327e-01
4.651635096073869491e-01
4.921488348956629677e-01
4.696067868481599294e-01
4.734812454316716379e-01
4.935997279689561812e-01
4.851013436416659053e-01
4.287015434491970867e-01
4.329085614033767460e-01
4.310932640039887853e-01
3.784029929321503505e-01
4.827506217433674141e-01
4.722056678841399791e-01
4.938932612857377391e-01
4.886895701035381956e-01
4.259921018060893183e-01
4.464036854788995812e-01
4.298328741412194565e-01
4.264668310241656601e-01
4.483260133500854283e-01
4.299499716168128094e-01
2.213597202125184182e+00
1.920480893979255477e+00
4.287757922383773623e-01
4.318913260096860496e-01
4.343596978339733794e-01
2.562855542785889895e+00
4.335164274865523359e-01
4.540036341023968580e-01
4.301086701987421046e-01
4.414913032650329971e-01
4.342508214027230307e-01
2.991999534544214079e+00
4.317676810923347652e-01
4.405733979631994979e-01
4.353514240008947156e-01
4.445957626648192051e-01
4.451667258059069932e-01
3.545509680534818298e+00
4.371593027605296111e-01
4.538970152243848033e-01
4.267048535793557806e-01
4.434107260034473308e-01
4.468328674154747882e-01
4.439443945260224678e-01
4.321212411756511607e+00
4.371239791974513844e-01
4.556333052902480918e-01
4.343180445570036241e-01
4.446037465146800427e-01
4.461756776945668967e-01
5.601790376087539158e+00
4.339284933177220971e-01
4.532498302931488032e-01
4.361261234766160566e-01
4.457173844821437636e-01
4.445340616186434501e-01
8.750873413151769142e+00
4.383337217049760315e-01
4.592537097093632448e-01
4.361505990802833077e-01
4.455369504074915832e-01
4.439881367771956744e-01
1.129570334911894136e+01
1.782776626406084475e+01
7.364691057089704174e+00
5.637112120189300413e+00
4.996209445654608672e+00
4.592561343036143384e+00
4.289774607546704033e+00
4.043225923409390354e+00
3.832848979400985456e+00
3.647536488841068625e+00
3.480535660061179204e+00
3.327518556500556279e+00
3.185633307450706830e+00
3.052986020358260166e+00
2.928334118395220731e+00
2.810890239039552263e+00
2.700187012349994919e+00
2.595977710071262656e+00
2.498160014715903543e+00
2.406716109800190129e+00
2.321664966642608352e+00
2.243023805669080772e+00
2.170776237661238728e+00
2.104845112644437854e+00
2.045068914478843869e+00
1.991181734469975151e+00
1.942798357607874449e+00
1.899407520970004537e+00
1.860377453427034533e+00
1.824977708225139272e+00
1.792419429309120016e+00
1.761912359079579771e+00
1.732731779851355514e+00
1.704283890775514898e+00
1.676156135515247669e+00
1.648141455663008070e+00
1.620232303214091729e+00
1.592589159352981953e+00
1.565495507454765400e+00
1.539313453738055060e+00
1.514450608316621816e+00
1.491341417146626824e+00
1.470438510478147442e+00
1.452205050483029058e+00
1.437098795359478487e+00
1.425541709360792719e+00
1.417873278011110072e+00
1.414289317602246410e+00
1.414770387184177025e+00
1.419005812964778457e+00
1.426322544331851905e+00
1.435633839937329848e+00
1.445430369896348655e+00
1.453841672669009322e+00
1.458792007303905791e+00
1.458254776113876217e+00
1.450573765668203841e+00
1.434779488974861739e+00
1.410807052729043054e+00
1.379537770635929972e+00
1.342640753738087556e+00
1.302259358193493144e+00
1.260636272520131440e+00
1.219777774230837997e+00
1.181225231913536344e+00
1.145953435076492610e+00
1.114376829620942644e+00
1.086429569187139288e+00
1.061690025751403921e+00
1.039531619186109035e+00
1.019287320416323972e+00
1.000411502228724325e+00
9.223550688991062341e-01
9.227853775717128615e-01
9.277017476895493830e-01
9.788365869987332157e-01
9.565149650485638144e-01
1.004196152437750511e+00
1.029422617024619235e+00
1.049877731199506670e+00
1.059375890705581469e+00
1.050343832846531544e+00
1.014203791697101620e+00
9.417327800673002125e-01
8.229615286284200915e-01
6.552699213798965916e-01
4.788742244877414178e-01
4.282298079936279755e-01
4.450130026662322269e-01
4.467677319285245918e-01
4.456094990800277267e-01
