1.411697446032079029e+01
9.094877620757408465e+00
7.116468934688167991e+00
6.123429304179642152e+00
4.861498097354345127e+00
4.434806614606331188e+00
4.175909791122717429e+00
3.979484124440549664e+00
3.811385851076428910e+00
3.656891223109025812e+00
3.509121436597022914e+00
3.365562234956735121e+00
3.226299111335812153e+00
3.092816878735665576e+00
2.967118236861585157e+00
2.851126487618095506e+00
2.746353732388396196e+00
2.653782543142316985e+00
2.573881695634472777e+00
2.506673881577761165e+00
2.451795224337657508e+00
2.408522573678840928e+00
2.375780339275079367e+00
2.352160423018347934e+00
2.335989113542487505e+00
2.325455192847637687e+00
2.318783725903525994e+00
2.314413562904459543e+00
2.311124960913412352e+00
2.308071794139718858e+00
2.304697438008040056e+00
2.300545884363363491e+00
2.295010524257260709e+00
2.287086107329996842e+00
2.275202036730102240e+00
2.257214933041750360e+00
2.230619171246230437e+00
2.192987147670722337e+00
2.142574381061190802e+00
2.078936648091370465e+00
2.003350451988252789e+00
1.918853381756942422e+00
1.829842735403129250e+00
1.741342370386823157e+00
1.658177632897908538e+00
1.584313014735067693e+00
1.522506976122260713e+00
1.474293033430247313e+00
1.440187267781911418e+00
1.419986898307662004e+00
1.413047049209004369e+00
1.418466741852643098e+00
1.435156275188127939e+00
1.461793480651585542e+00
1.496711560151003706e+00
1.537793836470374487e+00
1.582464704705200065e+00
1.627842409554854042e+00
1.671054849529397757e+00
1.709637928463671797e+00
1.741878030402109978e+00
1.766958875932209683e+00
1.784830498230764562e+00
1.795805161915964065e+00
1.799963167131670483e+00
1.796498060700534527e+00
1.783146717737081444e+00
1.755842258431338676e+00
1.708679588839041585e+00
1.634136169891380108e+00
1.523213632887679081e+00
1.365289243029770949e+00
1.155056483404869994e+00
9.215755888369767668e-01
7.585298241973166267e-01
7.426393302736831181e-01
8.528398565463612968e-01
9.833701240114689490e-01
1.030793296159507655e+00
1.052665210678312091e+00
1.070550674330952079e+00
1.115083674033680472e+00
1.142025315000546382e+00
1.065990193916036111e+00
1.050487137906969570e+00
1.101666537815943148e+00
1.283756360562009258e+00
1.309044893702834944e+00
1.144522257872308213e+00
9.919046912902319546e-01
8.582199079710022271e-01
7.989505272134616032e-01
8.281062833659184053e-01
9.710304249308939761e-01
1.138536765505401727e+00
1.203860987072853383e+00
1.201186045932121527e+00
4.655567879621223426e+00
1.133683509945034640e+00
1.105491644144287688e+00
1.059718047875360503e+00
1.034708748915899257e+00
1.032754206564590493e+00
1.039871947887313075e+00
1.045312829702514268e+00
1.123387343106092784e+00
1.197506400424947604e+00
1.261929851028154470e+00
1.318649928266816262e+00
1.344122213625855711e+00
1.076223918333515162e+00
8.331843585918806694e-01
7.586664069171271674e-01
8.884098146656705941e-01
9.948441774900238510e-01
9.210340240624403929e-01
3.628087217355232319e+00
8.214058870113255528e-01
5.903017711935498735e-01
5.329821644386129043e-01
6.312167242662851674e-01
6.563487783544015297e-01
2.983427253830070569e+00
6.558048334312407412e-01
5.055753383813667012e-01
3.446552911401747354e-01
2.557066722666809788e-01
2.001067367118033735e-01
1.556372837891089600e-01
1.242878565399027080e-01
1.064778439533444893e-01
9.874632340311037537e-02
9.682205572464329391e-02
9.654868996928805958e-02
9.455641710720272264e-02
8.877205490877444760e-02
7.882717024659652294e-02
6.410584267577695838e-02
4.704869859745926947e-02
2.990945941760123419e-02
1.485217379567277396e-02
5.258708621272575878e-03
6.075032216853670178e-04
-5.541729322902493873e-05
3.909382903406666190e-04
5.855877647050056331e-04
4.000699157456209559e-04
1.686212749234330965e-04
4.725523863016282435e-05
6.642349973086182882e-06
-4.451704182526466111e-08
-2.174998608669448427e-07
9.294105280252392179e-09
1.777950887656796346e-08
2.507865633901068314e+00
-3.807685467157947285e-08
-5.842581428512840488e-07
9.082770626790033165e-09
1.914021405514016740e-08
2.864014413593734476e-09
1.262741540085159443e-09
6.453061352551836331e-10
6.852469811881782330e-10
8.556324030115003378e-10
8.994112921084552127e-10
7.623431742641414245e-10
4.690116027252805415e-10
1.709679295632322086e-10
4.044497223423902739e-11
5.609439611069789933e-11
2.128349058236154168e+00
3.004120394182163153e-06
3.558668785924244311e-06
-1.497935680875881967e-06
1.096482130076396270e-08
1.021975605685254024e-08
9.411843771251334513e-09
4.449930789178308311e-10
1.813744746543155983e+00
1.779706966158116983e-04
1.933808304534134423e-04
7.288450037810728541e-09
4.522705412241922931e-09
3.721904591317554905e-09
2.389992674460435835e-09
1.550644923280293019e+00
6.464631331756348631e-01
3.845848483494849201e-01
9.032934992568389942e-01
1.039916682906514289e+00
1.054126531813465162e+00
9.136049613721461057e-04
3.284032316964987351e-09
1.471047196225860386e-09
9.015685858605194279e-10
8.790143656327149101e-09
3.165090975180926969e-01
2.669545674384161682e-01
1.065278660202293226e+00
1.156481398465343924e+00
1.233810486567592068e+00
1.349925281696582768e+00
1.488724059146506962e+00
1.706559912182713079e+00
1.694017751981672593e+00
1.116852622019811952e-03
8.161096479658760255e-04
8.581713076513045979e-10
2.101310576993628353e-09
2.652116539505879972e-08
7.327454293475743619e-01
4.591775755068436826e-01
1.056475390839153539e+00
1.012610787840103166e+00
9.879207485190868443e-01
1.035970331506609554e+00
1.061271255232086874e+00
1.085024676966016122e+00
1.131947224060040558e+00
1.087590329234211284e+00
3.944688304949007795e-01
1.542861225506296563e+00
1.515721857611393553e+00
1.632672281368636069e+00
1.768484409642149036e+00
1.779394755132801764e+00
-1.366770766455378556e-03
-2.732823961240312283e-03
5.741791390189771848e-09
1.332050284939408373e-08
6.560780428673399802e-08
2.344890447861593119e-01
2.156224534708886531e-01
1.085135552146704541e+00
1.050340549111804078e+00
1.063734198832472222e+00
1.052183506814375447e+00
9.977350168831651267e-01
1.075597585931142852e+00
1.097963574419912325e+00
4.237634119081831185e-01
3.594003510257200995e-01
1.690732173229859914e+00
1.157297225470899082e+00
9.859112242545792215e-01
2.686356208541360729e-02
1.035912058655207186e-07
1.318932571401317356e-07
1.114484201864206270e+00
1.096564147899846686e+00
1.013187606075450775e+00
9.065033306883959474e-01
1.072642488623500867e+00
8.510002814566832718e-01
4.897577268071079959e-01
1.075435631129875169e+00
9.951144122421943239e-01
9.945902117618384830e-01
1.033877539753161878e+00
1.043826853303901014e+00
1.060791841410273051e+00
1.086635108913504455e+00
1.110878725101248632e+00
1.137273846678277467e+00
1.086131761932110251e+00
2.026337398545965118e-01
9.803002273385447163e-01
5.918575811706651146e-01
4.279670051840636646e-01
2.541070684811763680e-01
6.528157231658949788e-01
1.212813845820363279e-01
2.831263068811896155e-01
1.848183550740604829e-07
2.534874171735364335e-07
2.374491321367703570e-07
1.209552746725386596e+00
3.143865972622874039e-01
2.993205547009722411e-01
9.201190727546642023e-01
9.024780188911328827e-01
1.055775809949542232e+00
1.040939277852954481e+00
1.038145696564894083e+00
1.082129458731015959e+00
1.123166174845617205e+00
1.118275989154913441e+00
1.125159354920052479e+00
2.807051076223215924e-01
2.447346789014308299e-01
1.049778503914413408e+00
1.017532336804417126e+00
1.016806041705321961e+00
1.062268189832631382e+00
8.179691536897779613e-01
6.312320359764896915e-01
1.617605924670089679e-01
3.650158900641279347e-01
2.632158295690716354e-01
9.867898934573727798e-01
9.348165320933461420e-01
2.849504986094507675e-07
4.473748481914325947e-07
1.160503880015412825e+00
5.596027241989555145e-01
7.865832391554706815e-01
1.068482084087302164e+00
1.098697030449097944e+00
1.112312617676443960e+00
1.122403640750595732e+00
1.244908336062005239e+00
1.251746997338490264e+00
1.911954853552464140e-01
4.484770477217475682e-01
1.086546680196941728e-01
5.512548016547645924e-01
2.423323072884043528e-01
2.075539388165967836e-01
1.253907471819371455e+00
1.170182823931436022e+00
1.315168132587098748e+00
1.544268170912380000e+00
-2.154747934815246969e-08
8.502738769007386819e-07
8.509238244810944929e-01
8.517897763331748751e-01
7.903882175059889770e-01
7.757668893079311401e-01
9.564061418561213834e-01
4.130867156077895341e-01
2.681851798168953804e-01
2.926317509364232405e-01
6.434471493032175582e-01
1.361489238232498067e-01
5.597389611074276017e-01
5.066805600321236946e-01
1.525810387911991362e-01
1.413858635321415258e-01
9.433142814917334640e-01
1.874944730975659724e+00
1.904773453276346951e+00
-1.214640826400203647e-06
-4.170402377218351927e-06
6.244294513549095651e-07
6.109123315212515726e-01
6.917139473626895407e-01
7.456797396003091993e-01
7.215646510235038669e-01
1.974606996935773795e-01
7.695137852345230733e-01
8.615139054473535118e-01
7.850495348087636049e-01
3.048810364527235195e-01
3.406260001454656794e-01
4.294496914545167798e-01
2.796798637323043568e-01
1.138791439280157913e+00
1.977226389464107781e+00
2.033406680976921788e+00
1.158116507904612542e-05
-5.212915672251650721e-07
9.174148241586707478e-07
5.939762527470500153e-01
7.155494062932432620e-01
5.670395472107052637e-01
6.903838477460089162e-01
8.696452716280403950e-01
8.620275361629872179e-01
4.791816880934307576e-01
6.748421493252148018e-01
7.428127385187456300e-01
5.006915741833224409e-01
6.819633801569473519e-01
8.161799774117226569e-01
8.100411753449490160e-01
7.320476710812211518e-01
5.324409200128448205e-01
6.183980381242685231e-01
6.159847221391172578e-01
4.961903510085233782e-01
3.589928827217213070e-01
6.374738558836118285e-01
6.731772069347822240e-01
1.476959471733249263e+00
1.467122832097452978e+00
2.022078716330598880e+00
2.000382792159301371e+00
8.597370373703034513e-05
2.060838084273820293e-04
8.799339893183848025e-06
5.764026067007904652e-01
8.321305463969573823e-01
7.734958719976902097e-01
7.211370312426956808e-01
7.525812848456502335e-01
7.975102170490816489e-01
7.815717951235510164e-01
6.639905741201221900e-01
5.854721321387826860e-01
7.825497061363986262e-01
9.211876707649222507e-01
9.194517009497926718e-01
6.420416090393470387e-01
5.930119035706141739e-01
5.061349783451835060e-01
5.965902938700384794e-01
6.754478514232744590e-01
5.905808568783844636e-01
6.755825337816144804e-01
7.933480169864369769e-01
8.243839645709588604e-01
1.251726235445034252e+00
1.965439837773154119e+00
1.928566400761498212e+00
1.990301736315346126e+00
1.170133372536651985e-03
6.303521257094274986e-05
5.979983051756215806e-01
8.840464295079760726e-01
8.150363728010991959e-01
8.296179204424145581e-01
7.626246708744411906e-01
6.689450825944265322e-01
6.576369628162975767e-01
5.259630857506433221e-01
6.157457843954283749e-01
6.591419381706251635e-01
4.971275968464528017e-01
3.487498678619723180e-01
7.065489304420188854e-02
7.024036074424877540e-02
8.199310966824382985e-02
1.547146631490381452e-01
2.682367267053009097e-01
4.610124122713487038e-01
5.692384678047601732e-01
7.594179781977562493e-01
8.233271345415564824e-01
8.690471897994211936e-01
8.236891837455726506e-01
3.037343777248625587e-01
2.350411188606492119e-01
3.538201511046222825e-01
4.330354617080622304e-01
4.700838286294204971e-01
4.573239414347942122e-01
4.971282583024735358e-01
5.586474332059688797e-01
5.541030641567048498e-01
1.877670218990167506e+00
1.848793183668023588e+00
1.840191402215425542e+00
1.175182590117012857e-03
2.481931195523492950e-03
2.592695410828371868e-04
9.412210966078403684e-01
2.726773460839741481e-01
2.941020453257520706e-01
3.204936183686661888e-01
3.834799160305870092e-01
4.734503852475487884e-01
6.112321995978762246e-01
6.411374294917349115e-01
6.232728983002638889e-01
4.199139880603385278e-01
3.607395904808128884e-01
4.914495706428199107e-01
5.169171299469681458e-01
1.284824760869894278e-01
1.942042444688122094e-01
2.400044844471463101e-01
2.717692933209344686e-01
5.601187781862516646e-01
4.806467868177011216e-01
5.784384599602810928e-01
6.196448772469946853e-01
8.070409680318189061e-01
7.656618313939890230e-01
8.130058911353481577e-01
4.531191546888351795e-01
9.119038278821973986e-02
1.117989547857496935e-01
4.304362772225973632e-01
3.653891962536113813e-01
3.691665386958291051e-01
1.820777400630636533e+00
1.838228096786764576e+00
2.874926070100521612e-03
-1.534463605053039588e-03
7.632846752598496966e-04
9.780867244826706441e-01
3.209670901117571695e-01
2.550884553581262981e-01
4.242586049426873562e-01
4.773153360430421044e-01
5.223660769002631543e-01
6.592925627121087873e-01
7.789302236250725819e-01
7.849195461701851118e-01
3.620958964653500645e-01
4.310507064346422723e-01
5.878783030652237063e-01
4.555527050646742682e-01
5.781757291783787833e-01
6.777573208289356943e-01
4.568858985468567946e-01
2.897795628781588140e-01
4.787011418554459330e-01
5.810528596790058842e-01
5.205899192395350150e-01
5.680632004327595963e-01
8.028368584243195105e-01
6.664375331652653278e-01
8.814299548201931511e-01
9.822458692061140084e-01
3.204270390714204497e-01
3.393614935963812362e-01
4.207707910115132677e-01
3.894027506852604792e-01
3.669858303540875499e-01
3.227627632712870565e-01
3.074931343758219304e-01
1.718074047187486908e+00
1.889292182996407998e+00
2.052545624540300651e+00
2.924975135260605031e-03
8.019646955316873937e-02
1.670851004954472269e-03
4.681876636825200166e-01
3.267178216188501572e-01
2.123167633833776546e-01
2.290990347417694029e-01
6.857032032122379883e-01
5.180111674831924251e-01
6.210923196557914805e-01
7.789797283209490830e-01
5.384414223521616361e-01
6.704948400959177546e-01
5.280270650835836577e-01
5.688452905875479582e-01
6.027495864968114292e-01
6.356689779437952881e-01
5.487517602537702599e-01
4.329844797656540734e-01
3.388413708136273628e-01
8.715434708522804552e-01
5.586867112926107160e-01
5.739087890776809475e-01
6.194086856326002088e-01
3.181899969791821547e-01
2.661189171981813151e-01
2.557669946622851964e-01
1.645673365897608154e+00
7.587020489168326831e-01
1.865133213820612812e-01
2.859041176525823139e-03
2.727531831861934042e-01
1.835499736804815651e-01
2.123429101123172069e-01
7.937742211064848785e-01
6.523595791814541522e-01
5.953015339741000167e-01
7.071303164548430331e-01
5.622182852587719326e-01
5.561259559808227060e-01
5.616484800432692825e-01
4.897275131641516954e-01
4.533821257918074221e-01
6.824372383545422860e-01
6.003987414231309883e-01
3.337924241225234123e-01
1.334337730548404155e-01
1.089643378268152496e-01
5.816932962626508719e-01
1.622484301006029139e-01
1.368300568712984000e-01
3.439589795273002674e-03
1.485865741176316257e-01
8.731740326464616786e-02
2.006090916965384274e-01
7.143743747915490827e-01
6.206528991372000092e-01
5.218786661788745729e-01
4.208732307004612316e-01
3.515155896923011780e-01
1.617414999619850580e-01
4.832137089228177862e-01
4.049752452118422080e-02
6.548251984850488316e-01
5.235317490531135598e-02
2.313534507002229165e-03
3.151869282328998573e-02
2.063213573171648607e-01
1.847266990186226532e-01
4.487779178046357176e-01
1.861641019800588936e-01
4.185956475180216407e-01
9.699483691861045254e-02
1.029522667846591022e-01
5.152011794615718454e-01
5.206396948323661206e-02
8.700011142478175641e-02
7.649624679591658927e-01
7.642096376660759693e-01
3.430035933446708846e-02
5.457594386375094753e-02
6.877766321289026851e-04
1.480672128253061187e-02
1.126359858279686078e-02
9.526371395164169587e-02
1.280549144729891675e-01
4.424486873298509870e-01
3.109205775238335634e-01
1.610193051431796918e-01
5.152826546915348915e-01
3.713640446189169220e-01
1.403583150828788539e-01
5.844308234209171227e-01
8.894393496333988236e-02
1.279276795727604232e-03
5.597203616394716766e-03
1.089438095905001375e-01
1.456637498668887920e-01
1.853047726353423685e-01
1.765110252854126538e-01
1.881888416897208594e-01
2.403837723731782061e-01
1.759427657593349847e-01
4.710718965300119132e-01
1.231344305237080106e-01
9.320712572163153756e-03
6.558235102423813287e-03
2.470777739434602549e-01
2.019440320675559841e-01
2.331361550643606673e-01
1.925786797156727459e-01
1.815051278423116254e-01
1.753107574136225089e-01
1.593469547676378828e-01
3.795786006960995551e-01
3.150265374321955525e-01
1.240433243467150559e-01
1.183483219339697828e-01
3.256624226015313733e-02
1.151232310738485760e-02
4.911194423818953658e-01
4.992622081753005925e-01
2.961948212586547613e-01
4.591384899281134024e-01
2.810399967814199984e-01
2.797137240152498538e-01
1.519832136322969429e-01
1.984877895152019900e-01
1.080376522468922129e-01
7.555394846087716554e-02
8.603264388652866190e-02
1.994664169419098007e-02
6.396324537265936083e-01
6.489554659674403592e-01
3.209891632423436114e-01
3.221208627037173700e-01
4.928717430402761446e-01
6.033595734067740413e-01
3.400573743814146455e-01
3.471774513494140790e-01
4.586667770582144033e-01
4.893788607821706327e-01
2.278827135661195546e-01
6.510867195001227015e-02
6.799477989094204755e-02
1.441038618330034715e-01
1.590708945721886203e-01
3.223570867983783367e-02
8.477974362025099409e-02
5.239687442525091388e-02
2.469338008004845764e-01
2.950718513372183049e-01
6.262870750771885042e-01
6.065414266398101439e-01
3.916270762489471036e-01
1.684560138580501187e-01
1.989255305852060396e-01
2.633111257393506710e-01
2.781131469123430122e-01
6.067374752081581279e-01
6.654488062912419233e-01
6.792443135167332002e-01
4.212124098230658475e-01
1.603121372719648330e-01
2.124129519413054668e-01
1.867619150504334358e-01
2.519767128008763013e-01
5.476113546206340388e-01
5.767309577117891717e-01
2.457777391074220663e-01
2.940278202173497446e-01
2.502856134032640512e-01
2.804174678660510955e-01
1.621190518266557024e-01
1.938535523539599292e-01
1.128359595730455550e-01
1.645535664777827145e-01
7.023013667799650472e-02
7.480782931694522631e-02
1.203060381518483435e-01
1.207751269226876312e-01
7.729967498447819219e-02
1.620580873484754603e-01
2.535484534081742791e-01
2.172915149787311984e-01
4.790398400292609354e-02
4.965336992598815002e-02
5.114950029267452403e-02
2.289713549586875133e-02
3.524044561685142352e-01
4.357380390059697461e-01
4.748933960021144429e-01
5.871244982774683763e-01
5.862880503419567457e-01
6.197133178513045682e-01
4.799910877060810099e-01
4.903585403247390784e-01
3.334310707999496581e-01
3.912585517984286110e-01
2.235158148374944420e-01
3.898585120259679404e-01
4.723474112841716255e-01
6.610068270282198899e-01
6.553966686241867734e-01
5.075650320889223410e-01
5.177658274038248187e-01
3.287709563240031052e-01
3.806093149251779106e-01
2.395924904616805462e-01
3.142905961066690956e-01
4.264530899959503296e-01
4.451265528486498257e-01
5.705625812798934549e-01
5.660926632307984319e-01
3.590110844863043105e-01
3.626602290808514928e-01
3.496088071992133894e-01
3.641242103939431596e-01
2.999495617426829464e-01
2.283329145723077547e-01
3.839880963805711866e-01
4.421036831019708457e-01
2.232605364534817061e-01
2.834515465428798509e-01
7.761013875473384005e-02
1.716655550555863941e-01
1.725420286131041370e-01
1.386445945092938115e-01
3.277303301047790884e-01
5.480782739747556143e-01
6.424996318326683387e-01
3.487256878820986228e-01
6.569085107326703976e-02
6.536953958213460869e-02
7.406800691011190818e-02
4.509803069183603297e-01
4.551193881607819569e-01
4.740189313749478273e-01
5.710189580601682247e-01
5.535282696409258296e-01
5.854289284305299601e-01
4.994215239490771285e-01
4.214476477561675538e-01
4.670455623742248985e-01
4.653316691568038510e-01
4.707869495518205438e-01
4.923495977207992813e-01
6.449515324832213459e-01
6.232098608920529914e-01
6.497628444709574458e-01
5.390224656406945591e-01
5.378656807117623284e-01
4.118728184462364106e-01
4.666477193989211347e-01
4.520526533628503318e-01
4.559571467015728907e-01
5.660899216591621652e-01
5.643180228031274837e-01
5.894478813927910288e-01
3.763028104514400396e-01
3.765143884322453838e-01
4.155858219648360663e-01
4.740927774462337374e-01
4.640186997752355769e-01
4.886037083291083771e-01
2.883559232864694177e-01
3.393696046645569009e-01
3.771347436917592555e-01
7.779508438473088650e-02
6.949339057804072850e-02
2.288359195558113957e-01
2.659745119950986392e-01
7.239337387476744157e-01
8.499525694211480520e-01
3.710953828199718973e-01
4.292816091679437784e-01
8.318517796391994290e-02
7.908192236004227271e-02
8.511350452872279426e-02
4.547137135532405283e-01
4.433168335899597690e-01
5.396611628548059203e-01
5.037235386702973994e-01
5.313667160820504387e-01
5.001034837887579076e-01
4.231453257838171944e-01
4.730386399797875674e-01
4.961188061261428972e-01
4.559812963242619310e-01
4.427713333478454083e-01
4.558810764199225929e-01
6.121707160930951463e-01
5.543792156483383637e-01
5.776493377904532434e-01
4.910600861574216935e-01
4.924952903053878006e-01
4.694420494197575899e-01
4.988864337620059763e-01
4.434039727388096597e-01
4.278303824305585423e-01
4.429923036864995556e-01
5.529691820488840115e-01
5.291670416103824159e-01
5.613789540535513156e-01
3.723269357673738011e-01
3.751506676796330098e-01
4.758634601763558902e-01
4.960842591462555351e-01
4.793046297756263785e-01
4.667795988112614647e-01
4.809756518002920034e-01
3.564294905798306434e-01
3.653410876862551171e-01
3.963312135591068874e-01
5.961160972616498521e-02
4.848002317326009086e-02
3.190999810173855700e-01
3.382348010003720651e-01
8.545581517072711186e-01
9.710689007071471313e-01
1.010621062343936227e+00
5.995704378697354064e-01
9.649411882454711487e-02
9.120617516643823863e-02
9.133833516143645415e-02
4.392453352744160044e-01
4.206217796715129853e-01
4.253666459534093947e-01
4.801215651000024232e-01
3.157425215232281257e-01
2.404533923627549530e-01
2.504623094226123836e-01
2.300181813332271841e-01
4.192701611809626638e-01
5.051747824950870713e-01
4.768285212885096103e-01
4.492114491855528913e-01
4.228637985063437021e-01
5.418081443390521112e-01
4.756850720934456267e-01
4.413662859241921366e-01
3.604456548530333704e-01
3.154761491715883936e-01
4.983501843566798262e-01
4.766965954263861494e-01
4.222045855026175798e-01
3.601692635013534205e-01
5.184246927684427186e-01
5.012185772039181586e-01
5.048818288208615224e-01
3.209855442115429058e-01
3.011834044369472996e-01
4.963958572771899891e-01
4.730810270760382741e-01
4.327246261739952082e-01
3.106294748627125846e-01
3.663730887224699861e-01
3.547774243138039907e-01
4.011232898937227009e-01
4.200713439000106075e-02
2.698228032692168155e-02
3.486804805722372724e-01
3.437691988081376659e-01
1.139949399437346633e+00
1.194528853169329885e+00
6.110962525318804905e-01
6.828173604645568773e-01
9.993265345020176105e-02
1.070743706257819144e-01
1.085987840437638574e-01
3.941011644541574932e-01
3.360307235276150939e-01
2.434752549749148731e-01
4.399599835000035375e-01
4.215707602481620353e-01
3.875394776508881423e-01
3.148122923514191651e-01
3.520871795710657226e-01
2.666440576707920229e-01
4.678724785191902824e-01
4.216264298577139802e-01
3.422377016300307551e-01
2.543398840693340546e-01
3.805841253255438095e-01
1.782502299452257133e-01
2.272312021890564582e-01
4.674601761386772414e-01
4.057075118001675085e-01
3.009763188051825522e-01
1.573501968802493434e-01
3.951205697688934260e-01
2.430391005705631047e-01
1.067517599834276049e-01
3.297292913030239886e-02
2.658511269416144115e-02
3.449234599222609776e-01
1.212294438892867143e+00
1.157868782364292137e+00
1.020129288651938637e+00
8.797595256764555172e-02
1.001784024259070593e-01
2.803623289851762679e-01
2.242339601279442762e-01
4.063449749115110032e-01
2.844396400854099505e-01
2.042197770605322094e-01
3.847938878632565229e-01
2.357642430206236817e-01
1.481100847090638939e-01
3.423762712081274140e-01
3.320970575541757897e-01
1.512658209556476674e-01
5.711592725322200276e-02
3.512648005523686945e-01
2.833900599009245846e-01
1.060513006540677372e+00
9.094085764414988615e-01
5.396665915847102646e+00
6.171917043437439437e-02
9.516434981576638030e-02
9.434653486764699171e-02
1.341622631651928355e-01
4.363307420386734470e-01
3.977692994933917370e-01
1.142826629028271396e-01
1.130321572928891238e-01
3.927480820493803870e-01
3.382610522713128121e-01
8.353588768269358533e-02
7.570380575808079160e-02
2.540951142842409194e-01
2.852621930899423494e-02
1.882894470304509807e-02
2.245724473167970692e-01
5.701740376251206444e-01
5.600120631654298409e-01
1.711505072371342351e+01
3.374568492866432401e-02
4.810101157515863507e-02
1.246745807457569355e-01
5.567623310247240415e-02
2.951299081210426722e-01
3.990276064507650849e-02
2.734555013052010763e-01
2.262636260530295068e-02
2.134131251867240897e-01
1.935672694050352416e-01
1.204922656913675564e-03
2.093275714891396633e-01
1.452363953972735100e-01
1.856755441930238448e-01
2.757899774288018335e+01
2.152031353863010504e-02
2.495608423013505328e-02
1.758959826633438653e-02
2.503614046253740955e-01
2.514406140270478707e-01
1.164493414112261795e-02
2.568161562592086722e-01
1.999258461821478428e-01
5.128457143455163007e-03
1.213644707994919331e-01
-1.335383276075449059e-03
7.597851090628952864e-02
4.351064564739613033e-02
3.150581421016543615e+01
3.374554074064614606e-02
4.810134905131675798e-02
5.567634862558791531e-02
2.503562632312830161e-01
2.951188539265103272e-01
3.990212978447298109e-02
2.568158458457931448e-01
2.734550925061757787e-01
2.262611153479396342e-02
1.935699657371423854e-01
1.204945162258753109e-03
1.452393690694163964e-01
1.856760572883784377e-01
2.757900406824951034e+01
6.171887458070342281e-02
9.434699221332823460e-02
1.246747768229070491e-01
1.341624111565050403e-01
3.977568446506654087e-01
1.130313644255389188e-01
3.382605546298151911e-01
7.570329239680193001e-02
2.134157670566594334e-01
2.540978289263231549e-01
1.882893325102047433e-02
2.093324276397616757e-01
2.245771320067068144e-01
5.600124339428950160e-01
1.711505623447470015e+01
8.797552830207809593e-02
9.516475961910661474e-02
1.001786577025081809e-01
2.242339204863692537e-01
4.363179550326820588e-01
4.063341333073942074e-01
1.142819197074722570e-01
2.042198741514760219e-01
3.927475161807609250e-01
3.847932162582638482e-01
8.353530270336867458e-02
1.481095739677805168e-01
3.320993170320113985e-01
2.852615176212673631e-02
5.711574978466844171e-02
2.833943623000775847e-01
5.701741730395896157e-01
9.094077592102861596e-01
5.396667576585742587e+00
9.993215384737805240e-02
1.085988827485894898e-01
2.803622367238551294e-01
3.360304707141740233e-01
4.215645019126458837e-01
2.844409658704084021e-01
3.148142544054616798e-01
4.216251380894058265e-01
2.357637634060594789e-01
2.543395531093123885e-01
3.423782123280029732e-01
4.057088381021586310e-01
1.512651187724820268e-01
1.573494899467605679e-01
3.512696449565622103e-01
3.449277565214341479e-01
1.060511208275873418e+00
1.157866587004972692e+00
1.020128945590014213e+00
9.649361012146442929e-02
1.070745003546373642e-01
9.133825025249511786e-02
3.941006758625024697e-01
4.253660540436741688e-01
2.434762791710757268e-01
2.404536627564277940e-01
2.300198646474020669e-01
4.399540290604806447e-01
4.768271476154524180e-01
3.875433266216737338e-01
4.228685336751055179e-01
3.520890288367525822e-01
4.413693601575330305e-01
2.666425265972269254e-01
3.154729553193971192e-01
4.678708106057398730e-01
4.766945678128470254e-01
3.422377181858501927e-01
3.601695001570534571e-01
3.805856370212841178e-01
5.048829496807356598e-01
1.782502545065026422e-01
2.272294123824881995e-01
3.011815026017334307e-01
4.674608082969622935e-01
4.730810520359998161e-01
3.009747881427161098e-01
3.106278494922505296e-01
3.951201807216375705e-01
4.011228274272924388e-01
2.430389504890883845e-01
1.067516916430831658e-01
3.297282376872014142e-02
2.658486744015220796e-02
2.698203406745970298e-02
3.437716298503686874e-01
1.212291629010051386e+00
1.194525807349654301e+00
6.828200530256897105e-01
8.318472046498812111e-02
9.120607291229722302e-02
8.511336376150313576e-02
4.392447279009365491e-01
4.433161640717615537e-01
4.206213157760264054e-01
4.801190386037073599e-01
5.313643832950170065e-01
3.157399067254763048e-01
2.504673986147052389e-01
4.192746001054240557e-01
4.231494687357144069e-01
5.051783829060433328e-01
4.961246511140888771e-01
4.492173280935286561e-01
4.558877218933404252e-01
5.418105063182424574e-01
5.776517912907935814e-01
4.756882113559445235e-01
3.604417289154391857e-01
4.924906632488332825e-01
4.983474381712360013e-01
4.988835112981592768e-01
4.222050819572020774e-01
4.429930227037899848e-01
5.184258721526970870e-01
5.613801852625095457e-01
5.012196116601588258e-01
3.209835524209377899e-01
3.751493686447754383e-01
4.963945796960861911e-01
4.960826497675798752e-01
4.327225300888232762e-01
4.809732954143541295e-01
3.663725523788561866e-01
3.963306057051127484e-01
3.547769214315134589e-01
4.200707591589626644e-02
4.848022102364171748e-02
3.486827330582647488e-01
3.382354756509586835e-01
1.139946507892474203e+00
1.010618099356049404e+00
6.111003718439702581e-01
5.995732002433462604e-01
6.569048128211489590e-02
7.908175430682645723e-02
7.406782728938436644e-02
4.547127515891051242e-01
4.740179478102592436e-01
5.396600492188177167e-01
5.854278555754809377e-01
5.037217322003073594e-01
5.001007410765443417e-01
4.994184533390890746e-01
4.730489054982923713e-01
4.670570031839194058e-01
4.559882139920171662e-01
4.923569444032852016e-01
4.427776809173444850e-01
6.121728310273848450e-01
6.497649476782670908e-01
5.543814571160706750e-01
4.910555051226747070e-01
5.378612027468711032e-01
4.694387327877128091e-01
4.666443226555823109e-01
4.434050061194055870e-01
4.559583717906601774e-01
4.278311164660374977e-01
5.529703778580976614e-01
5.894489307707180270e-01
5.291681470619953309e-01
3.723257701206941217e-01
3.765147680325587887e-01
4.758610121883904420e-01
4.740901788071767431e-01
4.793024231022635084e-01
4.886013662364314669e-01
4.667774966777320511e-01
3.564290811935844627e-01
3.771343391230613240e-01
3.653405043570218114e-01
5.961231675794759211e-02
6.949476470933682593e-02
3.190997309911135504e-01
2.659733609359328788e-01
8.545559661242396743e-01
8.499503462403052989e-01
9.710664206315731128e-01
4.292840711390316089e-01
4.790371270438567586e-02
6.536940633287184610e-02
5.114950922681381351e-02
4.509786979378358485e-01
4.748914436456713184e-01
4.551182805720678237e-01
5.710182582035308041e-01
6.197127093832907052e-01
5.535273668635255495e-01
4.903473090484169461e-01
4.214591854106631286e-01
3.912693871558770575e-01
4.653388307342312680e-01
4.723546928838698866e-01
4.707940047764184732e-01
6.449521034167042810e-01
6.553970433062721312e-01
6.232114952450512613e-01
5.390180190148009531e-01
5.177621264585426930e-01
4.118694932275813181e-01
3.806060730330002029e-01
4.520539413850573895e-01
4.451278358872960972e-01
5.660906040001452144e-01
5.660931468386385390e-01
5.643190365406191011e-01
3.763032065366039847e-01
3.626621688045508773e-01
4.155829593965440494e-01
3.641217796202412260e-01
4.640166531896269819e-01
4.421019753527837826e-01
2.883558536153557061e-01
2.834515129946165723e-01
3.393692455197013791e-01
7.779713147993223832e-02
7.761243578063567461e-02
2.288345191461957640e-01
1.725402873348376998e-01
7.239317899315232951e-01
6.424977887890842565e-01
3.710987399206259196e-01
3.487282976900877851e-01
3.223552839691136429e-02
4.965338506880803693e-02
2.289710783956917795e-02
5.239604785063516762e-02
3.524014670545742023e-01
2.950685561707214188e-01
4.357359226894113036e-01
5.871239746450874764e-01
6.065406936073455268e-01
5.862876266777633516e-01
4.799774988576260837e-01
3.916139176780447095e-01
3.334392876619204360e-01
2.235195332141415858e-01
1.989286440594270622e-01
3.898656099474127057e-01
2.781194317483304257e-01
6.610058978259694129e-01
6.792417209250588561e-01
5.075616055329131848e-01
4.212100025786053026e-01
3.287680827127394401e-01
2.395897148775409102e-01
2.124103143779108027e-01
3.142925301708393016e-01
2.519783384771348000e-01
4.264545525112166668e-01
5.705622222205802840e-01
5.767303464242418132e-01
3.590132510400791954e-01
2.940305353116020037e-01
3.496057357564588131e-01
2.999468732353480216e-01
2.804150635369952460e-01
2.283318018646205427e-01
1.938525273046868835e-01
3.839864138474026189e-01
2.232606223984214266e-01
1.645541154451809762e-01
7.481080612718638001e-02
1.716638420697510492e-01
1.386433200241213859e-01
1.207744612682304097e-01
3.277285967682782020e-01
2.535470305465230556e-01
5.480763601064299051e-01
2.172942850216356692e-01
1.994653172971458388e-02
8.477849943303833458e-02
2.469308180613968007e-01
6.262861215457947717e-01
6.489546644848008805e-01
3.221050469101970903e-01
1.684585931594983765e-01
2.633167178145827680e-01
6.067324213903553254e-01
6.033542956939762503e-01
6.654457490176348688e-01
3.471760460477406607e-01
1.603106060508734942e-01
1.867629202976920644e-01
5.476104198179647664e-01
4.893777823244436220e-01
2.457803982572074331e-01
2.278857985244887585e-01
2.502832142151540928e-01
1.621176521162666639e-01
1.128363324221915986e-01
6.510906329860184638e-02
7.023325876381976418e-02
6.799750918748821704e-02
1.203054914907581430e-01
7.729934748955888391e-02
1.620567509668909278e-01
1.590749341000623207e-01
1.151228815521189268e-02
6.396315740592126708e-01
4.992623638926074747e-01
3.209719435181588865e-01
2.961784537020863417e-01
4.928654118057710920e-01
4.591324140192525327e-01
3.400562295290389114e-01
2.810392990262940982e-01
4.586652783381938714e-01
2.797129047579915984e-01
1.519855992387404708e-01
1.080370139435801041e-01
7.555667624659155590e-02
1.441094532271967044e-01
8.603385884584430210e-02
6.558273342881460084e-03
4.911194606724429423e-01
2.470782699614766653e-01
2.019302977067411187e-01
2.331328625261736287e-01
1.925782811022176411e-01
1.815044765002144511e-01
1.593491133282625427e-01
1.984864323269102115e-01
3.150250660972484518e-01
1.183521549395376293e-01
3.256332906808728084e-02
5.596580802904795038e-03
1.089447574585022532e-01
1.456527905271134959e-01
1.853037545846657752e-01
1.881881288548225284e-01
2.403829768409847245e-01
1.753139634456072071e-01
1.759461787294721025e-01
3.795774734353840607e-01
4.710707966023955362e-01
1.240470904737019375e-01
1.231385739070049445e-01
9.318689939888472398e-03
1.126178712986211812e-02
9.526550795850190212e-02
1.280814861502440061e-01
3.109200828548131512e-01
1.765101169099666245e-01
1.610184093428554120e-01
3.713625451978488923e-01
1.403625532740464810e-01
5.844296485943988317e-01
8.894786249366448683e-02
1.279811633669447699e-03
1.480254413901868973e-02
3.151808947240701542e-02
1.847301931838321032e-01
1.861734053045167869e-01
4.424468070494219085e-01
4.185933947515981801e-01
1.029557305419683683e-01
5.152803409137077795e-01
5.151988680962017453e-01
8.700414511423174013e-02
7.642082238328196109e-01
5.457733431920434169e-02
6.878523124291260546e-04
8.731565210137462452e-02
2.063253049145010454e-01
2.006131269287827201e-01
4.482985201408312137e-01
5.215737203317939441e-01
4.208703242799017863e-01
9.699917683444539418e-02
1.617416321928391021e-01
4.832114498445686523e-01
5.206719565175158687e-02
4.050097380069635211e-02
7.649610579727698090e-01
6.548243001338497349e-01
3.430116684343412214e-02
5.235555135254757464e-02
2.313496714498135091e-03
1.485827656577601297e-01
1.835449212904274041e-01
2.123479558511001675e-01
7.144439699112019593e-01
7.072557717128072907e-01
6.204715654141047532e-01
5.561206297411642741e-01
3.514660190236505444e-01
4.533392025000387293e-01
6.003956043267515419e-01
1.089873769575062379e-01
5.816933467687659398e-01
1.368825237947775553e-01
3.439582581804078061e-03
2.727473066215692077e-01
3.267077358054408798e-01
2.291053010921202115e-01
7.938169078486646546e-01
7.790180068842023076e-01
6.524265619650688741e-01
5.954328372109108924e-01
5.622121336601813013e-01
5.384341657718638707e-01
5.616534908452059938e-01
6.027553039590892725e-01
4.897097958640462823e-01
6.824336173077149015e-01
6.356655596638790540e-01
3.338134162728754739e-01
3.388387509706044520e-01
1.335114540695626628e-01
6.194100458080912253e-01
1.623421837791552413e-01
2.558095958731763653e-01
2.859054033659841169e-03
4.681839644893280306e-01
9.780782535951334511e-01
2.123226735384942665e-01
2.550945050950271797e-01
6.857212103877664555e-01
7.849339239835444459e-01
5.180278667793023484e-01
6.211138051830927820e-01
4.310448309314330317e-01
6.704957712205353859e-01
6.777582354336006976e-01
5.280295427595285140e-01
5.688511289475893795e-01
4.786987930833611626e-01
5.487480263242384693e-01
5.680507190885764057e-01
4.329737882742707988e-01
8.715448310387338138e-01
9.822441249363821347e-01
5.586878505515811000e-01
3.393621499522816443e-01
5.739100799239018613e-01
3.894044862777025218e-01
3.181937426152030568e-01
3.074884473013240749e-01
2.661550670238662097e-01
1.645688028450061458e+00
2.052552153305941651e+00
7.587103084725742574e-01
1.865171518168172726e-01
8.019793914303026405e-02
1.670861442825867602e-03
9.412071471355114571e-01
3.209744433543658682e-01
4.242675664292961946e-01
4.773246892182059775e-01
5.223742471011788568e-01
6.593012738229167002e-01
7.789428899020716113e-01
3.620917240922709168e-01
2.940999619153432110e-01
5.878777273762963995e-01
6.411368488213694539e-01
4.555528595429680916e-01
5.781766348832152458e-01
4.568821186392081901e-01
5.169130923783600284e-01
2.897770886632967668e-01
1.942024696210941370e-01
2.717683583068281616e-01
5.810490194440088851e-01
6.196367977848142861e-01
5.205809736883053596e-01
8.028396951021581351e-01
8.130071749162766093e-01
6.664381064638840169e-01
8.814270634941344662e-01
3.204268121718328866e-01
4.207696592401391489e-01
4.531177398552335700e-01
1.117994589093527086e-01
3.669805134879039477e-01
3.691589492541167972e-01
3.227587689248030411e-01
1.718081973512597616e+00
1.838235626046893056e+00
1.889297344743682272e+00
2.925146444125235282e-03
-1.534573699751432159e-03
7.632885440285789008e-04
5.979818022939776823e-01
2.726769773474529424e-01
3.204936036943102362e-01
3.834796104657708371e-01
4.734500055874499846e-01
6.112316023785209218e-01
6.232685113832786561e-01
6.591374673176056964e-01
4.199109555480627920e-01
3.607375568540202582e-01
4.914464524698091141e-01
1.284815958134550018e-01
3.487477479890546128e-01
2.400037180105101531e-01
7.023982829466793310e-02
5.601137868006444975e-01
5.692328157907848851e-01
4.806413299234222336e-01
5.784297644635220115e-01
8.070418432366844863e-01
8.690475740679183270e-01
7.656623889680034267e-01
8.236859131959919367e-01
9.119007401555391523e-02
2.350389983525942861e-01
4.304351386117835077e-01
5.540996541401698172e-01
3.653846241880625012e-01
1.820786013132023040e+00
1.840199215428983015e+00
2.874911147419200504e-03
2.481916986211298633e-03
2.592702832209813654e-04
5.763937262105593984e-01
8.840388989377648832e-01
9.194438629456703760e-01
8.150276106123282016e-01
8.296098834179952419e-01
7.626125061626093382e-01
6.689353757120904964e-01
5.930040974547203803e-01
6.576342447614300646e-01
6.754448836329380867e-01
5.259606144479098688e-01
6.157419535790882303e-01
4.971239922939507117e-01
5.905765152147164354e-01
7.065427361676270002e-02
8.199193008663724358e-02
1.547126720476073303e-01
2.682332446531407455e-01
4.610065589233428018e-01
7.594155725071326524e-01
8.243788082113846505e-01
8.233261097110717852e-01
1.251719159300960005e+00
3.037324145891672766e-01
3.538171460138531677e-01
4.330311284957880646e-01
4.700799558956376134e-01
4.573207016680242987e-01
4.971239855136252439e-01
5.586440586719418899e-01
1.877673984139015095e+00
1.990305048453644643e+00
1.848801469414144805e+00
1.175183734247921361e-03
1.170134191981278939e-03
6.303525646914313223e-05
5.939802111732725987e-01
8.321356164852952153e-01
8.620058961046576096e-01
7.735139456589474882e-01
7.211483746484612656e-01
7.526047820483258155e-01
7.975207190177452388e-01
7.815867060129065846e-01
6.748464481870719567e-01
6.639991148173620683e-01
8.100539006869890146e-01
5.854749576650776222e-01
7.825478831393687384e-01
9.211820900540845791e-01
6.420416396308398221e-01
7.320488540116171228e-01
5.061318146199991208e-01
6.159824432244568326e-01
5.965874945133751162e-01
4.961867736904861936e-01
6.755793952654018941e-01
6.731850499987913627e-01
7.933421300525274056e-01
1.467115746539035204e+00
1.965434921962958104e+00
2.000373661008766124e+00
1.928567136008603633e+00
2.060846199472608049e-04
8.799310222182272803e-06
6.109287265918660337e-01
7.156053197925198450e-01
7.216163615986309621e-01
5.670294081915079332e-01
6.904027997341952716e-01
8.696483122543292588e-01
4.791809684983729389e-01
1.974627681242295263e-01
7.428167633016269367e-01
8.614946377540089184e-01
5.007062446205323702e-01
6.819786210081688616e-01
8.161936287349599306e-01
7.850522762290875756e-01
5.324470296360456212e-01
3.406253734190067828e-01
6.183964132158616955e-01
4.294473275167328685e-01
3.589973981766474975e-01
2.796811826228428610e-01
6.374900104592877703e-01
1.476952909421345161e+00
1.138788141071997551e+00
2.022070194306337498e+00
2.033396073040912189e+00
8.597311544681376884e-05
1.158143107002386011e-05
9.174073534219441561e-07
8.458931617122920077e-01
6.916226234879122581e-01
7.757173438671701726e-01
7.457344144095696681e-01
4.130834927493426401e-01
7.694878402393626748e-01
2.926277073039641463e-01
6.434480729248052144e-01
3.048865164810015682e-01
1.361481208927801390e-01
5.066782268456473393e-01
1.413843174239993727e-01
9.433104568957724201e-01
1.977216515742262981e+00
1.904772375699119280e+00
-4.170430504150354732e-06
-5.213053922852234832e-07
6.244200974711280468e-07
1.160508470037394435e+00
8.517486359943720053e-01
7.866002310019151178e-01
7.902717999617253630e-01
9.565247757776660364e-01
1.251816738435695520e+00
2.681830574179331350e-01
1.912008653039148076e-01
4.484774524287880038e-01
1.086545486744454198e-01
5.597360569824457732e-01
5.512518831986230605e-01
1.525795184170269936e-01
2.075520606532694767e-01
1.170178389397748209e+00
1.874940313722786245e+00
1.544267968889460274e+00
-1.214704327506606294e-06
-2.155197262766774017e-08
8.502727738418134808e-07
1.209550959735237408e+00
5.596049322921354818e-01
2.993349331550504977e-01
1.068570356774577013e+00
1.125166998203299684e+00
1.098698200828234439e+00
1.112403919150246834e+00
1.122328013374460420e+00
1.244944166768843452e+00
2.447412368833684904e-01
6.312330488616765267e-01
1.617609533905051689e-01
3.650138317486171791e-01
2.423309904386674041e-01
2.632151822144549458e-01
1.253903641172533501e+00
9.867889937716869397e-01
1.315160042461519074e+00
9.348253928893619502e-01
2.849496095651413138e-07
4.473760911033945403e-07
1.114482264921375032e+00
3.143353865472476305e-01
9.064169952511516026e-01
9.200457640592401010e-01
1.072461127795428126e+00
9.033204584821488137e-01
1.055894096661732506e+00
1.040890293809749956e+00
1.038041074506420580e+00
1.082074870506345210e+00
1.123100908365201933e+00
1.118258170434718313e+00
2.807105795516217639e-01
4.897602207802348451e-01
1.049776776695967140e+00
1.086131225804197964e+00
1.017532230469931243e+00
1.016806701136352631e+00
1.062269150781660398e+00
8.179700062482998524e-01
2.026339119352522367e-01
4.279651927546977985e-01
2.541063222197296190e-01
6.528154359491086245e-01
2.831327396029089116e-01
2.534873738790228159e-07
2.374494713293160193e-07
1.096564922904524675e+00
1.013007951229799142e+00
8.509996631136298451e-01
1.075433583158487583e+00
9.951133937850025202e-01
9.945895006320986109e-01
1.033877025159368523e+00
1.043826636538113029e+00
1.060791925275195835e+00
1.086635546501786287e+00
1.110879507026226953e+00
1.137273670558001548e+00
2.156224596308176089e-01
9.802979077884962367e-01
1.097960661199564703e+00
5.918558396345130479e-01
3.593988196683136627e-01
9.859096753398713942e-01
1.212837882218271435e-01
2.686528611526462981e-02
1.848184809620345064e-07
1.035927583618417702e-07
1.318934509199099611e-07
2.344890397828751361e-01
4.591770780153469622e-01
1.085133700910024368e+00
1.087588138967844120e+00
1.050338967244128119e+00
1.063732538670033145e+00
1.052181721944589921e+00
9.977327777076835380e-01
1.075594693284701142e+00
4.237615827187077300e-01
3.944670006306403853e-01
1.690723602848491991e+00
1.779386456999473953e+00
1.157293827829812383e+00
-2.732793944508443533e-03
1.332072250406028207e-08
6.560803016662765026e-08
7.327449428457338820e-01
1.056474797140117605e+00
1.012609821370112684e+00
9.879195254550038330e-01
1.035968791909752440e+00
1.061269396455570835e+00
1.085022490291710495e+00
1.131944666441764946e+00
2.669532464940341243e-01
1.542856051152346142e+00
1.694014854477071452e+00
1.515716846711866017e+00
1.632668710755259767e+00
1.768478220094557463e+00
-1.366837559639068030e-03
8.160935766066700113e-04
5.741558318409080772e-09
2.101343424431146611e-09
2.652130507299214870e-08
3.165099514484322474e-01
3.845858693648154802e-01
1.065283976624476825e+00
1.054132367690519212e+00
1.156485190260925666e+00
1.233812505339114463e+00
1.349926189460160630e+00
1.488724161840191407e+00
1.706558721651203925e+00
1.116826551798273757e-03
9.136042672807151823e-04
8.581696434807979316e-10
9.015882496621617014e-10
8.790191241670802641e-09
1.813746324097105900e+00
1.550646635752384261e+00
6.464671465125189087e-01
9.032986583507507383e-01
1.039922072087469340e+00
1.933820583866469435e-04
3.284060788720768423e-09
3.721964135534548258e-09
1.471072918040262664e-09
2.390004008367153840e-09
2.128350818888302243e+00
1.779618465734883123e-04
3.556427792496833919e-06
7.290340987927720597e-09
9.415192574279112123e-09
4.522303355753458700e-09
4.449946592286769374e-10
2.507867926126565727e+00
3.000139407269923343e-06
-1.497639738676450052e-06
-5.829356724762039090e-07
1.096743425674888571e-08
1.917625751911141594e-08
1.022471241240741956e-08
5.609437086464149579e-11
2.983430454474841564e+00
-3.808614256138441992e-08
1.775648015557127352e-08
9.088493368014396607e-09
2.872343676617937942e-09
1.289721215011298360e-09
6.483251728125350213e-10
6.853842549447066950e-10
8.557672658033934311e-10
8.994487256117161289e-10
7.623485147596351291e-10
4.690120954612358501e-10
1.709677446709751231e-10
4.044481541328868793e-11
3.628091837407264375e+00
6.558062651991326542e-01
6.563514765186742039e-01
5.055765610766451701e-01
3.446571623729236533e-01
2.557088845452821224e-01
2.001088819986601708e-01
1.556392493690544887e-01
1.242895989845963084e-01
1.064793463405164092e-01
9.874757368905685839e-02
9.682301521319047755e-02
9.654927384421684022e-02
9.455684093971070125e-02
8.877439917974239147e-02
7.883170382758121486e-02
6.410649957209031691e-02
4.704891609406174763e-02
2.990977356833140685e-02
1.485240127492892456e-02
5.258897116031199630e-03
6.076662672369196379e-04
-5.547249879507166613e-05
3.909331625013671182e-04
5.855915607833795831e-04
4.000663673942927512e-04
1.686168264547105347e-04
4.725284322156519809e-05
6.641650951732867233e-06
-4.466414688973582444e-08
-2.175219327665530899e-07
9.275474996260746134e-09
4.655574918972813059e+00
8.214035126413851140e-01
9.210322548088057948e-01
5.903001148877909943e-01
5.329822950143585647e-01
6.312183358973408875e-01
7.116481750733036904e+00
1.133687394606270882e+00
1.142029504027104458e+00
1.105493590448777708e+00
1.059719397016972264e+00
1.034710118150695024e+00
1.032755454019292918e+00
1.039873223931825574e+00
1.045314637307212413e+00
1.050489212557785157e+00
1.123389871687934249e+00
1.101666438576778040e+00
1.197508181443892150e+00
1.261931094832740685e+00
1.318651034521762577e+00
1.344123860259134329e+00
1.309046079423994868e+00
1.076221648166263867e+00
1.201183353940538545e+00
8.331826379562696783e-01
7.586652144024710331e-01
8.884084188103389401e-01
9.948421350270217900e-01
9.094895546937801001e+00
1.411700351379700535e+01
6.123440330290955913e+00
4.861505771674554666e+00
4.434812678945150743e+00
4.175914562861421153e+00
3.979487633741519925e+00
3.811388039704460162e+00
3.656892070462862243e+00
3.509121065450349519e+00
3.365560970692299314e+00
3.226297460611955437e+00
3.092815421449284230e+00
2.967117466108986523e+00
2.851126660346079422e+00
2.746354790436853932e+00
2.653784132278918850e+00
2.573883268353239995e+00
2.506674840121436265e+00
2.451795054781990224e+00
2.408520936497788423e+00
2.375777104543852936e+00
2.352155657621938900e+00
2.335983037626272019e+00
2.325448123705634806e+00
2.318776023307434819e+00
2.314405584331025167e+00
2.311117030346617529e+00
2.308064184629793125e+00
2.304690365783998995e+00
2.300539510868325088e+00
2.295004962024169703e+00
2.287081426135103346e+00
2.275198267755392578e+00
2.257212070455753228e+00
2.230617172206568632e+00
2.192985932817042460e+00
2.142573837771155176e+00
2.078936637986559255e+00
2.003350822620873828e+00
1.918853980685181204e+00
1.829843423736286168e+00
1.741343032897954224e+00
1.658178182932380951e+00
1.584313393807656789e+00
1.522507149532614346e+00
1.474292983931779544e+00
1.440186989261082351e+00
1.419986390842301827e+00
1.413046316121471024e+00
1.418465788711931630e+00
1.435155110272452461e+00
1.461792116185947954e+00
1.496710013646705528e+00
1.537792131634855730e+00
1.582462871577332120e+00
1.627840483709775299e+00
1.671052870390228318e+00
1.709635936948566748e+00
1.741876066299005155e+00
1.766956975469665680e+00
1.784828692255213456e+00
1.795803474910752318e+00
1.799961617090940491e+00
1.796496659689357900e+00
1.783145472873139958e+00
1.755841173014310419e+00
1.708678663387081631e+00
1.634135403030634315e+00
1.523213021815468471e+00
1.365288797458291237e+00
1.155056262143322243e+00
9.215755495694585298e-01
7.585295218736007872e-01
7.426387910599930864e-01
8.528394909393059997e-01
9.833705817221273238e-01
1.030795175581124212e+00
1.052668435366783672e+00
1.070555244473051504e+00
1.115088839835118195e+00
1.065992773841023089e+00
1.283758834825602602e+00
1.144524984217716090e+00
9.919067103991526801e-01
8.582207775296663010e-01
7.989501648896212282e-01
8.281049275157642553e-01
9.710285472209205793e-01
1.138534497871042328e+00
1.203858481913449907e+00
