1.683221541920928033e+01
1.089202150701317251e+01
8.462647898463943719e+00
7.389933644070404206e+00
5.898565761833506116e+00
5.388210550297823254e+00
5.070037708369746987e+00
4.820956822294606425e+00
4.601817559760200460e+00
4.396413080314345301e+00
4.197774107908990082e+00
4.003934678576484885e+00
3.815726422264439144e+00
3.635306793676547077e+00
3.465144332003209371e+00
3.307396268000001527e+00
3.163623374919642295e+00
3.034756651288222251e+00
2.921209875050970073e+00
2.823034685936838706e+00
2.740040610549053568e+00
2.671843289364741469e+00
2.617846289612428823e+00
2.577191150189927171e+00
2.548718702689808158e+00
2.530973345927076679e+00
2.522258698365817509e+00
2.520727883144524561e+00
2.524473322541321618e+00
2.531575558231911938e+00
2.540081474231434377e+00
2.547908663251275296e+00
2.552709167228126130e+00
2.551762460449008341e+00
2.541990398751697633e+00
2.520179603398263968e+00
2.483445639079230993e+00
2.429878387019221542e+00
2.359196797064765150e+00
2.273170765767608792e+00
2.175598991018108830e+00
2.071780171394091319e+00
1.967619620703523253e+00
1.868661493690723097e+00
1.779342789639321465e+00
1.702636173345605020e+00
1.640074702267425133e+00
1.592031775374809444e+00
1.558103511795416285e+00
1.537480784327245331e+00
1.529250744940442219e+00
1.532597810113902170e+00
1.546881037180642515e+00
1.571570993197756838e+00
1.606055968024755254e+00
1.649375669814409529e+00
1.699986914375929858e+00
1.755676375440297532e+00
1.813688966872712749e+00
1.871046581615522619e+00
1.924931773326355344e+00
1.972956151585371742e+00
2.013155138040565006e+00
2.043641273059569663e+00
2.061967139116093861e+00
2.064347373225126514e+00
2.044923068185894532e+00
1.995164406122692080e+00
1.903282050684051097e+00
1.753026263521586303e+00
1.528732557836495198e+00
1.251833432413818503e+00
1.020086408190084892e+00
9.641240754606056340e-01
1.088038672752648983e+00
1.246256639054153403e+00
1.321102902847144822e+00
1.361672750795925424e+00
1.356292442332746706e+00
1.357175730169664307e+00
1.343706988411605074e+00
1.334856428324798117e+00
1.187019834041798338e+00
1.240657727479434147e+00
1.079056102694464059e+00
1.070107935452932368e+00
1.233947881685781400e+00
1.501964824569200330e+00
1.589528757690892746e+00
1.483843114668953023e+00
1.584499771947786462e+00
1.326171953653863200e+00
5.488395079797387943e+00
1.307246836647157906e+00
1.246544383278657575e+00
1.191082737188922547e+00
1.153519859875986597e+00
1.126085481299070379e+00
1.107562637655933768e+00
1.098401548892991464e+00
1.100632853732563365e+00
1.123776540744290120e+00
1.174252478440463543e+00
1.239727227136696364e+00
1.257285044404607977e+00
1.703140469240911781e+00
1.755236510978047226e+00
1.666824644673577716e+00
1.225630994158709575e+00
9.443001894679678987e-01
8.066741195305985324e-01
9.573914323151199168e-01
1.082411161271235933e+00
1.007508038803764716e+00
4.224330813456742995e+00
9.010256905574262065e-01
6.888446469678743966e-01
7.994382607710954769e-01
9.976975722860733642e-01
9.683995753831494691e-01
3.421294200516711292e+00
8.375683582724730014e-01
6.756399477626626737e-01
8.327017093916379009e-01
1.047646146333587547e+00
1.038671549927839610e+00
2.824712713156282806e+00
9.497688240023574036e-01
7.504689504622609197e-01
6.144694496119194049e-01
5.364091172888880710e-01
4.726696145463397114e-01
4.136806845139705535e-01
3.618975744369812841e-01
3.203000575835144859e-01
2.913710691016183629e-01
2.800337564493975417e-01
2.883828100983572562e-01
3.075384014312702585e-01
2.959943190664076629e-01
4.472487087247482927e-06
4.202883273480757074e-06
1.853353304258760189e-05
2.347073172814322373e+00
2.663343357571495429e-01
1.792943446520653961e-01
9.659648552172780955e-02
4.262182295956150335e-02
1.366760901298836109e-02
2.110060670218210331e-03
-7.548396227666692758e-05
4.861483739607193192e-04
5.883573242180200171e-04
2.285766170335898871e-04
2.594622781821560861e-05
9.369861388737015623e-07
-6.363560199133023647e-06
4.887305253976170233e-11
1.153554624064288678e-10
1.374639573495551331e-11
5.373392634744656427e-12
2.376341199653661574e-12
1.951476879667060516e+00
1.165326339382077294e-04
7.248818593606076067e-11
8.336651941907090039e-11
4.026609560771275818e-12
7.305981400776088008e-12
1.622849655255821810e+00
4.754993507969543232e-01
3.233475975558892102e-01
1.156847160636413907e+00
1.486082560397928187e+00
1.426309613633000462e+00
1.393599162148488890e+00
1.445766326557858639e+00
1.224076377584474749e-04
-2.943791692124700398e-04
7.020037129369426490e-11
6.866547082866515885e-11
1.507108151728671780e-11
3.136678528510243869e-01
1.426352872999520738e+00
1.449816146509971482e+00
1.477416222444335903e+00
1.556912034491630292e+00
1.586386085397400780e+00
1.595049727408039741e+00
-1.196771159896006060e-03
-2.186633376325103784e-03
9.369735204384121218e-11
1.105907389614876690e-10
8.455861531445281181e-11
6.872818738864503452e-01
2.853126093280918818e-01
1.142983553055209933e+00
1.106597304681410598e+00
1.063711184513887797e+00
1.091908641296007954e+00
1.075106681618081428e+00
1.040564759733975109e+00
9.959522961790586715e-01
9.609607271360647296e-01
1.050565324298073699e+00
1.164918752166044014e+00
4.084407207353649705e-01
1.441791927418765829e+00
1.487629831635882693e+00
1.564998650815558889e+00
1.547049657063371386e+00
6.227941556661330952e-02
2.626979423463322467e-10
1.061612220702752518e+00
1.174114317272994645e+00
2.287267378663491446e-01
1.436216383835975385e-01
1.169960217078165554e+00
1.234088747849943379e+00
1.192924722255974235e+00
1.109170526001341361e+00
9.073052177484662861e-01
1.044434379275152258e+00
1.215277511283943346e+00
4.156046811427897003e-01
3.226227939326009597e-01
1.489915897146856683e+00
1.364777934502602541e+00
1.548341963626859386e+00
1.777647239341533014e+00
1.123555182767514982e-01
3.903870799409300818e-01
1.047642993260582189e+00
8.700647501376366222e-01
4.702086291582763811e-01
1.026475338911911672e+00
1.148982756057225885e+00
1.271839679707349458e+00
8.517392071783638219e-01
3.709139169047672158e-01
1.266904856372590871e+00
1.149936596357712393e+00
1.113395886486270969e+00
1.170718726957558520e+00
1.187624430637612472e+00
1.160575868120841125e+00
1.133627396021400946e+00
1.092380108878585609e+00
1.049868888384822618e+00
1.013551198089070571e+00
1.137311029539904483e+00
1.255949903852690008e+00
1.469929269626268353e-01
1.244370893655850630e+00
6.528793538916501937e-01
5.258929630967056346e-01
2.933323271508819219e-01
1.638002953982176102e+00
1.006625161698801341e+00
1.011720230158712708e+00
9.510850376027794040e-01
1.196755792860092038e+00
2.821869846984105257e-01
4.677418601536857401e-01
1.279316167886635602e+00
1.326379353607363365e+00
1.232196238661035448e+00
1.165004721624850470e+00
1.090224258122911793e+00
1.020308150028315097e+00
1.093036061663467118e+00
1.173821972384171852e+00
3.017278450160956194e-01
1.508371283625150883e-01
1.274187264469748726e+00
1.320133308448554699e+00
1.278019674438998665e+00
1.171744790972817141e+00
8.203634804587343066e-01
8.078004898896395947e-01
1.687149063280682371e-01
4.805612863517096378e-01
3.458427994146052176e-01
3.487725097804083574e-01
9.543458228141391553e-01
7.737822115673439471e-01
1.002064361122317226e+00
1.174695374883953702e+00
1.498109146514390533e+00
8.468011495105702835e-01
9.476997526752732881e-01
1.224637948192267123e+00
1.265649250716939234e+00
1.173870747037372153e+00
1.060398499475329714e+00
1.082514709129226871e+00
1.151752254014208221e+00
1.308458513476473128e-01
8.243992705896421302e-01
1.742339484141784689e-01
1.660079250366706671e-01
6.543802386981045771e-01
6.522421896095838001e-01
2.132802308208486541e-01
9.259047611028762281e-01
1.219305177171739141e+00
1.237519408474434757e+00
1.711814961555734094e+00
8.853849913695185370e-01
8.927327166049571217e-01
9.146383715515041812e-01
1.257118072130315456e+00
1.119669540933069918e+00
6.745092597506529009e-01
2.677832744901317286e-01
1.049635759470218810e+00
1.011536894110792062e+00
1.581340405161388296e-01
5.120401886683381143e-01
1.653684673585446574e-01
1.014955598336500620e+00
1.027753576738503094e+00
1.218921102944049206e+00
1.287362684971829152e+00
1.283082859608769333e+00
1.354246325934374662e+00
7.975190211350788871e-01
8.187216902308390720e-01
8.047421266631979986e-01
8.071940204030649824e-01
3.182985625117870643e-01
3.640869784769739104e-01
5.947129772463893849e-01
8.940469092704286247e-01
1.597883087006288227e-01
3.369407663462931635e-01
5.004975660249488811e-01
2.316423013584933688e-01
3.356296282495469518e-01
7.841226831596854741e-01
1.287066533154988202e+00
1.307105100282144550e+00
1.678450262395284239e-08
1.652499560017230105e-08
1.653516880927239328e-08
3.345349018364508487e-01
3.335459007276724841e-01
6.904829401018143242e-01
6.257535528933265701e-01
6.705118842206723162e-01
2.996358957859149297e-01
6.307120310628905324e-01
5.823432518764802834e-01
6.380354856647426631e-01
7.047412399121153470e-01
8.361392313851379043e-01
5.046339491971060243e-01
7.237095631328842593e-01
7.480471894559405088e-01
6.456868178540282610e-01
7.537034858324929143e-01
8.675450758035830878e-01
1.280032081818274214e+00
1.290605635321198985e+00
-1.016918986240496586e-06
-4.910789608590457406e-07
5.207009271526793354e-02
6.479389361159761940e-01
4.592094840270070089e-01
3.214246429133856831e-01
2.941285677592991310e-01
3.184114651895140757e-01
3.565560129062934069e-01
3.363139690192665787e-01
3.735257669707309769e-01
4.645574166349646927e-01
4.074191996490184597e-01
2.998958531008253936e-01
6.841494994964977261e-01
5.343609279839677262e-01
5.640925894216549663e-01
7.906211976341011027e-01
8.475927362640524043e-01
5.809960503807688470e-01
7.296229738690644950e-01
6.328325843423432406e-01
6.810129405404530267e-01
7.389409540049964864e-01
9.595554252383372562e-01
1.142999415352774273e+00
1.872666683821726519e-01
6.799874102592811109e-01
6.217193150320088346e-02
1.100781434344625942e-01
2.227718547341890065e-01
4.209735722950704306e-01
5.221799029229355904e-01
7.196526404808161193e-01
6.822631890883404937e-01
7.541246396928498186e-01
1.049263337491120218e+00
1.129736412576475502e+00
1.554357673881023860e-01
1.848313932756147915e-01
4.018400904704202969e-02
9.456762141772001584e-02
1.803183997674170924e-01
2.504546801842273962e-01
3.199742791349742821e-01
4.570828705204626474e-01
5.514475633567076374e-01
1.290389463190876329e+00
1.284957244415120048e+00
1.360184421057834214e+00
-7.374633631701394318e-06
-1.466613715899738423e-05
-1.597746402447380510e-06
2.051222108285609066e-02
8.608139459044263433e-03
7.969905239634664795e-01
6.128788264318970613e-01
4.498120747423865473e-01
3.845819389099894847e-01
3.574416849768289328e-01
3.618968574422300466e-01
5.432169193264499985e-01
4.639895396614140965e-01
4.703680843145446877e-01
3.217307741499999540e-01
3.484128420246506708e-01
2.257018179622892196e-01
2.881156177963930531e-01
3.520742699563549349e-01
4.948385036694717409e-01
5.971627370417902370e-01
6.837572887343359440e-01
5.739394317792033684e-01
6.781181805912700478e-01
7.371803066499941215e-01
1.306720720920266032e+00
7.192403144622567801e-01
1.283694834862803447e+00
5.244187849832491199e-01
5.462794237831053445e-01
6.530624474212104458e-01
7.391743087656351685e-01
6.944520175109648585e-01
8.487045602328149307e-01
8.674641478173149567e-01
1.360871684394231895e+00
5.996185899032383526e-01
6.670451881560989227e-01
5.518651910905846281e-01
4.730877765988940054e-01
5.151732052502823178e-01
6.010258158160108888e-01
1.289464636364336725e+00
1.325886069989141269e+00
1.349518947814340564e+00
1.357924510123915810e-04
1.917805312380444299e-05
2.770317335828000327e-01
7.443348916869467757e-01
3.286221064633607081e-01
3.267903622915713235e-01
4.061085294543740898e-01
4.378477964469389416e-01
4.539924282160010538e-01
5.268125490050824533e-01
5.770773927826825522e-01
1.035753161038107217e+00
5.967322015928516743e-01
5.106202172617040347e-01
5.502158024658421187e-01
6.951417152906544938e-01
6.759362007803799699e-01
5.453586293179344402e-01
6.016349986069269296e-01
6.014723967280969363e-01
1.205266696720705966e+00
1.303740464860086101e+00
6.538153908339523479e-01
5.670026428803938146e-01
6.010167011039572182e-01
6.540984172035414490e-01
7.649429150483257889e-01
7.750216856199023674e-01
8.304584989738073020e-01
1.429281766093760453e+00
9.239819431577963593e-01
6.251531645397830905e-01
6.205410860455922162e-01
6.877807287076288523e-01
1.367127529427362376e+00
1.375124907237833538e+00
1.904678501600150773e-04
8.609247789094798828e-04
2.295163487967593545e-04
5.096001642495828765e-01
4.006590813883910140e-01
3.289681460013759717e-01
5.764976441844550381e-01
4.761890111216978694e-01
4.303830238831062860e-01
6.036604417763297148e-01
7.199463873739114783e-01
1.184415233240318610e+00
1.048820177192064218e+00
6.951889900546760481e-01
5.930691391473821295e-01
5.887059053590791846e-01
6.836336982306804311e-01
4.981763615762280217e-01
3.597574832441168824e-01
3.763187126219212364e-01
3.769250969379543958e-01
9.974676228464495198e-01
5.380597596574002717e-01
1.235723599126567374e+00
7.564623696208065962e-01
6.155172383232850875e-01
5.255845651469686075e-01
6.168208897391407319e-01
6.340916577692811140e-01
7.773918836947384392e-01
7.006776558555705137e-01
7.178750073904059947e-01
1.016692907533312207e+00
8.925041257391722604e-01
6.945041593699621263e-01
7.403695836720358692e-01
7.761091575872997028e-01
1.277330086643232443e+00
1.185862152915468037e+00
1.270406284295985122e+00
6.814637081108530390e-04
-1.183836235034406437e-02
9.456692693698760159e-04
1.700706947530653268e-01
6.821685070944855100e-02
5.203653202439469105e-02
3.320203114673592748e-01
3.124508045089942065e-01
7.225010303482546359e-01
5.812225897039717815e-01
6.169409789387292342e-01
7.260735313249081502e-01
6.860926797419429901e-01
6.791008921515319097e-01
5.520493099369825352e-01
6.042676735121450537e-01
6.749084321867580005e-01
2.588134265145872748e-01
1.243824266773671250e-01
3.103095157980543806e-01
6.253854619319860753e-01
5.741572201775063666e-01
3.802407866395524638e-01
6.962048671206028105e-01
5.032563413424835375e-01
5.514963278059225038e-01
5.757978408886139654e-01
7.074166893215326768e-01
3.893277995638774192e-01
8.597839227588541799e-01
7.520945904851584762e-01
6.585107020198438521e-01
1.545892133056861795e+00
1.430174978713648404e+00
3.084620514513165546e-01
3.389209136815972134e-01
3.809259845982418402e-03
1.942876915316191395e-03
3.846695803957059928e-02
2.541685508022765994e-02
2.333907874189800058e-01
7.208264244120691222e-01
5.897593238439383656e-01
6.397165924318370944e-01
7.269641354949870626e-01
7.263360150455961950e-01
6.451095914074365112e-01
4.289118511878654005e-01
3.918046961839090070e-01
7.857505190162656916e-01
3.595861411173399413e-01
1.223973899185209629e-01
3.926625240388589844e-01
3.114643748942658719e-01
8.971356061312100172e-01
8.556017341129853460e-01
6.419374279297285213e-01
4.158497674529542665e-01
1.124599744139985980e+00
2.076049692368346633e-03
1.136838193925013632e-02
1.082134687423562912e-02
2.161067814453624392e-01
1.950228501020881133e-01
6.948175129412416107e-01
4.931321606841335137e-01
4.325642604566655169e-01
7.527993071549707871e-01
6.288636685090341905e-01
1.860157685510596404e-01
1.721190149071474829e-01
8.046781087387954168e-01
7.047520682785861634e-01
9.262285779295387211e-02
4.377220020580263604e-02
6.779267167640952163e-01
3.505624236735313537e-01
1.801645327089502480e-01
8.022767188078567570e-04
2.622554605570262369e-03
1.292646931233036312e-01
2.248469188272194386e-01
2.155277681546742263e-01
5.486398920049601058e-01
1.095887522093038635e-01
6.778498762604531214e-01
5.195350675833282361e-02
7.102624891225433057e-01
4.589505406761795747e-02
1.880645502578093091e-03
6.021381305533498153e-04
9.624090198875269453e-02
1.046171711449375985e-01
2.028914142619597238e-01
5.583542986397838082e-01
3.863523115821098086e-01
2.066198014228220470e-01
6.907424004305799947e-01
5.682770772672940396e-01
9.441585415640751933e-02
7.411773757158987008e-01
6.920400110816856687e-01
5.012846338909242305e-02
2.039677066431871272e-02
5.626403384714596207e-04
2.031782346613600909e-01
3.055689917089988716e-01
3.183722075589421885e-01
3.357851751888123459e-01
3.467014562213494577e-01
4.456746196497065049e-01
3.979168328021563950e-01
1.485006283764642721e-01
5.884036034761912504e-01
9.977572928205087621e-02
8.613268885603740654e-02
1.054250973811667220e-03
3.704952285201462137e-01
4.615497196333610552e-01
3.064052882817104861e-01
3.097549027544135303e-01
3.796468627351355374e-01
4.790126673056379625e-01
3.615003659754340570e-01
3.671168030304722829e-01
3.432732647268706971e-01
2.520471305282617758e-01
5.631258696187233515e-01
4.699901156065309227e-01
1.580057685289058822e-01
1.718954577621882585e-01
1.947452580372890929e-01
9.865556477693176399e-04
7.105176691989711912e-01
4.516302022715691922e-01
7.413385106659369228e-01
4.894625392088661764e-01
4.697736092924531537e-01
5.753920271498960126e-01
2.967649741414961073e-01
3.451223608171226087e-01
2.027018590482485838e-01
2.712383708612595146e-01
2.983597562860131336e-01
5.582232269112222863e-04
5.449965249213627877e-02
1.369012841230821641e-02
2.008882416591267761e-01
4.788200573100983015e-01
5.845690923788173787e-01
7.186084327785557946e-01
8.513456436304436270e-01
8.528500055841221617e-01
5.904596064764983110e-01
6.465125092376137195e-01
4.643296679582801789e-01
4.866434227259597289e-01
2.941735999404053725e-01
4.586126776760648949e-01
5.375992659520033579e-01
7.709256281895647822e-01
8.834897656589083548e-01
6.673454123386544090e-01
7.126235990982853208e-01
4.976012513617259492e-01
5.038868473446831420e-01
2.829946899482955747e-01
3.432944853500924376e-01
5.832899159512581200e-01
8.645229463834472883e-01
8.824324973798248761e-01
5.676924559746567844e-01
4.625305091504798849e-01
6.086216488074580599e-01
2.935839550405759946e-01
4.721904015173055691e-01
5.085026459276625888e-01
2.179849038096922653e-01
2.268495292525483653e-01
3.023687937700869077e-01
4.078094709058570078e-01
2.567362414238218427e-01
2.594019501498577296e-01
1.359335008861025929e-01
9.355711484142334444e-02
2.323676991559653626e-01
4.873269128464550182e-01
5.151211441752394649e-01
1.945159258162075554e-04
9.900792546175089803e-04
5.224260192810358493e-04
1.622146148318620064e-03
5.861357861357409105e-01
5.968811900556574290e-01
6.327699678371240255e-01
8.665139972266457935e-01
8.860045601059806097e-01
8.541935780877777384e-01
6.205176523454828397e-01
7.474267980275205447e-01
6.229515389001978320e-01
6.611813701915392194e-01
8.816257471808616186e-01
9.413871878888413480e-01
9.528375435948771566e-01
9.028906426715753719e-01
6.059081915947851504e-01
7.209559042880293589e-01
6.072290779610205469e-01
6.768929604342047712e-01
6.977906679646637134e-01
9.803238325066239156e-01
1.007142792070004456e+00
7.330905718519218350e-01
8.256055320572294187e-01
6.533748578088380832e-01
7.205765992138959408e-01
5.927531187402920176e-01
7.430543740522834728e-01
8.206090101787687496e-01
5.365753015622916067e-01
7.987768466368811993e-01
3.642632366509199193e-01
5.765206473284676392e-01
4.944988760685001261e-01
6.369075570478353043e-01
6.631310261124503391e-01
5.944929462566932443e-01
6.403545405178763250e-01
3.173137905002421582e-05
8.107581500383675456e-04
5.033092344026511133e-04
6.006957571764348636e-01
6.132018687741003227e-01
6.325238808062632057e-01
8.370886431978462605e-01
8.017350459174424904e-01
8.045608003419861820e-01
9.761340974757714006e-01
1.034452406094945598e+00
7.738958938784922248e-01
8.725961672091178123e-01
6.472360156719741964e-01
6.362039248039303985e-01
6.643345134452909306e-01
9.421708888743033361e-01
9.166736490469785670e-01
9.935494865111058616e-01
1.052390362142247016e+00
7.530813610517177459e-01
8.611964346106523172e-01
6.805162125627549630e-01
6.637007089302414675e-01
9.748608223781436433e-01
9.285961813314758118e-01
9.877165369326796895e-01
9.961745700659313529e-01
8.329700231624758144e-01
9.610198429347283078e-01
8.255147706824912390e-01
8.106504278345058045e-01
6.110043305700144645e-01
8.941609269065098342e-01
8.945371758257497641e-01
9.499798898906414157e-01
1.170678195438182856e+00
6.602623736340800242e-01
9.869721100400258296e-01
7.634124162896812615e-01
8.111383951248010149e-01
7.810138134386511721e-01
-1.204850331009460751e-06
1.875754086767755454e-04
3.003768278226962753e-05
6.171445858041839649e-01
6.359232793561050423e-01
7.487358954182403714e-01
7.330315391913055922e-01
1.082168684514738022e+00
1.089847493076496532e+00
8.908211713312970126e-01
9.744967455558847247e-01
6.211582724228601471e-01
6.445565438126599211e-01
6.682514514592006183e-01
8.766907434398926169e-01
8.350511928912801585e-01
8.698983832471726130e-01
1.106089163736479586e+00
1.087675240172002677e+00
8.782004091269374202e-01
9.792266636071407238e-01
6.588905373195528270e-01
6.821280428349713043e-01
7.245534018870948278e-01
8.920541867972329175e-01
8.541276955456584830e-01
8.821840733466237428e-01
1.041362542763357490e+00
9.723375710526501736e-01
1.026504787233430305e+00
7.768791238383297992e-01
7.379141775354866040e-01
7.609779622786528863e-01
9.269802396336189743e-01
9.136618791724900879e-01
1.334475907289074836e+00
1.349042792100991761e+00
1.042572170403033072e+00
1.223524136903348936e+00
8.417654622739613179e-01
8.641357277705566942e-01
7.923887748782371121e-01
9.136738160755981664e-01
-9.788686045663163766e-07
-7.017344002122739185e-06
-4.123918578421868010e-06
6.373735520990034820e-01
6.692573618847268424e-01
7.003491871562939064e-01
7.312853553464097045e-01
6.874821953319479872e-01
7.024994665489890933e-01
1.058294202189326016e+00
1.058719041759845103e+00
9.871349831046312140e-01
1.002125258569572130e+00
6.972038520571599562e-01
7.134334452337582899e-01
8.054028713986955967e-01
7.929116503915643044e-01
8.100122364788382434e-01
1.057005581306290187e+00
1.053944175082620172e+00
9.824888766319691547e-01
1.014832513793372248e+00
7.121901199369288227e-01
7.317958776075638161e-01
8.241818100866818986e-01
8.062708788366088619e-01
8.142983636321419194e-01
1.041489136442191210e+00
1.013188364469881142e+00
1.027113028647216986e+00
1.044791917262177794e+00
7.208958658534894148e-01
7.248846607156212984e-01
7.498461756447182269e-01
8.526162484182736589e-01
7.969798578394010624e-01
8.359866920590079964e-01
1.265957041325377563e+00
1.252565942882710059e+00
1.291483487087569770e+00
8.650599701021036703e-01
8.650385142379789505e-01
9.474649514046969978e-01
9.621808884300143694e-01
-5.204393401471546187e-08
-3.573075882159099159e-07
-2.066909840801549950e-07
6.823608293793540502e-01
6.422517338577234947e-01
6.855358182213813212e-01
6.460024871904340715e-01
6.750162083935840052e-01
9.355078266971054157e-01
9.906606630937447866e-01
9.284501396466824374e-01
7.075047162790317756e-01
6.286328959175958575e-01
7.645800592681939456e-01
7.519360548717873849e-01
7.498235999827963516e-01
9.795608897660466052e-01
9.838081724438340059e-01
1.031277855119913323e+00
9.925283835728296866e-01
7.377608666857434772e-01
7.000185738982792616e-01
6.951485840000523053e-01
7.650639826333127669e-01
7.528135589521091076e-01
9.408858661362567988e-01
9.370962889849694388e-01
1.010669993627325791e+00
1.046256251848577179e+00
1.015622292783011860e+00
7.276889715425314265e-01
5.851119580712388357e-01
7.625685083342810255e-01
7.008083003235154873e-01
7.272113772425431444e-01
1.260923103160429770e+00
9.700857982686705849e-01
1.224012361351591638e+00
1.138704086131002491e+00
8.492164650673368342e-01
8.277940403627274124e-01
1.084446307544232990e+00
1.092355504552689371e+00
1.037083801050943589e-09
-5.728375220638172561e-10
6.331419000465191571e-01
5.140398498097545898e-01
6.405271678517534539e-01
5.193282441117511583e-01
5.145608496623250705e-01
6.756673305815804609e-01
6.177062315930028635e-01
9.254447973571310326e-01
8.063635398198666371e-01
7.766006845152666482e-01
6.289581999656697064e-01
4.956675262512961755e-01
4.889323172084136249e-01
6.870776341375129936e-01
6.582261152434537577e-01
7.923703444647808292e-01
7.429767944975345095e-01
9.458332772738569094e-01
8.624665572428471538e-01
5.684767572444289208e-01
4.964893680642219476e-01
7.392028451299881286e-01
7.164208308559176785e-01
7.407813577974091679e-01
8.640702192125020442e-01
8.922667623717187579e-01
9.869672470049386526e-01
8.728992950608248647e-01
4.921810163352536849e-01
2.650666281368738719e-01
6.521328630186303821e-01
5.866177868757199709e-01
6.203801460891084085e-01
5.290242277028541773e-01
5.275329511804667248e-01
9.230953439329782073e-01
8.124933979466295586e-01
8.288087110050254003e-01
8.104733421626488798e-01
1.071162550451529194e+00
1.481891162005453006e-09
5.064160303799563057e-01
3.663843388122671740e-01
4.952419080562505682e-01
6.507175869123249523e-01
3.400300016470863551e-01
5.699822815079336191e-01
5.452492754565304578e-01
7.100698659862799689e-01
2.811325725841792855e-01
6.021632403332599637e-01
4.013011546853743616e-01
5.671647370468568816e-01
7.385327764425383412e-01
6.638579588738244830e-01
1.483704698379346154e-01
9.011918001608562601e-02
5.829953622486817588e-01
3.858022667843610809e-01
2.563267188792222595e-01
1.582293610302810405e-01
2.099686581776585848e-01
7.887844395150515053e-01
5.786955281249085425e-01
8.159299117860179251e-01
8.272592380519724342e-01
4.476950168667671370e+00
3.306689549182212917e-01
2.028897957046173484e-01
6.680376987941292199e-01
6.325909540664993447e-01
3.131269258171587855e-01
1.707316657909119240e-01
7.050435889021439140e-01
6.298701762198344323e-01
2.786478487517095592e-01
1.142246122727438584e-01
5.031347747337826526e-01
2.268093197391444441e-03
5.014089450456740149e-01
4.633703311332364461e-01
8.359314814673910465e-01
7.390300664413802512e-01
1.605321074577551954e+01
6.420337902866916913e-02
5.892177367749752426e-01
5.489779521999752637e-02
5.911224465306413878e-01
5.597844021174354090e-01
3.263178992966898895e-02
4.949520571651914724e-01
3.543081194363681408e-01
-3.434125855846596829e-03
2.391536315044036354e-01
7.267770140962914738e-01
3.676888318399219036e-01
2.705325714906710388e+01
3.190757009380272569e-02
5.500851444151890757e-01
5.075848487429905909e-01
2.189873447452327093e-02
3.957731526192506677e-01
8.577319809982960827e-03
2.080337530005103297e-01
-2.779365912920577029e-03
1.669089110696911349e-01
1.901658434360808114e-01
3.147401528008932559e+01
6.416619293846786976e-02
5.503763195164738109e-01
5.894395562633109042e-01
5.487553824384965723e-02
5.598394647577816796e-01
3.262449392724653396e-02
3.543001790637935189e-01
-3.433777666265151827e-03
2.391404238689369965e-01
3.676968756930794058e-01
2.705322799815141366e+01
2.028129964098998317e-01
6.326643840398352703e-01
1.706869373217728136e-01
5.911833557007475370e-01
6.299298050503295832e-01
1.142086860604572818e-01
4.949384364948549164e-01
5.031332699668057407e-01
2.270464647163534383e-03
4.633555527674759755e-01
7.267894150236162698e-01
7.390416215245002585e-01
1.605318695705115317e+01
3.305726136182152164e-01
3.662853825875803659e-01
6.680681789227863598e-01
6.507371216558336391e-01
3.130592696265279695e-01
3.399660015461641871e-01
7.050974968406429344e-01
7.101211161748318679e-01
2.786235426209123789e-01
2.811065486576990180e-01
6.638610208048449923e-01
9.012701866569906850e-02
5.013932765547400860e-01
5.786885775233396867e-01
8.359393400519992134e-01
8.272668707307397895e-01
4.476942625236589812e+00
1.483194079154801017e-09
1.037826092033337412e-09
-5.727187599732608914e-10
5.063325642970689655e-01
5.139558033783876434e-01
4.952312785575443965e-01
5.145880564632060450e-01
6.176296370783967982e-01
7.766220367159412108e-01
4.888802916363464979e-01
5.700067713243746059e-01
6.582635897229639488e-01
5.452200404373551690e-01
7.429353092081185661e-01
8.625083539280793410e-01
4.964607637155488695e-01
6.021704781190282407e-01
7.407873404595448630e-01
4.013068188915957513e-01
5.671754384815623773e-01
8.922912684421179241e-01
7.385336441881228398e-01
8.729031329389618232e-01
1.483832793637291647e-01
2.650827705196441286e-01
5.829767852554258445e-01
6.203604839207307320e-01
3.857930311479431662e-01
2.563293255708043450e-01
1.582447960618653948e-01
2.099856899603079197e-01
5.275549361764190204e-01
7.887907961586658745e-01
8.125129335451949375e-01
8.159357667902915612e-01
8.104790392470483384e-01
1.071157553197291668e+00
-5.208247883562581189e-08
-2.068194758095823084e-07
6.330931097458836199e-01
6.422055546247282809e-01
6.405829871700280398e-01
6.750756282034287015e-01
5.193701721313275232e-01
6.756050185177102652e-01
9.254003972643116693e-01
9.354527781765532568e-01
8.064001792890062026e-01
9.284603244638965913e-01
6.289271207287218113e-01
6.286019595144464178e-01
4.956131825014061243e-01
6.871221335154202858e-01
7.498713622526707034e-01
7.923174185688218740e-01
9.837672269917507872e-01
9.458739604930511691e-01
9.925578199337952157e-01
5.684491771214591482e-01
6.951228291730220388e-01
7.392161358562105988e-01
7.528241958101826725e-01
7.164290736326814901e-01
8.640928127677293125e-01
9.371172996737694438e-01
9.869718299586225374e-01
1.015628298888944903e+00
4.922011105580849089e-01
5.851330700938129903e-01
6.521086849934081275e-01
7.271827262914288825e-01
5.865985135638071002e-01
5.290463153158553311e-01
9.231436572037605703e-01
9.701613708312913920e-01
1.138800986231517154e+00
8.288142455757216975e-01
8.277995279686291008e-01
1.092351138279267220e+00
-9.792867573715817252e-07
-3.575281130029101239e-07
-4.125043709588094498e-06
6.823581987951030658e-01
7.003682896857178486e-01
6.855984103305755584e-01
7.025642345441657222e-01
6.460595706701435237e-01
1.058689264872225921e+00
9.906464040210404276e-01
1.002097281206788537e+00
7.074981988427880841e-01
7.134416275687198716e-01
7.646349312340902094e-01
8.100766794031195595e-01
7.519844413074262546e-01
9.795226987364659132e-01
1.053937637954690976e+00
1.031290805775559871e+00
1.014839403476732071e+00
7.377430191447700292e-01
7.317782500423312131e-01
6.999943967647146437e-01
7.650796911898467556e-01
8.143166947707815018e-01
9.409061235437881088e-01
1.010691121863509512e+00
1.013209475641395185e+00
1.046264028037841243e+00
1.044800481741528175e+00
7.277000531602392241e-01
7.498207306075497236e-01
7.625356718798399491e-01
8.359498243061056488e-01
7.007795489528552135e-01
1.260965131310271214e+00
1.224039040302881798e+00
1.265992912115175617e+00
1.291489484772924357e+00
8.492222489648681982e-01
8.650442914200628941e-01
1.084441203786971952e+00
9.621777195278811146e-01
-1.203661104679546741e-06
-7.015830007426986691e-06
3.006132532757177915e-05
6.374402561966016068e-01
6.359947269466593722e-01
6.692920618374981201e-01
7.313471977726800910e-01
7.330932284858800996e-01
6.875470042039176777e-01
1.058262282973165824e+00
1.089856049892170775e+00
9.870892503571546683e-01
9.744434117944432705e-01
6.972305348887337662e-01
6.682863361557920268e-01
8.054571439974559377e-01
8.699521064504499579e-01
7.929715103341017368e-01
1.056998827749241254e+00
1.087692350004700659e+00
9.824724994485647400e-01
9.792103372390513760e-01
7.121799855728929707e-01
7.245472173504873270e-01
8.241939382417668991e-01
8.821959789194235846e-01
8.062874715566656914e-01
1.041507203574875140e+00
1.041380932243958002e+00
1.027123876921929524e+00
1.026516167621603914e+00
7.208543291467166547e-01
7.609613172904460265e-01
7.247132666694126035e-01
8.525885685929467384e-01
9.136368972898517571e-01
7.969461180256566246e-01
1.349045887634851670e+00
1.252584485023699790e+00
1.223547357915769851e+00
8.650650860876327730e-01
8.641403274694844372e-01
9.474626967621904150e-01
9.136732181577598144e-01
3.175262870914945614e-05
1.876565881233157478e-04
5.034372521126403597e-04
6.172284624326205282e-01
6.326152209743829413e-01
7.487812321181698261e-01
8.045876318731252086e-01
1.082183510098093882e+00
1.034496104090324220e+00
8.907747021947162169e-01
8.725467737482122121e-01
6.212226111763778924e-01
6.644116820714266458e-01
6.446043248883970289e-01
8.767125720044108839e-01
9.166919286296318914e-01
8.350946669762823182e-01
1.106111637121898417e+00
1.052427990537002866e+00
8.781616780464942540e-01
8.611546548356100450e-01
6.588935557038202440e-01
6.637079528536389272e-01
6.821242067633200845e-01
8.920541614860418855e-01
9.285945043959957790e-01
8.541350735921502402e-01
9.961909554835420844e-01
9.723501526074359580e-01
9.610336160453863963e-01
7.768551863689645565e-01
8.106237066157430116e-01
7.379071441181545010e-01
9.269642420037482733e-01
8.945421278987663039e-01
1.334480286834812013e+00
1.170678976042967889e+00
1.042605219953445905e+00
9.870039373860994836e-01
8.417688661369593373e-01
8.111407108917695341e-01
7.923908740529628236e-01
7.810181153181443570e-01
1.946007260325483587e-04
8.108248712255447521e-04
5.219416800632303887e-04
6.007834326443307615e-01
6.328584650644160092e-01
6.132914670362884513e-01
8.370693418986810963e-01
8.859617410795971315e-01
8.017560687321483304e-01
9.761968310728528220e-01
8.542406042633601260e-01
7.738584446570239139e-01
7.473774303217348702e-01
6.473096425437958601e-01
6.612629150308312331e-01
6.362746317387437678e-01
9.421639124247580543e-01
9.528005196456327264e-01
9.936005820987604542e-01
9.029411282276788020e-01
7.530330507820034436e-01
7.209097694401500611e-01
6.805228514805282680e-01
6.977943231839611737e-01
9.748543557610886978e-01
1.007130072354617267e+00
9.877321091312872836e-01
8.256178691479605369e-01
8.329812928235164060e-01
7.205893190932105563e-01
8.254900159060681863e-01
8.205862415834719314e-01
6.110171733619650380e-01
5.365887357285442638e-01
8.941660926654455555e-01
9.499752457192289778e-01
7.987764266681833814e-01
6.602910332346353384e-01
5.765469820683309932e-01
7.634133503740406779e-01
6.631305031482545020e-01
6.403707292419017483e-01
5.583817954870175584e-04
9.897281275362882196e-04
1.624998233611829644e-03
1.369890429151640089e-02
5.862245874437933546e-01
5.846642341381292907e-01
5.969628990121749190e-01
8.664471265822717427e-01
8.527355764942931016e-01
6.465626507920745336e-01
6.205000333414331104e-01
4.866169436840786511e-01
6.230323951962601914e-01
5.376694030414194136e-01
8.815485436765696514e-01
8.834131761745196432e-01
9.413451197165889628e-01
7.126829301131936134e-01
6.058628254511148059e-01
5.038466207563200294e-01
6.072407447019823046e-01
5.833022973383228393e-01
6.768981504274087513e-01
9.803079784088281068e-01
8.824044613450817698e-01
7.330982349095955808e-01
5.677025262246645498e-01
6.533827193708244829e-01
5.927615512123746155e-01
6.086307361853845466e-01
7.430334327847435416e-01
5.084886975887790150e-01
2.268552142082755629e-01
4.078053300637474177e-01
3.642803826463055783e-01
2.594139497640251535e-01
4.944911927609100810e-01
4.873202428685166065e-01
6.369055998484696168e-01
5.945117682750969967e-01
5.151405481371388317e-01
9.866175291450098896e-04
5.452048879452736641e-02
2.009365766143496046e-01
4.789046456254485440e-01
7.184620006232173006e-01
7.103623345472842576e-01
8.512304091501130543e-01
5.905177669427800202e-01
4.516383445597444979e-01
4.643227154377382315e-01
2.942019610899728743e-01
4.586788533128493550e-01
7.708268303074954364e-01
7.412297241654509650e-01
6.674082394184713829e-01
4.895096212015864756e-01
4.975577717151248858e-01
2.829708137547335967e-01
3.432969452449814995e-01
8.644947357058365700e-01
5.753644980693288780e-01
3.451277877866046340e-01
4.625317156565189047e-01
2.935796111424407995e-01
4.721769172203777454e-01
2.179897573150197110e-01
2.026944046406926603e-01
3.023629304218981018e-01
2.712348089851159827e-01
2.567479663231961307e-01
1.359401407520060279e-01
9.355800486511749170e-02
2.323620599675192688e-01
2.983308798621836511e-01
1.053760617233554788e-03
4.613913687326198776e-01
3.097582118871217705e-01
4.789206413594132017e-01
3.671625379660080624e-01
4.697574779185323401e-01
3.432608815096380717e-01
2.967699748450055020e-01
2.520543516426390629e-01
4.699705121343161207e-01
1.580051824906461566e-01
1.946920907215140273e-01
5.613890307869214349e-04
3.703590044730596942e-01
2.031052888040344173e-01
3.063744601379202459e-01
3.055211167587949528e-01
3.795983301099567497e-01
3.357695302054160558e-01
3.615478829855233722e-01
3.467457290619129218e-01
3.979232952897878706e-01
1.485063963169844514e-01
5.631048795867799051e-01
5.883850264606951264e-01
9.977666828472644966e-02
1.717187384452142362e-01
8.611827342456673806e-02
6.018577435982026737e-04
1.046244623913416688e-01
2.029844933750359071e-01
3.183659122373089789e-01
3.863847704013632089e-01
2.066464243400122913e-01
4.456839467160774726e-01
5.682841060720837945e-01
9.442053204808527334e-02
6.920227938511924748e-01
5.012867121054475489e-02
2.040205200814481853e-02
2.631738347062202981e-03
9.625431679207509250e-02
1.292754763918848304e-01
2.156589235872539978e-01
5.583862187071196859e-01
5.486711983921097602e-01
1.096002605461600804e-01
6.907469606564148323e-01
6.778552554856503987e-01
5.195706317454694412e-02
7.411587183042626092e-01
7.102437631180048561e-01
4.588710441155901404e-02
1.881716199202251990e-03
1.086573444240956574e-02
1.950167644128998901e-01
2.249093684859855002e-01
4.320371017717000717e-01
6.288961615548613882e-01
1.721096815857572349e-01
7.047568474394626525e-01
4.376949668949071254e-02
6.779064581740389395e-01
1.801548202359232465e-01
8.020518469399251157e-04
1.141493674652872478e-02
2.554886727294453444e-02
2.160978481630360104e-01
2.333696088376956690e-01
6.952686359376365477e-01
7.274637414082479880e-01
4.918171398543111916e-01
7.528410556193477765e-01
7.263796548567713618e-01
1.860028675617260152e-01
3.917538001619210730e-01
8.046826481055342484e-01
7.857575940256671387e-01
9.889103669865600965e-02
1.224198697187234008e-01
8.555743927568333351e-01
3.506473954321699393e-01
4.159335085482550598e-01
2.075903696288803994e-03
3.869420202547998316e-02
5.238715124767436698e-02
3.123832913104749309e-01
7.209654509655959442e-01
7.262810260840281140e-01
5.898223842408727435e-01
6.402712341282095210e-01
6.861291494951013981e-01
6.450957890459655397e-01
6.749154290927065203e-01
4.288311599550169162e-01
6.253944986155507424e-01
3.596358365690506820e-01
3.802437262381057614e-01
3.926511562643086317e-01
5.757829480810928713e-01
3.114621478908499719e-01
3.893304868247269290e-01
8.971068706734635079e-01
8.597598473627541260e-01
6.420674455391136570e-01
6.585726723989425713e-01
1.124627068667011009e+00
1.430191459170575330e+00
3.389433898242210641e-01
1.942841262887512162e-03
1.708298230795917971e-01
4.034076305784426997e-01
6.864893230625129794e-02
3.319235113055954423e-01
3.288791577992330462e-01
7.226670259848956279e-01
7.201254467456743580e-01
5.813570472842328751e-01
6.171705798753792660e-01
1.048858015043144354e+00
6.791079049824586544e-01
6.836431816778480997e-01
5.520414353145884911e-01
6.042690455614827538e-01
2.588083299704789231e-01
3.769219585688519669e-01
1.243804693669008365e-01
3.103121219987329260e-01
5.380722409845208887e-01
7.564666912439829138e-01
5.741529869412971276e-01
6.340882973621601026e-01
6.962068429544722159e-01
7.178745685486552786e-01
5.032540000864575980e-01
5.514819083983448778e-01
7.074297489919633142e-01
1.016704863806650483e+00
8.924954294212724681e-01
7.520273461575301965e-01
7.760428335649487419e-01
1.545909988436362958e+00
1.270421505364891290e+00
3.084744444987365108e-01
3.809746564013552148e-03
-1.183905741492268654e-02
9.456739659610579512e-04
5.103544415020514480e-01
7.472363974117144370e-01
3.268850197053831397e-01
5.766897946732829627e-01
5.772724068419866628e-01
4.763336842859266507e-01
4.305096908054057425e-01
6.038388122012454673e-01
1.184459830330255592e+00
1.035792734360604817e+00
6.952044824972278825e-01
6.951576268204299192e-01
5.930847601592995622e-01
5.887187923181820270e-01
4.981743109305881156e-01
6.014785773952819881e-01
3.597576209490774835e-01
3.763165073182382359e-01
9.974870324648725806e-01
1.205295946251630168e+00
1.235749071327907123e+00
1.303758685389309058e+00
6.155378777779444421e-01
6.541045235058579044e-01
5.255886685294542948e-01
6.168202445937339684e-01
7.773945050369118759e-01
8.304593394603509982e-01
7.006781786230608100e-01
1.429278342644251243e+00
9.239960840804092301e-01
6.945443251271291585e-01
6.878095226588324396e-01
7.403667269462744782e-01
1.277336887947211119e+00
1.375129688833667263e+00
1.185865318313181316e+00
6.813993825498191464e-04
8.609085960903368855e-04
2.295208794328922432e-04
2.779091263287852831e-01
8.766064714697123159e-03
3.287202968923321200e-01
4.063186220354262912e-01
4.380575131770631514e-01
4.541843551514341271e-01
5.270091103893929096e-01
3.484356755014990648e-01
5.967579407818386361e-01
5.971879717126562515e-01
5.106423083280516861e-01
5.502297617137557051e-01
6.759433935191716536e-01
7.371910730863151517e-01
5.453664855586523030e-01
6.016431284310018723e-01
1.306752731107301724e+00
1.283721558179239608e+00
6.538089453321884736e-01
6.530562351394688658e-01
5.669996197353760481e-01
6.010124105728400501e-01
7.649439493223801900e-01
8.674646229096167893e-01
7.750203908862006719e-01
1.360843191783800421e+00
6.670771762034221064e-01
6.251472740680281692e-01
6.010176423989994632e-01
6.205347033318273642e-01
1.367134173342046344e+00
1.349526005840275378e+00
1.904734520044541334e-04
1.357971842467112591e-04
1.917887569939847429e-05
2.040412776503754827e-02
5.173267578880950956e-02
7.970290843221441435e-01
8.476350504523160190e-01
6.129056879158770732e-01
4.498235547078935914e-01
3.845907248488901753e-01
3.574601915891135184e-01
3.619340212872479423e-01
5.433484117109633749e-01
4.641109486212959268e-01
4.704104862587511482e-01
5.810625091133686526e-01
3.217605709893708310e-01
2.257437466379828561e-01
2.881536637954724145e-01
3.521023246126773198e-01
4.948617889671023673e-01
6.837596669164548446e-01
7.389429061798137299e-01
5.739485888633384381e-01
6.781334232902468395e-01
1.143011235532557457e+00
7.192498127591814283e-01
6.800016589267121603e-01
5.244171129584441760e-01
5.221778603879865255e-01
5.462724952309093718e-01
7.391760486772891436e-01
7.541273563055174156e-01
6.944534736745784365e-01
8.487050036769445693e-01
1.129691875327978101e+00
5.996492121679734000e-01
1.848420487094655507e-01
5.518595586590732127e-01
5.514418248635186703e-01
4.730846955688269295e-01
5.151636436008265596e-01
1.289468705022709383e+00
1.360190570769953533e+00
1.325888676838239633e+00
-1.466598795033247015e-05
-1.597751832873283503e-06
3.324526453380761137e-01
6.478147270051509699e-01
6.703502227482264209e-01
4.592080433272034967e-01
3.214630346478174472e-01
2.941974631225517389e-01
3.185382595032323350e-01
3.567341101181337182e-01
3.362827761882315469e-01
3.731558054607264641e-01
4.647815105986896622e-01
4.076325918739090448e-01
2.999047249152290151e-01
2.995803518399057785e-01
6.841544733467607164e-01
7.047316033092732024e-01
5.344010659163923593e-01
5.641185059082586273e-01
7.906461691801868197e-01
8.362187648648464755e-01
7.296046159925293484e-01
7.236870733814274592e-01
6.328085228213657931e-01
6.810130564053359370e-01
9.595634615800974210e-01
7.480441807370106222e-01
1.872682376554516692e-01
6.217137233574827893e-02
1.100760942534069753e-01
2.227681364784677709e-01
4.209679449777533056e-01
7.196651467710087902e-01
7.537242712903946540e-01
6.822648205737492644e-01
1.049218845954945190e+00
8.675033382805062976e-01
1.554424866392252469e-01
4.017884007519439277e-02
9.456006758911718324e-02
1.803119706651500620e-01
2.504499368712739260e-01
3.199695600959200914e-01
4.570751015899849889e-01
1.290400094663515018e+00
1.290615394443354491e+00
1.284965624097021752e+00
-7.374717503998320184e-06
-1.016958268682185710e-06
-4.910902219482125612e-07
3.344922546007148001e-01
7.961122247483535252e-01
6.903027466473333762e-01
8.070384696541100800e-01
6.255898058117409510e-01
3.182718913584621223e-01
6.305580308203818651e-01
5.945352745529566274e-01
5.823182368146861965e-01
6.379984060915081523e-01
8.941221313237220913e-01
5.046296524158392360e-01
3.369134049598405678e-01
5.004974635279282325e-01
6.457113116693887767e-01
3.356315492890300511e-01
7.840925897314343640e-01
1.280042881174055180e+00
1.307120084198228005e+00
1.652563983532680232e-08
1.653584038263560493e-08
1.356190733038489915e+00
1.712022371449571700e+00
8.184043665390294819e-01
9.142261364455993577e-01
8.043901878851743570e-01
6.745358969266578297e-01
3.639793592352254525e-01
2.677110561495500973e-01
1.011625128555778685e+00
1.597765682211087501e-01
1.581242216149151558e-01
5.120476142653056506e-01
2.316479848817964149e-01
1.653677848894421210e-01
1.027725740117317432e+00
1.287083465565487028e+00
1.283097618412019081e+00
1.678602654137598360e-08
1.497046119057537927e+00
8.849820717924686830e-01
9.472062113239847481e-01
8.923481737465842611e-01
1.256996113976879492e+00
1.151378826033123692e+00
1.119994991926360983e+00
1.308544165839303774e-01
1.049728006353088494e+00
8.244601143103693630e-01
1.660157116394659904e-01
6.522480174223488358e-01
2.132821180732022981e-01
1.014924385588048317e+00
9.258773143875395073e-01
1.218931464270017750e+00
1.237529251104962702e+00
1.287379974415930661e+00
1.196346352255800216e+00
8.466045743549585056e-01
4.678163518417501887e-01
1.224489039745503050e+00
1.173680851127438807e+00
1.265478708396827079e+00
1.173871095311253221e+00
1.060198325944380349e+00
1.082227533352743798e+00
1.508796052748189453e-01
8.078037796879187216e-01
1.742430268760460366e-01
1.687219895703272188e-01
6.543829260725054775e-01
4.805589835857045911e-01
3.487763737811832576e-01
7.737735255115796296e-01
1.219316141280225141e+00
1.174709039480200889e+00
1.047168755081288483e+00
2.821526215604174270e-01
4.699986567366307155e-01
1.280438525321389909e+00
1.274943188113383030e+00
1.327228168605921077e+00
1.232141451076804506e+00
1.164471601828291014e+00
1.090000453051338525e+00
1.020162380220618559e+00
1.092905149989477964e+00
3.017799900020901038e-01
3.709788374844334990e-01
1.274198639949115419e+00
1.255961523597456164e+00
1.320141968869670945e+00
1.278006091619960261e+00
1.171708811721822618e+00
8.203600204500265392e-01
1.469931414558623417e-01
5.258861746331995324e-01
3.458465623371232422e-01
2.933349279189272907e-01
9.542968741243428310e-01
1.011623605755138655e+00
1.002081167717931098e+00
9.511076677330753126e-01
1.061288159509619744e+00
8.698199025650220628e-01
1.026147612937425624e+00
1.149011216371349731e+00
8.518349181334483600e-01
1.266994033957730581e+00
1.150002302731804260e+00
1.113457389819879850e+00
1.170773206337415218e+00
1.187670920645989003e+00
1.160614783601005673e+00
1.133658671913730043e+00
1.092403335035445622e+00
1.049884316369088300e+00
1.013562086724616673e+00
1.137322524518740829e+00
1.436202752559197771e-01
1.244359658397325097e+00
1.215268847876879166e+00
6.528721467363286513e-01
3.226244567593042345e-01
1.637173540098147306e+00
1.777340819466617372e+00
1.006493653018373458e+00
3.904022880292716269e-01
1.173917721807200776e+00
2.287290918339952017e-01
2.853151523261689970e-01
1.169954073297064800e+00
1.164916430939384906e+00
1.234083496267923019e+00
1.192920190607925202e+00
1.109164359834302838e+00
9.072953738815831004e-01
1.044421568194925820e+00
4.156077344872588508e-01
4.084443114233770045e-01
1.489864710859677865e+00
1.547079983384042290e+00
1.364811169552528680e+00
1.548465121401118028e+00
1.123593601576644563e-01
6.228313940125939502e-02
6.873011755579939708e-01
1.143010812910145280e+00
1.106614487099412791e+00
1.063726738460049948e+00
1.091923124674821777e+00
1.075118935878776938e+00
1.040572903632862367e+00
9.959563491767912113e-01
9.609601610277245243e-01
1.050559434213704568e+00
3.136716422007917449e-01
1.441830374062526010e+00
1.595089124358946009e+00
1.487672900424026778e+00
1.565041112147785407e+00
-2.186644261191601941e-03
2.628239958043292724e-10
1.106413541362455891e-10
8.460015810790890141e-11
3.233521037182159885e-01
1.426371521059194958e+00
1.445787855510680453e+00
1.449836928741481845e+00
1.477442900931294822e+00
1.556946453348174275e+00
1.586425378678485432e+00
-1.196842806297155823e-03
-2.944161840521346794e-04
9.374281420612588645e-11
6.869834506256384474e-11
1.508226630702424732e-11
1.951387070624819309e+00
1.622742397434126405e+00
4.755066892237505005e-01
1.156853837609751690e+00
1.486092269360487883e+00
1.426327209530175111e+00
1.393619428683666284e+00
1.223984274631744113e-04
1.165405690310758452e-04
7.022416476828690776e-11
8.338903519547269301e-11
7.310059478958265778e-12
2.346999432739100389e+00
-6.361454067232309294e-06
7.249944666445439687e-11
1.153264831874985510e-10
4.028291734360147792e-12
2.377861444899287846e-12
2.824656761094248125e+00
2.663498994276942700e-01
2.960105856166374005e-01
1.793046172027623064e-01
9.660161235532720159e-02
4.262406092411775982e-02
1.366863124577645354e-02
2.110496385689560050e-03
-7.555020732168586737e-05
4.861009486132820533e-04
5.883412617265600586e-04
2.285707726620463392e-04
2.594430843988341359e-05
9.424832480578078638e-07
4.205839236328566682e-06
1.854953782180886215e-05
4.886466460196955354e-11
1.375079595366875444e-11
5.375398635492944307e-12
3.421259506642464476e+00
9.497549511912373177e-01
1.038658308273609610e+00
7.504581167321495716e-01
6.144625979652943437e-01
5.364062182267065326e-01
4.726722387179558282e-01
4.136907028821513732e-01
3.619149441861525540e-01
3.203223730121928514e-01
2.913951837861837868e-01
2.800577327910485637e-01
2.884068697896803313e-01
3.075549389457592486e-01
4.476848192000547576e-06
4.224322905364350511e+00
8.375676319118176005e-01
9.684012843552732841e-01
6.756407689941118511e-01
8.327004370171512404e-01
1.047636747506534904e+00
5.488423201485085556e+00
9.010311730897123672e-01
1.007518327333408292e+00
6.888508431432599499e-01
7.994473446267279515e-01
9.977014291875867524e-01
8.462736180730138003e+00
1.307249027147068920e+00
1.334857641868053335e+00
1.246550087128264872e+00
1.191090720594900620e+00
1.153529034141321574e+00
1.126095646288231444e+00
1.107573741663653522e+00
1.098413419547716430e+00
1.100645488463927624e+00
1.123790031116036259e+00
1.174265905616765027e+00
1.239746902801134532e+00
1.257322956509799861e+00
1.240686939568032665e+00
1.703149586739482801e+00
1.589542306390347992e+00
1.755252381055494748e+00
1.666837642409024545e+00
1.584511069062378263e+00
1.225636977815809603e+00
1.326186846993031354e+00
9.443067775648441575e-01
8.066858210368023085e-01
9.574053711420885682e-01
1.082422382351479806e+00
1.089218147998336583e+01
1.683242699736905124e+01
7.390068167381468101e+00
5.898684017411522262e+00
5.388315459324370060e+00
5.070126445450183539e+00
4.821027023557415525e+00
4.601868014166514698e+00
4.396443885310884703e+00
4.197786621919087580e+00
4.003931314450859702e+00
3.815710268803057748e+00
3.635281090003295468e+00
3.465111888003217899e+00
3.307358971894252875e+00
3.163581916974368635e+00
3.034710521818388518e+00
2.921157603795101920e+00
2.822974225401598147e+00
2.739969751879872017e+00
2.671760027576437047e+00
2.617749098639592376e+00
2.577079162464322781e+00
2.548591802733145339e+00
2.530832187213491125e+00
2.522104648260574677e+00
2.520562900679080620e+00
2.524299780275134797e+00
2.531396028959796762e+00
2.539898510457674785e+00
2.547724598756051506e+00
2.552525965755981119e+00
2.551581628958498715e+00
2.541812974095171374e+00
2.520006212153593772e+00
2.483276619322599021e+00
2.429713947670264940e+00
2.359037178135904078e+00
2.273016358221740418e+00
2.175450384472124465e+00
2.071638121492012541e+00
1.967484956141565267e+00
1.868535001613288449e+00
1.779225118586679866e+00
1.702527777487710337e+00
1.639975830046386251e+00
1.591942490568378776e+00
1.558023729729790086e+00
1.537410308485014587e+00
1.529189295015408234e+00
1.532545038085505462e+00
1.546836531714455232e+00
1.571534274744629256e+00
1.606026478272375657e+00
1.649352760464597223e+00
1.699969841601528309e+00
1.755664306775221561e+00
1.813681005236606802e+00
1.871041806141156227e+00
1.924929290150900529e+00
1.972955142955319374e+00
2.013154897847564406e+00
2.043641221905047267e+00
2.061966820215943574e+00
2.064346438714930621e+00
2.044921271084705339e+00
1.995161615458142634e+00
1.903278304660039666e+00
1.753021872912212675e+00
1.528728032765511724e+00
1.251828566788545372e+00
1.020079577446280972e+00
9.641163128474733446e-01
1.088031168743158306e+00
1.246252936578904125e+00
1.321106253710349954e+00
1.361679422377171322e+00
1.356297589184000785e+00
1.357177089577823681e+00
1.343706831751422692e+00
1.187070045206057634e+00
1.079096566691176484e+00
1.070121333938598207e+00
1.233942468612355015e+00
1.501962040824136313e+00
1.483851246163874649e+00
