1.705083617888692160e+01
1.086189930699223005e+01
8.433646995167524807e+00
7.156325586894365820e+00
5.543197420949474541e+00
4.960080305398295586e+00
4.597846976325023149e+00
4.327768137962227257e+00
4.107918190746613796e+00
3.919407453342335756e+00
3.751754802583131543e+00
3.598631433905416177e+00
3.456084580275847529e+00
3.321648311558694555e+00
3.193836207625213586e+00
3.071821881556844769e+00
2.955222182550649723e+00
2.843942733082523766e+00
2.738065660891721542e+00
2.637768496967456855e+00
2.543266975676885977e+00
2.454775732971701707e+00
2.372481283523250717e+00
2.296522075389087814e+00
2.226971276584041703e+00
2.163819322249357135e+00
2.106955054381689951e+00
2.056146344072086851e+00
2.011023142191993518e+00
1.971067571382163708e+00
1.935616417884954421e+00
1.903880645911411484e+00
1.874984049510999951e+00
1.848019218354082449e+00
1.822114747149129022e+00
1.796504607987758018e+00
1.770589982231783654e+00
1.743985620052143748e+00
1.716545830514232929e+00
1.688368120849476961e+00
1.659774694967764308e+00
1.631273871886195437e+00
1.603505594182151217e+00
1.577177481081833532e+00
1.552999445920294708e+00
1.531624749210575676e+00
1.513603203651930018e+00
1.499348736103603530e+00
1.489119873160012597e+00
1.483009194871790948e+00
1.480937214673245794e+00
1.482647622850726377e+00
1.487703670442574788e+00
1.495488189285498093e+00
1.505210580587119651e+00
1.515922025801634598e+00
1.526536019766515651e+00
1.535848243412847092e+00
1.542552059909169770e+00
1.545255967100305661e+00
1.542524178693092995e+00
1.532971212977852771e+00
1.515432722404691734e+00
1.489200927950763420e+00
1.454264160972862596e+00
1.411455112151019042e+00
1.362422877039389801e+00
1.309407021388702796e+00
1.254876525678968013e+00
1.201151523413725331e+00
1.150119186728393306e+00
1.103098194262072562e+00
1.060840191711806879e+00
9.046774083472470807e-01
8.920575470887042169e-01
8.830328060999376172e-01
8.774069823074258645e-01
8.817994418185307604e-01
8.914415335489871417e-01
9.062262191537073797e-01
9.254909394208081785e-01
9.478974448907662165e-01
9.713678330837244301e-01
9.930735597839344120e-01
1.009455233007848562e+00
1.016234568096365365e+00
1.008371890097243151e+00
9.799078038691205750e-01
9.235961410154823747e-01
8.301660437455243846e-01
6.920451160711381666e-01
5.262172038868391244e-01
4.111672337744212147e-01
4.346650411209280196e-01
4.437013234788961813e-01
4.480450241210240936e-01
4.280473614352607314e-01
4.271430708115883657e-01
5.428416867675490920e+00
4.049931509716024891e-01
4.368030794269724959e-01
4.464985575213727964e-01
4.363581837681456133e-01
4.193833442293453118e+00
4.254408644337123735e-01
4.036725652960775901e-01
4.401361812303128951e-01
4.496832590295688492e-01
4.334774660037802319e-01
4.326236027034514042e-01
3.436685122591834229e+00
4.108098791734515198e-01
4.368844901774667777e-01
4.484548667704249536e-01
4.479675357405397684e-01
4.468750573737339526e-01
2.890376693686835363e+00
4.218169454492524673e-01
4.102636375536253821e-01
4.389922566101381318e-01
4.420607245498764937e-01
4.462482606690852949e-01
4.440721412460721940e-01
2.462774813156661580e+00
4.164305430974712396e-01
4.050943202574556201e-01
4.357360067573343709e-01
4.344576141358262866e-01
4.386725289634235136e-01
2.112335003847143344e+00
4.075816825234409024e-01
4.155679092645818695e-01
4.208443644408029760e-01
4.147663204544533300e-01
1.817338020587508929e+00
4.047404325258263658e-01
4.181868464402581642e-01
4.015911548109545315e-01
4.082880933529308698e-01
4.140324215401189334e-01
3.095375389674217548e-01
1.935869631763776910e-01
5.272941819196038660e-01
5.598508980462909568e-01
5.259696219947793683e-01
5.222688396471552030e-01
4.092846716472255952e-01
3.939169582614072129e-01
4.182328034178047216e-01
1.167830410293545285e+00
1.350310618864961842e+00
1.814790274452056096e-01
4.926766522580273699e-01
4.862947078186360961e-01
5.088996857374259442e-01
5.355610299357642656e-01
5.773393718480258618e-01
5.499660818092756420e-01
4.151331767874235634e-01
4.201451944128433702e-01
4.225290898159749786e-01
1.016932813846076922e+00
4.349505954261567719e-01
9.645548364805396624e-02
5.167245604917742874e-01
4.577644701163290364e-01
4.737765874987906467e-01
4.781772830130457397e-01
4.782858163569654320e-01
4.821236337275844885e-01
4.894171718978556629e-01
4.997156701759188913e-01
5.110710059384532267e-01
5.298025869310072355e-01
5.515426641545282394e-01
5.449792572347712527e-01
5.233192493907163900e-01
1.821207491336312989e-01
2.071154218574677575e-01
5.277206440382093966e-01
4.953620733581720059e-01
5.203735750520479542e-01
5.526528527768980181e-01
5.704964121851636705e-01
5.638879006475239208e-01
4.110453699628621171e-01
4.332973299320038718e-01
8.939260001482212115e-01
1.912295418106113587e-01
4.870761926763971794e-01
4.769137789808328143e-01
4.884852269499643795e-01
4.944857856386026818e-01
4.949529058835007711e-01
5.088752783990518891e-01
5.426414912344801333e-01
5.242559583910343379e-01
3.359153883680304209e-01
5.061383350899817390e-01
5.194100561499953583e-01
5.507838166422588388e-01
5.746660191140583462e-01
5.714072342708267360e-01
4.216942569117232420e-01
4.236303468465635880e-01
4.304092928950949970e-01
8.379270494707391492e-01
5.604460909992996509e-01
4.918800503930695900e-01
6.122207980203117073e-01
3.880495434721701886e-01
3.875287673483640560e-01
5.814833229224783961e-01
6.197220064876114431e-01
6.162959511874565033e-01
3.654951590308493925e-01
4.207124548773299999e-01
5.093644067351790206e-01
4.747856072992623355e-01
4.795421888952398071e-01
5.202657862404094224e-01
5.616362886617717320e-01
3.630174964269125004e-01
4.681909624489576927e-01
4.704928407735972096e-01
5.127159332008107695e-01
5.237750912623697630e-01
5.987423716886761671e-01
6.484361874721755736e-01
4.325979518491364084e-01
4.320149520626894168e-01
4.275215982785025570e-01
6.716836323731456559e-01
4.884683161441000232e-01
4.928223340238800931e-01
5.348980466444487325e-01
4.878229615129094365e-01
4.585334012145568794e-01
3.873880109249980830e-01
5.242347382830100377e-01
5.554330313799308305e-01
5.011807866209398998e-01
4.689511429220321048e-01
4.362163019196056424e-01
4.621197702906666427e-01
4.902294615090183050e-01
4.989014739411425370e-01
4.974619415533185207e-01
5.050534199152272308e-01
5.173608025868243754e-01
5.455316938284574535e-01
5.732991143451694471e-01
6.047657797932269874e-01
5.628207836251484242e-01
4.450490507559344278e-01
4.218607050352097820e-01
4.464982595950543476e-01
5.631951205216436662e-01
4.870363782138866227e-01
4.528331346489332110e-01
4.612147575626311946e-01
4.689127792492974733e-01
6.168898759015243316e-01
5.031806648441439211e-01
4.293557679177764652e-01
4.516100623039835948e-01
4.273725378987535684e-01
4.251093733611087111e-01
4.879915756468164445e-01
4.894702216144100615e-01
4.291273821159379831e-01
4.259675728129531103e-01
4.849610585435578103e-01
5.210062063378004815e-01
5.496416495795081181e-01
5.394722908109682580e-01
4.762903267217591941e-01
4.070952936320272331e-01
4.265451000528198700e-01
4.203742141064482074e-01
5.396162409958278339e-01
4.778045684738183030e-01
4.980779096768394587e-01
5.123627598522778603e-01
5.356658024324623124e-01
5.675038231212814477e-01
5.238740927731420083e-01
4.160505990106517227e-01
4.261734083254060668e-01
4.338196305936318220e-01
4.313510358063579186e-01
5.203622971199103331e-01
4.686117209442727249e-01
4.454265184240399633e-01
4.888283255746991296e-01
4.996975709981714142e-01
4.665082998524014979e-01
4.668127022135990511e-01
4.491891843164576570e-01
5.848325540871806005e-01
4.783933066128704392e-01
4.934844148052957014e-01
4.540291878133632109e-01
5.887513194480061829e-01
5.799442187884245037e-01
4.344482192371324492e-01
4.346748328174995790e-01
4.510905313244891190e-01
4.109783187547846328e-01
4.128759355794217600e-01
4.681879316827693982e-01
4.667820118593028478e-01
5.019665246627819100e-01
5.064506380371963656e-01
5.185335134724458062e-01
5.546612744248896609e-01
5.295140571811289831e-01
3.978733434166797367e-01
4.391945054877940402e-01
4.257954397829559201e-01
4.421970442725236539e-01
5.458706226331256905e-01
4.942510121059245920e-01
5.694917151710862102e-01
4.344632135092685865e-01
4.420273111277663869e-01
4.486575391157673343e-01
5.368910650575664523e-01
5.333718075063180741e-01
4.367270417545635053e-01
4.343715501834600756e-01
4.503901997900462972e-01
4.475891247154343278e-01
4.553433915420859179e-01
4.661563827436419616e-01
4.646320667526729897e-01
4.663025860294015557e-01
5.170048951641658119e-01
4.309608551121010267e-01
4.196523110746125385e-01
5.300972924492628469e-01
5.432391382421993820e-01
5.600503156918951175e-01
4.427647777800458040e-01
4.449095873287538527e-01
4.427161686489098358e-01
4.112867700693747519e-01
4.125245329713941311e-01
4.197381090320572716e-01
4.662474256037811848e-01
4.666820674294749893e-01
4.668787163289550568e-01
4.677698303312349259e-01
4.865976987376395280e-01
5.135152640650161304e-01
5.516509328325046591e-01
5.390813547397621530e-01
4.151645588922484587e-01
4.054097404517189029e-01
4.397633110879481388e-01
4.241403095266769174e-01
4.218664529478968750e-01
4.620258361853613605e-01
4.150354193850941953e-01
4.204579727084041263e-01
4.811686824875425206e-01
5.152301219310194691e-01
5.181712543450230912e-01
4.390987911796998544e-01
4.499622037503072103e-01
4.501072754604091841e-01
4.501165984658720975e-01
5.062527980001593209e-01
4.354366856185599155e-01
4.523472666985308699e-01
4.526051750976665122e-01
4.559221242547598085e-01
4.603506333727175326e-01
4.624705594170504530e-01
4.613201142885936523e-01
4.616427581910016453e-01
5.454673699685462784e-01
5.289109238953023651e-01
4.124034176152994724e-01
4.084861003136276425e-01
5.398043243772284727e-01
5.353429297215840377e-01
4.444026258172881771e-01
4.474629923543616550e-01
3.968952824881172292e-01
3.832108409196680054e-01
4.616106208912125752e-01
4.619247425581360922e-01
4.682582764864038349e-01
4.863638252738718970e-01
5.422167592058497743e-01
5.480018364198417924e-01
5.578123797015180907e-01
4.006990153788114739e-01
4.326254752100073819e-01
4.194866855332768929e-01
4.164539856083137592e-01
4.868940271435847622e-01
4.417302942701604174e-01
5.134055932163802405e-01
4.850114083776522200e-01
5.033242080429447540e-01
5.033061115260544227e-01
4.490331767267421448e-01
4.562034901026977285e-01
4.698318163836985306e-01
5.260473918626024092e-01
4.211685466490645569e-01
4.305253621106504558e-01
4.618749840113577920e-01
4.595364651576496207e-01
4.745968120203071794e-01
4.598157899322126707e-01
4.599087166586662834e-01
4.512477598308912707e-01
5.344385389452170898e-01
3.852131085720610915e-01
5.377584451918080433e-01
5.355769328270746366e-01
5.340349825990716726e-01
4.462360722495074539e-01
4.411840657626530660e-01
4.525556022364533026e-01
3.773871219303387980e-01
3.847692521861327264e-01
4.585112582986655694e-01
4.624358860500281665e-01
5.102039966950170369e-01
5.346775336159396153e-01
5.425125885307352513e-01
5.474102734746327803e-01
4.040279782502776973e-01
4.177863166783087889e-01
4.070024561673478702e-01
4.799461140292119454e-01
4.832948037275097697e-01
4.151931180928177811e-01
4.852149344205723969e-01
4.862225245613636671e-01
4.928151359028825618e-01
5.080691089934574745e-01
4.576121616940341807e-01
4.611009617980424968e-01
4.657644488891544143e-01
4.747149517708560973e-01
5.323934428143697328e-01
5.150937066203566950e-01
4.399690273130580920e-01
4.637285817777589969e-01
4.621613223725402619e-01
4.756031486149144283e-01
4.567128218894955793e-01
4.554470220296130689e-01
4.656433191608159161e-01
5.213566984763787771e-01
5.240245257362892151e-01
4.038662858625288732e-01
4.021026461887909353e-01
5.243174841173314782e-01
5.237130037433268548e-01
5.523047884563480059e-01
4.459890689010713727e-01
4.598553022238259791e-01
3.860261112150780161e-01
3.985210771921616213e-01
4.090644791962357307e-01
4.581409004236976501e-01
4.540560533476108995e-01
5.146974858295615407e-01
5.414275382151767513e-01
5.390552480911726674e-01
3.922489496623848271e-01
3.885119141723803460e-01
5.090895058153891428e-01
4.174214594496054587e-01
3.933028709070690576e-01
4.819417665361988012e-01
4.926016870894726063e-01
4.948062643015644357e-01
4.693458701354167317e-01
4.711449815982466371e-01
4.844767455461346239e-01
5.223484817232881827e-01
4.302951619129654071e-01
4.322622622126278680e-01
4.653561688397559459e-01
4.650446577686823679e-01
4.742498317600288282e-01
4.505125393218883945e-01
4.543850896913992909e-01
4.806844069464034641e-01
5.137136860186236609e-01
3.959287225772948338e-01
5.226106239652581475e-01
5.210257311552168868e-01
5.285458721779150437e-01
4.479201794517786994e-01
4.469756155202898040e-01
4.469381237426779396e-01
4.062788895679886880e-01
4.012283158207143874e-01
4.502094994475439038e-01
4.493623679398890958e-01
4.313983483262409102e-01
5.329305375266197853e-01
5.227555807115924491e-01
5.598134792302591478e-01
5.728144722877246409e-01
3.857273460212276572e-01
3.701593825066671339e-01
3.971699793167318138e-01
3.930103583947052170e-01
4.237551928974012116e-01
4.889094827332285398e-01
4.840003731596707048e-01
4.858741398175258075e-01
5.068514065761493548e-01
4.708586451262724570e-01
5.142800933606902491e-01
5.274370091382707404e-01
4.890120234420039513e-01
4.451128469455104542e-01
4.671051839634461356e-01
4.676493710090647293e-01
4.705146430117827516e-01
4.539010771351144058e-01
4.443767547968104914e-01
4.963091984264991208e-01
5.396594512891507156e-01
5.116544850016857549e-01
4.149496550338606093e-01
3.938649590916038501e-01
5.277434753694730807e-01
5.264588665906495546e-01
4.455078430552734114e-01
4.442497551437820102e-01
3.902840755352860458e-01
3.793696846775982956e-01
4.422287096474935564e-01
4.629800086848103735e-01
5.279577121183172128e-01
5.430767436276447979e-01
5.616927610362186796e-01
5.655770529070057728e-01
3.725893452976667963e-01
4.246673921901858439e-01
4.781080808930817105e-01
4.806828947112968820e-01
4.947429254876484772e-01
4.766673392645069396e-01
4.498604618074930062e-01
4.321125696743744471e-01
4.711095610833408998e-01
4.599699921048537310e-01
4.534629645771006135e-01
4.037205182321092489e-01
5.235667300931531321e-01
5.055865911981562988e-01
5.273209447915985226e-01
4.494052527210801173e-01
3.682635428324051996e-01
3.544956785098107854e-01
4.680260392507886169e-01
4.696688536167249461e-01
5.297465819406365073e-01
5.806130679662190319e-01
6.109129109830889748e-01
4.376174968505642249e-01
3.977961193127062534e-01
4.748686679676882294e-01
4.809445644684502974e-01
4.871689594269106305e-01
4.483299547710957178e-01
4.674001833379494708e-01
4.893013193755841317e-01
4.359441856239764657e-01
4.170383447610336303e-01
4.020499722536907683e-01
5.262517435529147081e-01
5.163265733799283774e-01
4.494679630071973797e-01
4.507660225170105339e-01
3.625074096689260283e-01
3.642769456765286296e-01
3.677774429875974582e-01
4.564602468544508573e-01
4.717412047369833883e-01
5.616263483136950674e-01
4.739874182351656584e-01
4.746465055938026700e-01
4.505058335461910035e-01
4.565452806747657410e-01
4.301405496078225532e-01
4.708652537874271626e-01
4.379949389611581534e-01
3.996690345885183238e-01
3.865812494323576098e-01
5.282801571712854027e-01
5.055749057696512505e-01
5.080891389482824483e-01
4.524047336354002913e-01
4.540774186013463165e-01
3.894616492094911120e-01
3.972234270782436516e-01
4.721018893106174175e-01
4.759986624285931778e-01
4.753146428330670137e-01
4.023227368489050160e-01
3.987388604055756569e-01
5.023600137617808548e-01
4.703787755705307605e-01
4.424210772703117689e-01
4.429303940452324340e-01
4.579200974466676732e-01
4.155675247965820440e-01
3.971832591313277927e-01
3.992029492828228499e-01
5.104745199531403044e-01
5.411011658216756670e-01
4.551351379643147621e-01
4.539103517300910884e-01
3.885597894522538898e-01
3.850308503864719456e-01
4.807557170357673049e-01
4.730072433039991253e-01
4.012131045028861642e-01
4.112081052609699028e-01
5.181309665286859545e-01
5.123764536013346582e-01
4.332235103043897140e-01
4.751180667069573316e-01
4.866605499091867237e-01
4.281773345246393525e-01
4.481466841176611204e-01
4.992236916472748143e-01
4.623601545827471515e-01
4.571448140564173812e-01
4.522939870404732998e-01
3.786729993605600919e-01
3.843803437223826669e-01
4.790571098400566163e-01
4.796157118402955000e-01
4.164081556543512974e-01
5.156252212304154314e-01
5.171756801629511235e-01
4.478559193518790171e-01
4.218740903876840864e-01
4.868799985697180865e-01
5.053847326500865433e-01
4.403320938770949322e-01
4.425322471593680640e-01
5.481761506849178733e-01
5.388409336032430330e-01
5.034091545855818861e-01
4.754168389019558516e-01
5.024982823449531955e-01
4.995554374744243242e-01
5.006168795853227493e-01
4.560540917016215334e-01
4.555344097471910048e-01
3.896280858944614067e-01
4.041493716466399988e-01
4.116263956930005796e-01
4.768931930702719479e-01
4.761649240871838051e-01
4.262532579271229305e-01
4.133921485863504275e-01
4.823218051185964028e-01
4.829822517719956076e-01
4.645567775648098419e-01
5.156734128441916587e-01
5.176215257981839901e-01
4.259834840283193147e-01
4.278006411223980177e-01
5.034270300933730846e-01
5.008257820722471498e-01
4.326539372079882817e-01
4.309050282504846008e-01
4.605288503642372966e-01
5.132154642594066729e-01
3.987960504132935791e-01
4.150426766511870480e-01
5.214290994975256943e-01
5.278825138426191943e-01
4.784118507044432533e-01
4.578113383513038315e-01
4.716041162078417059e-01
5.084176429060078828e-01
4.934397788562381870e-01
4.555623610182535921e-01
4.570853610784607612e-01
4.177414256148432870e-01
4.236442874768673317e-01
4.726038479133023995e-01
4.791840486055386483e-01
4.101772228134245579e-01
4.110912545173943111e-01
4.802125331310658773e-01
5.129459276112866561e-01
4.709587996927823705e-01
4.833040379429487388e-01
5.154288024192819062e-01
5.437559244863956476e-01
5.394271619709078980e-01
4.313219620543157773e-01
4.813839086289384839e-01
5.697350323467231803e-01
4.259788697109244682e-01
4.426784650060694992e-01
4.980985938315255490e-01
5.151664017476038637e-01
5.136789252502842462e-01
4.290757764585053091e-01
4.255139867651808738e-01
4.770762911185617572e-01
5.074799244400299836e-01
3.834707174075632219e-01
3.918014744701882601e-01
5.285378127692196282e-01
5.057227334328548984e-01
4.802753316754486690e-01
4.728108668957728966e-01
4.573711113374642201e-01
4.649712540091691104e-01
4.946548984114109704e-01
4.931182378975613734e-01
4.587747774539173151e-01
4.590336945647592870e-01
4.107802942245085687e-01
4.081483246859919922e-01
4.761827849996108086e-01
4.818317516807885115e-01
4.768882112369159931e-01
4.168374864996741147e-01
4.920311252681937031e-01
5.000687963677948877e-01
4.699803868338993662e-01
4.743311880353173748e-01
5.427108791525929732e-01
5.473966295100124446e-01
4.382369769314241603e-01
4.224957286517846411e-01
5.268512283767908810e-01
5.609130985776552558e-01
4.178934724961894664e-01
4.220098925526859501e-01
5.125567542031895796e-01
5.180174493819544868e-01
4.240484047270997592e-01
4.240028662209902599e-01
5.076620264729696519e-01
5.075103290642869469e-01
3.942316937959907119e-01
4.045813175255982275e-01
4.139781520051461494e-01
5.051892743145004472e-01
5.308431004662418351e-01
5.245775687131345455e-01
4.837526161877065412e-01
4.744471854705682445e-01
4.620595619657222874e-01
4.651498298514291641e-01
4.898127816779807575e-01
4.914736393923873625e-01
4.610786763725797099e-01
4.022795794877402908e-01
4.049365196184858684e-01
4.795662737180070301e-01
4.815389078814076296e-01
4.309239890930189887e-01
4.194874465175369438e-01
4.961220201920817363e-01
4.912700755405250419e-01
4.740648315058141882e-01
4.693815656908282286e-01
4.845190014076163343e-01
5.301700676666647460e-01
5.386252178470948282e-01
4.180591097136001077e-01
4.101784477627472003e-01
5.585304801392459995e-01
5.625944764730027581e-01
4.208952731955801774e-01
4.194631773370621208e-01
4.285074705917032989e-01
5.070506497245539368e-01
5.058124080017625257e-01
4.213719278671475554e-01
4.230435167559960519e-01
5.030689944752860798e-01
5.044512843283893710e-01
4.032300618396643110e-01
3.964383529650809534e-01
5.215267565102325031e-01
5.211967433131707850e-01
4.802000877015795699e-01
4.764705725630091204e-01
4.610288700597608424e-01
4.690179911098587007e-01
4.872965311001165589e-01
4.881013042266623136e-01
4.632407980372622025e-01
4.614243846142495609e-01
4.088132550175866964e-01
4.136362678262071602e-01
4.206509762956793241e-01
4.729548434380862476e-01
4.768430173358819135e-01
4.160526764200965233e-01
4.104363810008084257e-01
4.960675970959823600e-01
4.908242856587325398e-01
4.668130415029612124e-01
4.680210959845633178e-01
5.378525191178334941e-01
5.405566021790159104e-01
5.645522395687867512e-01
4.077556192041292271e-01
4.040201462904632335e-01
5.641211143164952535e-01
5.559104720194003590e-01
4.051137058817876335e-01
4.165958652391128503e-01
4.916450643725987502e-01
5.100453370973713207e-01
5.159620471679278175e-01
4.319493833095392477e-01
5.023809818140325678e-01
5.004473245414866600e-01
3.957266305777155657e-01
4.134851326245628234e-01
4.148670101448501124e-01
5.058231682165958976e-01
5.063736859411989144e-01
4.728201261483027662e-01
4.795225178513599640e-01
4.631637929280019161e-01
4.719164999188770748e-01
4.862937756036594950e-01
4.865505366154367906e-01
4.689805406742673655e-01
4.650661517407213008e-01
4.255368910355378786e-01
4.280709641829550383e-01
4.689758749045657149e-01
4.698508740601158307e-01
4.805815638004098944e-01
4.103327864920133794e-01
4.099063576941088249e-01
4.896600993224943799e-01
4.870794222697974463e-01
4.686891057857378584e-01
4.632120562838475952e-01
4.736550788669226519e-01
5.414336326397516386e-01
5.541817206589463307e-01
5.621974989836436842e-01
4.058765057944466736e-01
4.136740467548493672e-01
5.494662384178258252e-01
5.435837546168179601e-01
4.176291589153270367e-01
4.246373897750296833e-01
4.314208696906906004e-01
5.096781316896396019e-01
5.187193983788380702e-01
4.356121112247377525e-01
4.369528262526063966e-01
4.969702028770516256e-01
4.987505214304935319e-01
4.329884576685659736e-01
4.385777388420595835e-01
4.878191974205521309e-01
5.020781126929785287e-01
4.672824485381368853e-01
4.747854680069612532e-01
4.678769295328658595e-01
4.712782070317531047e-01
4.865208131341187126e-01
4.862119850031170198e-01
4.582119693053981480e-01
4.702611749571491973e-01
4.190070107877503225e-01
4.163938061681295433e-01
4.654572145541896466e-01
4.665962796975435811e-01
3.962008796701395608e-01
4.160361331677565611e-01
4.882390100904257513e-01
4.822136278529755571e-01
4.613423257024710233e-01
4.601165179780922765e-01
5.704681031038650874e-01
6.130808029994297970e-01
4.011326893517853653e-01
4.254741737496196552e-01
5.356818658409133738e-01
5.298363860415331583e-01
4.209729246996209429e-01
4.077468391566357320e-01
4.928308465997288113e-01
5.003075628998204794e-01
5.188664122119398536e-01
4.346039148145369735e-01
4.355911800663389566e-01
4.994282474788236947e-01
4.947384684764435936e-01
4.286507084852633209e-01
4.201272644521301669e-01
5.013645081652489122e-01
4.967550401522904946e-01
5.090239452567750789e-01
4.712231703241805403e-01
4.726162530834249198e-01
4.857157203759491226e-01
4.850982106503820557e-01
4.673521242112160246e-01
4.141759827897927848e-01
4.112251760331568362e-01
4.764717183206902962e-01
4.748110153627285168e-01
4.301762070835334351e-01
4.901876555466748164e-01
4.537439279840952411e-01
4.496853046465744685e-01
5.836499797255424449e-01
4.653620966151997274e-01
5.684306372751589675e-01
4.245144213473066030e-01
4.294425749295378569e-01
4.368771928533969895e-01
5.050458828618573648e-01
5.053439033870934516e-01
4.384343681387357083e-01
4.253631625177171638e-01
4.978268753685103354e-01
4.945788480563867995e-01
4.204329128453552777e-01
4.279699907052115226e-01
4.993572321526975610e-01
4.900478094655068007e-01
4.714691052406281835e-01
4.663556710242753311e-01
4.715451805442608668e-01
4.751629326916892437e-01
4.841024568243617598e-01
4.835607662367917281e-01
1.109425544104065464e+00
4.078802078471431836e-01
4.033587599633768339e-01
4.953181448101857121e-01
4.867787920270587598e-01
4.541604338738919888e-01
4.535989650936423367e-01
4.562728348909068088e-01
5.694064575454476085e-01
5.612887339862265845e-01
4.346115962887997508e-01
4.355071986469146172e-01
5.210477954643839560e-01
4.738085314980839402e-01
4.230648162879841467e-01
5.107669988393370719e-01
4.362209244654675078e-01
4.412632200576304120e-01
4.477421637307985036e-01
4.809741801632148595e-01
4.746655553986821596e-01
5.054927864100350332e-01
4.736545312440281208e-01
4.683456932051430210e-01
4.722177187139227073e-01
4.791290198518713406e-01
4.825362125711293304e-01
4.818839023757797158e-01
5.452611106107173811e+00
4.042101253803318528e-01
3.925201352689275947e-01
4.999299050358906871e-01
4.760355069379036963e-01
4.526756681783075109e-01
4.592243621218705107e-01
5.857365928405340316e-01
5.586953887362402504e-01
4.251350686429863912e-01
4.256742447671586493e-01
5.106706153415963012e-01
4.995876126296462383e-01
4.424749095335182569e-01
4.517622638378456790e-01
4.683259860258517371e-01
4.683308773887203680e-01
4.762706393336256783e-01
4.705821291156482844e-01
4.792327651432845004e-01
4.829058758853844724e-01
1.704297786617691202e+01
4.093552073602079178e-01
4.130996152462593218e-01
4.871928705819081884e-01
4.459298098871414262e-01
4.402757356650743858e-01
5.601726872107454236e-01
5.779561351838307104e-01
4.322539002363377514e-01
4.313094684811289437e-01
5.380758780287814291e-01
4.818105431689926887e-01
4.565282822525656981e-01
4.502100691878853089e-01
4.732743675176821485e-01
4.945647519546398363e-01
4.787567208414953979e-01
4.942062259648742351e-01
2.752171107810099215e+01
4.243192327479761716e-01
3.783581649447126383e-01
5.056315200610932425e-01
4.950773915397417846e-01
4.426318851455821046e-01
4.459337048344246823e-01
5.478552181371133534e-01
4.406929281039834723e-01
3.884165625254321630e-01
5.210220544240447005e-01
5.227283695653534012e-01
4.538317340665770638e-01
4.605519501044509911e-01
4.758915707137107987e-01
4.751813810845118002e-01
4.663122720021398160e-01
3.151394481284128801e+01
4.242913088064623750e-01
4.130848187283686079e-01
5.055527678912934419e-01
4.865207691438572235e-01
4.426315802818648337e-01
4.402882503078985876e-01
5.779700607184891092e-01
4.406889927395455375e-01
4.313044408257851736e-01
5.210220502087687944e-01
4.818222342205717434e-01
4.538777596510892853e-01
4.502558257601463887e-01
4.946420718493919066e-01
4.751779252885727778e-01
4.941985292450076783e-01
2.752179531184190964e+01
4.093670343720831051e-01
3.925253560270213216e-01
4.760224168349520002e-01
4.459287911051905140e-01
4.592339627220445308e-01
5.601826410397788836e-01
5.587178817697494582e-01
4.322477337472497294e-01
4.256683103782621380e-01
5.380807607212786392e-01
4.995935184237079163e-01
4.565773870981055249e-01
4.518242840373493108e-01
4.731620911964420917e-01
4.705338382667331176e-01
4.787537164418926294e-01
4.829093230944733195e-01
1.704305405105434446e+01
4.042160849201940076e-01
4.033688260412820470e-01
5.000391901964087449e-01
4.869186599878431165e-01
4.526900094040184341e-01
4.562682212998925291e-01
5.857600678391677862e-01
5.613062898734363371e-01
4.251305589092314041e-01
4.355022987644173171e-01
5.106885643915420880e-01
5.107912382779122851e-01
4.425450270519267759e-01
4.477997052098457997e-01
4.683899515369052691e-01
5.055332196457906768e-01
4.683863754929580292e-01
4.681495737679841618e-01
4.762157088966608165e-01
4.789733739963270565e-01
4.792353361443641990e-01
4.818851017474892751e-01
5.452647811372228759e+00
4.078860060113064789e-01
4.112324520296907759e-01
4.954405078459463985e-01
4.902946024085818588e-01
4.541555984326376971e-01
4.496729878354070453e-01
4.535943297633227567e-01
5.694037588699892849e-01
5.684262532297232884e-01
4.346069771472959031e-01
4.368752814858571365e-01
5.211518271490489518e-01
5.053646243645258940e-01
4.738041707423242266e-01
4.230563768164490868e-01
4.253582685240531736e-01
4.945806687952390979e-01
4.361078347340250350e-01
4.278124008526415500e-01
4.413002341572421772e-01
4.809372714243093094e-01
4.899823468219789979e-01
4.746794947797173814e-01
4.736619392415566399e-01
4.663432441104400361e-01
4.722368196603497492e-01
4.751524421651172614e-01
4.825373255047293308e-01
4.835615761355372966e-01
1.109440031261358595e+00
4.141780672223054349e-01
4.163967177312793977e-01
4.764633591249109457e-01
4.665950357880427335e-01
4.748225336954336462e-01
4.302141641836549901e-01
4.160277996483836005e-01
4.823332092205951382e-01
4.537279783466419136e-01
4.601072792306309389e-01
5.836271822393448439e-01
6.130567829071076336e-01
4.653553928453910693e-01
4.254660481534083827e-01
5.298449939357190441e-01
4.245187939393246790e-01
4.077504002741557110e-01
4.294410971516661180e-01
5.050516210577599141e-01
5.188594443945752088e-01
4.384335140309436607e-01
4.355926768918846337e-01
4.978237770325935618e-01
4.947323320931382717e-01
4.203561655156182741e-01
4.200402517053853368e-01
4.992726632101076034e-01
5.089295391416934766e-01
4.714411440948974019e-01
4.712312424471089001e-01
4.715353010061975603e-01
4.725907755504024643e-01
4.841032761633481951e-01
4.850998146762429131e-01
4.673461732431710702e-01
4.190092751000136229e-01
4.280703393490257747e-01
4.654464680679992195e-01
4.805660150521884888e-01
3.961802995206566980e-01
4.098436738249142675e-01
4.883620076079158712e-01
4.872105374845390746e-01
4.613278649060041925e-01
4.736315584543527302e-01
5.704471498972949473e-01
5.621738425606190859e-01
4.011249909615893228e-01
4.136679145472203500e-01
5.356942843076739624e-01
5.435925320179547660e-01
4.209780247494955829e-01
4.314258000490734379e-01
4.928387411321294986e-01
5.187313532418789119e-01
5.003243682425585481e-01
4.346073451207669303e-01
4.369577272298947879e-01
4.994190900692330737e-01
4.987401680271579818e-01
4.285124029278691293e-01
4.385538056293940556e-01
5.015297063002067679e-01
5.022349348926177237e-01
4.966386223884460271e-01
4.747537349502269910e-01
4.712584481266061109e-01
4.857173045723773286e-01
4.862146436257086535e-01
4.702525503272166896e-01
4.255315231103113383e-01
4.206298124836106433e-01
4.689646229429492719e-01
4.768354246874884628e-01
4.698479326512313148e-01
4.102583800152124205e-01
4.103462831843828762e-01
4.898010662140966365e-01
4.909710475550979059e-01
4.686625388103894396e-01
4.679963328805805678e-01
4.631874308875570945e-01
5.414128776776194751e-01
5.645298710517877572e-01
5.541596511988646778e-01
4.058708877012318639e-01
4.040165381015590751e-01
5.494730031517095492e-01
5.559164011394572835e-01
4.176356756819038507e-01
4.166041124866713408e-01
4.246415220562572146e-01
5.096833150791931777e-01
5.159618583910298151e-01
4.356212575254589381e-01
4.319576206083339809e-01
4.969572283121480027e-01
5.004312229677492230e-01
4.329624408562045557e-01
4.149882136086659457e-01
4.878370697416725132e-01
5.062145327381473159e-01
4.672345937434154717e-01
4.795022844061169742e-01
4.678690060487852853e-01
4.718953657194345785e-01
4.865234163647051968e-01
4.865540351347891757e-01
4.582076604861705094e-01
4.650604976214228747e-01
4.088122551966887341e-01
4.049366722199466140e-01
4.136242340383918248e-01
4.729488652527356063e-01
4.815333131065929195e-01
4.159553632584721550e-01
4.193873503994381968e-01
4.962145530888047440e-01
4.914107975677096118e-01
4.667859212333477226e-01
4.844897359203400034e-01
5.378403760725876115e-01
5.386185876710113396e-01
5.405390616399067261e-01
4.077520325269689550e-01
4.101771300162784240e-01
5.641290539937725557e-01
5.626045271190616148e-01
4.051229774617549628e-01
4.285164139744462308e-01
4.916438015313892018e-01
5.058163624559794957e-01
5.100559834494758915e-01
4.230498215069462553e-01
5.023607654016225554e-01
5.044322935160558963e-01
3.959583780815348342e-01
3.965529873571422281e-01
4.135163582737680921e-01
5.059186643540606321e-01
5.213602640505355934e-01
4.727846837164938476e-01
4.764373345628971634e-01
4.631519205609379020e-01
4.689920891674385639e-01
4.862972465255814836e-01
4.881052938521182050e-01
4.689747246240934531e-01
4.614174989746878675e-01
4.022790930435478085e-01
4.081545223398536093e-01
4.795617927860035268e-01
4.768813630494879163e-01
4.308290346697285500e-01
4.167430863201348479e-01
4.961815059104504044e-01
5.001043146286823227e-01
4.740451112562905633e-01
4.743119849660462628e-01
4.693469163817297618e-01
5.301774577630753438e-01
5.474048281934854598e-01
4.180577407207863305e-01
4.224941756747756516e-01
5.585426623680231906e-01
5.609232107404683587e-01
4.209031962472040145e-01
4.220182435331333304e-01
4.194734046996114185e-01
5.070495776142480704e-01
5.180057290633980349e-01
4.213806881279628658e-01
4.240124070232715314e-01
5.030448237157578717e-01
5.074748254829678507e-01
4.035505376520862053e-01
4.133331720415079347e-01
5.215014068811950620e-01
5.243556214971241136e-01
4.801794892259667602e-01
4.744251346814435943e-01
4.610130174654449298e-01
4.651311970309815469e-01
4.873004660284562806e-01
4.914777571685264301e-01
4.632331979718827264e-01
4.610712235011663052e-01
4.107841772561514060e-01
4.236457544950092968e-01
4.761703318286796272e-01
4.791740910996847846e-01
4.818302498185867977e-01
4.109745048811738188e-01
4.918746098056357430e-01
5.127912941947038172e-01
4.699749043910528834e-01
4.832935401925943508e-01
5.427144738538512980e-01
5.394247896345720772e-01
4.382373184321443071e-01
4.313246001891798964e-01
5.268547053782626222e-01
5.697424936628089354e-01
4.179012605071370512e-01
4.426856052950354781e-01
5.125591550812179653e-01
5.136799124232024338e-01
4.240570077142316041e-01
4.255273361891934725e-01
5.076345441466505459e-01
5.074541232522691292e-01
3.941778708087442240e-01
3.918448710832380111e-01
4.039615890574344004e-01
5.051734440722722708e-01
5.057147568792497161e-01
5.306478424593329413e-01
4.836920149822847570e-01
4.728006466458786750e-01
4.620144091128957631e-01
4.649393022490600491e-01
4.898170505287199328e-01
4.931234341634003204e-01
4.590241000171830232e-01
4.177372952717355314e-01
4.115966585017629131e-01
4.725931967282916424e-01
4.761525500470624173e-01
4.100493849204718266e-01
4.131741087521130229e-01
4.799923866311778253e-01
4.828302722664656321e-01
4.709428359728817237e-01
4.645012394611934825e-01
5.154572498857481477e-01
5.176449003403030824e-01
5.437607649416741351e-01
4.278055556124800152e-01
4.813784438725895454e-01
4.259790317241385904e-01
4.980879231289984110e-01
5.008108878592326674e-01
5.151510669261141206e-01
4.290897261164495213e-01
4.309225026253383772e-01
4.770311949651455108e-01
5.131628315593040890e-01
3.833835899614795317e-01
4.150371235119692526e-01
5.283718734130908867e-01
5.278612849999453349e-01
4.802407645972440187e-01
4.784037236609277044e-01
4.573417289500168459e-01
4.715530623255264064e-01
4.946573790531663684e-01
4.934467709398187019e-01
4.587675648958505770e-01
4.570741066916407247e-01
3.896224293983412412e-01
3.843781125455608683e-01
4.041290482470665246e-01
4.768896648761752899e-01
4.796146236129691931e-01
4.260081067685382861e-01
4.162315423267415326e-01
4.822376767471545089e-01
5.157644465554223068e-01
5.172648452890722393e-01
4.259914362960338097e-01
4.218837060397693239e-01
5.034176434789704446e-01
5.053729246463780633e-01
4.326712785012930551e-01
4.425500799614185410e-01
4.605477674490233708e-01
3.988226134916769694e-01
5.216854090538950439e-01
5.390414488421748640e-01
4.753755118469889518e-01
4.577996285845570279e-01
4.995568128521296059e-01
5.084270278259375164e-01
5.006188645310876151e-01
4.555526106287107746e-01
4.555223247513039975e-01
3.786726982010185649e-01
3.850352097185762990e-01
4.790559565487700344e-01
4.729757312656576729e-01
4.118876417879721585e-01
5.156609992861117542e-01
5.124295169824371055e-01
4.478661579829514294e-01
4.332319573625524334e-01
4.868763277352652352e-01
4.866450627327899014e-01
4.403542353555062738e-01
4.281976147614375838e-01
5.480510559638661627e-01
4.482276971932360188e-01
5.034253836669785320e-01
4.623465483483453209e-01
5.025105866736100380e-01
4.560396255581444236e-01
4.522829342237766892e-01
3.885587975564595009e-01
3.972073782537563491e-01
4.807635201424740323e-01
4.753164129692283302e-01
4.018579594710480207e-01
3.991817919798169578e-01
5.181810804704539697e-01
5.023822710520280399e-01
4.424282103093785112e-01
4.751136741547168918e-01
4.429154676153638781e-01
4.155792694806263454e-01
3.992535671130096886e-01
4.991966403481586378e-01
5.411215763831656034e-01
4.571310767858824953e-01
4.538977919335440703e-01
3.894354923863398987e-01
3.677232982587504417e-01
4.720821277315233044e-01
4.717284687603277016e-01
4.759905816998170613e-01
4.027303324664107675e-01
4.746860363949084172e-01
4.504790765272453368e-01
4.703910144615742195e-01
4.301437310273657499e-01
4.379754643886979992e-01
4.579163915200582524e-01
3.997101054123228248e-01
3.972257433197472487e-01
3.866218982596756892e-01
5.104759570147023862e-01
5.080834069702560019e-01
4.551203128404210929e-01
4.540643307019315289e-01
3.624825820709543511e-01
3.544789994914215869e-01
3.642412467226263662e-01
4.564500801342178393e-01
4.696558622650135462e-01
5.616630710217651590e-01
6.107449443974825032e-01
4.741714318565564135e-01
3.976987408253844225e-01
4.565612047974088594e-01
4.871802543663065199e-01
4.708456137881882331e-01
4.483081074507201391e-01
4.360131493000943270e-01
4.021104404821118639e-01
5.282592951564473172e-01
5.163101978801538650e-01
5.055611682498174497e-01
4.523883060092030450e-01
4.507468960582962092e-01
3.682724447455613670e-01
3.793877434175241814e-01
4.680161740502186141e-01
4.629517049213099922e-01
5.298054701445651382e-01
5.654301457470279901e-01
5.804274806631276595e-01
4.374342952649785676e-01
4.244615363415309983e-01
4.748748116500828287e-01
4.947469768884596442e-01
4.809514441812928753e-01
4.320876459311754902e-01
4.674333820524846361e-01
4.600183994196553883e-01
4.893100668284760535e-01
4.171270933596790131e-01
4.038096213169221071e-01
5.262256009536401269e-01
5.273091045480754468e-01
4.494483713295634453e-01
4.493847443440213696e-01
3.902781951577243280e-01
4.012162886224012182e-01
4.422083248024354374e-01
4.313842183797902408e-01
5.278989609250881454e-01
5.727814960979096259e-01
5.430594206871134366e-01
5.616277694262018505e-01
3.726454473227197584e-01
3.973296832699760306e-01
3.930925846085543407e-01
4.237118970909385940e-01
4.781052244250357242e-01
5.068551759890441710e-01
4.806877973206632459e-01
4.766756784759877963e-01
5.142886565296398427e-01
4.890282906253725637e-01
4.498142966650857111e-01
4.450843321181207068e-01
4.711272034979420154e-01
4.705398910886979813e-01
4.534210143707979035e-01
4.962883758357496955e-01
5.115557859902928328e-01
3.939685577205742084e-01
5.235180813364223029e-01
5.264213308561510596e-01
5.055720797836030789e-01
4.442265846142701702e-01
4.062620841068474986e-01
4.090415145651217221e-01
4.501909603677327620e-01
4.540390545212951157e-01
4.493380900202715855e-01
5.329847726497995986e-01
5.391105118483460190e-01
5.228058720205784882e-01
5.597614464324579542e-01
3.856860063420216589e-01
3.885036928755856156e-01
3.702756771714794115e-01
5.088252242732443920e-01
3.935853945751465743e-01
4.889047012607490861e-01
4.948091800173922139e-01
4.839963306102441076e-01
4.858730819176165783e-01
4.708412177861066028e-01
4.844473664345069208e-01
5.274640040077371861e-01
5.223866892635818937e-01
4.322560543960549673e-01
4.671215041561024295e-01
4.742556045571574841e-01
4.676693258918164231e-01
4.538850957164847211e-01
4.806715460358351732e-01
4.443497694182626523e-01
5.395415930883352695e-01
5.136082639860054533e-01
4.150673064308332272e-01
3.960516009190027109e-01
5.277164664881535128e-01
5.285094623133201885e-01
4.454850467114465085e-01
4.469170563490840742e-01
3.860147690093488904e-01
3.847492077595315307e-01
3.985033808010153833e-01
4.581133142619868148e-01
4.624373877846236769e-01
5.146986514167136706e-01
5.474226527424554956e-01
5.414390071668121474e-01
3.922222276139492037e-01
4.069383175590458590e-01
4.825865319149164612e-01
4.179978298720419261e-01
4.157343981247149101e-01
4.819220728224938854e-01
5.080573102747504288e-01
4.925949044646935060e-01
4.693382217855568417e-01
4.746797130681837396e-01
4.711417867557372019e-01
5.151193017081692194e-01
4.302834803312116096e-01
4.399717332327363617e-01
4.653668287615736476e-01
4.756029606123962084e-01
4.650552642068747078e-01
4.504925856683183460e-01
4.656225034496657700e-01
4.543659933102585091e-01
5.239139130624890228e-01
4.022351273903084223e-01
5.225721921577112239e-01
5.522607642396999417e-01
5.209932378507994288e-01
4.479063671537500402e-01
4.598429427693954130e-01
4.469549421691701996e-01
3.773572357395528765e-01
3.832678731152612817e-01
4.584799809171119511e-01
4.619145485063939627e-01
5.117049938303283030e-01
5.582634306660770873e-01
5.346677986079563238e-01
5.424994237999833935e-01
4.040018791445245672e-01
4.163909655822767286e-01
4.177493977044821061e-01
4.792972237276384995e-01
4.865693082852605711e-01
4.419428467327234933e-01
4.851582855894777668e-01
5.032550089447909158e-01
4.861905313683747565e-01
4.927961228504741387e-01
4.575957625719717647e-01
4.698614907906732974e-01
4.610900038527912526e-01
4.657575202276275639e-01
5.323868704957475106e-01
5.260495230804981270e-01
4.305435771293210090e-01
4.637376916675534644e-01
4.745898720531819825e-01
4.621708902703089983e-01
4.566979144239813881e-01
4.512380988976663621e-01
4.554192353704190621e-01
5.212346523809560095e-01
5.343117484984128973e-01
4.040046706094204687e-01
3.853469556776888960e-01
5.242706164740642549e-01
5.339833270727227799e-01
5.236703302948637617e-01
4.459774769698293673e-01
4.525409955415154450e-01
3.968841720703022991e-01
4.197203548785709004e-01
4.615747776770752764e-01
4.668942992906918721e-01
4.669456064533482054e-01
5.388265852727305294e-01
4.849192927681364451e-01
5.418578925970594096e-01
5.484127615073199902e-01
4.006417023272022537e-01
4.217700433746042754e-01
4.325699295098769936e-01
4.194054254522713299e-01
4.624342393900933712e-01
4.202462689936727891e-01
5.134242093616353531e-01
5.181952402810658942e-01
4.850073444896920161e-01
5.032820146119336702e-01
4.490254389055732820e-01
4.500962124730465419e-01
4.561874830380898693e-01
5.062525683967247225e-01
4.211876724928168558e-01
4.354702726676067948e-01
4.618767498833470930e-01
4.603265509506154207e-01
4.595448425619992894e-01
4.598046823031778918e-01
4.616349816106380399e-01
4.598952541006156025e-01
5.286813126555448550e-01
4.085154969795626867e-01
5.376990306526806540e-01
5.352843809730962743e-01
5.355246717331128004e-01
4.462267195629363581e-01
4.474439276095633633e-01
4.411675792738032342e-01
4.112727858273430015e-01
4.128685703235394633e-01
4.125764413352897564e-01
4.662291049198061810e-01
4.667632563641290200e-01
4.666225111954719895e-01
4.684761401862684305e-01
5.300299672896732206e-01
4.872868588143590696e-01
5.138893185323275548e-01
5.518416193115677215e-01
4.151979547195026043e-01
4.260038241613103294e-01
4.053936401908740383e-01
4.397074636292557237e-01
4.240379896561187190e-01
4.429525749337542839e-01
4.147068256407609455e-01
4.940351450179547022e-01
4.810845440748637847e-01
5.693249166817289098e-01
5.152145915074903826e-01
4.390951425472355840e-01
4.486417975957609494e-01
4.499578796404631875e-01
4.500978479008099220e-01
5.333487941006551658e-01
4.344165510640211614e-01
4.523465654137284186e-01
4.553531412095843112e-01
4.526013046068481649e-01
4.559230798900298365e-01
4.624619725872203269e-01
4.662946549170293720e-01
4.613110041745778211e-01
5.451859492797879181e-01
5.170400122209374283e-01
4.124101697836254909e-01
4.195549439205642495e-01
5.397440672696203201e-01
5.599798068073044144e-01
4.443965665416390043e-01
4.427205727965243254e-01
4.107864277211171755e-01
4.250501742472620470e-01
4.681499421275435724e-01
4.894629823287428572e-01
5.015315297660308813e-01
5.396291311313800021e-01
5.057632665183102727e-01
5.181876586095846005e-01
5.550918534252082814e-01
3.978216210985121570e-01
4.203748373026748308e-01
4.391368391326865295e-01
5.243056223176745245e-01
5.457540468902315478e-01
4.344621644789778414e-01
4.313430956615141310e-01
4.420285139120273543e-01
5.368832542117407680e-01
5.203599473848944390e-01
4.367454933915412285e-01
4.454566500936052442e-01
4.503741957199455248e-01
4.996826794537750360e-01
4.475805676663701105e-01
4.661458032450672140e-01
4.491935975799523639e-01
4.646207583994806378e-01
4.790162684879780142e-01
4.308634009153085032e-01
4.539522616951368050e-01
5.300285738798469204e-01
5.798248086006129176e-01
5.431629502630030970e-01
4.427660815326153187e-01
4.510983290957399916e-01
4.449073871704973815e-01
4.273448575051383980e-01
6.717141749976921483e-01
4.880390993837179781e-01
5.350033564964624677e-01
4.288152052955488402e-01
4.583990627591750799e-01
4.253351367742143063e-01
4.850018608857178948e-01
5.212001234127932037e-01
5.499740267090712509e-01
4.763070524047279264e-01
5.562238503544990609e-01
4.071633206019176221e-01
4.265696267907179151e-01
5.395285850027607966e-01
5.627901324821065199e-01
4.778817089625519432e-01
4.981307949261226664e-01
5.123363515714031147e-01
5.356510757932159139e-01
5.676531439893228725e-01
4.160032220178784268e-01
4.464333116890416564e-01
4.261346313772267358e-01
4.337938781912359931e-01
4.871084107012845776e-01
4.686295412927084514e-01
4.888328053814887109e-01
4.664970576032287375e-01
4.689254799310049182e-01
4.668012738330375444e-01
5.856430416509350589e-01
5.039491388582454379e-01
4.934235411571915031e-01
5.886289278464997832e-01
4.344580715815041794e-01
4.516170101836264328e-01
4.346767318666462931e-01
8.378963430859698303e-01
4.885037981062654300e-01
4.918537765270603601e-01
4.929290267103035306e-01
6.123693846663906815e-01
4.878036332557531551e-01
3.873186249660333091e-01
3.874450297069597648e-01
5.255434983746232191e-01
5.020559798574266708e-01
6.178575250745197422e-01
4.701402861319698978e-01
4.371649552642577485e-01
4.627674949099134794e-01
4.906126494992958387e-01
4.989693686389912730e-01
4.972578481322680322e-01
5.048845872517513378e-01
5.172807462681933144e-01
5.455248372534341472e-01
5.733077343512227309e-01
6.047274775490484311e-01
4.451665963070697840e-01
4.208356782714594568e-01
4.218183696376151537e-01
5.631307521508843728e-01
5.616010001083187042e-01
4.528265284469770169e-01
4.704998202791311201e-01
4.612036002407470248e-01
6.184357970801932503e-01
6.493735025249700588e-01
4.293709861089849422e-01
4.275329965502651097e-01
8.938989738844418387e-01
5.605204813524790053e-01
3.880113641320929174e-01
5.819796740044251848e-01
6.200733055934150029e-01
3.657672752104690339e-01
1.912465544487601532e-01
5.093010622197483572e-01
5.243171162268122076e-01
4.745920609042386662e-01
4.795239970841185806e-01
5.202661327232278587e-01
3.630189388130533601e-01
3.358996912385972533e-01
4.681853115810075128e-01
5.131423287865798377e-01
5.714918128079342630e-01
5.239687065151027445e-01
5.991741913011264797e-01
4.326231158502402696e-01
4.304670980066381270e-01
4.320285302595112120e-01
1.016906961896079320e+00
9.645902684115444103e-02
4.869897658168162446e-01
5.232988040693957732e-01
4.769281815129108870e-01
4.884736466326251025e-01
4.944741381762330357e-01
4.949573150739561833e-01
5.088801475696631549e-01
5.426928765625321782e-01
2.071134819095494239e-01
5.060446211172577868e-01
5.638444366240183969e-01
5.192593894412822486e-01
5.506489657888332667e-01
5.749319861498747297e-01
4.217015398529330716e-01
4.333374730364298877e-01
4.236963795182009940e-01
1.167806720338222748e+00
4.348403707459929102e-01
5.166041312080611458e-01
4.577125949698299667e-01
4.737147328529289214e-01
4.781402380526030838e-01
4.782647981695566375e-01
4.821189480061113253e-01
4.894220031904326640e-01
4.997239861614618528e-01
5.110796219020959930e-01
5.298071356710351010e-01
5.515408354391032608e-01
5.448804779453149116e-01
1.821157592311378470e-01
1.814826506001047390e-01
5.276565248567446353e-01
5.499348172411950841e-01
4.953447925379929062e-01
5.203681014047984998e-01
5.526514723494599934e-01
5.704514747223943250e-01
4.110720778025609978e-01
4.225841967506719921e-01
1.350289526938980744e+00
1.935937476200931540e-01
4.926644127893100022e-01
5.222475242162203379e-01
4.863440436784871590e-01
5.089161500420166240e-01
5.355486903105540764e-01
5.773073872237842741e-01
4.150802951526608719e-01
4.185304244583833988e-01
4.201766948071541941e-01
3.095363231721266484e-01
5.272785070271458485e-01
5.598574079656902791e-01
5.259124335587903598e-01
4.093744154918929623e-01
4.141319100038750589e-01
3.941501642852050513e-01
4.083085436119698319e-01
4.015962798201802020e-01
2.112324370073944468e+00
1.817323496955974393e+00
4.047551725681888257e-01
4.147659302917118262e-01
4.182177839196699609e-01
2.462768528376896970e+00
4.075540318628297354e-01
4.386330683738034475e-01
4.155661615884161386e-01
4.208478060733202852e-01
2.890375351628008183e+00
4.163548053628297607e-01
4.439911488155057206e-01
4.050427101607273483e-01
4.357039148748252377e-01
4.344319769292769862e-01
3.436689540312244162e+00
4.218072544627255449e-01
4.468673064570788389e-01
4.102525748745083356e-01
4.389615295958302910e-01
4.420125746702803227e-01
4.461799209528314880e-01
4.193844842049212929e+00
4.108241315231904722e-01
4.326370797105254518e-01
4.368994612936091815e-01
4.484655404729990802e-01
4.479673990576811260e-01
5.428437362299975533e+00
4.254482084330022951e-01
4.363688451876622798e-01
4.036840804868933597e-01
4.401478353003843713e-01
4.496954890830895391e-01
4.334897957430195459e-01
8.433683073303530620e+00
4.050046112088875327e-01
4.271536945387933160e-01
4.368118290548235749e-01
4.465029643415481253e-01
1.086195165803273177e+01
1.705090592218869716e+01
7.156369734615766198e+00
5.543238404109372297e+00
4.960120364191540787e+00
4.597885907375045100e+00
4.327805555715062980e+00
4.107953720822080435e+00
3.919440752683247098e+00
3.751785548749885013e+00
3.598659314788035690e+00
3.456109296654475305e+00
3.321669599492144354e+00
3.193853881200523492e+00
3.071835889696920230e+00
2.955232668575472843e+00
2.843950083771165094e+00
2.738070532517961286e+00
2.637771808114768302e+00
2.543269860062340015e+00
2.454779450348806513e+00
2.372487093281227644e+00
2.296531084865755634e+00
2.226984282201691201e+00
2.163836664035748036e+00
2.106976502344509949e+00
2.056171029598722999e+00
2.011049542125886713e+00
1.971093549495603447e+00
1.935639328844170670e+00
1.903897508251676474e+00
1.874991792191674556e+00
1.848014995916801739e+00
1.822096300196744734e+00
1.796470622424039210e+00
1.770540380921665324e+00
1.743921714583067217e+00
1.716470276200809497e+00
1.688284655570213344e+00
1.659687693198823366e+00
1.631187793473634740e+00
1.603424435844704732e+00
1.577104336758682335e+00
1.552936250894210612e+00
1.531572234496530127e+00
1.513561038510066625e+00
1.499315802117852536e+00
1.489094599678295161e+00
1.482989890850098025e+00
1.480922348861801074e+00
1.482636024533527497e+00
1.487694640554800385e+00
1.495481524128132955e+00
1.505206517942325739e+00
1.515921127981681327e+00
1.526539011987288808e+00
1.535855829864214428e+00
1.542564743671648086e+00
1.545273902246874220e+00
1.542547081599352943e+00
1.532998353124335189e+00
1.515462999634276331e+00
1.489233024262846428e+00
1.454296735209928970e+00
1.411486993248839861e+00
1.362453212878596220e+00
1.309435356169272424e+00
1.254902801306453819e+00
1.201176018480764274e+00
1.150142413898072924e+00
1.103120775242481422e+00
1.060862725539736262e+00
8.920793967992886042e-01
9.047005850991350906e-01
8.830530498600434042e-01
8.818152930376754739e-01
8.774240681555690591e-01
8.914564354641849597e-01
9.062403839351910184e-01
9.255044492873115702e-01
9.479102365339773240e-01
9.713797202248805052e-01
9.930842823174733658e-01
1.009464515448978972e+00
1.016242166217686815e+00
1.008377600613907799e+00
9.799114026157433877e-01
9.235972074744818183e-01
8.301636330168630229e-01
6.920387225588376934e-01
4.111803803367578003e-01
5.262168008899567040e-01
4.346776704962787563e-01
4.437110252317326142e-01
4.480526711940898132e-01
4.280566323132495854e-01
