1.147325694716634992e+01
7.611788131743721486e+00
5.985357841353227570e+00
5.409628273624697670e+00
4.535775399810360931e+00
4.300562212065255352e+00
4.169717463757656617e+00
4.057519393359877213e+00
3.932642952476588238e+00
3.779922011175895324e+00
3.594142578583260139e+00
3.379262905391635652e+00
3.147046017950521524e+00
2.913870925045838334e+00
2.696375556411990004e+00
2.507599210698890246e+00
2.355128831852306703e+00
2.241595144082725533e+00
2.166571561873173568e+00
2.128376394773838776e+00
2.124714596840070691e+00
2.152084154485253364e+00
2.204730987880365145e+00
2.274184738659897231e+00
2.349993943883248448e+00
2.421530354128548002e+00
2.480123166996344608e+00
2.520649054987222470e+00
2.542045313804773610e+00
2.546752147205533667e+00
2.539488069927949621e+00
2.525859285945978971e+00
2.511159470769357860e+00
2.499495655318103804e+00
2.493210009056706866e+00
2.492504056877736129e+00
2.495200054516095722e+00
2.496662557035937979e+00
2.490014806337137454e+00
2.466866521880338947e+00
2.418741569097592414e+00
2.339172519385283699e+00
2.226015704243016202e+00
2.083122229055951014e+00
1.920432354972636091e+00
1.752102183054187856e+00
1.593246429910556872e+00
1.456652694687215366e+00
1.350786385692827496e+00
1.279566434340101422e+00
1.243383454527543508e+00
1.240342171733960441e+00
1.266939569164422963e+00
1.318036727365029082e+00
1.386579749327686129e+00
1.463731809550811613e+00
1.539809958230186515e+00
1.605876151409822539e+00
1.655383079705507132e+00
1.685214303062442243e+00
1.695782627280152832e+00
1.690299893907326378e+00
1.673618329445972552e+00
1.651063463175027612e+00
1.627516912252488401e+00
1.606812330320948279e+00
1.591377378062075465e+00
1.582011230533901136e+00
1.577712070916996279e+00
1.575537880501040933e+00
1.570578190194671153e+00
1.556209573622274966e+00
1.524850685491526470e+00
1.469337223719533014e+00
1.384741586527534318e+00
1.270008354438226350e+00
1.129376188003533787e+00
9.773076211254601020e-01
8.405002161316694753e-01
7.382866055953275497e-01
6.603702790645959997e-01
6.013537488534073105e-01
5.649316125750855067e-01
5.480926740364588934e-01
5.550770281381818272e-01
5.757359172365310584e-01
6.086201994892689315e-01
6.477640570021248045e-01
6.874183879103736849e-01
7.220821429868312658e-01
7.474280620474164083e-01
7.610843722217957019e-01
7.628854353049255854e-01
7.545308952651709200e-01
7.388828190243061922e-01
7.192070360747017110e-01
6.985694205400848622e-01
6.794537801445911240e-01
6.635637774500394714e-01
6.517304468987336064e-01
6.438545857978269504e-01
6.388490350981390620e-01
6.345979263006862325e-01
6.280115638754238949e-01
6.153094523632103297e-01
5.926651158658319263e-01
5.572263071714700366e-01
5.087135082571624389e-01
4.472473625168224554e-01
3.811792019314975688e-01
3.144070814934013525e-01
2.498857713386984092e-01
1.978519521478876997e-01
1.584872615454952505e-01
1.310738150480386943e-01
1.151145474179543632e-01
1.085887950097964433e-01
1.091196477978937651e-01
1.143027469200134094e-01
1.218318794909485775e-01
1.295962467536831142e-01
1.358353646472316156e-01
1.393143658439575383e-01
1.394350379291016129e-01
1.362256083030250198e-01
1.302125804074748816e-01
1.222253683984634298e-01
1.131969550373765621e-01
1.040064510777141821e-01
9.538138171204026128e-02
8.785469733018309857e-02
8.175917560897384695e-02
7.723828459314696637e-02
7.425449734212040409e-02
7.258216065143045792e-02
7.178336807691600152e-02
7.118324830472766429e-02
6.988304754810611974e-02
6.686411127772726171e-02
6.122330110421996680e-02
5.252289340050828731e-02
4.114229818119397031e-02
2.843158266338070492e-02
1.646886055023483869e-02
7.383035354965073425e-03
2.496745038624247331e-03
1.771110680672573863e-03
3.919529055304390129e-03
7.105186877619302198e-03
9.748198119303165890e-03
1.099571999058202888e-02
1.074006891522850775e-02
9.353903313475599862e-03
7.375361435929156037e-03
5.287394923415932209e-03
3.422911392986219790e-03
1.959682765093888335e-03
9.520238252215553441e-04
3.615724091795408362e-04
8.673895514155537470e-05
1.263153770585200162e-05
1.225419952457748832e-05
3.992228971451908581e+00
8.480110815076579865e-05
3.109867915008660777e+00
3.256941324384259105e-04
2.524593193351848175e+00
7.588097039207017218e-04
2.076787981823384754e+00
1.305026106618978549e-03
1.713437714639198584e+00
1.766641783604140127e-03
1.421071269191423125e+00
1.911944958062269549e-03
1.189370669680438697e+00
5.311788191863792141e-02
3.670816996502643259e-02
1.288107020928529745e-01
2.081729083503825739e-01
2.092266917637323476e-01
1.616359670254678086e-03
1.004210936773597407e+00
1.057262017146892052e+00
1.047921776506788749e+00
1.568068627802938542e+00
1.715939252781163438e+00
1.866145435789153373e+00
1.890207348521147468e+00
1.767373070536785606e+00
1.483773374481421325e-01
9.294861298255080451e-02
3.540972000573714973e-01
6.337225438470680539e-01
7.976921433658022975e-01
7.774697184896530722e-01
8.083810334188101798e-01
8.353180218078157804e-01
4.084206372549559205e-02
5.592195197094428083e-02
1.641361260202765793e-02
2.143301552309534730e-01
2.228284443471141019e-01
2.196230187246353271e-01
9.918710978150668822e-04
8.605937013239456368e-01
2.246088516466282048e+00
1.542652475234690179e+00
3.290301960612848742e+00
3.379906585491372351e+00
2.647724183630315586e+00
2.154115885201836278e+00
1.066134883807118738e+00
7.036521017628690755e-01
1.833234850259066961e+00
2.065612546714202136e+00
1.840693481041722812e+00
1.552911983995101330e+00
1.601892499178342311e+00
2.043941644472856201e+00
2.770725569618069262e+00
2.382442458193242629e+00
2.282590174146737816e+00
2.329082397603847998e-01
1.144877771063863847e-01
1.393319955626337814e+00
1.118074236921239528e+00
8.179791502741139420e-01
7.050523685513064853e-01
5.279104633495596000e-02
6.467004999636939699e-02
7.255485197215829629e-01
3.489199179112027482e-01
2.828666192976770910e-01
8.523722424289691124e-02
9.378326579114808215e-02
1.913440507136737467e-01
1.732036030773819735e-01
4.447778158233011000e-04
7.510156059869926848e-01
3.631398989003052358e-01
1.050653433157914263e+00
9.622980840943802239e-01
1.908072221129623047e+00
3.910850137252325442e+00
3.482212036530824673e+00
1.303770988600611247e+00
3.026479902635558772e-01
5.377679939428690048e-01
2.049307309068353899e-01
2.146618249039762005e-01
1.783929591739926990e-01
9.542576048677124667e-02
1.133826062883009356e-01
1.347320214261129301e-01
6.173681398293229001e-04
6.666244977651611947e-01
2.950182273098333474e-01
3.496448794786425340e-01
8.160781322111920755e-01
4.104522510923858114e-01
3.562945110273184612e-01
4.369009837961541631e-01
3.535351144577573157e-01
2.377338480862063452e-01
2.792972543367642224e-01
2.931355655550655359e-01
1.730174394947172345e-01
1.116012959482814149e-01
2.164666692543915916e-01
1.859154532857601738e-01
8.105791308556382913e-02
5.630175051789788887e-02
1.181191185012356315e-01
7.241682502646268338e-02
1.309571792196384254e-01
7.135827100548994273e-02
2.207312218159551958e-03
6.100269157504464301e-01
2.867888873390108673e-01
3.812638395442394801e-01
4.126444079448680080e-01
3.385477068855888283e-01
2.111790893488948440e-01
1.648109764905640318e-01
1.028630605438032170e-01
9.461174467507185715e-02
2.447073184460156134e-02
2.090173521222644937e-02
5.717569614384829940e-03
5.810745492148535751e-01
1.893581665917475898e-01
4.782759832196297745e-01
2.611298986246488596e-01
4.303345585171162169e-01
1.223990624098163782e-01
2.376917638525172238e-01
5.217949224563118299e-02
1.678091419407766738e-01
3.139613492926929955e-02
1.886929297998693120e-02
1.124160508909697459e-02
5.651422220137667374e-01
4.668000740634914436e-01
3.926364614469721182e-01
2.726037984644114065e-01
3.968867630497330823e-01
1.483447409817816587e-01
2.676454707500657837e-01
8.828469438587262241e-02
2.385266575340555528e-01
1.274554154914971649e-01
6.706808780995861252e-02
1.839127432918397781e-02
5.583289722343492967e-01
6.716930141135870613e-01
1.287892613882027693e+00
3.128223486906488993e-01
2.303917624229058492e-01
3.687465829824921326e-01
7.120400469350699479e-01
3.231892186163696779e-01
1.762970516588112102e-01
2.210832867924877043e-01
4.067682803718581930e-01
2.291667425749071563e-01
1.422020287203261124e-01
1.483944621610543135e-01
2.468510931745336312e-01
2.315918707961271694e-01
1.770802005397358880e-01
1.970575504204067352e-01
2.822511794614687153e-01
1.040828369957117194e-01
1.249752747652814744e-01
2.641052424417711375e-02
5.499396715178055395e-01
1.712967163055479691e+00
2.049776169752506316e+00
1.260105546043352565e+00
1.298275931474021760e+00
1.346167781896355109e+00
8.077158367693352270e-01
9.332032113647651395e-01
1.380113281796965907e+00
1.997307438745127950e+00
1.168293405837266041e+00
1.449307378866533824e+00
1.116222738170136619e+00
1.855768328129431821e-01
8.597501964079449222e-01
1.086182717431243061e+00
4.362703664750786775e-02
5.276471822623163277e-01
6.033680729703017054e-01
7.063374704069194654e-02
4.728782844610746605e-01
5.026482100216943527e-01
1.535366825421082548e-01
3.442325890533029509e-02
5.417332247905285447e-01
1.543232733150110558e+00
1.465741815566045547e+00
1.457331197185720573e+00
1.339402928619277677e+00
2.017137474303316580e+00
8.581825855794886770e-01
1.325374698118996220e+00
1.575646032818461606e+00
1.304318047736888309e+00
7.251863529732134328e-01
1.963035150377674121e-01
1.051485316025083883e+00
8.476588352921459180e-01
1.112447021757751786e+00
1.170140088183271532e+00
2.608606103955334876e-01
3.728919433900057534e-01
4.460661843895730866e-02
7.260558517417308177e-01
8.038773917590272822e-01
8.055763551637080688e-01
4.140792452714884414e-02
5.125598464740634130e-02
6.699378934886568437e-02
5.932595748126643365e-01
6.136261588481246587e-01
1.265288295629756199e-01
1.193665817090766162e-01
1.534677659428808905e-01
4.170272987268124065e-02
5.265948258465326104e-01
1.080059133120083059e+00
7.856067870817117216e-01
5.521257694776096070e-01
6.264047790863570553e-01
4.082051284196047125e-01
2.378074946056426553e-01
1.082563816769211151e-01
5.457020257164247878e-01
3.055871798391555094e-01
1.576619996299238324e-01
5.709314341728193021e-02
5.801252793064930191e-02
4.785784982594053216e-02
5.061210083117321235e-01
5.289075072960165019e-02
4.744581028769243591e-01
5.714511434039922649e-02
4.359898118914261600e-01
8.692668312863461866e-01
6.939932964737745014e-01
1.101286628243052013e+00
1.278758589898693288e+00
1.232757000026133865e+00
3.193175273198274322e-01
2.009243453367757781e-01
4.516670899615883861e-01
6.004149705175847451e-01
7.924659553843724780e-01
8.941110830892755601e-01
8.709434560151645133e-02
4.641698132883543410e-02
1.743001925993510060e-01
2.818164152259517996e-01
3.920476618049270612e-01
5.608179146147213023e-01
5.827895659284192398e-01
2.914127066524961965e-02
2.553106518559437876e-02
7.899630383499603448e-02
1.607223219379965151e-01
2.438468864891042975e-01
3.796844034206616758e-01
4.295598020739638812e-01
6.120285166212843103e-02
3.924444955215632413e-01
9.843211677947102944e-02
9.822718648631170724e-02
4.384947477519314241e-01
1.038023017371802137e+00
8.024870104285690697e-01
1.037670257484009317e+00
1.049982804800536407e+00
8.372472838465880307e-02
8.758611533163340734e-02
1.513052182963491588e-01
8.620542761401612797e-01
7.300802731663931233e-01
5.465479328293088024e-01
7.833936199579842607e-02
8.259888927487672727e-02
3.931373825653843024e-02
5.156899600556972274e-01
3.221872315456002500e-01
8.406972532960745037e-02
8.709105844697946630e-02
2.686822460629630094e-02
3.869250340123568943e-01
2.396951202206567544e-01
6.579024053718866838e-02
3.457154881684462167e-01
2.301447234817658172e-01
8.269011659832908867e-01
2.918158412882787545e-01
2.426892324396799638e-01
4.768770746649651504e-01
1.736626953989179878e-01
2.003836125182356098e-01
3.016258276091697832e-01
1.201560974667396919e-01
1.730949679046069611e-01
2.345261191261318601e-01
1.035793051648809387e-01
7.173615695224352939e-02
2.969382830310256516e-01
3.752498293743149471e-01
4.056160319584511953e-01
1.590024089765236515e-01
1.070025852760611157e-01
3.391571113094483114e-01
3.542770587839185747e-01
1.016776913470754662e-01
6.231146448548191552e-02
2.547286336187361000e-01
2.536827407729681516e-01
7.459223185134215839e-02
4.088196503203191112e-02
2.070730152141153912e-01
1.990957642182359655e-01
6.899087009306419105e-02
3.801493847811578120e-02
8.000343206660126549e-02
2.494087437017739328e-01
3.248332191538409464e-01
1.122780619406689162e-01
2.397869158935180822e-01
6.100280363864712257e-02
1.525492943129767021e-01
2.833655342159389218e-02
1.145143590707008857e-01
1.936372803733514558e-02
9.180385985275602012e-02
2.040110962006667084e-01
1.699270442285103766e-01
1.834952621736151979e-01
1.154848327791852119e-01
1.120340358867501496e-01
6.933323380171692307e-02
6.229021994896758591e-02
5.069787864666191329e-02
4.523044206389154054e-02
1.088130818035697028e-01
1.622015801961606551e-01
1.277588027746082433e-01
2.562111759701810598e-01
9.029624538237021603e-02
1.812483349203911631e-01
6.288514379859747039e-02
1.234323370869529340e-01
3.894508836197376617e-02
1.006133049689701270e-01
1.335201698122026326e-01
1.252215293505418992e-01
2.081516061224411018e-01
2.667012793009452820e-01
2.721443592869406403e-01
2.242572172751892412e-01
1.552592988555597797e-01
1.895786538671987154e-01
2.124884229138290781e-01
1.855220079181453541e-01
1.195298432993297799e-01
1.431382020002996414e-01
1.630012002617108879e-01
1.496449817175813934e-01
7.531792969309956953e-02
8.702473590022401229e-02
1.364779178276165350e-01
1.292453276485224511e-01
1.697644138996825813e-01
9.404536376300186296e-02
5.905821132464281753e-01
9.714454664455057786e-02
3.891967163175957256e-01
1.062799986919180789e-01
2.849622999306237192e-01
1.117289575178069955e-01
1.858592900363098266e-01
9.878148307701881126e-02
2.231249829688692066e-01
6.931620729474571863e-02
6.050748927229406826e-01
7.940051575834694564e-01
8.548130163120483127e-01
6.559365590364334142e-02
3.159836524253483575e-02
4.165142928401473488e-01
6.236095816420909044e-01
6.679430147518659044e-01
8.465575433639115077e-02
4.483603904579015059e-02
3.142859525948998867e-01
4.601731194846288009e-01
4.646223050763126361e-01
1.022632992904986549e-01
7.338474706553120563e-02
2.209975826999397708e-01
3.077952263962913659e-01
9.051277872147618642e-02
6.496802486613238725e-02
3.032631341165393790e-01
5.127893165094809386e-02
8.318075778016580379e-01
7.187987940145390553e-01
6.410592608028184980e-01
3.981236621797523689e-01
1.278811721048937478e-01
3.697195120965027920e-02
5.765243988697487110e-01
5.516994765419716007e-01
5.048692127283282982e-01
4.761644034131452818e-02
2.191580359158166180e-01
3.149983195312529988e-02
4.226935455347980986e-01
4.040144151166229491e-01
3.686305489312588501e-01
2.478306294462230899e-02
6.806822555112397588e-02
5.677846073220527146e-02
3.128883967817996936e-01
3.025997562865517798e-01
2.913064901525433958e-01
2.818244042635625335e-01
1.932166089655637520e-02
4.186711654274871686e-02
5.021439979614990973e-02
4.245874049163949060e-01
3.972728930114827889e-02
4.685026948262018265e-01
2.355069235075598622e-01
2.576299144961803345e-01
1.005778001405282507e-01
1.749781723299841940e-01
6.442889114148556140e-02
5.874013658210998079e-01
3.398634479316341855e-02
8.490269783278237004e-01
3.295098869870021624e-02
8.720740172534703627e-02
9.349668608144102999e-02
4.506396279971511265e-02
1.039703509535797182e-01
2.875682622652642739e-01
4.286129847500809720e-01
8.686106088968942318e-02
9.600778836098489144e-02
3.304750377702212610e-02
4.961963753904842511e-02
1.581301240164443289e-01
2.847619819154608711e-01
9.981244612647562076e-02
1.079394573364844401e-01
3.863975569037632340e-02
3.771796608828333064e-02
1.212840586238554952e-01
2.372571847141444479e-01
2.386573735341812330e-01
1.139148579797521210e-01
1.218668947795572971e-01
4.553143783512632325e-02
3.279969788688932852e-02
9.919181286798253727e-02
2.022718308933246778e-01
2.060573483965671138e-01
5.086663877794386085e-02
5.817231029785389917e-02
1.942742624415164793e-02
3.157517687571983339e-02
9.709206057710283166e-02
1.848863849667556070e-01
1.893676683866704902e-01
1.433089244121741990e+00
3.519287535236823028e-02
1.652087767952054309e-01
2.207755303771454791e-01
4.258653042781300191e-01
4.046188275699543757e-01
4.031554211345386163e-01
1.599791948127458896e-01
2.228093415413972544e-01
2.861273790035846476e-01
3.066981397614515492e-01
3.096739495534956421e-01
1.605413437510051500e-01
2.080460454680390647e-01
2.712424306128354279e-01
2.808340993189929469e-01
1.700993284357076585e-01
2.096222175730861614e-01
2.360983565787476979e-01
2.448565746306702040e-01
8.951854093223625408e-02
1.187076120350303715e-01
2.031179622999411405e-01
1.954161319271601471e-01
2.888446215342881374e+00
3.913100247984122732e-02
2.273501627006740411e-01
1.936719874341145398e-01
3.438626620230459952e-01
2.582083744496265210e-01
2.426435348256513469e-01
2.301170410946672684e-01
2.734977100085832502e-01
1.949382993806954012e-01
2.177985867546065879e-01
1.967027122070690581e-01
2.534726784774872232e-01
1.838483293036339283e-01
2.129410906321925201e-01
1.838008677585359629e-01
2.214011282025544480e-01
1.564388446898845320e-01
1.224764675216593601e-01
1.082952821676176902e-01
1.704094264494840361e-01
1.064856221613692949e-01
7.754756002043389884e+00
4.324050028048544853e-02
1.431991651994677095e-01
1.375552450419272599e-01
1.414184961084824221e-01
1.318235245317604387e-01
2.004525769955014247e-01
1.969179347780944944e-01
1.104719280476103987e-01
9.953657280285185815e-02
1.625621998127544099e-01
1.571129250980580760e-01
1.095381756590276118e-01
9.933484053966576410e-02
1.439937034546014683e-01
1.374761922867943909e-01
9.331357582946185614e-02
8.301894781627996989e-02
8.745697599722519755e-02
8.074495530318065439e-02
5.253713846789498376e-02
4.075132212452153152e-02
1.941111437336926571e+01
4.626046885632627975e-02
5.839598502546298336e-02
4.167425063154699127e-02
9.614465715159310755e-02
3.095664020826239052e-02
7.275674514969025786e-02
3.279837027153872236e-02
5.990809574599522541e-02
2.678944569818996965e-02
3.386597355064104031e-02
5.996275933359369523e-03
2.863831204566666955e+01
4.736310207781298937e-02
2.457659155214510227e-02
1.222310493309192864e-02
4.393036940975832833e-02
9.470475468743522196e-03
3.230843584439277438e-02
1.086909141974344746e-02
2.602491969466795216e-02
8.877665920060579668e-03
1.479076275265110881e-02
-5.037416253169513638e-04
3.150305388909097459e+01
4.626046885632194988e-02
5.839598502543884295e-02
4.167425063156934839e-02
9.614465715179648653e-02
3.095664020809078820e-02
7.275674515025852551e-02
3.279837027117014220e-02
5.990809574638356755e-02
2.678944569784868016e-02
3.386597355107998780e-02
5.996275933296378244e-03
2.863831204567480881e+01
4.324050028047995292e-02
1.375552450418539852e-01
1.318235245318898075e-01
1.969179347783324430e-01
9.953657280264530116e-02
1.571129250988776149e-01
9.933484053913738121e-02
1.374761922873140585e-01
8.301894781564270187e-02
8.074495530387107434e-02
4.075132212442696134e-02
1.941111437337566059e+01
3.913100247984077629e-02
1.431991651993942682e-01
1.936719874339396241e-01
1.414184961086123737e-01
2.582083744499921174e-01
2.004525769957095083e-01
2.301170410946837830e-01
1.104719280474531634e-01
1.949382993806992037e-01
1.625621998135343693e-01
1.967027122074591627e-01
1.095381756585318556e-01
1.838483293033513211e-01
1.439937034550487494e-01
1.838008677587379125e-01
9.331357582883832713e-02
1.564388446896363971e-01
8.745697599787591314e-02
1.082952821678709737e-01
5.253713846781307706e-02
1.064856221612344167e-01
7.754756002046397256e+00
3.519287535238112274e-02
2.273501627004066439e-01
2.207755303768215993e-01
3.438626620234755960e-01
4.031554211351239814e-01
2.426435348255384372e-01
2.228093415411676881e-01
2.734977100086989910e-01
3.096739495538542997e-01
2.177985867546322341e-01
2.080460454678110249e-01
2.534726784774073427e-01
2.808340993192066093e-01
2.129410906321905494e-01
2.096222175731468906e-01
2.214011282027772698e-01
2.448565746311464619e-01
1.224764675216513804e-01
1.187076120349394026e-01
1.704094264491697597e-01
1.954161319265960983e-01
2.888446215344361967e+00
3.295098869873616665e-02
1.652087767948164365e-01
9.349668608108599455e-02
4.258653042788693721e-01
4.286129847508786117e-01
4.046188275705130399e-01
1.599791948123101826e-01
9.600778836048470821e-02
2.861273790046535703e-01
2.847619819164565746e-01
3.066981397620709426e-01
1.605413437505694707e-01
1.079394573359313686e-01
2.712424306133929819e-01
2.386573735350775161e-01
1.700993284355481194e-01
1.218668947791271412e-01
2.360983565793984829e-01
2.060573483973513753e-01
8.951854093185655781e-02
5.817231029749484611e-02
2.031179622997890677e-01
1.893676683869708055e-01
1.433089244122542238e+00
3.398634479323232871e-02
8.720740172498958609e-02
4.506396279974340946e-02
1.039703509541260590e-01
2.875682622662805721e-01
8.686106088916305257e-02
3.304750377686037355e-02
4.961963753936925181e-02
1.581301240173204059e-01
9.981244612589097731e-02
3.863975569009790029e-02
3.771796608849563998e-02
1.212840586245676477e-01
2.372571847150936053e-01
1.139148579792672589e-01
4.553143783481922169e-02
3.279969788698537669e-02
9.919181286862945035e-02
2.022718308941726106e-01
5.086663877759108054e-02
1.942742624401684604e-02
3.157517687588179411e-02
9.709206057730786210e-02
1.848863849670489556e-01
8.490269783282694549e-01
3.972728930125951630e-02
5.874013658210094357e-01
5.127893165110947171e-02
4.685026948278755432e-01
5.048692127292564447e-01
2.355069235088410873e-01
2.191580359175955839e-01
2.576299144974449895e-01
3.686305489322332374e-01
1.005778001412700046e-01
6.806822555174661671e-02
1.749781723309185855e-01
2.818244042643366920e-01
6.442889114197759837e-02
4.186711654311162795e-02
4.245874049158246399e-01
6.931620729496328071e-02
8.318075778029588863e-01
8.548130163129533665e-01
7.187987940157134492e-01
6.410592608034029194e-01
3.981236621806444886e-01
1.278811721055998774e-01
3.697195120984354128e-02
3.159836524254273221e-02
5.765243988706936218e-01
6.679430147530091011e-01
5.516994765427994940e-01
4.761644034163751288e-02
3.149983195298525218e-02
4.483603904564620324e-02
4.226935455354790538e-01
4.646223050772164687e-01
4.040144151176902065e-01
2.478306294466377929e-02
5.677846073203283994e-02
7.338474706540164261e-02
3.128883967822011503e-01
3.077952263966494129e-01
3.025997562872521085e-01
2.913064901534217488e-01
1.932166089657862129e-02
5.021439979613835647e-02
6.496802486617693495e-02
3.032631341159301996e-01
9.404536376327853053e-02
6.050748927242163289e-01
5.905821132477951929e-01
7.940051575841637899e-01
6.559365590349303110e-02
9.714454664443342158e-02
4.165142928406271317e-01
3.891967163180235501e-01
6.236095816430281547e-01
8.465575433643254821e-02
1.062799986921080936e-01
3.142859525949218136e-01
2.849622999305313487e-01
4.601731194853825313e-01
1.022632992905996019e-01
1.117289575180814426e-01
2.209975826999216741e-01
1.858592900362354416e-01
9.051277872177407313e-02
9.878148307752596113e-02
2.231249829681107022e-01
1.252215293508785743e-01
2.667012793014301164e-01
2.242572172753835025e-01
1.895786538671688226e-01
1.855220079188446836e-01
1.431382019999003774e-01
1.496449817185623588e-01
8.702473589996939651e-02
1.292453276500075132e-01
1.697644138990678508e-01
1.622015801965554505e-01
2.081516061227459691e-01
1.277588027748404187e-01
2.721443592872804795e-01
2.562111759706152680e-01
1.552592988554753473e-01
9.029624538246468213e-02
2.124884229147474268e-01
1.812483349213523942e-01
1.195298432989724963e-01
6.288514379860682402e-02
1.630012002628846157e-01
1.234323370879292503e-01
7.531792969287175177e-02
3.894508836204328694e-02
1.364779178293542838e-01
1.006133049705909277e-01
1.335201698117967073e-01
2.040110962011164319e-01
1.699270442288534355e-01
1.834952621740744971e-01
1.154848327796861446e-01
1.120340358875070857e-01
6.933323380230661803e-02
6.229021994955835639e-02
5.069787864724485671e-02
4.523044206489248292e-02
1.088130818031147889e-01
2.494087437022741993e-01
3.248332191543902292e-01
1.122780619410037456e-01
2.397869158943527201e-01
6.100280363914332982e-02
1.525492943141489310e-01
2.833655342192493987e-02
1.145143590718127324e-01
1.936372803766339343e-02
9.180385985230209156e-02
2.969382830315710486e-01
4.056160319588208996e-01
1.070025852763372282e-01
3.542770587846847952e-01
6.231146448571820567e-02
2.536827407742542340e-01
4.088196503197429055e-02
1.990957642197200284e-01
3.801493847767271200e-02
8.000343206616715441e-02
3.457154881690286952e-01
3.752498293746354685e-01
2.301447234817870502e-01
1.590024089768579396e-01
2.918158412889593767e-01
3.391571113100835810e-01
2.426892324399561318e-01
1.016776913472538929e-01
1.736626953992239097e-01
2.547286336197905343e-01
2.003836125188545314e-01
7.459223185109539744e-02
1.201560974663994225e-01
2.070730152155170756e-01
1.730949679056000001e-01
6.899087009245530311e-02
1.035793051645275131e-01
7.173615695173503337e-02
3.924444955221785825e-01
9.822718648653305795e-02
8.269011659853007234e-01
1.049982804803503145e+00
8.758611533175826580e-02
4.768770746660983550e-01
5.465479328307832896e-01
8.259888927504505096e-02
3.016258276093478630e-01
3.221872315458629288e-01
8.709105844744413627e-02
2.345261191265477219e-01
2.396951202210614862e-01
6.579024053674428774e-02
4.359898118920698673e-01
9.843211677970743756e-02
4.384947477536343952e-01
6.939932964774196966e-01
1.038023017370283796e+00
1.232757000027283834e+00
8.024870104283319261e-01
1.037670257486133396e+00
8.372472838478915713e-02
1.513052182972227933e-01
2.009243453380611388e-01
8.620542761416024602e-01
8.941110830917798902e-01
7.300802731675544166e-01
7.833936199595428751e-02
3.931373825685833406e-02
4.641698132926654757e-02
5.156899600561990482e-01
5.827895659291255637e-01
8.406972533006863701e-02
2.686822460646336522e-02
2.553106518574415826e-02
3.869250340134516297e-01
4.295598020752833812e-01
6.120285166178522640e-02
4.744581028775911591e-01
8.692668312897987581e-01
1.101286628247381438e+00
1.278758589901529907e+00
3.193175273214153842e-01
4.516670899633690728e-01
6.004149705196673015e-01
7.924659553872143158e-01
8.709434560233042522e-02
1.743001926003491797e-01
2.818164152270033473e-01
3.920476618060301233e-01
5.608179146155749528e-01
2.914127066541078934e-02
7.899630383534494982e-02
1.607223219385264246e-01
2.438468864898974131e-01
3.796844034218839203e-01
5.714511434014703239e-02
5.061210083124189074e-01
5.289075072933997063e-02
5.265948258472329391e-01
4.785784982571153479e-02
5.417332247912410859e-01
1.080059133123965731e+00
1.170140088186817362e+00
7.856067870850256263e-01
5.521257694804384553e-01
3.728919433926876636e-01
6.264047790880485911e-01
8.055763551651397014e-01
4.082051284206781316e-01
2.378074946064228645e-01
1.082563816773808030e-01
5.125598464767804757e-02
5.457020257171022459e-01
6.136261588479693385e-01
3.055871798397937211e-01
1.576619996302338622e-01
5.709314341746498517e-02
5.801252793058105095e-02
1.193665817091359438e-01
4.170272987252153507e-02
5.499396715185271844e-01
1.543232733154133118e+00
1.346167781900537097e+00
1.465741815569757023e+00
1.457331197190002259e+00
1.339402928623692812e+00
9.332032113696289155e-01
2.017137474307098444e+00
1.997307438748793462e+00
1.449307378887493059e+00
8.581825855810418791e-01
1.116222738164506012e+00
1.325374698116412731e+00
1.575646032815178899e+00
1.304318047735388841e+00
7.251863529746509496e-01
1.963035150394987494e-01
1.855768328146317758e-01
1.051485316026487205e+00
1.086182717432327305e+00
8.476588352922141967e-01
1.112447021758764309e+00
2.608606103972265777e-01
4.460661843920622760e-02
4.362703664774567752e-02
7.260558517419699598e-01
6.033680729705520607e-01
8.038773917602753949e-01
4.140792452737564189e-02
6.699378934900784843e-02
7.063374704084483813e-02
5.932595748120306212e-01
5.026482100208001791e-01
1.265288295630834503e-01
1.534677659428503316e-01
1.535366825420939052e-01
3.442325890519704057e-02
5.583289722350798234e-01
1.712967163058419784e+00
1.287892613885345261e+00
2.049776169751892141e+00
1.260105546041957680e+00
1.298275931474034639e+00
8.077158367727698129e-01
2.303917624234869399e-01
1.380113281798867497e+00
7.120400469366472418e-01
1.168293405840222565e+00
1.762970516591254311e-01
8.597501964085446646e-01
4.067682803722409424e-01
1.422020287209010136e-01
5.276471822623913788e-01
2.468510931746408787e-01
1.770802005403213919e-01
4.728782844601114865e-01
2.822511794606437641e-01
1.249752747659336194e-01
2.641052424420297848e-02
5.651422220145072561e-01
6.716930141151196132e-01
4.668000740645977809e-01
3.128223486910738926e-01
3.926364614474365244e-01
3.687465829833022624e-01
2.726037984650532264e-01
3.231892186168299763e-01
3.968867630502799781e-01
2.210832867927227108e-01
1.483447409820661811e-01
2.291667425758153465e-01
2.676454707512506692e-01
1.483944621611372749e-01
8.828469438593898599e-02
2.315918707969639445e-01
2.385266575350458162e-01
1.970575504198105177e-01
1.274554154909184056e-01
1.040828369965064587e-01
6.706808781057338464e-02
1.839127432925324879e-02
5.810745492156141889e-01
1.893581665921081347e-01
4.782759832204195871e-01
2.611298986251633925e-01
4.303345585179493837e-01
1.223990624103175884e-01
2.376917638538119937e-01
5.217949224592075691e-02
1.678091419417286068e-01
3.139613492904200220e-02
1.886929298014716067e-02
1.124160508907922316e-02
6.100269157512397955e-01
2.867888873394475735e-01
3.812638395449325368e-01
4.126444079456113578e-01
3.385477068863573802e-01
2.111790893495701649e-01
1.648109764915565156e-01
1.028630605443611040e-01
9.461174467580064917e-02
2.447073184457026693e-02
2.090173521201629803e-02
5.717569614362123277e-03
6.666244977660040760e-01
3.496448794789508985e-01
4.104522510937245183e-01
4.369009837965870391e-01
2.377338480866899861e-01
2.931355655557726370e-01
1.116012959488911216e-01
1.859154532862386799e-01
5.630175051835350358e-02
7.241682502651303199e-02
7.135827100473458862e-02
2.207312218152328569e-03
7.510156059878985157e-01
2.950182273100177555e-01
3.631398989010101164e-01
8.160781322139484262e-01
1.303770988605074788e+00
3.562945110275740901e-01
3.026479902641456832e-01
3.535351144583469551e-01
5.377679939440599410e-01
2.792972543373538064e-01
2.049307309071850824e-01
1.730174394953412353e-01
2.146618249047373417e-01
2.164666692544505444e-01
1.783929591740367748e-01
8.105791308588701505e-02
9.542576048707218650e-02
1.181191185013377304e-01
1.133826062883882130e-01
1.309571792185153516e-01
1.347320214250629089e-01
6.173681398321160217e-04
8.605937013249451706e-01
1.542652475239382870e+00
1.050653433153181604e+00
2.154115885207348313e+00
9.622980840918867740e-01
1.908072221126040580e+00
3.910850137248522707e+00
3.482212036530887733e+00
7.036521017662814570e-01
2.282590174152990592e+00
1.144877771068067568e-01
7.050523685539258345e-01
6.467004999656597586e-02
2.828666192983700922e-01
9.378326579114437678e-02
1.732036030770413293e-01
4.447778158191854144e-04
1.004210936774752927e+00
2.246088516472499297e+00
3.290301960620666044e+00
3.379906585499186100e+00
2.647724183632060857e+00
1.066134883811788114e+00
1.833234850262858817e+00
2.065612546715456244e+00
1.840693481042675383e+00
1.552911983996577705e+00
1.601892499181571283e+00
2.043941644478422415e+00
2.770725569625047680e+00
2.382442458199003354e+00
2.329082397613333466e-01
1.047921776512606762e+00
1.393319955624442663e+00
1.767373070539513646e+00
1.118074236922264486e+00
8.179791502768612999e-01
5.279104633521332357e-02
9.294861298310891362e-02
7.255485197218856097e-01
8.353180218084845787e-01
3.489199179120202055e-01
8.523722424285931631e-02
5.592195197081727825e-02
1.913440507134925861e-01
2.196230187246848709e-01
9.918710978015846114e-04
1.189370669681789838e+00
1.057262017150683020e+00
1.568068627808289373e+00
1.715939252787058944e+00
1.866145435795552476e+00
1.890207348523960551e+00
1.483773374488044361e-01
3.540972000580882018e-01
6.337225438477985806e-01
7.976921433670786099e-01
7.774697184910853709e-01
8.083810334201129155e-01
4.084206372532789980e-02
1.641361260193149180e-02
3.670816996509065205e-02
2.143301552314287872e-01
2.092266917643565705e-01
2.228284443472380583e-01
1.616359670245133204e-03
1.421071269193053821e+00
5.311788191877112736e-02
1.288107020932426627e-01
2.081729083510088785e-01
1.911944958056970185e-03
1.713437714641142362e+00
1.766641783594321159e-03
2.076787981825653162e+00
1.305026106603969721e-03
2.524593193354509157e+00
7.588097039134053664e-04
3.109867915011824024e+00
3.256941324417081699e-04
3.992228971455885844e+00
8.480110815390643419e-05
5.985357841359143727e+00
1.225419952518486854e-05
7.611788131751176856e+00
1.147325694717783229e+01
5.409628273629770945e+00
4.535775399814435005e+00
4.300562212068992807e+00
4.169717463761172915e+00
4.057519393363198112e+00
3.932642952479723952e+00
3.779922011178824981e+00
3.594142578585960202e+00
3.379262905394160299e+00
3.147046017952930264e+00
2.913870925048151594e+00
2.696375556414263741e+00
2.507599210701141335e+00
2.355128831854544469e+00
2.241595144084951752e+00
2.166571561875461072e+00
2.128376394776210212e+00
2.124714596842421255e+00
2.152084154487627021e+00
2.204730987882803639e+00
2.274184738662342831e+00
2.349993943885697156e+00
2.421530354131042007e+00
2.480123166998893236e+00
2.520649054989804849e+00
2.542045313807359541e+00
2.546752147208099171e+00
2.539488069930517788e+00
2.525859285948555133e+00
2.511159470771930913e+00
2.499495655320578269e+00
2.493210009059156462e+00
2.492504056880147534e+00
2.495200054518441402e+00
2.496662557038312080e+00
2.490014806339512887e+00
2.466866521882723262e+00
2.418741569099908784e+00
2.339172519387543669e+00
2.226015704245161597e+00
2.083122229057920105e+00
1.920432354974583866e+00
1.752102183056159612e+00
1.593246429912479334e+00
1.456652694689131833e+00
1.350786385694757064e+00
1.279566434342031656e+00
1.243383454529523924e+00
1.240342171735857368e+00
1.266939569166248170e+00
1.318036727366882044e+00
1.386579749329503564e+00
1.463731809552627494e+00
1.539809958231992404e+00
1.605876151411636643e+00
1.655383079707441585e+00
1.685214303064514141e+00
1.695782627282307997e+00
1.690299893909458673e+00
1.673618329448077091e+00
1.651063463177130597e+00
1.627516912254591164e+00
1.606812330323079019e+00
1.591377378064177561e+00
1.582011230536011004e+00
1.577712070919117915e+00
1.575537880503199428e+00
1.570578190196876944e+00
1.556209573624379727e+00
1.524850685493563063e+00
1.469337223721543184e+00
1.384741586529397273e+00
1.270008354439967180e+00
1.129376188005244419e+00
9.773076211270156355e-01
8.405002161326911025e-01
7.382866055961593288e-01
6.603702790657448585e-01
6.013537488546115695e-01
5.649316125763155227e-01
5.480926740376160788e-01
5.550770281394267203e-01
5.757359172379438172e-01
6.086201994905218182e-01
6.477640570032632272e-01
6.874183879112899520e-01
7.220821429878587772e-01
7.474280620486156712e-01
7.610843722230424824e-01
7.628854353062934912e-01
7.545308952664236957e-01
7.388828190255884998e-01
7.192070360760788317e-01
6.985694205413208735e-01
6.794537801459803461e-01
6.635637774518061693e-01
6.517304469004625567e-01
6.438545857994649735e-01
6.388490351000817302e-01
6.345979263026595429e-01
6.280115638774305120e-01
6.153094523651710945e-01
5.926651158677042064e-01
5.572263071733046802e-01
5.087135082587026513e-01
4.472473625180530266e-01
3.811792019322293723e-01
3.144070814940214675e-01
2.498857713391868796e-01
1.978519521480999466e-01
1.584872615458079170e-01
1.310738150482392006e-01
1.151145474180611666e-01
1.085887950100686006e-01
1.091196477980920509e-01
1.143027469201880475e-01
1.218318794910119851e-01
1.295962467535295426e-01
1.358353646471370801e-01
1.393143658439026655e-01
1.394350379290424657e-01
1.362256083030800868e-01
1.302125804075510151e-01
1.222253683985047024e-01
1.131969550374441885e-01
1.040064510777932716e-01
9.538138171213182692e-02
8.785469733031496531e-02
8.175917560906460768e-02
7.723828459323216211e-02
7.425449734220511411e-02
7.258216065152003904e-02
7.178336807707721978e-02
7.118324830486714994e-02
6.988304754822409481e-02
6.686411127779251506e-02
6.122330110427987027e-02
5.252289340064642681e-02
4.114229818138080697e-02
2.843158266360620162e-02
1.646886055033061624e-02
7.383035354953215723e-03
2.496745038621985251e-03
1.771110680673950149e-03
3.919529055345212509e-03
7.105186877695375026e-03
9.748198119379613419e-03
1.099571999063880985e-02
1.074006891526789291e-02
9.353903313498609234e-03
7.375361435948340344e-03
5.287394923430735472e-03
3.422911392996870125e-03
1.959682765099123296e-03
9.520238252219663652e-04
3.615724091803281296e-04
8.673895514228242712e-05
1.263153770611793947e-05
