1.676773335292174139e+01
1.072660086388839851e+01
8.335457272799054351e+00
7.123218548253798410e+00
5.562694231743448903e+00
5.004823864145933499e+00
4.656839605838382745e+00
4.393946117076326985e+00
4.176228619034706213e+00
3.986225089573204983e+00
3.814630061377530801e+00
3.656118414264756922e+00
3.507591243246656720e+00
3.367298785306883424e+00
3.234347258483435184e+00
3.108393021298374581e+00
2.989433615361408503e+00
2.877653705077107826e+00
2.773308817485905298e+00
2.676641048790133759e+00
2.587823657567554392e+00
2.506930108262225509e+00
2.433921189900249527e+00
2.368643112477395452e+00
2.310830124956038567e+00
2.260106592606552667e+00
2.215985130109258794e+00
2.177859304340586277e+00
2.144991899714866257e+00
2.116502970405458317e+00
2.091365536437484796e+00
2.068419646703560932e+00
2.046415735136320802e+00
2.024093805210168906e+00
2.000295347477471175e+00
1.974092044505354249e+00
1.944904223705062440e+00
1.912578788360412618e+00
1.877404650375493311e+00
1.840061571855634570e+00
1.801518325746032101e+00
1.762909146359447954e+00
1.725418239844596302e+00
1.690191922452282780e+00
1.658283079072673694e+00
1.630620239815684380e+00
1.607987894790087191e+00
1.591005897910586553e+00
1.580101368933145345e+00
1.575473188797181789e+00
1.577054757746691793e+00
1.584484317143926235e+00
1.597093877157682806e+00
1.613927624551876328e+00
1.633797785646966094e+00
1.655378821813762835e+00
1.677328787418552736e+00
1.698411645526216152e+00
1.717582061585518627e+00
1.733992804965353463e+00
1.746901020856200137e+00
1.755484171352879486e+00
1.758622212435193344e+00
1.754744541141695535e+00
1.741857227170988232e+00
1.717835062818766412e+00
1.680971176614914908e+00
1.630642056341464530e+00
1.567830546878898224e+00
1.495240190323016805e+00
1.416877697656827806e+00
1.337220511555934133e+00
1.260281965155306771e+00
9.304169918028909469e-01
8.931430813847660577e-01
8.587366227872833546e-01
8.149917003654417735e-01
7.953748096754662544e-01
7.762629908826721437e-01
7.825420045358473242e-01
8.012234380773241016e-01
8.163484305540870123e-01
8.284913659732691116e-01
8.381795551606248118e-01
8.433852879107853751e-01
8.537271652496833951e-01
8.749729466004779743e-01
8.954679968752751185e-01
8.997014225455889358e-01
8.793871106377053604e-01
8.262881222021808414e-01
7.405369218723993896e-01
6.455043592608363801e-01
5.803315589631258264e-01
5.378353290169205492e-01
5.117103875804686064e-01
4.967583634803121595e-01
4.868951824530619032e-01
4.713291297247358402e-01
4.619037693516156451e-01
5.381768772279100332e+00
4.454262506163729207e-01
4.569524441485489641e-01
4.741512289278472791e-01
4.637262329495137059e-01
4.629561994727212082e-01
4.158462006168274883e+00
4.476710639235361722e-01
4.757344127512990739e-01
4.811547064622928582e-01
4.773938794666034990e-01
4.776156023974849063e-01
3.400880879916564403e+00
4.615317032992641288e-01
4.724683014588778596e-01
4.852274345856728566e-01
4.877549443996045397e-01
4.770069426670420221e-01
2.848762576040844152e+00
4.730061723933198792e-01
4.587119365016241179e-01
4.670491260939121370e-01
4.763302438874759126e-01
4.734672213241203353e-01
4.630925208499926948e-01
4.592137574859270766e-01
2.411800168531428312e+00
4.268490793343302503e-01
4.033278035899776071e-01
4.408038545973529954e-01
4.394422026701342299e-01
4.269539603806127293e-01
2.049286785580736403e+00
3.911296579509413451e-01
3.891717277929016561e-01
3.955152197445762075e-01
1.740291270485159414e+00
3.818699609148523688e-01
3.488679035278986484e-01
3.657159100511303551e-01
3.479815571149948439e-01
2.962389626568220913e-01
3.007788040609608027e-01
3.084111642739693071e-01
1.622706157741644617e-01
6.092527187022748203e-01
5.996948457824871070e-01
6.116152969363203296e-01
6.910288007955778244e-01
7.058067479772101027e-01
6.675016613304598501e-01
3.115556303973698316e-01
3.860530098270979482e-01
1.054529031279682227e+00
1.245651169414095039e+00
5.963269179945125398e-01
3.611678652324464278e-01
6.727060179190262890e-01
6.547022811146446797e-01
6.851882499797044002e-01
7.382418011446441053e-01
7.869283457642604063e-01
7.020045535205179377e-01
7.013949188068030471e-01
1.624700122436052163e-01
5.571967972726932228e-01
5.400379465885427610e-01
6.255562861594214930e-01
6.973308053111115790e-01
7.009966243858984924e-01
6.803262730392105606e-01
3.841407199371392189e-01
4.025146008430239286e-01
3.984257951859505598e-01
9.012007821815385400e-01
2.465333319994293115e-01
1.700052469593541504e-01
4.561041363801005555e-01
3.977301314056585491e-01
5.244905746217426445e-01
6.098962886477994338e-01
6.209317593032589455e-01
6.132188504372048099e-01
6.501886533321953321e-01
7.234445624920774476e-01
7.563302365972199848e-01
7.074239882556686565e-01
1.908213714535721695e-01
1.914767133799082643e-01
5.604187655428829462e-01
5.747612165777470361e-01
6.677802975734944413e-01
7.403549640060769210e-01
7.004755215896149023e-01
4.190833530958076869e-01
4.529448487589511907e-01
7.854471872719185344e-01
6.776830213181032070e-01
5.152470547498909648e-01
7.648961894373388359e-01
1.186353627518770965e-01
5.572639398424075186e-01
5.451344352316084274e-01
6.300813925730528453e-01
6.409410631057231855e-01
5.822284950322278441e-01
1.344394058589855889e-01
5.714632879482394179e-01
5.685238124272518068e-01
7.278397462062899947e-01
7.018716764783572426e-01
4.647930853783303062e-01
4.757691120757692183e-01
4.732364913899539394e-01
7.021976646941912037e-01
5.073013154420473736e-01
6.361864575446266601e-01
4.854714805675351408e-01
6.512154896051721709e-01
6.955602618056567765e-01
7.074184434781382036e-01
6.659658966803825297e-01
3.184177079359167273e-01
2.274059012794940882e-01
4.934338117144588809e-01
5.024165006477133710e-01
5.047355306915984885e-01
5.283115476988661241e-01
5.191341849265950215e-01
5.185363321278503301e-01
5.519165630820433988e-01
5.945952686864269809e-01
6.230521865895632949e-01
6.655900063901297736e-01
7.269687060584658633e-01
8.014017462658840074e-01
8.969433838390011848e-01
8.120807591130112524e-01
2.207648958180923049e-01
4.526090286763669313e-01
2.624876070691851693e-01
6.939513995190818019e-01
4.825844142144508631e-01
4.783336180218894507e-01
5.020823160814256170e-01
6.698831845568437027e-01
4.480317236655264046e-01
3.681217923829812055e-01
3.774184003350671834e-01
5.350878385433228690e-01
5.408452164939794304e-01
6.763498290155552928e-01
7.692670035033740694e-01
8.424573385794901226e-01
7.632625279603029167e-01
3.017825152186476845e-01
4.453908126104723086e-01
8.028827417064707817e-01
4.677991196930493256e-01
4.154759215551207530e-01
5.736242173400692979e-01
6.788592460544949914e-01
6.801459320238117945e-01
6.552096923728110145e-01
4.822733868000299018e-01
5.311898605975168275e-01
5.349505582210751786e-01
5.091017067479405300e-01
5.503268381561530198e-01
5.348144542804309509e-01
4.906438038943682356e-01
5.011416821767419316e-01
5.000236667930157974e-01
4.902593015835765566e-01
3.469737286685498634e-01
3.412980238282908307e-01
6.868801502299073380e-01
5.526975557317805876e-01
6.901636549847944835e-01
8.208066649130028036e-01
7.679559750094957504e-01
7.491764407635198575e-01
4.568203587907345709e-01
4.666811602090425448e-01
4.521952056519653040e-01
4.552044597775208312e-01
5.891197138373027720e-01
5.295300528581510235e-01
5.422900263744139249e-01
5.084148332308581208e-01
5.101627391260736832e-01
6.337530065458146789e-01
5.009755328809580854e-01
5.200443015125678636e-01
4.838881791363738860e-01
5.034766914379957825e-01
5.283321678527440612e-01
5.139441471424459618e-01
5.100911899345366152e-01
5.488574763715687865e-01
4.787054749270449050e-01
4.945410438978371515e-01
5.216359338842052606e-01
5.242306386293659193e-01
5.496180292889453201e-01
5.082163766992969789e-01
5.240018794384861955e-01
4.066531421054240814e-01
3.977219642110597642e-01
3.286235218409024328e-01
3.063604311630003241e-01
3.085741839097200789e-01
5.787664917554555810e-01
6.114976573130738169e-01
9.161953021539217534e-01
9.604685418518293938e-01
6.894383647038725416e-01
4.476366644553286256e-01
4.765111542543969958e-01
4.626031023561234523e-01
4.621510521583809816e-01
4.997967511516830941e-01
3.953303822970944958e-01
4.220607083875188570e-01
4.979795791301062646e-01
5.465024986295213827e-01
5.166512662787784427e-01
5.087232045206223630e-01
5.309414279983704077e-01
6.213175067425696918e-01
5.527942033878051609e-01
5.170396348640982076e-01
4.863260277426175171e-01
4.640962142135489077e-01
4.602387403902719609e-01
4.743065111752012841e-01
5.175846471051378517e-01
5.121677051434532224e-01
5.099701650272355780e-01
5.351080615955635666e-01
5.213852556065643462e-01
4.607190373169017805e-01
4.584987765081749433e-01
5.258662819893118456e-01
5.288040785578519420e-01
5.601384991993095808e-01
4.997124927140207951e-01
5.064061468897548268e-01
5.257347141175520155e-01
3.852105705929246837e-01
3.928083922755422064e-01
2.954141203871952226e-01
2.886769974689415430e-01
2.857747924554468466e-01
4.150829564931531879e-01
3.986048937126213665e-01
5.392177142901917186e-01
3.974743260067540307e-01
4.747540309149353432e-01
4.403350839255772420e-01
4.730102630183836143e-01
4.719356276523634652e-01
4.699874757115931057e-01
5.297904067175079890e-01
4.816058347833427900e-01
5.049080323962223948e-01
5.012068081511532602e-01
5.137970613628094485e-01
5.179363968270298546e-01
5.078384888540872222e-01
5.148829523001108299e-01
5.151627387798978219e-01
5.896632945618698329e-01
4.830917869909385209e-01
4.359419108757087713e-01
4.304655340413940934e-01
4.708102132347789515e-01
5.118972797696654808e-01
5.063297314221766321e-01
5.054545467074124110e-01
5.478246908866660769e-01
4.517960204833020854e-01
5.353957273528586747e-01
5.449394411222194812e-01
5.792277537099423945e-01
5.161512590560488611e-01
5.138639900011299222e-01
5.107343589158731545e-01
3.928410841278566212e-01
4.068761651923012979e-01
4.068010597017469587e-01
2.473090657883156018e-01
2.607490817437963515e-01
2.583246121076616664e-01
2.731519299034655957e-01
3.340693602465062972e-01
2.915375959943913853e-01
2.628760312714742975e-01
4.522231722342103244e-01
3.107763403365195742e-01
3.495125625112319723e-01
4.225492080312776566e-01
4.359649170487097103e-01
4.270659820853001110e-01
4.492145615776407808e-01
4.130997979435461764e-01
6.007666977915305795e-01
4.061847066747146240e-01
5.108857620583727721e-01
4.988804003551833843e-01
4.945314746402479367e-01
5.129944192498653299e-01
5.013005266901257029e-01
5.314839243196667340e-01
6.044523453072720987e-01
5.651524926188070674e-01
4.965204912910488599e-01
4.826470024355308808e-01
4.484563701412437320e-01
4.265855877426154019e-01
4.568979359256652439e-01
5.057230187332146798e-01
4.982994386915448048e-01
4.970295055869806689e-01
5.551618309810747443e-01
5.591149319578810895e-01
4.616943995149012103e-01
4.549536671350773998e-01
5.650505541106982665e-01
5.641782594829980457e-01
5.643459200756644201e-01
5.145473223372327709e-01
5.260676981156946486e-01
3.970325124863468003e-01
3.938610907576424736e-01
2.045667133571048013e-01
1.744655462034397364e-01
2.633912302818171569e-01
3.344505229163424187e-01
1.528488153148938045e-01
2.317412319199637361e-01
4.530756459223742594e-01
4.971564062970298958e-01
4.975855690766204931e-01
4.955861163726619223e-01
5.091095097686090254e-01
3.786788305744571703e-01
2.986353926961596295e-01
3.477984092663163884e-01
3.433971288906956243e-01
5.116752606406457238e-01
4.044716147204365231e-01
3.268190883358220722e-01
4.962753419834251001e-01
4.909446061560483465e-01
4.832685193914486588e-01
5.042801283690325764e-01
5.080959653136087883e-01
5.067375501200687138e-01
5.112445813849134657e-01
5.069380898408569758e-01
6.035567550887948052e-01
4.794648078388792367e-01
4.630843281797559774e-01
4.517705460358318881e-01
4.651392217074977187e-01
4.870830562060097790e-01
4.870770228869771845e-01
5.101679615959973102e-01
5.812752950053753365e-01
4.322462969973413505e-01
5.752358147582846692e-01
5.782717537881183478e-01
5.059316108793608935e-01
5.035194074373132711e-01
3.870186730072734393e-01
3.807788574766998169e-01
2.640785468451822826e-01
1.935560987567812030e-01
5.038245850699312189e-01
5.181685628181820213e-01
5.225695163933012921e-01
3.227198363662048264e-01
2.235646724851720613e-01
3.386889899227453204e-01
3.501865751129990545e-01
4.898260107069091207e-01
4.966523034653767543e-01
4.978971951498051274e-01
5.187060406287550274e-01
5.120279430008165544e-01
5.235833655997857994e-01
6.123451759971160202e-01
5.747543655704910881e-01
4.987060281633123315e-01
4.788286722493187986e-01
4.692272360999124592e-01
4.651678449303368046e-01
4.665184123269886518e-01
4.751337720516383700e-01
4.770739064696365439e-01
5.110705324673170402e-01
5.698230895387246253e-01
4.324687222513887153e-01
5.680476073860106778e-01
5.632450218911599915e-01
5.989967732971703818e-01
4.969272334955541215e-01
4.972294294128817849e-01
4.945123319895134983e-01
3.603873119921283119e-01
3.227318085223186972e-01
1.181049898199533071e-01
5.224079345454905043e-01
5.182303389021202245e-01
5.262965071481784385e-01
5.247659770866043294e-01
4.129090195913430184e-01
5.007995562387520527e-01
5.103083689816353408e-01
5.239090608335865706e-01
5.041347964313332985e-01
5.078911011048422575e-01
5.477338561651102777e-01
5.908550157468389630e-01
4.805346548383384042e-01
4.728508913929903024e-01
4.783429436492920295e-01
4.750953060347439250e-01
4.817460491709055770e-01
4.840174085519767799e-01
4.957698919757529410e-01
5.694100710521362574e-01
5.890663748008112544e-01
4.302728978388692394e-01
4.061898408185211085e-01
5.814420303685843283e-01
5.748983483098493164e-01
4.776826923633371025e-01
4.751845905488963906e-01
2.681101162179779229e-01
2.329701777298864851e-01
1.287946805857729249e-01
1.015840379571920638e-01
5.212039824027495660e-01
5.219086948349459520e-01
5.280334300212153886e-01
5.468987675277861005e-01
4.402090000723493102e-01
4.046842941051829734e-01
5.059649573485188734e-01
5.175709750643079365e-01
5.084312053950053034e-01
4.830023702613595593e-01
5.730746506800851181e-01
4.990418917542494004e-01
4.786457889574902147e-01
4.771130591020680267e-01
4.805041135579446454e-01
4.869534793935927364e-01
4.847849235676713886e-01
5.786820200851209295e-01
5.838051765003606786e-01
4.342988585914511757e-01
5.789721391221420710e-01
5.638597260007470746e-01
5.832934013568334963e-01
4.804831691534436899e-01
4.635168442800219335e-01
1.332436928135765364e-01
1.545870830885506253e-01
2.617967896054154697e-01
5.135299282006574595e-01
5.191725907650925897e-01
5.246263676350139127e-01
4.241323148108810392e-01
5.156945958820799980e-01
5.408321829779803025e-01
5.049587913664369543e-01
4.825135181193626055e-01
4.813663948166298501e-01
3.832289192344227047e-01
3.954714394005371947e-01
5.715613191455551911e-01
4.220612077442319476e-01
3.705640756868378571e-01
5.721880856514007796e-01
5.604955590516684794e-01
4.426557687661404339e-01
4.426704242849771043e-01
1.059747294605743739e-01
5.049476820428515367e-02
6.102917930346164477e-01
5.170854605500480039e-01
5.094754383072007675e-01
4.745852853067246691e-01
4.549696357345845987e-01
4.340518587611325585e-01
4.839142250290414671e-01
4.842989164007434622e-01
4.869694116637178771e-01
4.442221631986329466e-01
3.796238697576195253e-01
5.717193119208245911e-01
5.579114694256973594e-01
5.567366872787999910e-01
4.704772082208675266e-01
1.210429452526208571e-04
6.567465451338050375e-01
7.071691726227969932e-01
5.035405804721228007e-01
4.629177816570507753e-01
5.382083153468361081e-01
4.733800550433714394e-01
4.531820788673557865e-01
4.919066491627136495e-01
4.755997103811214766e-01
4.353192769554021235e-01
4.352289781991798279e-01
4.028993754618705458e-01
3.780884049009491932e-01
5.070105289335226084e-01
4.738650839551957761e-01
4.821526532819175315e-01
-1.163909631864728589e-03
3.417246652716150745e-02
1.624523497887037926e-01
3.033501029305384900e-01
3.040285374157261633e-01
6.977045246908356591e-01
6.747201110968288340e-01
6.764555348263349144e-01
5.411789786609961794e-01
4.919593782182372643e-01
6.585606710336205927e-01
6.668150104677562640e-01
4.655059663023584648e-01
4.550522209463447876e-01
5.099374003409121725e-01
5.111176861356312440e-01
4.649070477859834627e-01
4.435101031510058078e-01
3.523231776468666032e-01
5.611087363557114571e-01
5.575236785561088482e-01
4.908317081691387362e-01
4.861601042772721870e-01
3.047796454410776623e-01
3.054180170608604139e-01
6.876368757817405974e-01
6.881658722403491968e-01
4.992424345834341470e-01
6.525510318766968298e-01
6.350678996169266677e-01
4.602273191997656165e-01
5.573083059832182329e-01
4.525824327658440338e-01
3.715679013265285602e-01
4.264471581702101721e-01
5.161280356013331350e-01
4.879764353232879937e-01
5.188619539199267328e-01
4.989068957018651940e-01
4.917494925090776237e-01
4.979575157357383208e-01
2.845009608145274149e-01
2.823770652817540472e-01
6.692421696933112951e-01
6.603600988790614412e-01
5.019938914610466707e-01
5.000747010424491101e-01
6.321417190958111831e-01
6.329862478323851072e-01
4.684417606890419195e-01
4.603501007917881749e-01
5.176460858369137386e-01
5.212326025476757829e-01
5.140808335808044749e-01
5.359251079294811149e-01
5.599039476767453394e-01
5.545213312672462314e-01
4.538279173853483339e-01
4.654229963656255076e-01
4.841383219491757761e-01
4.834026715383185624e-01
4.215345187625276768e-01
4.568752474011929521e-01
6.252127672274651049e-01
6.502868745162474484e-01
5.182061018060079016e-01
5.248241783388062354e-01
4.953203425582669572e-01
5.048118959188191424e-01
5.085908232066830292e-01
5.169455905914064342e-01
5.083290805136821966e-01
5.051312707588276885e-01
2.847948067453763277e-01
2.933335337526873920e-01
2.944608122165777719e-01
6.372099969001003839e-01
6.081260442245660647e-01
4.976095900437490505e-01
5.009416320797108746e-01
5.345023667574422266e-01
5.228212038441537590e-01
5.141528340216674486e-01
4.618646846301824316e-01
4.453968154370512855e-01
4.439537829573479977e-01
6.204364098059269583e-01
5.925441006342619943e-01
4.544568746419586081e-01
4.600297744358956553e-01
5.631091893923159120e-01
6.456389770760345703e-01
4.847088781213854669e-01
4.837749898001810211e-01
5.543934008581083983e-01
5.568423534675408515e-01
4.769483999278937847e-01
4.657467329902177378e-01
5.185054760303272614e-01
5.152672781655389667e-01
4.438949896880814427e-01
4.261741001272218443e-01
5.924945952085821643e-01
5.835740343019512055e-01
5.289006800901229211e-01
5.382407255810252034e-01
4.897945503913876397e-01
4.990080646195763636e-01
4.957833620401705943e-01
4.987760281208944990e-01
5.118990842925047469e-01
5.130711636178546531e-01
2.853727097365800769e-01
3.151845429192818848e-01
3.213744493692113902e-01
6.005103800451631058e-01
6.398604920796787665e-01
6.390431462344761115e-01
5.045086049690642449e-01
4.996303291401105184e-01
5.208683209173244899e-01
5.209357715773365038e-01
4.500271160033907369e-01
4.591116643608984527e-01
5.845473828126952487e-01
6.124820637994673467e-01
6.123388125869078102e-01
4.651392468313688688e-01
4.644319620209371724e-01
6.243362645749966910e-01
6.164425548444723013e-01
4.849878374041700635e-01
4.992907482905892813e-01
5.521493958669232427e-01
5.530794350105076029e-01
4.670819556071432177e-01
4.599660599278348472e-01
5.234405593205255780e-01
5.211362473083105407e-01
3.898608521064854671e-01
4.099674235497234864e-01
4.246025013625641109e-01
5.903655088625315850e-01
6.020060435346011873e-01
5.939580996900044596e-01
5.443193381804384279e-01
5.329281519808852785e-01
4.958108713984692995e-01
4.992296231591037414e-01
5.024301296503480563e-01
5.063763516855347424e-01
5.063246036857006471e-01
3.479367585650956496e-01
3.531713948117973789e-01
6.266112926116410575e-01
6.220303771656402470e-01
5.004294347349542704e-01
5.029498847747521095e-01
5.248713524607143688e-01
5.234973929988477881e-01
4.391778369611242239e-01
4.516362431879760164e-01
4.634163008864520261e-01
6.128913284881278845e-01
6.255813085913491944e-01
4.695952493023220486e-01
6.125253730302743227e-01
6.191441901238843304e-01
4.823648093518118629e-01
4.870092688679647508e-01
5.374517287328038906e-01
5.478163520269211384e-01
5.467504861090061175e-01
4.583377604747936318e-01
4.560343880500455360e-01
5.270493542090803896e-01
5.273490399890068403e-01
4.214769309804923259e-01
4.205348293944167204e-01
5.922700707088344174e-01
5.984562485090899608e-01
5.388080634072550668e-01
5.364264268039109496e-01
4.934837746713530704e-01
5.040436115531075068e-01
5.056616008020264896e-01
5.094510843887537499e-01
5.113750494672187896e-01
5.137130262278999382e-01
3.495705826656909654e-01
3.442773044861953680e-01
5.935397807131276293e-01
5.774411407514170591e-01
5.028737336557939086e-01
5.339809085603334227e-01
4.611627798924310406e-01
4.572325456858062909e-01
6.031603794421205311e-01
5.877101828272396356e-01
4.746633536311407608e-01
4.713072896718723537e-01
6.147765303095205081e-01
6.126310535336191299e-01
4.844673262175248629e-01
4.815817730272162756e-01
4.921557552205697572e-01
5.432972091789614044e-01
5.665457139651380869e-01
4.577059868563271849e-01
4.552070118890065298e-01
5.393625188711382856e-01
5.392924693021334814e-01
4.105598096186604540e-01
4.221377309523513532e-01
4.328013168726760895e-01
5.776078212390882705e-01
5.611833486198511967e-01
5.316871057728989047e-01
5.372136464946274392e-01
4.946944576165883123e-01
5.067199961573174427e-01
5.110438630553223449e-01
5.149556849072545184e-01
5.183792809560862080e-01
5.142442993489036995e-01
3.564054386399499452e-01
3.748160359355105498e-01
3.830338674297542600e-01
5.680357988705060368e-01
5.600422707715981829e-01
5.850133765145999476e-01
5.064663862388749660e-01
5.094984671477799099e-01
5.287462041674642066e-01
5.283075167811187578e-01
4.435678900656939150e-01
4.510234042241024754e-01
5.747237049278531851e-01
5.862066835991479596e-01
6.168533426141278309e-01
4.725747357423022987e-01
4.749953138576777922e-01
6.119349303735671652e-01
6.031186191219503057e-01
4.782947907458193759e-01
4.788617162493521984e-01
5.502083049776466117e-01
5.403055045183020599e-01
4.534622242092338218e-01
4.520775013009144527e-01
5.570113029265590932e-01
4.369181171111827244e-01
4.306755523722835544e-01
5.515622125987339475e-01
5.573787057228759556e-01
5.680391195055933817e-01
5.233949431548817754e-01
4.995312999936906695e-01
5.038514680418152425e-01
5.168607841857637553e-01
5.184308860683398690e-01
4.965220050745165481e-01
5.210146779514240878e-01
3.983818015413185254e-01
4.067269189541227181e-01
5.559102584107808998e-01
5.462226450995809612e-01
5.464103991693225471e-01
5.071099285944126178e-01
5.061510013599617164e-01
5.343819133400445898e-01
5.296418448416568836e-01
4.526928899859857247e-01
4.582401664822158827e-01
4.681293152628751009e-01
5.968080833920592632e-01
5.859510149471041096e-01
5.859217174545647833e-01
4.769983686472290541e-01
4.789978492986880498e-01
5.928922956809363765e-01
5.836483834540513449e-01
4.792958932069553701e-01
4.749769612009953623e-01
4.804010216853425996e-01
5.350276124356196927e-01
5.331650469035200679e-01
5.618961673508194865e-01
4.517110891114917703e-01
4.538418098399903400e-01
5.567714126617124837e-01
5.624249431364909402e-01
4.302121760467933487e-01
4.363278313763966909e-01
5.533229714237034580e-01
5.441699666350274800e-01
5.214609238679147607e-01
5.253165427204549154e-01
5.029102053003243755e-01
4.989625344896513326e-01
5.220546462699053869e-01
5.228500685809668314e-01
5.093779811680040348e-01
4.028370237635341966e-01
4.034678254654073259e-01
5.231855091499241217e-01
5.511655292676779228e-01
5.025892439844238391e-01
5.011588089057936735e-01
5.313128519954758433e-01
5.199991967195161102e-01
4.640219464096530522e-01
4.590619231038375880e-01
5.571324966332579232e-01
5.832450947397369578e-01
4.560315717769564126e-01
5.022027913933672094e-01
5.830330410645344630e-01
5.716757022829731527e-01
4.719000045581950298e-01
4.666757774293182059e-01
5.297774543694043770e-01
5.376716120925331133e-01
5.739125401659328496e-01
4.310844816856634898e-01
4.621367694940958781e-01
5.633714433152514633e-01
5.622308163203912912e-01
4.443480929610466035e-01
4.648129917309574144e-01
4.616070949486691388e-01
5.218911044908361996e-01
5.110632394286147573e-01
5.110009385107529001e-01
5.251769426493695381e-01
5.198563595328441478e-01
4.998164039692465366e-01
5.278030668620998789e-01
5.248070133939340964e-01
1.047130333629997301e+00
4.030784305262927192e-01
4.006020719636162464e-01
5.425426836006326248e-01
5.268377302007350993e-01
5.212629481059496417e-01
4.616530689281119204e-01
4.597604036049816600e-01
5.618712173220767880e-01
6.117700871117055517e-01
4.608303802202561306e-01
4.537723226799620369e-01
5.221537313445647754e-01
4.681690164134128529e-01
5.656459686945142229e-01
5.590848249167371664e-01
4.578088187802426545e-01
4.621758589425531416e-01
4.886626389481318333e-01
4.908861518759314313e-01
5.213624715560922773e-01
5.426754974108021212e-01
4.993428153684179027e-01
4.973541803027403119e-01
5.275747057049631206e-01
5.247785900297118333e-01
5.347521654780282852e+00
4.024188646640678435e-01
4.061054890602764922e-01
5.304129163551111192e-01
4.531843406862864354e-01
4.485085201458228199e-01
6.102971692775683854e-01
5.995781658503760436e-01
4.539199823870279094e-01
4.467209763311841830e-01
4.502026992545418160e-01
5.608889804476406837e-01
5.508527652753176795e-01
4.544889918288624320e-01
4.739877775211451261e-01
4.927437314179503036e-01
5.019893089699786204e-01
5.203805647161028336e-01
5.008873936214836009e-01
5.005065807489391672e-01
5.282532801548190937e-01
5.216852636085427264e-01
1.692514565088142220e+01
4.267742411115464374e-01
4.358948307965168079e-01
5.770355843563553799e-01
5.119994082311373207e-01
4.679638630443282987e-01
4.691677410001307003e-01
6.400548967141294066e-01
5.689605226308220853e-01
4.253735855916171982e-01
4.174557435269337091e-01
5.619760827878198528e-01
5.883016415889470441e-01
4.747291453919533777e-01
3.843156540429664703e-01
3.713111340430217400e-01
5.168532895848823028e-01
4.830755007772490894e-01
5.225470475184585961e-01
5.133129140665421142e-01
2.746100790602865871e+01
4.439188376686094006e-01
3.840632103144790421e-01
5.468038835713356915e-01
5.495673315190328090e-01
4.737779176114132462e-01
4.060090486779690533e-01
5.990457883201693035e-01
3.155688800581350484e-01
5.484016888202778439e-01
2.495896513753128321e-01
5.081875267422915066e-01
5.293871002611314491e-01
4.939544664123122208e-01
3.151222864914270616e+01
4.441534272154214480e-01
4.361468621743156970e-01
5.468033396662675960e-01
5.120480143202530421e-01
4.737670833630520661e-01
4.691567497458067337e-01
5.689641164053585998e-01
4.174553496902222993e-01
5.882654315258851740e-01
3.712740603017454788e-01
4.830179592386776855e-01
5.294059257005279129e-01
5.133324486275963050e-01
2.746090146269909127e+01
4.270165244105709190e-01
4.063216703270748908e-01
5.771622886742731051e-01
5.304486194303119628e-01
4.679514078095101115e-01
4.484953733833429990e-01
6.400900901644577257e-01
5.996067356643758339e-01
4.253727256661324896e-01
4.502033637808252609e-01
5.619404610446258053e-01
5.508170990131792122e-01
4.747127744907440605e-01
4.739821487521145849e-01
3.842908362979028380e-01
5.168026957937550403e-01
5.004210958792957298e-01
5.225651320884576734e-01
5.217025544617610588e-01
1.692505028659861921e+01
4.025876843912910563e-01
4.007675696886389138e-01
5.213366077297983958e-01
4.531693487727793124e-01
4.597465890327436799e-01
6.102999528854765598e-01
6.117689769995320326e-01
4.539169977471582684e-01
4.537676212303650147e-01
4.467189716741213901e-01
5.608541369393728049e-01
5.590559629515314821e-01
4.545004842962431790e-01
4.621827819635114798e-01
4.927749306074086788e-01
4.909152516756523643e-01
5.019764382320729412e-01
5.203272955696781610e-01
5.420537493943166085e-01
5.008098351864418429e-01
4.973983944831888437e-01
5.282691428388353039e-01
5.247924849778955458e-01
5.347481677325808924e+00
4.031902156385321900e-01
4.035602687769772046e-01
5.423910500376828425e-01
5.509488122200608684e-01
5.010751984969057382e-01
5.269031444796287156e-01
5.200675917092232314e-01
4.616397325237395211e-01
4.590514474890041718e-01
5.618870873439743008e-01
5.832510530925676395e-01
5.022106840047509957e-01
5.716896595574949558e-01
4.608284665960263871e-01
4.666721857625478753e-01
5.221457370984464719e-01
5.738929626084300351e-01
4.681735485732742008e-01
4.621576223267218619e-01
5.656193277478703818e-01
5.622052297018620415e-01
4.578197784685985594e-01
4.616147507848011311e-01
4.886848440174916264e-01
5.110114277369677271e-01
5.212658545177263347e-01
5.197841948110486499e-01
4.994050154791232488e-01
4.998509586115379433e-01
5.275877710593985803e-01
5.248196845237554919e-01
1.047119586425617976e+00
4.028932753430715108e-01
4.067534587125122281e-01
5.229627009299198104e-01
5.461775060140031668e-01
5.026459929316986486e-01
5.062375728973442790e-01
5.313850241524928908e-01
5.297142953136606547e-01
4.640155231247323764e-01
4.681193574110116828e-01
5.571304346714108791e-01
5.859345361337211511e-01
4.560245938803125787e-01
4.789838530453112697e-01
5.830521107943366088e-01
5.836582025947528729e-01
4.718979300745174132e-01
4.804044975034149623e-01
5.297881459591723408e-01
5.618973391121079297e-01
5.376977102124089747e-01
4.311029111031708938e-01
4.538599782302905061e-01
5.633579466586292606e-01
5.624090130371728335e-01
4.443862824872925055e-01
4.363819827307391375e-01
4.648267185540235213e-01
5.218822811986537635e-01
5.441246991227343122e-01
5.110707172026222045e-01
5.248946659152680105e-01
5.255665151872386254e-01
4.989281928469771477e-01
5.278156169420877841e-01
5.228621543707457908e-01
5.093700641722488376e-01
3.983956231974666862e-01
3.830155703097852249e-01
5.556808250495363088e-01
5.847922405396185352e-01
5.459907895611301187e-01
5.072231761039049935e-01
5.096054848463681397e-01
5.344555077049818470e-01
5.283725042421224538e-01
4.526725813462678660e-01
4.509935841304362758e-01
4.582249809670617124e-01
5.968088482991453780e-01
6.168508898270935736e-01
5.859651161867909241e-01
4.769827891474309745e-01
4.749814156659445397e-01
5.928973407716978672e-01
6.031173667888766188e-01
4.792947327707955396e-01
4.788564283352937934e-01
4.749797121406217904e-01
5.350276352481473374e-01
5.403263938171517511e-01
5.331695384707786367e-01
4.517262591278142225e-01
4.520863064982439949e-01
5.567666557396638849e-01
5.570083029088684912e-01
4.303006680303984588e-01
4.307432924170669364e-01
5.532387214196260450e-01
5.679963835429793217e-01
5.215181929143282158e-01
5.233949056081190765e-01
5.029516225364378812e-01
5.038298700533194729e-01
5.220665813769325148e-01
5.184427422842891042e-01
5.210066099117439675e-01
3.563596974621525137e-01
3.442244540070705794e-01
3.748005486859359303e-01
5.678790294950959439e-01
5.773078494342210876e-01
5.598637869521995158e-01
5.065814800090948644e-01
5.029842839118358055e-01
5.288155316485942947e-01
5.340527916916106843e-01
4.435385556647022387e-01
4.572131107058373112e-01
5.747248130242279540e-01
5.877053946824211117e-01
5.861965617683655427e-01
4.725645600844566308e-01
4.712995226659305592e-01
6.119314046765854664e-01
6.126278567160372557e-01
4.782899351738480465e-01
4.921497396206757635e-01
5.502197129148055366e-01
5.665544126275130488e-01
4.534713054197676008e-01
4.552101417249409532e-01
5.392944426901833399e-01
4.369353916505624436e-01
4.329764305349920739e-01
5.515099605477499223e-01
5.611406540384837882e-01
5.573477839152198854e-01
5.372461225851604683e-01
4.995246082497106777e-01
5.067234057950182891e-01
5.168727139974975682e-01
5.149679549042999183e-01
4.965158847244750540e-01
5.142305755055728289e-01
3.494884658050377291e-01
3.530687113193787252e-01
5.934483596813189266e-01
6.219578522775083274e-01
5.030522057314862350e-01
5.235718885428087832e-01
4.611368362499135842e-01
4.633637453257257177e-01
6.031577063272668404e-01
6.255793155047260079e-01
4.746665186982471085e-01
4.696014591012467321e-01
6.147530313141453817e-01
6.191236002177399333e-01
4.844573448800413851e-01
4.869984747224023192e-01
4.815798129883219203e-01
5.433052247174814386e-01
5.467496012093490121e-01
4.577072456243341247e-01
4.560319923330555247e-01
5.393619679913247422e-01
5.273397407654641933e-01
4.107323981948716729e-01
4.208127682766187316e-01
4.217139130526799673e-01
5.775528472352075005e-01
5.984837998946573867e-01
5.317027191046799217e-01
5.364118016506701503e-01
4.947153260646870443e-01
5.040475905542982638e-01
5.110562960218811845e-01
5.094638524169975424e-01
5.183678232863473401e-01
5.137010022252660457e-01
3.478231005097990325e-01
3.212389906761480285e-01
6.265626255013750923e-01
6.390112984194600276e-01
5.005385097829319063e-01
4.997407313795977357e-01
5.249467467601146575e-01
5.210074032759831608e-01
4.391444460248296044e-01
4.590963276038825813e-01
4.516058565179305595e-01
6.128886082427480453e-01
6.123503324719975494e-01
4.644497176027419516e-01
6.124921660890506603e-01
6.164108191991382046e-01
4.823580024231965968e-01
4.992917168098586211e-01
5.374932421326513721e-01
5.531254547353158246e-01
5.478039556044822511e-01
4.583311820986099572e-01
4.599555461033253967e-01
5.270403556394251954e-01
5.211239522467945307e-01
4.216169510639667939e-01
4.246985595889514742e-01
5.922630928561024577e-01
5.938059153058447004e-01
5.388379595985711701e-01
5.329142269445072966e-01
4.935026253651333406e-01
4.992289858112318734e-01
5.056744410439528714e-01
5.063895811639030908e-01
5.113642519497790806e-01
5.063146265343545505e-01
2.851911184956834044e-01
2.942552488274636224e-01
3.150349231633671754e-01
6.004925165109090690e-01
6.081011447238550138e-01
6.398299084045638851e-01
5.046113274356506251e-01
5.010488770740034736e-01
5.209400515295299350e-01
5.228814969765240850e-01
4.500057171605648665e-01
4.439103732563857152e-01
5.845662864826199900e-01
5.925648623212332877e-01
6.124934059682806131e-01
4.651581990995042881e-01
4.600537852071054923e-01
6.243249336664973281e-01
6.456026135897061646e-01
4.849932974392147655e-01
4.837846545439999923e-01
5.521411368820561272e-01
5.568448970583024238e-01
4.670645229949723642e-01
4.657266390206076800e-01
5.234304807421669148e-01
5.152618504502233243e-01
3.898918530562780482e-01
4.261774957706634392e-01
4.099970549241472861e-01
5.906393571547197130e-01
5.839308433923636743e-01
6.019392415333295610e-01
5.443013850614082383e-01
5.382759482404690932e-01
4.958079377159326784e-01
4.990214626643152962e-01
5.024431091715561015e-01
4.987888104162449543e-01
5.130552032096602488e-01
2.845737169062436123e-01
2.821593059193664432e-01
2.931301992433454906e-01
6.372453423970101394e-01
6.604213548429767044e-01
4.977201787430015623e-01
5.001770704096484277e-01
5.345611366681314314e-01
5.141945872822237806e-01
4.618728175568843630e-01
4.453662450705265230e-01
6.204351009291779739e-01
6.329796837981239710e-01
4.544788614467473176e-01
4.603740142837274840e-01
5.630866649493263543e-01
5.212558794963951803e-01
4.847129949273737970e-01
5.140403180766658364e-01
5.544074453492455756e-01
5.545102365780703035e-01
4.769261544436445566e-01
4.654034861412147950e-01
5.184969852286402947e-01
4.834763434786299996e-01
4.439314999292928721e-01
4.569201563682240286e-01
5.927520625809472588e-01
6.507202726864542708e-01
5.289098450976134069e-01
5.248443229775185959e-01
4.897992405533714844e-01
5.048190414108532087e-01
4.957979359513358109e-01
5.169641981264790909e-01
5.118866950260337889e-01
5.051134133903496526e-01
2.842621752793297873e-01
3.051623439060930920e-01
6.693655113080584362e-01
6.883617427054133930e-01
5.020929319308474748e-01
4.993487254151702248e-01
6.321594442967107819e-01
6.351098708618726496e-01
4.684663307220635065e-01
4.602545819277262806e-01
5.176379129465136231e-01
5.359155860052398079e-01
5.572986700282752670e-01
5.598872192312042140e-01
4.538181527449134389e-01
4.525669820806841326e-01
4.842144094057995174e-01
4.215780672946776719e-01
6.254083505793376352e-01
4.264999002297611974e-01
5.182100721649518515e-01
5.161349595665607470e-01
4.953354427768448254e-01
5.188855105289116310e-01
5.086149573685071479e-01
4.989218814294438809e-01
5.083161216566565166e-01
4.979433894564284646e-01
3.045246122136714417e-01
3.037834039960323751e-01
6.878557645824242561e-01
6.767327562151028708e-01
4.920755748531061013e-01
6.526179886534242414e-01
6.668355752199085495e-01
4.550701784657149029e-01
5.110737299090445385e-01
4.434934976293498088e-01
3.716002755356563325e-01
3.523710527518130742e-01
5.574712534523397212e-01
4.879845838121354973e-01
4.917314963443047415e-01
4.861480930649669241e-01
-1.165572956711319894e-03
1.194807079967111045e-04
3.415423526238237778e-02
1.623479357666826883e-01
3.031113315197426217e-01
6.979964794426826158e-01
7.073713315147847069e-01
6.749839932008918630e-01
5.412750024660616388e-01
5.036346517845139426e-01
6.585703771686436392e-01
5.382422517524549921e-01
4.655173084363069536e-01
4.532038658068092696e-01
5.099221343263988793e-01
4.755664985026249458e-01
4.648799077401123414e-01
4.351844789195224994e-01
3.781557649147121447e-01
5.611396176071583586e-01
5.070337778725342304e-01
4.908195211118628332e-01
4.821413790727111515e-01
5.047818354120074680e-02
6.571540183653339362e-01
6.107718514156738054e-01
4.745993489701264556e-01
4.629772496960122274e-01
4.341335187785787531e-01
4.734086618807400448e-01
4.843135788379838158e-01
4.918703903516907783e-01
4.869447498546128905e-01
4.352578788958409439e-01
4.441609588554717436e-01
4.029720055761703001e-01
3.796920746543567815e-01
5.567476552530757905e-01
4.738403589972686736e-01
4.704560946259249699e-01
1.058878950248959838e-01
1.331959425346476433e-01
2.620763062060205706e-01
5.172530500254195474e-01
5.245279872435679724e-01
5.094185307320234779e-01
4.550571703603886187e-01
4.242164466204683126e-01
4.839359036629754529e-01
5.049758746415432542e-01
4.824962722192745468e-01
3.954699019007311134e-01
3.706419772114332711e-01
5.717208571130442119e-01
5.604940038226023935e-01
5.579005107743035818e-01
4.426508671152661334e-01
2.329207901970636596e-01
1.547263595568217076e-01
1.016164736875210806e-01
5.135851929782668801e-01
5.467887673582013663e-01
5.191814749607241986e-01
4.047726450005126320e-01
5.157119069976788817e-01
5.084168050078150536e-01
5.408537388690465297e-01
4.786112683507140475e-01
4.814084507550286940e-01
4.869937695042990677e-01
3.832330919786275936e-01
5.715141896090480955e-01
5.786323515987973343e-01
5.837310730302712747e-01
4.221343069579409080e-01
4.343496804976654246e-01
5.721705600497868360e-01
5.833075929542063109e-01
4.426353858852982714e-01
4.634992903360088401e-01
2.679861569848923097e-01
3.226613430222797230e-01
1.288286504394670628e-01
1.181188004482919968e-01
5.212937368209253908e-01
5.248671661083104123e-01
5.220010741968441614e-01
5.280013472928395402e-01
4.403127077759254049e-01
4.130266711314644068e-01
5.059745554905168419e-01
5.239053844974099761e-01
5.175784136241943223e-01
4.830074170198195849e-01
5.477248333740628583e-01
5.730924083130621849e-01
5.908759186474856762e-01
4.990287681292609467e-01
4.805015564667017847e-01
4.771388413440261211e-01
4.751423769293462995e-01
4.805153560278090374e-01
4.847707811367362174e-01
4.957949127703973891e-01
5.889860271403840608e-01
4.061864145318314079e-01
5.789823840437786640e-01
5.749029606395446024e-01
5.638610070917674522e-01
4.804702896416134794e-01
4.751680760298446216e-01
3.602550166561156453e-01
3.808216432114900352e-01
1.938908352134941504e-01
5.224979790596638862e-01
5.226642578156087682e-01
5.183603245332792930e-01
5.263696154886995382e-01
3.502856579562747541e-01
5.007930487994595170e-01
5.187154255999969488e-01
5.103076722467135840e-01
5.041339470046526383e-01
5.235927375105254855e-01
5.079121949587173113e-01
5.747931955395718662e-01
4.788045524410365905e-01
4.728746215245601126e-01
4.665379710478549380e-01
4.783410163094093392e-01
4.817375742051578924e-01
5.110635909173700808e-01
4.840312037171211057e-01
5.693896866145614633e-01
5.698040930745017496e-01
4.301616982665652511e-01
4.323726809099140977e-01
5.814546214565400328e-01
5.990036355779733146e-01
4.776675507015842315e-01
4.945022710577426373e-01
3.874393145542664452e-01
3.942860087005917724e-01
2.648407738355403884e-01
2.323972714441366327e-01
5.040104115465278145e-01
5.092259541867598660e-01
5.182756858087221863e-01
3.227671904613436671e-01
3.434569274565960062e-01
2.235751643239385633e-01
3.387340616838179774e-01
5.117485026266197501e-01
3.269152854443327372e-01
4.898119300367977935e-01
5.042595333251429501e-01
4.966387658401829608e-01
4.978846844044851339e-01
5.120218435807716295e-01
5.069435348754294246e-01
6.123925554658338211e-01
6.035944825816899062e-01
4.986780209654650409e-01
4.794554741043763335e-01
4.692472232204118465e-01
4.651638193037169744e-01
4.651907809515042902e-01
4.751250843605486773e-01
5.101664843994825338e-01
4.770605540735401995e-01
5.813650065142140777e-01
4.320627356944085062e-01
5.680308448338875493e-01
5.782798967543478774e-01
5.632575665841623724e-01
4.969255100024208560e-01
5.035134830681493590e-01
4.972185079882166514e-01
3.964711868544107398e-01
4.056849352904943196e-01
2.049112501579783141e-01
2.587108898123079981e-01
1.748704483523156328e-01
2.641506650499698128e-01
3.355274921466264160e-01
3.351695935289984996e-01
1.511019761734111733e-01
2.626105087593973431e-01
4.539598109849750651e-01
4.235087499554706092e-01
4.976920411496219554e-01
4.977952288952967042e-01
4.957238276958968459e-01
3.787229027541618165e-01
4.132111092906886607e-01
2.986710631181958564e-01
3.478709865212625263e-01
6.008201650919741121e-01
4.045551661649026132e-01
4.062565200602019089e-01
4.962659070042405585e-01
4.945240749298689953e-01
4.909305773105754334e-01
4.832596213106878924e-01
5.080863818630817486e-01
5.314623775806325279e-01
5.067301840298372717e-01
5.112432937117533660e-01
5.651592971498772267e-01
4.826644697497705083e-01
4.631030646277545793e-01
4.569209853079434502e-01
4.517865205753409108e-01
4.870851727527797936e-01
4.970347938579928737e-01
4.870838901736483373e-01
5.592824688565595226e-01
4.546085336209329530e-01
5.752320873674058310e-01
5.643433881581394473e-01
5.059280762270170761e-01
5.260680096134515704e-01
3.929575446751120138e-01
3.929042646579766762e-01
4.063667202409347867e-01
2.475331558378667807e-01
2.859862030103534902e-01
2.611056120256052271e-01
2.741891032522291716e-01
2.925554433757828754e-01
3.995816676167056603e-01
5.393100125624429309e-01
4.405341429515905460e-01
4.750475201628143740e-01
3.124480078419018536e-01
3.505867944077959431e-01
4.360181597519649510e-01
4.700430875726563928e-01
4.271486255114324559e-01
4.493011207018769992e-01
5.299078562940369164e-01
4.816260388126670788e-01
5.108553891336412578e-01
5.137641417261098464e-01
4.988681445227866051e-01
5.129841062478494029e-01
5.151602535849449938e-01
5.012859336134442012e-01
6.044621349316087189e-01
5.896669640291771763e-01
4.965476623340199791e-01
4.831121738386516262e-01
4.484540501233715282e-01
4.708259591804548339e-01
4.265914619241367167e-01
5.057415742020007210e-01
5.054646493593352163e-01
4.983210237044243818e-01
5.553451810181024850e-01
5.481778631893432507e-01
4.613121810866356864e-01
4.515786306296677988e-01
5.650487115307454289e-01
5.791958416142073407e-01
5.641937567295161049e-01
5.145502510083707071e-01
5.107327746012748637e-01
3.853928114470267507e-01
3.980515715402819787e-01
2.955472724140347229e-01
3.086293341643068788e-01
2.888644681821495031e-01
4.155494376566478687e-01
3.977073626860176958e-01
6.895395765628948848e-01
4.403539974772198717e-01
4.621409139557999812e-01
4.730733631470621647e-01
4.720106196988920200e-01
5.001364912702850329e-01
4.220809287622501182e-01
5.049194380832489060e-01
5.465618633004993843e-01
5.012099900348861992e-01
5.179426329709468924e-01
5.309330842972441733e-01
5.078378877011769932e-01
5.148877686058538350e-01
5.527287066843854513e-01
4.862387405866719359e-01
4.359412289817107267e-01
4.743254744062563866e-01
4.304759528775154998e-01
5.119196603877319562e-01
5.099895865866977962e-01
5.063497839605093365e-01
5.220146006291065399e-01
4.586316034789295615e-01
5.353766629194542936e-01
5.601130515595099668e-01
5.449182613186726032e-01
5.161511587863523154e-01
5.257376000626857726e-01
5.138654735770903370e-01
4.071264518918654707e-01
4.908395602738299113e-01
3.286496312825903932e-01
3.413608898149770310e-01
3.063766805258376635e-01
5.798583335455108623e-01
7.534098883987712103e-01
6.114065904304782917e-01
9.156922566817065068e-01
9.602083679680559758e-01
4.475984238908665702e-01
4.551432144641873734e-01
4.765020299989455310e-01
4.625900230006818603e-01
5.298705210495968654e-01
3.953141661344780622e-01
4.979698406086981999e-01
5.166656127511484176e-01
5.101619025869444934e-01
5.087344170427441359e-01
6.213591075920280593e-01
6.338781734781843147e-01
5.169111639676466918e-01
5.199856921044280211e-01
4.641012086361783195e-01
5.035437730965507397e-01
4.602483107615655267e-01
5.176044300678981358e-01
5.101121730699366141e-01
5.121923516750789274e-01
5.357037111705985621e-01
5.488377452846685545e-01
4.609056853519954977e-01
4.947520022173813592e-01
5.258287425020740091e-01
5.495645873987190511e-01
5.287692600405240473e-01
4.997074422122654846e-01
5.239964609386742467e-01
5.064026231495721841e-01
6.701633888961193719e-01
3.470280347906226082e-01
3.774526288475992253e-01
6.857184448574529245e-01
7.627877074337383601e-01
5.517880506466898982e-01
6.895691202742229020e-01
8.210277487970133459e-01
7.709769750958785917e-01
4.566461665375710077e-01
4.452007814039732891e-01
4.665735770177045216e-01
4.521299547977732369e-01
5.893832554001455781e-01
6.553894238001186645e-01
5.423039266631101141e-01
5.311423720303461993e-01
5.084460548319421624e-01
5.350152140074578844e-01
5.008907079598889922e-01
4.838641664156485556e-01
5.284041859038577371e-01
5.503730306949811135e-01
5.139724725816330331e-01
5.340946424751698007e-01
4.788364163789817773e-01
5.217248190024857957e-01
5.241933888790910601e-01
5.082119076780970968e-01
5.000162494859492490e-01
7.022502109294223027e-01
4.477530841846791843e-01
4.850857872261170600e-01
3.680713658002294220e-01
5.322076464180522937e-01
6.648960241397232629e-01
5.406110889700892486e-01
6.768948998066414147e-01
7.693968708879321827e-01
8.423484178231658293e-01
3.016536970369375070e-01
2.274124072012218833e-01
8.029781930886342733e-01
8.123994871797308726e-01
4.678696071181841498e-01
4.153452517232761321e-01
5.736951345399535773e-01
6.788124833857349660e-01
6.804346307512207925e-01
4.822910618775398950e-01
2.207401512434132851e-01
4.520915063042965087e-01
5.091526857774255621e-01
2.624725763056523498e-01
4.824294435636761191e-01
4.906311107274045624e-01
5.020710204692432344e-01
5.011347351810375716e-01
7.854101415771197470e-01
5.070341434917458034e-01
5.150622921600539472e-01
6.347217001660006019e-01
7.642239636374343892e-01
6.511952607789556202e-01
6.954270535161404254e-01
7.068214518140395475e-01
3.186436153429234031e-01
4.944656700220674828e-01
5.019099692555651915e-01
5.044500239673879172e-01
5.283370497058810233e-01
5.189523662014335903e-01
5.185888909448476136e-01
5.519199470559943421e-01
5.946916839252864850e-01
6.232404772033668383e-01
6.657521348495401003e-01
7.271105441810077341e-01
8.015890962092339089e-01
8.971485305473786420e-01
1.186302975743791094e-01
5.815220361120764236e-01
1.344235927365144689e-01
6.941427943268073664e-01
7.014236349261440129e-01
4.783237916909484078e-01
4.732380469775445131e-01
9.010962603674737004e-01
6.773705993512794121e-01
1.700036287962526649e-01
5.562427529827391748e-01
7.072968098141781956e-01
5.448336420640907951e-01
6.303894019030864548e-01
6.409307560416254157e-01
1.914616752631633778e-01
5.709526960094382098e-01
6.996519240347635060e-01
5.692274061444283495e-01
7.279873776540829455e-01
4.648001362448730966e-01
4.529796909287839846e-01
4.757677440152788262e-01
1.054374290691716620e+00
2.465510830719442326e-01
3.613049059547617792e-01
4.595159157648570636e-01
7.017259293420217148e-01
3.976837189327198097e-01
5.246233048705920554e-01
6.099442909280795577e-01
6.209795595075944252e-01
6.133425134832594106e-01
6.503858837809244342e-01
7.236909037234973141e-01
7.558130400846158059e-01
1.908106879655565580e-01
1.624717145094951853e-01
5.601128335920303458e-01
6.800789150611230571e-01
5.747631508595714145e-01
6.679873005394165730e-01
7.401046688049255362e-01
4.190686551172538299e-01
3.983506421472314263e-01
1.245457196694834234e+00
5.964302377008123823e-01
6.728302288430046962e-01
6.548344184187656625e-01
6.853354904724300312e-01
7.384289464339619524e-01
7.870935396796611139e-01
7.017903903660466236e-01
1.622854682729734099e-01
5.569020943740836671e-01
6.674109480737951960e-01
5.400542795035352395e-01
6.256051586052217006e-01
6.973073008876333745e-01
7.006311281593130547e-01
3.841382118124532785e-01
3.861056193248637580e-01
4.024459055957198550e-01
3.084513819770253185e-01
6.092608758000183089e-01
5.996987938239084492e-01
6.116129170469910559e-01
6.910428827589103484e-01
7.056099147361378776e-01
3.117625784199785643e-01
3.013515493423780112e-01
3.477296793253819018e-01
3.654254734947633976e-01
2.970178014767057006e-01
2.049029533227832989e+00
1.740046868094054622e+00
3.818410852482102547e-01
3.955179198580970334e-01
3.487994228182113021e-01
2.411535601138305118e+00
3.911142283689436616e-01
4.269385639130633403e-01
3.891420414110002834e-01
2.848492570060678020e+00
4.268981858566259224e-01
4.593898605011559888e-01
4.032109332992315776e-01
4.407615982513606312e-01
4.394362839185558811e-01
3.400601415069105737e+00
4.728970046863320009e-01
4.768236633908370381e-01
4.585856178659371563e-01
4.670055238805620457e-01
4.765184331193459966e-01
4.739081116389612380e-01
4.634663334372134957e-01
4.158157607054746130e+00
4.616104486641482429e-01
4.776375441285115597e-01
4.725034586388677793e-01
4.851729407687909168e-01
4.876478670169522855e-01
5.381391750187032308e+00
4.477446337724572123e-01
4.629969268238592339e-01
4.757541715322955445e-01
4.810905706519799652e-01
4.773921042642088053e-01
8.334820280135799564e+00
4.454635477276310263e-01
4.619202835219118897e-01
4.569697326044402375e-01
4.741351075736027765e-01
4.637571513455098771e-01
1.072577387071193655e+01
1.676621791101905856e+01
7.122850711485480879e+00
5.562560051408205197e+00
5.004809089343543960e+00
4.656910000027974839e+00
4.394081139863355467e+00
4.176411206959570244e+00
3.986438822880151278e+00
3.814858566750894742e+00
3.656345640102686367e+00
3.507802103838767671e+00
3.367479881229504812e+00
3.234487492579496415e+00
3.108484014080591606e+00
2.989469892721293487e+00
2.877632681185937180e+00
2.773230621187086964e+00
2.676508241296998047e+00
2.587640870368149049e+00
2.506703608226050761e+00
2.433658369815387967e+00
2.368351917166522380e+00
2.310518450214194441e+00
2.259781721445825564e+00
2.215653282638486044e+00
2.177525366424960307e+00
2.144659364673338064e+00
2.116174088433677269e+00
2.091041630287386877e+00
2.068101526952116576e+00
2.046104135546231717e+00
2.023789756233040027e+00
2.000000413055519566e+00
1.973808366818924798e+00
1.944634356463877944e+00
1.912325350367826360e+00
1.877169885139084782e+00
1.839846934530146916e+00
1.801324216082959451e+00
1.762734861533660435e+00
1.725262150828476670e+00
1.690051811300477214e+00
1.658156537377861950e+00
1.630505029518947602e+00
1.607882202730235299e+00
1.590908457089635908e+00
1.580011455868646220e+00
1.575390528505596022e+00
1.576979375113185755e+00
1.584416370148556741e+00
1.597033499335434481e+00
1.613874795237286497e+00
1.633752238662601997e+00
1.655339996462866337e+00
1.677295819931048593e+00
1.698383395031624499e+00
1.717557163073409665e+00
1.733969742885031140e+00
1.746878220312364061e+00
1.755460107460648400e+00
1.758595539541283115e+00
1.754714239104232520e+00
1.741822749628267220e+00
1.717796454396742112e+00
1.680929111408322241e+00
1.630597753313096421e+00
1.567785549696512293e+00
1.495196053255084534e+00
1.416835668888748678e+00
1.337181319625780462e+00
1.260245782654713764e+00
8.931440887658973482e-01
9.304049277969602683e-01
8.587578023645683345e-01
7.954703678708910930e-01
8.150659926121355259e-01
7.763924275864501068e-01
7.826745085680942848e-01
8.013643265847980590e-01
8.165063017696063685e-01
8.286526821867196135e-01
8.383210164340383352e-01
8.434816191401192098e-01
8.538515005855332740e-01
8.751726023483431538e-01
8.956840128427842052e-01
8.998583106005278998e-01
8.795074607184310000e-01
8.263960232463151145e-01
7.406051211642961096e-01
6.454934538066392502e-01
5.802926691596671516e-01
5.378221984746225370e-01
5.117010636892207476e-01
4.967312414614902805e-01
4.868545133682661841e-01
4.713338528315811349e-01
