1.754881753705842584e+01
1.114242286632081225e+01
8.638212989869138880e+00
7.294521837518915142e+00
5.609322506364601502e+00
4.990038164889131878e+00
4.601970516658157706e+00
4.311568608306536099e+00
4.075193093138103961e+00
3.873178110863123802e+00
3.694604566090911923e+00
3.532836358274993316e+00
3.383655996978376823e+00
3.244341911808232837e+00
3.113154317650733027e+00
2.989021092388821188e+00
2.871330214554340898e+00
2.759783657651788236e+00
2.654289964869988250e+00
2.554883364565510906e+00
2.461662344552284942e+00
2.374742891050342308e+00
2.294222566230076144e+00
2.220152085951192067e+00
2.152511592193081746e+00
2.091189699027178328e+00
2.035964735239847112e+00
1.986489322489067844e+00
1.942281221366668920e+00
1.902724750755756089e+00
1.867087393588111821e+00
1.834554835123886507e+00
1.804284383144204584e+00
1.775471951471463417e+00
1.747422871531652433e+00
1.719613629302325197e+00
1.691731909271906309e+00
1.663686663901432272e+00
1.635587294436525951e+00
1.607699032348808510e+00
1.580387418359511464e+00
1.554066286807663122e+00
1.529160377127016579e+00
1.506086921249823352e+00
1.485252890113889945e+00
1.467058823321347516e+00
1.451898161645704954e+00
1.440142943578517798e+00
1.432111257170882501e+00
1.428016881899050627e+00
1.427905420441132334e+00
1.431583403505844343e+00
1.438548203134453196e+00
1.447928799099811759e+00
1.458451933426073710e+00
1.468454588421013174e+00
1.475968359809531893e+00
1.478896983372157914e+00
1.475287531315358835e+00
1.463657907559431814e+00
1.443301569130134521e+00
1.414470453984800979e+00
1.378361345569838470e+00
1.336897320893608798e+00
1.292372212671682563e+00
1.247069669752602028e+00
1.202958262672294554e+00
1.161514237217241563e+00
1.123668231669578965e+00
1.089839657814876128e+00
1.060019190229879227e+00
1.033874843456799031e+00
1.010873753695191501e+00
9.172218008869100769e-01
9.106507203528648731e-01
9.086319350526663730e-01
9.214598995008208560e-01
9.371206925085535655e-01
9.586149337010958504e-01
9.847550212530741254e-01
1.013353394562912513e+00
1.041017264742651216e+00
1.062991727258035146e+00
1.073123234610493970e+00
1.064022594188541282e+00
1.027427113907827039e+00
9.545706917711445083e-01
8.361541887479809754e-01
6.691573308142418908e-01
4.876946012464989932e-01
4.116344601737079723e-01
4.388490508826912162e-01
4.446257356578525166e-01
4.446305452933855262e-01
4.548609205201952221e-01
5.540073452296540246e+00
4.264393674696879688e-01
4.215588292043278562e-01
4.427515022268405098e-01
4.434483407606444882e-01
4.525211624811579791e-01
4.274872613384617992e+00
4.257542877404263959e-01
4.227457631757460255e-01
4.431831439704443931e-01
4.450950669651416725e-01
4.475726898393543318e-01
3.504637878252090832e+00
4.282166498704861324e-01
4.176647170597992398e-01
4.421454868455020892e-01
4.473425215322850423e-01
4.365867935637357533e-01
4.353335859922016216e-01
2.952592337712511394e+00
4.181696977538734150e-01
4.301513699248566414e-01
4.458616669428661083e-01
4.477612591744590809e-01
4.400566967255806206e-01
2.523005823071218678e+00
4.311724293271634312e-01
4.111425375933790427e-01
4.340173837638598986e-01
4.442470940989447503e-01
4.332002572876955115e-01
4.323555064822927618e-01
2.172492732734391030e+00
4.132237096636885987e-01
4.295374355285261903e-01
4.288401959893508586e-01
4.168685501404075788e-01
1.878067724078345657e+00
4.119470008938457828e-01
4.251129553401103434e-01
4.339139487242139603e-01
4.137162197089837568e-01
4.201755804744126133e-01
4.217591189238574789e-01
3.981769360129719382e-01
2.705563310685119016e-01
4.934325290382307050e-01
4.844214948210234795e-01
4.969491817630437569e-01
4.998103741812846001e-01
4.969093478493326055e-01
4.158715734895572225e-01
4.182255922245859403e-01
4.132004213122271175e-01
1.221044175370553431e+00
1.409118270102460491e+00
3.388557077269756523e-01
4.703907316430689933e-01
4.767948906744417514e-01
4.869796459008784439e-01
5.054642504041779727e-01
5.046161910413031748e-01
5.131231129048188233e-01
4.114219004703555393e-01
4.349963404160211988e-01
1.058278134912224999e+00
3.142388042295099493e-01
2.699333329316980223e-01
5.035716098655224071e-01
4.469596865643019612e-01
4.694820661751109014e-01
4.702191277230901023e-01
4.667133043137253745e-01
4.635088356238440399e-01
4.632991842960108020e-01
4.672432394791649624e-01
4.697474175505275129e-01
4.731226355160425556e-01
4.787018882304965861e-01
4.864904656740222655e-01
4.841225086500202113e-01
4.743763807936556831e-01
4.345278646362788488e-01
4.485978934182198730e-01
4.745313548356259181e-01
4.836262724730132079e-01
4.961848691388198174e-01
5.216545572432019773e-01
5.070399350284574558e-01
4.140429520892591198e-01
4.120343292981532568e-01
4.304057999480883634e-01
9.191149641764772005e-01
4.494951451601600922e-01
4.444336999896527085e-01
4.408084919616589992e-01
4.682019892915048609e-01
4.670488124528711649e-01
4.679676062323593899e-01
4.677904374441564928e-01
4.674679763256078258e-01
4.683777469499041946e-01
4.726692020449910769e-01
4.779044011776367173e-01
4.935102383027830109e-01
4.835399433689719917e-01
4.614724311355382635e-01
4.425769617217711338e-01
4.409629098528609625e-01
4.801927189377872551e-01
4.831156332503255824e-01
4.951126698833410722e-01
5.247450310470298529e-01
5.088981148992562931e-01
4.224693030504048097e-01
4.260027290189759008e-01
4.159950546754323519e-01
8.040741795306812767e-01
4.986874231034255089e-01
4.152683183907357467e-01
5.545877612153037317e-01
3.877559785366201384e-01
4.378851770876661109e-01
4.498384590565924768e-01
4.724654962181518703e-01
4.658987757857621648e-01
4.717465578152572059e-01
4.646778399708723639e-01
4.851097626043083255e-01
4.482789374711020902e-01
4.649745489987162084e-01
4.867523005456355634e-01
4.828243741011779555e-01
5.004439804212849063e-01
5.212894682406223890e-01
5.316748476151755831e-01
4.251426137340885147e-01
4.287851444713499660e-01
5.258989717522544183e-01
4.763860816231195727e-01
4.985573481628539083e-01
4.120455171395716598e-01
4.605934292616739034e-01
3.807927227422273075e-01
4.606993355729510076e-01
3.409546465082219369e-01
4.216016652489544825e-01
4.753180102862715195e-01
4.856190944425335387e-01
4.892970476368143640e-01
4.902538933594737247e-01
4.998168912098643335e-01
4.811219830314674706e-01
4.138771179964323421e-01
4.298001819626330877e-01
4.314044586535445425e-01
4.315315696298993586e-01
4.720619525085822388e-01
4.463370064825740169e-01
4.479958521761731038e-01
4.722535182565394951e-01
4.825821950626986712e-01
4.901830902702217774e-01
5.236846790477113212e-01
5.399794122529377738e-01
4.240791501995435642e-01
4.225580177263170145e-01
4.458962890538905044e-01
4.354556486642379709e-01
4.356605208097585336e-01
4.629551914915979727e-01
4.475673684094085281e-01
3.801404688768117435e-01
4.335899548009317095e-01
4.866446516846244519e-01
4.882873323792871201e-01
4.612114184661198490e-01
4.435873990793858246e-01
4.239037808763212456e-01
4.752206642682633153e-01
4.746294801926890794e-01
4.667025471194592434e-01
4.691202920374452079e-01
4.699908037868022470e-01
4.726382380229102731e-01
4.776657146923866670e-01
4.857961051406453623e-01
5.059361577206966665e-01
4.901320781655762460e-01
4.220605187140569758e-01
4.396162645165828664e-01
4.611198625361566106e-01
5.109421989889386673e-01
4.055848344479630607e-01
4.199933547091861397e-01
4.718590655832396452e-01
4.597658443700831654e-01
4.635708598128435165e-01
4.460095821703782271e-01
4.476690829537103289e-01
4.664235972833884469e-01
5.493269825193100031e-01
5.320944966288791989e-01
5.044810289177646956e-01
4.814954142145741467e-01
5.084309266022478679e-01
4.228199644731827633e-01
4.255780406142559702e-01
4.467881810895011907e-01
4.327592215911670870e-01
4.338492202870619652e-01
4.396876995343096950e-01
4.643966941253612202e-01
4.897150213921862005e-01
4.987854304560040974e-01
4.603487007900694539e-01
4.243785746364237554e-01
4.640030209521017190e-01
4.969574098144677321e-01
5.091007970358617518e-01
5.298675978184707036e-01
4.339432750676733286e-01
4.503450530051992806e-01
4.503329859483591879e-01
4.563350888110285775e-01
4.799083792018686290e-01
4.717903339992701728e-01
4.755921526219340500e-01
4.894462793688194036e-01
4.794172783056860898e-01
4.260336451747512854e-01
4.349214906303561223e-01
4.398551669263199293e-01
4.296806431050186892e-01
5.300861737438263832e-01
4.194886804862695273e-01
4.036455110278657776e-01
4.645850225982028348e-01
4.700034319789823667e-01
4.691276934718384140e-01
4.478921542898876007e-01
4.485465723107366354e-01
4.693405713696136572e-01
4.696246463512044889e-01
3.822119435141129729e-01
4.161886213945178437e-01
5.157850061865223434e-01
5.230076692506206992e-01
4.297234829055001093e-01
4.333460551704188535e-01
4.410388629707442942e-01
4.366369809581268080e-01
4.326229969113082885e-01
4.747887044641237453e-01
4.794554727817247342e-01
4.900248708888597093e-01
4.903432945886414540e-01
5.063569089842039350e-01
4.875954196750404979e-01
4.355189390802187144e-01
4.463534969703010225e-01
4.458141426230947113e-01
4.429090147856915016e-01
4.704483512321095406e-01
4.645038096653161253e-01
4.424184727263125727e-01
4.764685614170771633e-01
4.911034492913180505e-01
5.002031451268615925e-01
4.275558767402483085e-01
4.427082270036424849e-01
4.362693265389809838e-01
4.348940051549931574e-01
5.285136157937448953e-01
4.808758656646425766e-01
4.051799576207891218e-01
4.692453800469552627e-01
4.711324019110639805e-01
4.691196207517017158e-01
4.463278597790241720e-01
4.490198148694918290e-01
4.719598988363993275e-01
5.208042859409695025e-01
4.138272821234815768e-01
5.218267701960661586e-01
5.096074293848380510e-01
5.167780666764545394e-01
4.304942498136726803e-01
4.373492872169779111e-01
4.211737860201899553e-01
4.218706336281546343e-01
4.228586223114203513e-01
4.898825295450708328e-01
4.724707725760133870e-01
4.719222267194143061e-01
4.505163002411575190e-01
4.823804955630176527e-01
5.091839596428638925e-01
5.312054376687292967e-01
4.334818883740370055e-01
4.473738569840157164e-01
4.472788293847904106e-01
4.444078940647829823e-01
4.877609031728100675e-01
4.526703627225799886e-01
4.314748883694502490e-01
4.690435964698497218e-01
4.763286265024473942e-01
4.853533507112063883e-01
5.028231707941051010e-01
4.289543114115900169e-01
4.454164517671697632e-01
4.383971486494945280e-01
4.381352095926778767e-01
5.175502542840986209e-01
4.231537848293696058e-01
4.205654801474996152e-01
4.705281796479589551e-01
4.703386342608155690e-01
4.692584418346156250e-01
4.458950630557640404e-01
4.498763463722026401e-01
4.712475739306877243e-01
5.291251284295712676e-01
4.987357897760078540e-01
4.054928422122217602e-01
4.081993037774346300e-01
5.177274133489593311e-01
5.125963171755708592e-01
5.094835957614405331e-01
4.319303622192438019e-01
4.538360427051396084e-01
4.242103890514766218e-01
4.249552433404285012e-01
4.348536228568272155e-01
4.675831874100297436e-01
4.737992253174116430e-01
4.866859542535661443e-01
4.910761093236500341e-01
5.079450876777179547e-01
5.209044721128578415e-01
4.366382447150210511e-01
4.486425665242689265e-01
4.608219930644507079e-01
4.963788008346822211e-01
4.806329593080649887e-01
4.322396645918633595e-01
4.717132938361588979e-01
4.809940599862110311e-01
4.832989864294072180e-01
5.026847141881251035e-01
4.331673413747217927e-01
4.475667777854672735e-01
4.463208855446036960e-01
4.459942328710657100e-01
5.225766684501238490e-01
5.015628362709078081e-01
4.208916730429875241e-01
4.698146418652292544e-01
4.699487180441058731e-01
4.684238531215340062e-01
4.462278462766073872e-01
4.524386596156775853e-01
4.665915764329925386e-01
4.971696650492644642e-01
4.153455577424156053e-01
4.094764193346384085e-01
5.100454086031201983e-01
5.101315512788596740e-01
5.232190771132523288e-01
4.327378315690408872e-01
4.349038064523125802e-01
4.297497578940754348e-01
4.269329999175651702e-01
4.234528136307410540e-01
4.709366591760887899e-01
4.788401164803892107e-01
4.782734464940596730e-01
4.844508208254143522e-01
4.945337413959658979e-01
5.046555480676103711e-01
5.216187607622662092e-01
4.406812273579572281e-01
4.446648820517717371e-01
4.590374946294038527e-01
4.703327336548721038e-01
4.335195221115845654e-01
4.725093338843619484e-01
4.841530319420870310e-01
4.879049476437493649e-01
4.457250091248642354e-01
4.460959956184757380e-01
4.775269421340664344e-01
4.985466118397087198e-01
4.258159641229274373e-01
4.145365445347550803e-01
4.697309365403034565e-01
4.697727110404293360e-01
4.690694811724512858e-01
4.500149371649816987e-01
4.520601458475412837e-01
4.545131212126778952e-01
4.631721755516286509e-01
5.007311498962938590e-01
5.180965548335531023e-01
4.097333633804801090e-01
5.034954830954047056e-01
5.033407521559100095e-01
5.350088476904135693e-01
4.321287662053773793e-01
4.370596428063309169e-01
4.200457060359266137e-01
4.202840658614588887e-01
4.797048353178676727e-01
4.802278273736803049e-01
4.841969903517867047e-01
5.054085930175036268e-01
5.089858390023561663e-01
4.440959081285162369e-01
4.313921465693666968e-01
4.656408727634205880e-01
5.423051582320190800e-01
4.947707763606373765e-01
4.278425653315004462e-01
3.981282256356784566e-01
4.787619414065742984e-01
4.757440445606969659e-01
4.782341435628022497e-01
4.998576812676358561e-01
4.466534043561330436e-01
4.982599322408161613e-01
4.074875800732089548e-01
4.693747501286298363e-01
4.710617154554466168e-01
4.601165265514912672e-01
4.498604577513440339e-01
4.627049799784255790e-01
4.910468205358605731e-01
4.916662800086148977e-01
4.191132397314293323e-01
4.123636739992321276e-01
5.021995131037864102e-01
5.017773609354838626e-01
5.104959564124538218e-01
4.360519379665420137e-01
4.413236974175684391e-01
4.154180502073514525e-01
4.210800925161079511e-01
4.722080270806430780e-01
4.773467064183283259e-01
5.008289713155612555e-01
4.901422751592071081e-01
5.132085157220184213e-01
5.237095442413307600e-01
4.019286160935818253e-01
4.389802032214810690e-01
4.694138207256538520e-01
4.772236732354699362e-01
4.765963994022995309e-01
4.303362528018735422e-01
4.720617342286411722e-01
4.688104231083705109e-01
4.738550741219042517e-01
4.833175127069841426e-01
4.112609525681599210e-01
5.084249882828514311e-01
5.011072321011902364e-01
4.429787959179132262e-01
4.398145018505250636e-01
4.224360109466346325e-01
4.295256696712297373e-01
4.359907530508991824e-01
4.674799822455991127e-01
4.723698580189588658e-01
4.885981142045728309e-01
4.991853296490162406e-01
5.067127451760966572e-01
5.118281124892197775e-01
4.395837573699037382e-01
4.389592793867204690e-01
4.765150157112058582e-01
4.718617722449551244e-01
4.744318481473794868e-01
4.831486815757248809e-01
4.446874144946874607e-01
4.125899678295153472e-01
4.666564084056189499e-01
4.711933763720113633e-01
4.722446298419366584e-01
4.231906431455021433e-01
5.060621332678593154e-01
4.963431633941910448e-01
5.205514460546887268e-01
4.473205414015994363e-01
4.428424980023994428e-01
4.310342944018139555e-01
4.332291878275459918e-01
4.676232914929075446e-01
4.756190187214954235e-01
4.757168193216652630e-01
4.904834687333827214e-01
5.146491291912401733e-01
5.401274003442464444e-01
4.336385491745842202e-01
4.664040295418889759e-01
4.653990868304626050e-01
4.647134719496726629e-01
4.360531869014912520e-01
4.531768467228208253e-01
4.544469917716212337e-01
4.335072582755108983e-01
3.913605042237358056e-01
5.104344643151178529e-01
5.085644777157175556e-01
4.443043385623052233e-01
4.455218880694610806e-01
4.233212116769889399e-01
4.223479970694676844e-01
4.741228939003821474e-01
4.787531897796001856e-01
4.961363287278532375e-01
4.759938895900526767e-01
5.313840635227097264e-01
4.890665927012483594e-01
4.832941884325666071e-01
3.855875715364962542e-01
4.450481301448292459e-01
4.472965384115596965e-01
4.408186671115670308e-01
4.306258441852774954e-01
4.682431490235436922e-01
5.122205510882399393e-01
4.891555758414201094e-01
4.975393580710323893e-01
4.450620759399055992e-01
4.469514212206341375e-01
4.188997130657193813e-01
4.203609782632061198e-01
4.752006107061438334e-01
4.696921162741949929e-01
5.043125668278728435e-01
3.795776032285878565e-01
4.833402025516193579e-01
4.840213648164283233e-01
4.302617442882062382e-01
4.260195552053807622e-01
4.599894784143738202e-01
4.884966757051131259e-01
4.545062949812487263e-01
4.395256685872528379e-01
4.985431454915723037e-01
4.807852435515494460e-01
4.569969024210276953e-01
4.483608450153973024e-01
4.470592289313434775e-01
4.242734387356638659e-01
4.266819978733891183e-01
4.337075085584932710e-01
4.716687678300517383e-01
4.712039391290087642e-01
4.246926805138737659e-01
4.853487648635858576e-01
4.832075922721548178e-01
4.198493551542197832e-01
4.914455066249382442e-01
4.840597666743908789e-01
4.404558961722274124e-01
4.400920906317183356e-01
4.536572925787649146e-01
4.534014835129602794e-01
4.528540101413201513e-01
4.909991645981476860e-01
4.926157938308715067e-01
4.904979527573265496e-01
4.525347203924298678e-01
4.511264464112592076e-01
4.475575459781422905e-01
4.335845490116693735e-01
4.367889500297306715e-01
4.667815551692084952e-01
4.724013659182681457e-01
4.229709567193088993e-01
4.242532300306171011e-01
4.784338922380340087e-01
4.957690116371210598e-01
4.942266893689998830e-01
4.307123490997163962e-01
4.212716423848043568e-01
4.852959276420503731e-01
4.807120405561599585e-01
4.418601586770787848e-01
4.653467965843087750e-01
4.693840562982105613e-01
4.164733320165685537e-01
4.380186528426134318e-01
4.887181701666660216e-01
4.843856341676051058e-01
4.694308497013677250e-01
4.584664700328752729e-01
4.673296851873076641e-01
4.816819534236152500e-01
5.049125144029971146e-01
4.884111382151156699e-01
4.528927289901862330e-01
4.540572201397997110e-01
4.260768953806299830e-01
4.259898249541366755e-01
4.716786849427954120e-01
4.749826149853040858e-01
4.715812654169231344e-01
4.289144163819622602e-01
4.231953137450387703e-01
4.665237654141228263e-01
4.743146458027649448e-01
4.690795532908357268e-01
4.771837163746173172e-01
4.704128480457667183e-01
4.989078694407118042e-01
5.085678895002003763e-01
4.225323450948465509e-01
4.741376209582423562e-01
4.958789248139849337e-01
4.103109555793817975e-01
4.372117860606620221e-01
4.765527957201076692e-01
4.874131993842555355e-01
4.861812456268894134e-01
4.479795662225642405e-01
4.445763213293161265e-01
4.696245164080487533e-01
4.700085887501541104e-01
4.217829051633364412e-01
4.308918090752022478e-01
4.421657261675096540e-01
4.852456909723386613e-01
4.747223389021177908e-01
4.580113373397158294e-01
4.483106319818815355e-01
4.652415948636431930e-01
4.938363355307773261e-01
4.863240449817245459e-01
4.523332608914398811e-01
4.545005059859268948e-01
4.224483819078304614e-01
4.181393190788362801e-01
4.739610393537042055e-01
4.733965540135816608e-01
4.251224242996438085e-01
4.724704252677859873e-01
4.781497723198414596e-01
4.709795248621686525e-01
4.762354726018894202e-01
4.852483400588731843e-01
5.003670850565060668e-01
5.041302674842025322e-01
4.316610371417411440e-01
4.289669211797075832e-01
4.923075263398584145e-01
4.935778185148685937e-01
4.172160353065607619e-01
4.150472665022675312e-01
4.320074185132780076e-01
4.861065315533006359e-01
4.913760318048600029e-01
4.495646891521127841e-01
4.418903860787247173e-01
4.716938536879062283e-01
4.723342570985303301e-01
4.368032868982378303e-01
4.323688942489250508e-01
4.795773286064091145e-01
4.806505715660977507e-01
4.640329041768479490e-01
4.564863051316563336e-01
4.541503538092633296e-01
4.631349883783351662e-01
4.846796368282872414e-01
4.890079473097963536e-01
4.562301433133509332e-01
4.233958642304501696e-01
4.237101258510859725e-01
4.245846755229213954e-01
4.666632747939498116e-01
4.720672434154429276e-01
4.331435986444930886e-01
4.317420660739378357e-01
4.736086992060959955e-01
4.746277733171171409e-01
4.671597943074036752e-01
4.633078861363816858e-01
4.742392017939586757e-01
5.019868318547735520e-01
5.173531332548216843e-01
4.286115759755714794e-01
4.219381699808943953e-01
4.928600868070749930e-01
4.975331684341025018e-01
4.169317264027452841e-01
4.080955472193849021e-01
4.834813801918377285e-01
4.894202751394026163e-01
4.426554732313308094e-01
4.403456913242467796e-01
4.702880847831996114e-01
4.717652832054287093e-01
4.289373272237791412e-01
4.307861322456863484e-01
4.800630816834700609e-01
4.875835407326897797e-01
4.846983412669177427e-01
4.629235484762189157e-01
4.569587847780906542e-01
4.584311970756629884e-01
4.642488301407951545e-01
4.831265780163142565e-01
4.863653267845287620e-01
4.597930460531406416e-01
4.575777686695520208e-01
4.328253430835084514e-01
4.395338281144344217e-01
4.625053411064752873e-01
4.665867906446432567e-01
4.361636530546801338e-01
4.253602472867625273e-01
4.761055464098011836e-01
4.725348608981649323e-01
4.644137721394981932e-01
4.676283041912179805e-01
4.916452358628972119e-01
4.933093511563089173e-01
5.268789367706556703e-01
4.243592439759011903e-01
4.213320023160402883e-01
4.957559326600508576e-01
4.945576840589742118e-01
4.176174388539074522e-01
4.229002251763815945e-01
4.356154979946980088e-01
4.732541842138633936e-01
4.823865415237720278e-01
4.426630624672130976e-01
4.390693983625466590e-01
4.733410003796039711e-01
4.715759575847091600e-01
4.242806209943552620e-01
4.277916888883110946e-01
4.812891021084144128e-01
4.872253553672295512e-01
4.540415607079777982e-01
4.572763683372223498e-01
4.591037196867541192e-01
4.660501501436599137e-01
4.830473146144208529e-01
4.854957369989068572e-01
4.602177643129696794e-01
4.604544446411829028e-01
4.317970410853631535e-01
4.273634059520350914e-01
4.649929165328796632e-01
4.610873407313192951e-01
4.665416898330957407e-01
4.280855197433603987e-01
4.246741124519140542e-01
4.818110669582196248e-01
4.632526102615668884e-01
4.597567329537485814e-01
4.669134807362507189e-01
5.028321216612668954e-01
5.036545115377522031e-01
5.221232924665016872e-01
4.187865814793325092e-01
4.326578397729344827e-01
5.030170099196259459e-01
5.012498696760575578e-01
4.266925350817618590e-01
4.198860228500039815e-01
4.806150668111640600e-01
4.766079240157368169e-01
4.922609371617828744e-01
4.352844345212132926e-01
4.383420765146168741e-01
4.784968841614872237e-01
4.332924505183781139e-01
4.405510583338332342e-01
4.442786054909447224e-01
4.769460997735168184e-01
4.847815059325893960e-01
4.519408420610062649e-01
4.556414743983005500e-01
4.638574356397515697e-01
4.638334117885622443e-01
4.841447372596646703e-01
4.860358568999365581e-01
4.572657273907657638e-01
4.619372560183819809e-01
4.250053861114470033e-01
4.236104882912601344e-01
4.594024487963086489e-01
4.593554795746040420e-01
4.140355523775833269e-01
4.267660880564044246e-01
4.784864313734800700e-01
4.763394461358163023e-01
4.595760046495122042e-01
4.567482029179297798e-01
5.186838018623592950e-01
5.224886071530800979e-01
4.190911880970931702e-01
4.643188700165070681e-01
5.156890720037690112e-01
4.159493957904815131e-01
4.212822644399778493e-01
4.774828404325753284e-01
4.797602175249266465e-01
4.322677266163300613e-01
4.389107843461512726e-01
4.763713201399818464e-01
4.763387086357465106e-01
4.493515762723639950e-01
4.433078673257818125e-01
4.731610565271374136e-01
4.760158067803221260e-01
4.543520597552783147e-01
4.653140581321213443e-01
4.858347107497499873e-01
4.858119501546298014e-01
4.607100788139535941e-01
4.176113909455083095e-01
4.161691802462721412e-01
4.580643980368205304e-01
4.601014044611728693e-01
4.856620147705464907e-01
4.229767827757993648e-01
4.323584112533906954e-01
4.856717546853386858e-01
4.759962629644666765e-01
4.602848817182030317e-01
4.560352849106514284e-01
4.611008266032983194e-01
5.052029933228654457e-01
5.178746244168679347e-01
5.150513555109694774e-01
4.273365478704541087e-01
4.313786181300647282e-01
4.403183513449733799e-01
4.738661779994222112e-01
4.699852287062221134e-01
4.931998431823442219e-01
4.278291663587527882e-01
4.397313201525974158e-01
4.780201834383015491e-01
4.783124686754572918e-01
4.434447111392485485e-01
4.385003208070839542e-01
4.698780648538550819e-01
4.698497513504532597e-01
4.852417826933400069e-01
4.584853970385620592e-01
4.560966179730633341e-01
4.673879932251596703e-01
4.680812891808771581e-01
4.842498905443726742e-01
4.814962111374714859e-01
1.140808186187586504e+00
4.195704774089403788e-01
4.130950274148165180e-01
4.134303257274871135e-01
4.279995761480695493e-01
4.814099355495165544e-01
4.677302171687894861e-01
4.565330837143730669e-01
4.596840267366563704e-01
5.180386453869201269e-01
4.966852379414599117e-01
4.351129767555566574e-01
4.338376511194343976e-01
4.691192382222392765e-01
4.547604471803720072e-01
4.776396555607020367e-01
4.718427893225624614e-01
4.384990932635102201e-01
4.445758918820726935e-01
4.655144309324944496e-01
4.750395211635900505e-01
4.489245421350039345e-01
4.469966434231861241e-01
4.680146842824898790e-01
4.673019065854415177e-01
4.840625183808316412e-01
4.813974275824218774e-01
5.530956261558150899e+00
4.094564779863547610e-01
4.115287582393447607e-01
4.691536866610704903e-01
4.554061136578813618e-01
4.521193724113141132e-01
5.176709947387302391e-01
4.267155547973786045e-01
4.315268423615284399e-01
4.792995362821145799e-01
4.715132828574558621e-01
4.409671114068396958e-01
4.373270162065905353e-01
4.722076488715791220e-01
4.505129768234000243e-01
4.723584428165498728e-01
4.641097336356065917e-01
4.823869946147599230e-01
4.825778188231998889e-01
1.716142033152699753e+01
3.994907433829625321e-01
4.042614132960357098e-01
4.978446751590822617e-01
4.632258843989500163e-01
4.581363131319022286e-01
4.546357999659899618e-01
5.556041387249206487e-01
4.987046246179012154e-01
4.382855643458580253e-01
4.395954285248142024e-01
4.752781309455887948e-01
4.441347638809148846e-01
4.431499640669805951e-01
4.721812529475727938e-01
4.850577199886629276e-01
4.702397046683667869e-01
2.758830430927213229e+01
3.516905296568637040e-01
4.768680625807032447e-01
4.797809529268732831e-01
4.528242407391316338e-01
4.487653854192421576e-01
5.084576491354120265e-01
5.374032223603205649e-01
4.531628198588205647e-01
4.146364101277132952e-01
4.961619492737047166e-01
4.904659081011176203e-01
4.573712617124242596e-01
4.044559892288356884e-01
4.780390133588749424e-01
4.863014288402329743e-01
4.861335161935404492e-01
4.671498830709667205e-01
3.151458192357396726e+01
4.041781491342458232e-01
4.768939997244450169e-01
4.637371816970566885e-01
4.530402123115037649e-01
4.549752784410666107e-01
5.085561059363608027e-01
4.990585781704779955e-01
4.527177240533529767e-01
4.390853121683775950e-01
4.960920184994443427e-01
4.752232100936780723e-01
4.574881504010283595e-01
4.432762564676700490e-01
4.779498537272441339e-01
4.721105791534864760e-01
4.852188839525645170e-01
4.696034470072329992e-01
2.758721672714517226e+01
3.994582324679079033e-01
4.112939398203347974e-01
4.983491992821799110e-01
4.696976749089793457e-01
4.584701841473926009e-01
4.524103779790259461e-01
5.560932389837672796e-01
5.182183929338912698e-01
4.378016912553132078e-01
4.310766556893759760e-01
4.714491828496351067e-01
4.442743088180930444e-01
4.374639699228281553e-01
4.640098546102127686e-01
4.852755319384790544e-01
4.826847817861246726e-01
1.716048946610492365e+01
4.092638453497389750e-01
4.132832581439735420e-01
4.681717305072121138e-01
4.556749780167457797e-01
4.599371220935017934e-01
4.971694282876706894e-01
4.263219450715548531e-01
4.334772546574594543e-01
4.792346389426748732e-01
4.717864544350131584e-01
4.410895175588249173e-01
4.446876634034140352e-01
4.721662227756342478e-01
4.749669272933623176e-01
4.505735503277796816e-01
4.468864627832015990e-01
4.721819811788945942e-01
4.671020844200759470e-01
4.823312135546840573e-01
4.813507529154222309e-01
5.530603233765776672e+00
4.194932082526288131e-01
4.161006749215522271e-01
4.129750629217207591e-01
4.278579217024032211e-01
4.857243769105362707e-01
4.319467619589798524e-01
4.818284301822731153e-01
4.762897181154326920e-01
4.567635241955581571e-01
4.612603530987450240e-01
5.185377685608892895e-01
5.154443603874230284e-01
4.347810342646479809e-01
4.400274145585765795e-01
4.692729516918976440e-01
4.934336821641601145e-01
4.549642050462996967e-01
4.399428565055579776e-01
4.775895142299458329e-01
4.782737370783579633e-01
4.386014082265206615e-01
4.386003688084008645e-01
4.654129839250608081e-01
4.851236627303154858e-01
4.489479410609521493e-01
4.561149548318361169e-01
4.680480070040680673e-01
4.679398436118080151e-01
4.840816138605133490e-01
4.815706516553798222e-01
1.140722828527282129e+00
4.175474018348108163e-01
4.235823245271972959e-01
4.581895474472236773e-01
4.595117797046454067e-01
4.602296447974962845e-01
4.225609239670991557e-01
4.263848554833963300e-01
4.858116411274153723e-01
4.764338956793414126e-01
4.603327922464683919e-01
4.567999584655844103e-01
4.561893668729007367e-01
5.049054346106311986e-01
5.223909004832247849e-01
4.636149437941857188e-01
5.181466857837438988e-01
5.159126899572116232e-01
4.272329211844634878e-01
4.211821351275368830e-01
4.311293675159044159e-01
4.741231961115352500e-01
4.800557406803551141e-01
4.701985470288636004e-01
4.280539059057194007e-01
4.391269100214820753e-01
4.779968244434394942e-01
4.763274468591944255e-01
4.435177060926966952e-01
4.434324596959235976e-01
4.698120556063829500e-01
4.759241614938088394e-01
4.697390217775238574e-01
4.583384547813431631e-01
4.544343403806270776e-01
4.672617264464655196e-01
4.650931766821886915e-01
4.843400604778097529e-01
4.858986020074578804e-01
4.606047394146406404e-01
4.249588385768702792e-01
4.273223496697230450e-01
4.595358800938628696e-01
4.666623182409084802e-01
4.136841582566133102e-01
4.245192253859126907e-01
4.783804829101959699e-01
4.816977724356857893e-01
4.595824038569057968e-01
4.668846057688559870e-01
5.187422440817986979e-01
5.222235633325460480e-01
4.182705247240287028e-01
4.318550919250443987e-01
5.011503305661989538e-01
4.159449675075115316e-01
4.199200272134059331e-01
4.777440018796424992e-01
4.924981810151431993e-01
4.324837461525011806e-01
4.385510252765383865e-01
4.764034894424392097e-01
4.785298549871169205e-01
4.492838410292395723e-01
4.442079638906019645e-01
4.731213847658426452e-01
4.847311789683069749e-01
4.556568393137699902e-01
4.637389515999679745e-01
4.859173931084959652e-01
4.861074709600579080e-01
4.618397271119398240e-01
4.317572053940925692e-01
4.394756645017851016e-01
4.650946964740155787e-01
4.667119703374162376e-01
4.612243583476569597e-01
4.279791618786757401e-01
4.254025102723085205e-01
4.722101408519353560e-01
4.631205679554055155e-01
4.675308369370334560e-01
4.597150407056820320e-01
5.028684190017760347e-01
5.268430920435265286e-01
5.038194747871953538e-01
4.180089756464833717e-01
4.206840754595068121e-01
5.028949797372053165e-01
4.941566217084230050e-01
4.267744733578341942e-01
4.357722354793462372e-01
4.806980358759189165e-01
4.824765112664535227e-01
4.768320125587010017e-01
4.354836243816031516e-01
4.392540480021641658e-01
4.716709416310378433e-01
4.332645713189160475e-01
4.277528064978373679e-01
4.405848026970753950e-01
4.769196187429359801e-01
4.872078408165911312e-01
4.519172461521518414e-01
4.572575538990302779e-01
4.637796159481947234e-01
4.660279962536251208e-01
4.842105265179982854e-01
4.855525712544406791e-01
4.571782135157151927e-01
4.603963912441570439e-01
4.327574886746365368e-01
4.245139926333392211e-01
4.626099094130105005e-01
4.721686096297575408e-01
4.363417866650803334e-01
4.320213020399019110e-01
4.757408832686038092e-01
4.740780424565954609e-01
4.642374827073534327e-01
4.739690228865840460e-01
4.917202338084391000e-01
5.175212787909139189e-01
4.933288127875454787e-01
4.237622664475686474e-01
4.214556679283130713e-01
4.953012142317876898e-01
4.969693901950654191e-01
4.178732292085355904e-01
4.142611526487227080e-01
4.230692568447301238e-01
4.732394127440139320e-01
4.893651605584057318e-01
4.428359730435095232e-01
4.404957124910589550e-01
4.734420115195105971e-01
4.719109951135082581e-01
4.243054805026524878e-01
4.308231449283950187e-01
4.812731064203432108e-01
4.846900277379980193e-01
4.540087953305839696e-01
4.569027657667898978e-01
4.591063018775412008e-01
4.642806639268601265e-01
4.830987398885194239e-01
4.864119410640799779e-01
4.601744608360099353e-01
4.575485027161944052e-01
4.234616426787353727e-01
4.181919680902123071e-01
4.236913573946073375e-01
4.667526397776166625e-01
4.734812410261328708e-01
4.336944055007475041e-01
4.255703191411643882e-01
4.729388316646873647e-01
4.774183132246103689e-01
4.668443403030429484e-01
4.760151717124421200e-01
4.630632195189945399e-01
5.020745403314630373e-01
5.042693810910323648e-01
4.282101102023179728e-01
4.286420465176778993e-01
4.921826579273161362e-01
4.928972881046452259e-01
4.172436341462876230e-01
4.323696654291321329e-01
4.833841117866194415e-01
4.912180288920168225e-01
4.427897268838499323e-01
4.420083847006942013e-01
4.704410750393521190e-01
4.725089986130397990e-01
4.288133880588068658e-01
4.322539434338270037e-01
4.801302937153312800e-01
4.807227426036569939e-01
4.875895651444084877e-01
4.628275701211818083e-01
4.563750687202038914e-01
4.584919797121488894e-01
4.632073689795523919e-01
4.831704326571187313e-01
4.890502964706614497e-01
4.597859817437360275e-01
4.562207365685873595e-01
4.224887087019419396e-01
4.260397788145406928e-01
4.740307524582784149e-01
4.716241141801132408e-01
4.238469611340054399e-01
4.718466112337447171e-01
4.738398241259487165e-01
4.707915662294780423e-01
4.703448046478596600e-01
4.856378868141523197e-01
5.089564752053142849e-01
5.005624494811073966e-01
4.314853602789749387e-01
4.224395665011826950e-01
4.916643096423211068e-01
4.950910205210156123e-01
4.176850224137167999e-01
4.376735451394548893e-01
4.154033986981714999e-01
4.859152046236193123e-01
4.858547127080404815e-01
4.496632546671283093e-01
4.446638078830316698e-01
4.718758056864623129e-01
4.702034824813389191e-01
4.367878555127446272e-01
4.422238688800616546e-01
4.797521386027912005e-01
4.748011809895730795e-01
4.638470542963859522e-01
4.578732981281121162e-01
4.542439234511719270e-01
4.653329629542665713e-01
4.847191840504356253e-01
4.863594571991717297e-01
4.544677701113086776e-01
4.261370694694990302e-01
4.368555622620466927e-01
4.716876932499337038e-01
4.724156418188537598e-01
4.750423073770752569e-01
4.294724482279022593e-01
4.250241546869630294e-01
4.662150488650299018e-01
4.686245379614596418e-01
4.771339500707776349e-01
4.991913449818760062e-01
4.944572447556890293e-01
4.214507001256074248e-01
4.736571579756994055e-01
4.103409153825508526e-01
4.760461555278409640e-01
4.801641171944053266e-01
4.871299104454558382e-01
4.480347780015683790e-01
4.419028580784229443e-01
4.698364460981735991e-01
4.696261793454085121e-01
4.217028307335953796e-01
4.379963331906511215e-01
4.306656948658268980e-01
4.854191606038330553e-01
4.846187386379674500e-01
4.583372064987992767e-01
4.484268102530200584e-01
4.817591920369658220e-01
4.938728399778107847e-01
4.884624455238847918e-01
4.523106953047642542e-01
4.540121780194074086e-01
4.336513638085507938e-01
4.337537617638092535e-01
4.667723793221474904e-01
4.711803246029074299e-01
4.234945941621325316e-01
4.253558987657105050e-01
4.789576172540075394e-01
4.838349646238365720e-01
4.961060675339153958e-01
4.309558601794465371e-01
4.201595387889127675e-01
4.847920454615758379e-01
4.835135746378215749e-01
4.400746730489173419e-01
4.656177829457017747e-01
4.535248883442724033e-01
4.163253093985352371e-01
4.529532710453393896e-01
4.888518445573019622e-01
4.927574125540566952e-01
4.690034822326027419e-01
4.524321840897218561e-01
4.673771483195734433e-01
5.049668032502766524e-01
4.528431450222413779e-01
4.475070723096125636e-01
4.243773902358551897e-01
4.204647466083401564e-01
4.267474753444036040e-01
4.716469622587974864e-01
4.696553745443257100e-01
3.795674699159352627e-01
4.858685796617842612e-01
4.845044506534230133e-01
4.264347324468970024e-01
4.907271678262258852e-01
4.876135321485772223e-01
4.404305727233496226e-01
4.394707806002408068e-01
4.537853730682557263e-01
4.912078106495501584e-01
4.810336338290619462e-01
4.903680098681688082e-01
4.569882050868936951e-01
4.510703240107364342e-01
4.470091933427352560e-01
4.190215480033076534e-01
4.224889282419447833e-01
4.751696416814510937e-01
4.787172189945764211e-01
5.030841623339367130e-01
5.298783718218798011e-01
4.837809333299595838e-01
4.840793563943873168e-01
4.306075537586238622e-01
3.856826004120414431e-01
4.591836634329474198e-01
4.467153848487839807e-01
4.544498000974099838e-01
4.305585950792685246e-01
4.986752191694861502e-01
4.684182315601848612e-01
4.975313345068450577e-01
4.483115279326929103e-01
4.469087178143059114e-01
4.234754519418327812e-01
4.333971018198852221e-01
4.740634924980098863e-01
4.756356325619572334e-01
4.962451076760304725e-01
5.403432241096393085e-01
4.754883622641036811e-01
4.899165164295942176e-01
4.685355928660642766e-01
4.648253030234336669e-01
4.442809555913961872e-01
4.353214688885589934e-01
4.407637963546033322e-01
4.543817222368909947e-01
3.915078851020714623e-01
5.122493184156273749e-01
5.085944438931270239e-01
4.891488120287200148e-01
4.450213077472579548e-01
4.454827729532178648e-01
4.312059618302513386e-01
4.361686134225981615e-01
4.674942185535542194e-01
4.722168029188353877e-01
4.755356684954719637e-01
4.905433847505001332e-01
5.114635268192174733e-01
5.148104360259192491e-01
4.443127861471880546e-01
4.445236188022232415e-01
4.650283448627133276e-01
4.829199153190202320e-01
4.120532881412215520e-01
4.531069578411340837e-01
4.722158817372585915e-01
4.336368687854747495e-01
4.233007893353509243e-01
5.104357616109135298e-01
5.205550499385539487e-01
4.442704045108321065e-01
4.428056771566087346e-01
4.226322718013692525e-01
4.212724822295036975e-01
4.297090710728691532e-01
4.673391655432286296e-01
4.772007917910344177e-01
4.912429318903283049e-01
5.224527082386407617e-01
4.987285210990874962e-01
5.067184301684494185e-01
4.459396720975808415e-01
4.459613736703324505e-01
4.762245797458325436e-01
4.763178373900214257e-01
4.715172883661175596e-01
4.742299511738005124e-01
4.439934920208390978e-01
4.295111764450348923e-01
4.666078699337058433e-01
4.738182757613740304e-01
4.711825453798892394e-01
4.114031630088618163e-01
5.060292636272372135e-01
5.010806170640302870e-01
4.963342529263565228e-01
4.472902826087236106e-01
4.397854172046488652e-01
4.156263740191197820e-01
4.205014568301917444e-01
4.720671112749196263e-01
4.800815967883166890e-01
5.006186827363502401e-01
5.090079543506156323e-01
4.909652051681659968e-01
5.119995118459067518e-01
4.004627829964490515e-01
4.654513565715103773e-01
4.936219246284280771e-01
3.977923695575131258e-01
4.688780789039079244e-01
4.994695998661685121e-01
4.768557041642648153e-01
4.068264650289261097e-01
4.720451771238318717e-01
4.601383109039208219e-01
4.687823384384196546e-01
4.834067102968381269e-01
4.911887285613781851e-01
4.917890742578485130e-01
4.124575731028771730e-01
5.083924238706457599e-01
5.104443626535206668e-01
4.429506477792017893e-01
4.412981888046903500e-01
4.202535578627145108e-01
4.236605996652357264e-01
4.795471002132103422e-01
4.781143533901417442e-01
4.877567757236459522e-01
5.254875389829206656e-01
5.067991983166668657e-01
4.442811722387062789e-01
4.598338463546858823e-01
4.314252978802803340e-01
5.412094233760209594e-01
4.699204968783526337e-01
4.252323962015998049e-01
4.306257414420739948e-01
4.782795595168565228e-01
4.875641425354317327e-01
4.752308570553671063e-01
4.778625506053630345e-01
4.465244766281468713e-01
4.770668513951894507e-01
4.984215567585744133e-01
4.989018084679115450e-01
4.139517072578607348e-01
4.693888066613396970e-01
4.690811978963250750e-01
4.710625520949903167e-01
4.499999841696583625e-01
4.631578991282788160e-01
4.629205209627695883e-01
5.182355219790342193e-01
4.191701485955742768e-01
4.099188346297171770e-01
5.021351496312560503e-01
5.349394506633278201e-01
5.017292693066867093e-01
4.360265967456855574e-01
4.370342079021826698e-01
4.271456380130140840e-01
4.350543933115931794e-01
4.707018004221424357e-01
4.735535949773069242e-01
4.786678862151109159e-01
4.878994746088770595e-01
5.230500944616826020e-01
4.977550501023417784e-01
5.082056834667708634e-01
4.407215981500340329e-01
4.618916258061928626e-01
4.449459418803862198e-01
4.817612589367287756e-01
4.300369204670617118e-01
4.718880071677102328e-01
5.020441525771763835e-01
4.837433682609167396e-01
4.454093106413971603e-01
4.458446039408514583e-01
4.454969922980246966e-01
5.020746236882226432e-01
4.251138565239232503e-01
4.209921727388268864e-01
4.697764611837418336e-01
4.684700285150298349e-01
4.698041697091564495e-01
4.500895496635091142e-01
4.667378049552470820e-01
4.521205398632102135e-01
4.545400707757162873e-01
5.008460326520552952e-01
4.972416102087271472e-01
4.096735084934693960e-01
5.034094407335708565e-01
5.231297291060948984e-01
5.032733421819577391e-01
4.321053626366564426e-01
4.297283108126145335e-01
4.243450283590300964e-01
4.229996722419535060e-01
4.251551415438596382e-01
4.673109115368789812e-01
4.722337402555407126e-01
4.867841420912119577e-01
5.312347183307166709e-01
4.915328832914489521e-01
5.093961068054441155e-01
4.367396508655350673e-01
4.443284813464549177e-01
4.491198942609838651e-01
4.983247825401309616e-01
4.896822718518282214e-01
4.287669067765922937e-01
4.709331136432224896e-01
5.022548348869669832e-01
4.804358071057817647e-01
4.828379807510890798e-01
4.330672731686683319e-01
4.380590899310403685e-01
4.473397579321347073e-01
4.461592539097764543e-01
5.229623832161438557e-01
5.177486682015365327e-01
4.204753368739766461e-01
4.698863497603419370e-01
4.693289301578411621e-01
4.700097785979990839e-01
4.462940742949010886e-01
4.713255120037199153e-01
4.525378062257495171e-01
4.987094676099332879e-01
4.155155041110987768e-01
4.084276299495282481e-01
5.099494653878484662e-01
5.093840026330822557e-01
5.100441215193391997e-01
4.327286903111595695e-01
4.538279173058110683e-01
4.348866684207404743e-01
4.218214007784820141e-01
4.325901984811144629e-01
4.897246614536608922e-01
4.794376217888217662e-01
4.709712021183580233e-01
4.875028175126815411e-01
4.505972289908754536e-01
4.824310721655901690e-01
5.094576397048544703e-01
4.334713058789219087e-01
4.426747583005914422e-01
4.477523533555921031e-01
4.476520946467069662e-01
4.706734204990887793e-01
4.494938013472715710e-01
4.402843214256395021e-01
4.688226643429194151e-01
5.001181365402005419e-01
4.759384685770696177e-01
4.848397876154689756e-01
4.288603885851907105e-01
4.348514691150554001e-01
4.452470070794464774e-01
4.383082011676500134e-01
4.808418353670498302e-01
4.232002354679009204e-01
4.053988393075698138e-01
4.706249795123219060e-01
4.692109692305529989e-01
4.704278956834356262e-01
4.459473441550079742e-01
4.720117694690436627e-01
4.499487615538415031e-01
5.289865802216496826e-01
5.206140318726208971e-01
4.056281041579745117e-01
4.139712989564188761e-01
5.176181426106357675e-01
5.166653120394572030e-01
5.124923439262147884e-01
4.319246744346236788e-01
4.211737540610590025e-01
4.364230008972896369e-01
4.392169955379406354e-01
4.746667440279599415e-01
4.986846301221753985e-01
4.890043122868961145e-01
5.295189351709708170e-01
4.894027180089005058e-01
5.058496811177043417e-01
4.343341702893835921e-01
4.529567774939843861e-01
4.464883856546071339e-01
4.461109890527580890e-01
4.795643503017740228e-01
4.635157590865779942e-01
4.760003993426254465e-01
4.910486983483458578e-01
4.275042712082821605e-01
4.296870219534421609e-01
4.426272047880548399e-01
4.362299994892788191e-01
5.280840091563703265e-01
5.296838818134561588e-01
4.041178469928345951e-01
4.693761288600490911e-01
4.692484020053596105e-01
4.712482339611274718e-01
4.463516890078170207e-01
4.693741289895531077e-01
4.490699007182654690e-01
4.698478496711599450e-01
4.162634071121738555e-01
5.216904206812723599e-01
5.228674562691683070e-01
5.094689581307950688e-01
4.305040108358327289e-01
4.410556226533366986e-01
4.373503646962070279e-01
4.318308996859188120e-01
4.616014552951463457e-01
4.334983123398853389e-01
4.641788943952913638e-01
4.334808986395894959e-01
4.895690288207700247e-01
4.589483041460921120e-01
4.599855061266900913e-01
4.219322601439676745e-01
4.627224392731225100e-01
4.966904687114968020e-01
5.088739157246781053e-01
4.425918689829248520e-01
5.009429719537761283e-01
4.457479509466641954e-01
4.466735905607076007e-01
4.792961122052718514e-01
4.899947203813402874e-01
4.702893428925443708e-01
4.744609853349033846e-01
4.891393191316902866e-01
4.260290906556262192e-01
4.611837562849743222e-01
4.348709693961293477e-01
4.398401656176524899e-01
5.100595404128058785e-01
4.199754062534024612e-01
4.204654599015864580e-01
4.647250307369106825e-01
4.636732319187096829e-01
4.701135601387071428e-01
4.478675333727148433e-01
4.664116088336360821e-01
4.485639544345100815e-01
5.335549420849362567e-01
3.822613066241564717e-01
4.814099592394116001e-01
5.155913911525664695e-01
5.083099190353127517e-01
4.297494653481000459e-01
4.468212924217185300e-01
4.333641159707384838e-01
4.340758924289614962e-01
5.246425792790313514e-01
4.344137257213945280e-01
4.474359568069984916e-01
4.982499542037174267e-01
3.798345293338955542e-01
4.116850304689756990e-01
4.856735321044663434e-01
4.873838087354110393e-01
4.506902921755968072e-01
4.396857018601501021e-01
4.835721028284281076e-01
4.719482403771010914e-01
4.789302985947951341e-01
4.629085379870257477e-01
4.651052381481017295e-01
4.670232125473892659e-01
4.711573007502193877e-01
4.772602548492789198e-01
4.858806936498936135e-01
5.061544751328067582e-01
4.220073607279310468e-01
4.315378848006341528e-01
4.396564926837586706e-01
4.708585383524586110e-01
4.058032032836778047e-01
4.720538666294282204e-01
4.598424106582313375e-01
4.459802170191499160e-01
4.722498361042997139e-01
4.476376885551900386e-01
5.496458005040021355e-01
5.402035884178465475e-01
5.043731700772033921e-01
4.228659051375964206e-01
4.459479452171896674e-01
4.256110017201046314e-01
8.028393282667328767e-01
4.758960547684610298e-01
4.377909772211959205e-01
4.033515277752748318e-01
4.021918602670283005e-01
5.396741187328671918e-01
5.530172260863296385e-01
4.955772701866444363e-01
4.653233709704058807e-01
4.574879485179729199e-01
4.725795398707364758e-01
4.845804401095206160e-01
4.981799648301803440e-01
4.141218518483061328e-01
4.499437935038160807e-01
4.297727257012662894e-01
4.314462485425074600e-01
4.845466496320817162e-01
4.462950433314501475e-01
4.649578475687971557e-01
4.479605530084512233e-01
4.825671356579985249e-01
5.315480168695745355e-01
4.901323941682274032e-01
5.237569122593905835e-01
4.241371449156232654e-01
4.288418945199303223e-01
4.226119903910066644e-01
9.181794563234274564e-01
4.806302534410191729e-01
3.880066713132826473e-01
4.409896319469064907e-01
4.384340169907781082e-01
4.725900721055080744e-01
4.836084436044484902e-01
4.661504956921624920e-01
4.719963804043752487e-01
4.646665114269250552e-01
4.482195813591492994e-01
4.408560446781739084e-01
4.867227658977720250e-01
5.088810452887604363e-01
4.827707766486313279e-01
5.004147765502635625e-01
5.213976565615535685e-01
4.251915459480511417e-01
4.161665206733352051e-01
1.057563289146973950e+00
4.492945980149260499e-01
2.699465856591148349e-01
4.447678241751569783e-01
4.677882900639385721e-01
4.740906329537189490e-01
4.664763833940913651e-01
4.673905010763969581e-01
4.673796321330521697e-01
4.672869128710550601e-01
4.683508902996216250e-01
4.726962320259152084e-01
4.779367513502054687e-01
4.935459339110718768e-01
4.613800196687698474e-01
4.485162822034751140e-01
4.424826352351527436e-01
4.802175215316686896e-01
5.070611552865739169e-01
4.831309225912180372e-01
4.951258876881626803e-01
5.247521593218338332e-01
4.225443544031431964e-01
4.305722845213897365e-01
4.261214077599902450e-01
1.220501476088334813e+00
3.127839925334160998e-01
4.990256718667576696e-01
4.418781992000418990e-01
4.652395997663401062e-01
4.681230724610958016e-01
4.662225787390193443e-01
4.635464653188534068e-01
4.633230985110739497e-01
4.671950819329336868e-01
4.695755354707772944e-01
4.729467091594244943e-01
4.785648622957037746e-01
4.864040308385107481e-01
4.839557835674819231e-01
4.344475555912297726e-01
3.388365659324834023e-01
4.746436034865243458e-01
5.132104332509579425e-01
4.837178134196405410e-01
4.962375673154340028e-01
5.216930286414730444e-01
4.141166631308743074e-01
4.351881850598857127e-01
4.121587401075971768e-01
1.408741091689796443e+00
2.705488284466545101e-01
4.705669081671968179e-01
4.970080368959363115e-01
4.769834370614117747e-01
4.870985365265488864e-01
5.055221989497965529e-01
5.046825077490076916e-01
4.115777234475613833e-01
4.133157837560771375e-01
3.982338635189849874e-01
4.936448977454724885e-01
4.845936932044267453e-01
4.970380994058746782e-01
4.999347491329345083e-01
4.160005578136391491e-01
4.218637066849919015e-01
4.183591785383283801e-01
4.138240883054918884e-01
4.340242733209405679e-01
4.202998274083490915e-01
2.172721025566299424e+00
1.878064773479261262e+00
4.120253204203657704e-01
4.169555457258730669e-01
4.252224075552121230e-01
2.523508488178193954e+00
4.132634436345849482e-01
4.324226631809633403e-01
4.296166613412664148e-01
4.289351674260187264e-01
2.953426376251029772e+00
4.312073706732130196e-01
4.401146076794437700e-01
4.111413208719382206e-01
4.340686897690524404e-01
4.443553775760851754e-01
4.332819562947594072e-01
3.505883527434884073e+00
4.181623721177317177e-01
4.353278852116087005e-01
4.301637721638497669e-01
4.459223741752811887e-01
4.478480180327582549e-01
4.276658614682260939e+00
4.281776668533262553e-01
4.475158290034998432e-01
4.176457164966451696e-01
4.421278991149791282e-01
4.473291031999021006e-01
4.365798376526905944e-01
5.542661157030305041e+00
4.256935800495866840e-01
4.524403934001041128e-01
4.226988706308479338e-01
4.431041882758383621e-01
4.450049859091477211e-01
8.642507497819007511e+00
4.263662455815275809e-01
4.547577150496623921e-01
4.214955389671023456e-01
4.426234013798304168e-01
4.432998878352387151e-01
1.114825164705105287e+01
1.755759513741365652e+01
7.298646986128854763e+00
5.612701530678001482e+00
4.993143668970086324e+00
4.604893285419398019e+00
4.314346425196073476e+00
4.077848907266194090e+00
3.875728732004991350e+00
3.697062922412888142e+00
3.535212155401047607e+00
3.385955962008509790e+00
3.246570052099800208e+00
3.115312332411477758e+00
2.991108921445949864e+00
2.873346621442023796e+00
2.761726703915878378e+00
2.656157227955064037e+00
2.556671771328890230e+00
2.463367525492267340e+00
2.376357999731790294e+00
2.295736554023843023e+00
2.221547482269087936e+00
2.153761930360209575e+00
2.092256866207442556e+00
2.036796723996741054e+00
1.987019113577292106e+00
1.942427782907082623e+00
1.902397287063732456e+00
1.866193841834541844e+00
1.833014990385222198e+00
1.802046817261654610e+00
1.772532206026002921e+00
1.743838744082290670e+00
1.715512544177807630e+00
1.687306170133594518e+00
1.659175099212983007e+00
1.631245776510075629e+00
1.603766083997151259e+00
1.577052966587260796e+00
1.551450686223651232e+00
1.527307508684752291e+00
1.504970942133672551e+00
1.484794769388977809e+00
1.467147224971894648e+00
1.452409622391415800e+00
1.440957956315944699e+00
1.433124880569184079e+00
1.429144129520876882e+00
1.429082619539359333e+00
1.432766985550464778e+00
1.439712206752006285e+00
1.449061965241225103e+00
1.459554825116771370e+00
1.469536777328677823e+00
1.477045457329824618e+00
1.479987220216159027e+00
1.476407763748793789e+00
1.464819343257193873e+00
1.444506015151667544e+00
1.415708204904104539e+00
1.379611655921608504e+00
1.338131671801083389e+00
1.293559575588712374e+00
1.248182208627492740e+00
1.203975811009083241e+00
1.162426466931818281e+00
1.124474350801012656e+00
1.090546271407252021e+00
1.060637333055239662e+00
1.034417118452198192e+00
1.011352161781650327e+00
9.108490861841964659e-01
9.174533281040117005e-01
9.087980493990684971e-01
9.371992693910641270e-01
9.215656609113437314e-01
9.586688827137999080e-01
9.847872035950333558e-01
1.013366858291562700e+00
1.041015132925368070e+00
1.062977121212791864e+00
1.073099289316322258e+00
1.063992676543284555e+00
1.027395440390968862e+00
9.545436205346226055e-01
8.361423097777913593e-01
6.691733845917037238e-01
4.877357957011008716e-01
4.115955648335727357e-01
4.387450705336399248e-01
4.444457815691034153e-01
4.444406275071435264e-01
