1.725727146726732997e+01
1.098109629305062107e+01
8.520380652718136716e+00
7.219161203077027800e+00
5.577856498708636757e+00
4.980949085048306024e+00
4.608939208739991855e+00
4.331169827374409032e+00
4.105008907623181713e+00
3.911224988495602073e+00
3.739136831444715536e+00
3.582285977183210957e+00
3.436629832473695245e+00
3.299636333578200631e+00
3.169765711110761330e+00
3.046142807221598581e+00
2.928334870264734047e+00
2.816194908166875344e+00
2.709750094357760375e+00
2.609122994933388284e+00
2.514476886589690263e+00
2.425978048665509146e+00
2.343768963867270294e+00
2.267947413070652285e+00
2.198547698981460297e+00
2.135521721268513140e+00
2.078719326921396160e+00
2.027869202544384741e+00
1.982563400046155611e+00
1.942250078207522268e+00
1.906239706351604113e+00
1.873729245932058696e+00
1.843846330657981092e+00
1.815711375403151528e+00
1.788510776235384681e+00
1.761570410300506762e+00
1.734416999806692505e+00
1.706816363172266593e+00
1.678781858904062840e+00
1.650552237613607254e+00
1.622544075081697734e+00
1.595288524661717666e+00
1.569364312683890761e+00
1.545338302046767920e+00
1.523721781306000445e+00
1.504945698162971857e+00
1.489352582928813451e+00
1.477198337811743700e+00
1.468654711050908501e+00
1.463803921523791907e+00
1.462620445845310480e+00
1.464940277816273229e+00
1.470423094862468139e+00
1.478515751264577016e+00
1.488425334826359636e+00
1.499107381276669759e+00
1.509272268390481120e+00
1.517413520927383574e+00
1.521867188606608634e+00
1.520918455635678068e+00
1.512971650252770361e+00
1.496783090929983739e+00
1.471721012951128893e+00
1.437977956354185460e+00
1.396646532476833347e+00
1.349601624207265038e+00
1.299204012860147861e+00
1.247913469944464504e+00
1.197929436778401246e+00
1.150949696192849148e+00
1.108076044888871792e+00
1.069840954470754335e+00
1.036305984320473383e+00
9.112262284027907722e-01
9.003466199011382898e-01
8.928795517669683157e-01
8.910399684410411636e-01
8.979471052679167675e-01
9.104742874692085541e-01
9.283292656830856027e-01
9.505636733389449811e-01
9.754507918642305597e-01
1.000393919459622305e+00
1.021867886921008273e+00
1.035393879849467513e+00
1.035548931452034971e+00
1.016004618318042674e+00
9.695294832755081416e-01
8.877753921121203096e-01
7.614289727990624090e-01
5.911452322633822254e-01
4.233253629690780229e-01
4.163022906600301609e-01
4.417306349098025220e-01
4.425181754048570504e-01
4.339129228067222788e-01
4.274729941048846515e-01
5.476164126375238084e+00
4.086032242940313419e-01
4.203960067104622889e-01
4.418170590903948702e-01
4.328985129092763340e-01
4.248582128796163926e-01
4.227840608617530194e+00
4.108015471627258219e-01
4.258029389033503032e-01
4.435891121373755075e-01
4.368642410560638067e-01
4.300475999795089210e-01
3.464119055322755436e+00
4.159076382447634002e-01
4.211138513221818758e-01
4.433925317583956027e-01
4.462354548977902069e-01
4.425332380207883665e-01
2.914347695926506443e+00
4.267817723665527918e-01
4.051506990305879796e-01
4.328379172116127438e-01
4.455460928044250868e-01
4.452810206614312150e-01
4.415647791496248309e-01
2.484969375690705640e+00
4.236390798655255696e-01
3.987023815923332881e-01
4.324125014384731513e-01
4.347665058506531843e-01
4.382916762890640139e-01
2.133730839511357669e+00
4.162243324401467270e-01
4.072547026159424877e-01
4.270793280811716608e-01
4.428629898984996482e-01
1.838438579786911831e+00
4.060520668160702007e-01
4.075689824667493300e-01
4.362552776211648942e-01
4.054572143126544681e-01
4.062388859418572529e-01
4.237355341600216319e-01
3.750225595289452540e-01
2.223556198967759634e-01
5.328302482453993738e-01
5.252141757517263532e-01
5.012957853645396700e-01
4.987748600156613477e-01
4.139266325687305237e-01
4.168111492357358672e-01
4.091709734028234347e-01
1.185899221524264746e+00
1.370399899918287145e+00
2.112011523942981805e-01
1.975451573559152130e-01
4.784263088423231780e-01
4.854912573303840073e-01
5.013506819765244371e-01
5.240783875312804430e-01
5.550013640113438118e-01
5.391747116402860751e-01
4.135275544736523590e-01
4.420923622111592177e-01
1.030724540624326169e+00
2.240546614384668345e-01
1.418386103238060969e-01
5.011321319911680172e-01
4.458977095153378589e-01
4.652079012668676183e-01
4.739240914791135184e-01
4.777392566134338048e-01
4.722181593706858416e-01
4.749629756180919204e-01
4.811809660557674340e-01
4.871238112997468006e-01
4.986333899430828165e-01
5.088017027214779553e-01
5.255406548905746655e-01
4.981526332884059771e-01
2.770408252306077457e-01
4.915251893939753258e-01
4.905288977472955225e-01
5.116692248883230043e-01
5.466135963774445550e-01
5.324011759824701651e-01
4.139949658043362013e-01
4.136517609752480840e-01
4.252815933955975125e-01
9.004005964883480262e-01
2.209922587700954566e-01
3.004107609473087304e-01
4.865158099383373735e-01
4.660992469745323108e-01
4.731284552048910519e-01
4.732137304825943525e-01
4.743377727836695645e-01
4.801515095731861971e-01
4.906443806072612324e-01
5.081636174290974362e-01
5.020951045086113895e-01
5.021014510471174530e-01
3.818429233197092043e-01
4.564035998934520832e-01
5.311305369076563254e-01
4.942177469540964818e-01
5.122359330739384431e-01
5.468270549033101835e-01
5.466682078265630018e-01
5.460837858645936072e-01
4.253302546196905953e-01
4.247832909854407091e-01
4.189667984635507270e-01
8.282499350949090733e-01
4.420419839918933724e-01
3.985219713825834953e-01
5.407350017506332707e-01
5.502557531628389231e-01
4.414327631357851112e-01
4.100981951187123720e-01
4.068187126856200875e-01
4.699639061983737487e-01
4.785286661781192330e-01
4.855241303808548459e-01
5.035267484300531837e-01
4.901376749523223553e-01
4.279919505406206137e-01
4.199492525705200152e-01
5.000786938866704778e-01
5.165939986037763054e-01
5.765184733442413334e-01
5.644684743849234243e-01
4.245785311741936408e-01
4.443247163501615193e-01
6.049077484261896620e-01
4.427763251448403325e-01
4.221458933280378689e-01
5.153982585490093360e-01
5.076273984188583999e-01
3.971986008262414214e-01
4.199067563191117847e-01
3.581025721767491787e-01
4.541532652859670005e-01
5.294352415094365494e-01
4.852707018342203860e-01
4.726687604704163936e-01
4.694971156343246133e-01
4.745187210533131639e-01
4.930976467984153899e-01
5.053315185606488402e-01
5.233751465944675996e-01
5.462226132143954693e-01
5.547108557906903492e-01
5.270415224868995052e-01
4.123388562530699852e-01
4.273613223027730723e-01
4.198684232079223366e-01
4.914289343065955107e-01
4.420293577657553596e-01
4.437734138802805761e-01
4.466092767916180484e-01
4.995347455861967045e-01
4.890720177056099294e-01
5.314010199650573973e-01
4.243532321400010354e-01
4.243981814169900946e-01
4.437305038425516934e-01
4.234120761064024685e-01
4.275896954753174994e-01
4.517805082006617901e-01
4.698137299875060902e-01
4.058864885210835549e-01
4.586515729096542482e-01
4.996541415081624526e-01
5.318659519450723572e-01
5.122995397129286310e-01
3.903224326451513737e-01
4.543352784817787371e-01
4.701819981154134465e-01
4.964312548338098985e-01
4.789744124395484692e-01
4.903283505641005124e-01
4.954598189315254642e-01
5.132593769685257490e-01
5.413614737018095369e-01
6.136581446009411467e-01
5.867411310145422831e-01
4.121649722533718974e-01
4.322760660528668364e-01
4.415628848767896297e-01
5.779775855239543958e-01
4.545579871346816514e-01
4.256031027318882276e-01
4.797799653491721661e-01
4.795450779174742495e-01
4.404384367323119220e-01
4.448284959052902776e-01
4.369721082075840313e-01
5.166623438750214126e-01
4.768276615299607002e-01
5.362877476870711035e-01
4.382491458952039731e-01
5.788407118700137355e-01
4.325851303427703520e-01
4.377768422294545103e-01
4.331671864214796108e-01
4.363647026553381103e-01
4.210640677287960654e-01
4.423118604791176356e-01
4.632410604556096434e-01
4.745349923168582507e-01
4.755532011657854774e-01
5.046703264200127492e-01
4.948795560025921469e-01
5.003342761347566725e-01
5.315291443756721135e-01
5.132889235864251942e-01
4.122156905789677861e-01
4.306781029652814730e-01
4.346197356476868001e-01
4.333096984331897827e-01
5.622482946859724828e-01
4.249284580838982861e-01
4.367570825740706986e-01
4.242831923670606353e-01
4.345937880316768642e-01
4.388110692940131452e-01
4.334508956574865679e-01
5.699195927876065104e-01
4.858183340984085774e-01
4.223163400792471767e-01
4.315952638913294614e-01
4.499669930218223590e-01
4.532313158090066629e-01
4.599017772977234686e-01
4.453598820337141273e-01
4.459299952229918707e-01
4.422022196270323224e-01
5.189126067970851741e-01
4.194666141524816538e-01
4.187252014515136511e-01
5.044195513034944733e-01
5.286763693306281153e-01
5.535062325411492790e-01
4.392363693230123545e-01
4.396591520450969237e-01
4.350374304728640840e-01
4.148008036566154799e-01
4.009702038728993889e-01
4.799858444165600035e-01
4.791877483813740679e-01
4.902734093900731338e-01
4.699618435876804501e-01
5.008945185915688603e-01
5.545826522075434362e-01
5.431223155681333958e-01
4.127159427151974591e-01
4.291437004099751262e-01
4.326031690100229921e-01
4.338259025092353061e-01
4.369599589654494243e-01
4.661415456883608033e-01
4.260162946129203987e-01
4.310600020971158131e-01
5.064863236886469888e-01
4.831876741372103656e-01
5.284760344761478823e-01
5.333082664664887673e-01
4.319365486583176539e-01
4.464936653538275069e-01
4.567119221756728575e-01
5.147954635256171141e-01
4.243206087244890123e-01
4.244174968116800617e-01
4.631740990939819946e-01
4.688149381370406155e-01
4.676387440379669580e-01
4.787368294750976583e-01
4.456634220121444279e-01
4.470728161195617334e-01
4.434185536132627115e-01
5.303292491361227823e-01
4.864039793908023768e-01
4.245589821899337091e-01
4.225721240105431153e-01
5.079278364437869175e-01
5.240487118806310685e-01
5.514097527788732744e-01
4.343157812998322265e-01
4.589231038258801409e-01
4.111256295787749093e-01
4.132200697693759750e-01
4.213022671902866279e-01
4.772287531221545698e-01
4.771784027314034393e-01
4.715279682837310582e-01
4.684191649581564421e-01
5.070941857448439949e-01
5.436556386051423218e-01
5.474842546823054379e-01
4.067680910948387463e-01
4.212335081677469617e-01
4.302426669259674097e-01
4.335378875916547359e-01
4.781287260605200928e-01
4.421204114806874252e-01
4.816292300339033439e-01
4.862416107298969670e-01
4.950213026499965530e-01
5.054471590185040109e-01
4.371924548350091810e-01
4.387987889014006715e-01
4.492955026838385546e-01
4.647405859186344856e-01
5.246940872418464075e-01
4.978255544696443824e-01
4.220881495310361831e-01
4.719234796069029514e-01
4.700082651884434637e-01
4.828459521409205757e-01
4.465726065297710434e-01
4.479042829819542826e-01
4.458394002010974133e-01
5.030813726027750787e-01
4.214581990482356155e-01
5.145337187477392327e-01
5.174995487106016645e-01
5.347800976597452127e-01
4.363541901510246679e-01
4.406798688017606880e-01
4.417329166920599959e-01
4.173624740119484255e-01
4.205809836404590940e-01
4.735583655146387572e-01
4.758751294950969712e-01
5.108494595202142108e-01
5.241011461948705819e-01
5.440349044042959159e-01
5.543906351705562008e-01
4.101646151931424011e-01
4.237569668135260370e-01
4.493651639944240550e-01
4.753329052373572727e-01
4.700425004592445055e-01
4.448053246113704007e-01
4.205930692681166261e-01
4.778721645980969490e-01
4.916343095700256294e-01
4.929515369148669279e-01
4.442208052318569744e-01
4.501693392192870902e-01
4.554525504668717195e-01
4.630107478261676346e-01
4.977159969682576901e-01
4.340894011461609026e-01
4.300813405976568471e-01
4.712367499916313429e-01
4.705827779489163976e-01
4.792381636300620529e-01
4.468626162092631526e-01
4.505432888452034490e-01
4.485028156325140403e-01
5.173036219485489529e-01
5.040746303639236370e-01
4.135855928417759286e-01
4.170334613675491520e-01
5.221738828792475973e-01
5.221743487020690244e-01
4.358765632840242987e-01
4.537581441624417011e-01
4.067900813518927072e-01
4.024293910285646758e-01
4.714777351783422943e-01
4.757114584085952447e-01
5.054874121584460589e-01
5.354541705778436134e-01
5.429944902332008994e-01
4.153494811415813226e-01
4.198365367116225211e-01
4.448253138814059482e-01
4.965497078819572363e-01
4.313435032472175967e-01
4.929814280825238204e-01
4.813354199370540321e-01
4.970338738888866459e-01
5.050231581942327130e-01
4.575175008537901156e-01
4.585940579112297577e-01
4.773939280267976426e-01
5.058392330844057039e-01
5.006827696207752920e-01
4.262728596235145773e-01
4.706777055840861701e-01
4.703796771046031555e-01
4.746098023849535386e-01
4.469266529819229672e-01
4.491661546315927622e-01
4.665918261921302990e-01
5.022941575168505812e-01
4.196976985729520826e-01
5.216049132859520432e-01
5.188921742283659766e-01
5.344724860650945653e-01
4.442733414781086521e-01
4.504041983723789944e-01
3.989859027041950390e-01
3.972183680116549986e-01
4.725611632808603413e-01
4.789569471189698002e-01
4.703193937215783826e-01
5.413471880362709099e-01
5.103320951875479627e-01
5.465815107177248722e-01
5.508563957756399398e-01
4.202128401309752070e-01
4.354691445734125144e-01
4.364860678521194637e-01
4.720919896280134642e-01
4.353087522424271549e-01
4.787708672135583265e-01
4.847974961788847903e-01
4.860777856159768096e-01
4.873008140687152823e-01
4.653606375062867562e-01
5.099024375774738882e-01
4.719500773582335218e-01
4.309417276451318890e-01
4.702181698686761502e-01
4.688892365362121173e-01
4.442575687673938067e-01
4.466824690038071477e-01
4.842475272548786847e-01
5.146109377411656194e-01
4.891040379693127882e-01
4.144947022895082989e-01
4.029748607499166746e-01
5.114751215090982406e-01
5.038739357486784476e-01
5.265244637223576163e-01
4.458811378969040895e-01
4.467455405909016020e-01
4.016139039171909286e-01
4.062423610750571790e-01
4.125388430215280455e-01
4.714095523365094409e-01
4.808725068551360504e-01
5.180523942247782232e-01
5.199360436071948088e-01
5.448433905531168131e-01
5.600412053924848088e-01
4.209717456693374826e-01
4.299254655051696905e-01
3.984396877525513969e-01
4.766980416002444265e-01
4.771730107892149242e-01
4.959231164291404981e-01
5.023746692309084549e-01
4.313641447789610117e-01
4.256794772311909836e-01
4.703649203703326731e-01
4.712857879637873393e-01
4.669130263746053555e-01
4.683210954219496069e-01
4.153203260355553539e-01
5.198173581582584690e-01
5.174777171170161782e-01
4.464789133922713038e-01
4.451497275604490711e-01
4.159394957164085360e-01
4.180611047289591320e-01
4.733274022799416891e-01
4.798767995281206233e-01
5.068783782137252780e-01
5.336888006079064661e-01
5.442658442829581000e-01
3.908999959440012661e-01
4.711691978631315503e-01
4.774431192021140746e-01
4.910406123296429115e-01
4.370612163819100893e-01
4.674924256567515313e-01
4.760673310510999956e-01
4.712419130175601878e-01
4.194011297066552180e-01
3.961092498234090042e-01
5.193613598968425116e-01
5.081624891904746866e-01
5.265219549359512197e-01
4.540419153263190455e-01
4.492650707139080879e-01
4.081394808516429773e-01
4.028286638542517006e-01
4.704713830213719805e-01
4.759867801345821214e-01
5.173449467600919061e-01
5.292355385988706251e-01
5.671968322133938978e-01
4.455309131738304784e-01
4.649412345961244641e-01
4.613111667219604861e-01
3.952707678927021573e-01
4.639126347847396525e-01
4.250580898271942298e-01
4.404357137088607543e-01
4.175822052969621612e-01
5.276254150223547157e-01
5.280626324511925596e-01
4.492585004150608241e-01
4.512051182644423730e-01
4.000143794318083978e-01
3.915963672275087348e-01
4.734494935714112507e-01
4.766896267477089277e-01
4.745976074476573880e-01
5.552422985524426702e-01
4.708251032042426454e-01
4.254263583052981246e-01
4.623398833923006435e-01
4.921093053092417957e-01
4.458634924053750392e-01
4.344299066296933298e-01
4.474359894691478101e-01
4.354041474577908244e-01
4.340019691884540176e-01
4.285192190419955804e-01
4.011675055404859136e-01
5.279382375359051860e-01
4.951194479771379720e-01
4.501955292746342430e-01
4.497001903936581613e-01
3.994655695400934903e-01
4.045283474886443575e-01
4.076887795992256147e-01
4.763433785468625392e-01
4.774485977467092246e-01
4.286941083057235757e-01
4.957051224193259054e-01
5.018055198628962321e-01
4.188919964472633817e-01
4.818515029144221362e-01
4.871392023214571321e-01
4.368423388188039103e-01
5.007499030794377859e-01
4.477029338874670139e-01
4.500388422684749035e-01
4.487394839624807563e-01
4.195173484019911747e-01
4.237949586653074752e-01
4.768903741560191478e-01
4.764841263637391022e-01
4.278727957011413396e-01
4.101818187497328627e-01
4.948344538690752636e-01
5.132626802079751638e-01
5.106632019297441261e-01
4.278887158444005800e-01
4.178762114170680997e-01
4.769993308770510976e-01
5.122667234412205950e-01
4.446992499701977741e-01
4.396038735440004896e-01
5.153044227242591369e-01
5.080748882866678029e-01
5.041475025938509935e-01
4.623357045970818979e-01
4.523773669872697689e-01
4.514486001279827132e-01
4.132552582962737420e-01
4.090307488119916401e-01
4.764438183002399074e-01
4.757454805264821895e-01
4.220211942392223525e-01
4.121804805874799138e-01
4.803752119776746321e-01
4.798860442028743400e-01
4.798093576737855193e-01
5.169243517957929912e-01
5.231810994099665990e-01
4.167754702388739019e-01
4.923237483348421040e-01
5.076934155973117369e-01
5.059852747135622497e-01
4.337563063257932061e-01
4.296853972105918462e-01
4.765530821893538826e-01
4.849641877749985563e-01
4.310241562758472256e-01
4.076281268517796263e-01
4.066273503676193779e-01
4.911825628307516234e-01
5.006456913392705044e-01
4.714895569322818947e-01
4.738017327683304858e-01
4.662301819958644677e-01
4.752676653016746910e-01
4.883820206419269283e-01
5.202223325258091835e-01
4.530033079979517430e-01
4.516286654079456619e-01
4.046146284985820407e-01
4.002753039233634680e-01
4.717591133267306502e-01
4.767942163530946575e-01
4.754572078643286015e-01
4.149930623810469954e-01
4.624845854809065959e-01
5.010883188669955635e-01
4.749938840235983784e-01
4.816250033477203485e-01
5.194742033275138171e-01
5.216552513534112867e-01
4.286085959262494471e-01
4.153608506221181385e-01
5.029679463432651376e-01
5.144398809684164187e-01
4.381986605293156090e-01
4.422652277796658704e-01
5.024083968181349835e-01
5.068777333187397538e-01
4.323155378388403580e-01
4.326751334929099246e-01
4.686934833093110431e-01
4.837986142996996142e-01
4.061611458785898132e-01
4.168998591312970126e-01
5.006344995012002030e-01
5.115205101532714904e-01
5.001833602792276068e-01
4.643631624069923802e-01
4.523896604890813578e-01
4.620081428131279644e-01
5.077852434856084951e-01
5.052455894340802667e-01
4.545437132164281135e-01
4.553410176781896856e-01
4.019111082753564768e-01
4.056332305875192112e-01
4.738094548171545295e-01
4.746958422290032398e-01
4.272133485098820738e-01
4.151228688723150873e-01
4.772371792766852416e-01
4.897539804766116722e-01
4.707103745451733934e-01
4.721279434167314215e-01
5.023966144359730546e-01
5.297806949079718608e-01
5.299846781606584178e-01
4.062562050027286875e-01
3.965542546909410215e-01
5.093716406173705025e-01
5.125592443970263812e-01
4.156790857211677959e-01
4.221468994927574658e-01
4.402961271558740175e-01
4.985251380894044071e-01
4.977115815466036652e-01
4.340375312916167072e-01
4.875759548715105085e-01
4.836082809888941902e-01
4.103137612491090658e-01
4.134507600757689194e-01
5.093701111679743709e-01
5.003855049272761812e-01
4.715924116939358979e-01
4.625617568157553428e-01
4.585068481911549476e-01
4.620883306825184778e-01
5.019567267138522748e-01
5.020897383677691561e-01
4.567369664195660706e-01
4.069236172702343501e-01
4.175971731869441150e-01
4.273338461290721590e-01
4.709860833741101871e-01
4.719481364829145043e-01
4.112241325465726960e-01
4.023723012066842686e-01
4.866707395490269539e-01
4.851352835161238386e-01
4.695255811332184059e-01
4.620089671760910233e-01
4.763377120266638620e-01
5.272824263996067629e-01
5.480855757039521103e-01
4.000421665590924714e-01
4.016808144866312325e-01
5.096198924900062766e-01
5.120644606432276369e-01
4.180992207110186820e-01
4.209014869127860048e-01
4.814525785161191118e-01
5.020857521929974476e-01
5.022445476980299528e-01
4.379683177645118386e-01
4.394544554327713404e-01
4.807522932797054782e-01
4.828878190559396932e-01
4.144780086229197802e-01
4.236396474925328004e-01
4.329883896433118773e-01
4.962217164099348432e-01
4.906276878524803431e-01
4.718876036512837935e-01
4.654795852560726921e-01
4.585486339389587829e-01
4.651735912101084836e-01
5.013497577853305298e-01
4.987171066892112647e-01
4.603338812391898349e-01
4.572410913384516995e-01
4.187826477980856610e-01
4.132656368274741365e-01
4.653298080049418362e-01
4.682483407092805638e-01
3.928375013259658433e-01
4.017237903908553731e-01
4.874904920464042113e-01
4.829099427843321912e-01
4.617005201705090545e-01
4.640298681022439475e-01
5.228122448917120746e-01
5.381642092839349356e-01
5.462985403817938179e-01
4.049693434598472530e-01
5.095643265105911368e-01
5.102267919635493643e-01
4.200778652779254552e-01
4.240341903597105722e-01
4.364378336316973028e-01
4.973240064976131025e-01
5.093889840290541926e-01
4.447900752713350725e-01
4.372613344383496914e-01
4.850189474942689927e-01
4.843101224017732909e-01
4.361337628671976829e-01
4.370663700493778725e-01
4.790286892804601626e-01
4.907524042601076331e-01
4.621234788014461636e-01
4.675063831809319059e-01
4.593521792951292260e-01
4.673810944513000498e-01
4.975176898577330364e-01
4.970758576046015453e-01
4.630124606031160162e-01
4.606669449854142173e-01
4.077196723747401608e-01
4.038456229768878081e-01
4.621851024478896841e-01
4.568488961126681014e-01
4.642097196599926923e-01
4.009459609270601965e-01
4.833223657049848243e-01
4.761075812231594928e-01
4.634391973995771741e-01
4.583218431795911818e-01
4.675376070231213044e-01
5.418219142832759738e-01
5.478384125424178297e-01
4.091713304416563779e-01
4.116658682684348203e-01
5.339049063575177501e-01
4.210658759853687094e-01
4.146152347125666160e-01
4.908038178428401066e-01
4.944060435817593802e-01
4.380709246232181719e-01
4.330073090283425574e-01
4.820969206106507920e-01
4.804905607411117385e-01
4.277401448753579971e-01
4.258585987124501870e-01
4.871890022728963543e-01
4.913871010266651629e-01
4.906717217833095335e-01
4.592066578176897673e-01
4.650358823062518687e-01
4.630386528628713250e-01
4.660358891171104134e-01
4.960154143516930514e-01
4.945880433229923878e-01
4.554069832976656018e-01
4.655772458378606427e-01
3.976295799693005395e-01
3.977327366954712673e-01
4.555911631193574896e-01
4.573790295304147047e-01
4.020878762825837449e-01
3.923417234760010475e-01
4.832643782235446217e-01
4.817628974106760165e-01
4.559847977960115317e-01
4.578795802960831107e-01
5.276367473875414049e-01
5.106919342597830980e-01
5.851238447908910789e-01
4.185153674282545699e-01
3.930031126804561237e-01
5.329790973108158303e-01
5.370615409732363288e-01
4.211654743594057115e-01
4.244558545450407561e-01
4.295326315891460633e-01
4.880881149486714365e-01
4.815487335427184323e-01
5.118300399799672329e-01
4.322281032588012883e-01
4.331634478053817405e-01
4.868114225295498421e-01
4.822027251986514829e-01
4.240724080575757338e-01
4.161915624076287235e-01
4.875411961507344349e-01
4.917649384960209313e-01
4.609183048556836360e-01
4.625226540551134469e-01
4.657403357064096583e-01
4.934729016935353596e-01
4.912227090438691657e-01
4.629680190166874931e-01
4.017631146328273783e-01
3.989554100354459343e-01
4.022390574920414741e-01
4.596768903935044559e-01
4.667544283481400713e-01
4.450946520207759716e-01
3.961565323664182348e-01
4.041912385575195943e-01
4.799198681602366845e-01
4.551999261180885159e-01
4.497000951601594632e-01
5.014953291479448128e-01
4.135525393437740060e-01
5.468258803971943749e-01
5.376327822119246758e-01
4.306848483010162210e-01
4.308053039129729478e-01
4.817939170318067399e-01
4.778586241184218375e-01
5.112299562225514071e-01
4.347096972963617190e-01
4.426926947084944275e-01
4.991343407818176758e-01
4.320909088145776789e-01
4.400381064713967394e-01
4.412727051911859988e-01
4.823309084842982153e-01
4.746188815972332553e-01
4.573972340659611668e-01
4.690663484835428387e-01
4.695287606849878892e-01
4.917379778115916200e-01
4.882281733581446681e-01
1.107000120192383141e+00
4.103459239475565901e-01
4.122048704172060485e-01
4.229892757804754044e-01
4.919201846792142230e-01
4.794559714215484991e-01
4.531733034648131042e-01
4.533925156887700925e-01
4.563166858791878888e-01
5.379286722153060474e-01
5.185864163683778782e-01
4.213175243655279956e-01
4.243692989500038593e-01
4.721903587417516923e-01
4.230689305576862957e-01
4.990842721743264376e-01
4.949309242165376710e-01
4.442885789996294243e-01
4.512233419933144862e-01
4.789471304072228097e-01
4.679309288165754421e-01
5.017845063709772679e-01
4.643441066347278046e-01
4.578902691125893432e-01
4.689782967938585512e-01
4.721841314877788798e-01
4.900109978251850906e-01
4.844081097736284147e-01
5.452903766288438092e+00
4.065869854492398239e-01
4.093300498617555849e-01
4.827929698888444587e-01
4.777641635375567408e-01
4.503058066231320766e-01
4.559090890908932825e-01
5.559342532350258770e-01
4.187492395273990087e-01
4.102413086639521422e-01
5.083344903978186391e-01
4.941126773785049497e-01
4.395668324686611284e-01
4.428289320879054691e-01
4.707553897343040861e-01
4.620522895062623148e-01
4.724000018877728135e-01
4.697394155979921493e-01
4.853655761337390961e-01
4.791244906618982724e-01
4.795545004115272514e-01
1.704834926917337157e+01
3.873339662127787686e-01
3.912641346223945660e-01
4.711260448505641962e-01
4.570822709757912383e-01
4.347295819523048221e-01
5.851969251620120493e-01
5.229319557472932312e-01
4.165749159334867224e-01
4.079717312158480658e-01
5.068869418405601568e-01
4.900466196175413680e-01
4.496329868189901657e-01
4.488174752001597434e-01
4.596641301160072635e-01
4.834401992765950395e-01
4.706268885759852805e-01
4.989231218316270144e-01
2.752613482721176652e+01
3.509777368117982244e-01
5.033788325084155302e-01
5.033297019184381771e-01
4.315988296191673457e-01
4.537149463278702388e-01
5.496370198918868466e-01
5.777797436402231090e-01
4.081140110496352391e-01
3.592266159060012454e-01
4.884454905465710484e-01
4.577230216264706053e-01
4.493321248751813712e-01
4.744278424504210778e-01
4.777756250508892188e-01
4.713455670371199391e-01
3.151451830343696514e+01
3.912863526906804612e-01
5.033792237118571711e-01
4.713244266143794547e-01
4.315961405789512928e-01
4.347245429293742913e-01
5.496400830891341460e-01
5.229328905513431769e-01
4.081126050342404055e-01
4.079671600028298428e-01
4.900609820458096677e-01
4.578232642301742206e-01
4.489529604666281370e-01
4.833533492156527611e-01
4.777722550698862980e-01
4.989126712650605588e-01
2.752617243841966044e+01
3.873553200454138423e-01
4.093523391438113612e-01
4.777910348842399624e-01
4.570768581263274233e-01
4.559116723170281715e-01
5.851982508855236853e-01
5.559456835679565945e-01
4.165694880128112398e-01
4.102365418098090077e-01
5.068974176808459520e-01
4.941302796183752455e-01
4.497930746856889095e-01
4.429839641207430900e-01
4.594186757818090050e-01
4.695986746632880848e-01
4.706169508668689994e-01
4.795464604976747425e-01
1.704837925634924645e+01
4.066056333385333899e-01
4.122157694380477189e-01
4.828524897255534465e-01
4.795378240935815328e-01
4.503090728667776266e-01
4.563160888941774629e-01
5.185968474448211518e-01
4.187463344076102767e-01
4.243674772981727572e-01
5.083513257155888310e-01
4.949384069882938331e-01
4.396887282724115664e-01
4.512689315531850376e-01
4.707720032277515343e-01
5.016810801293164479e-01
4.622254010483975439e-01
4.579013820960811110e-01
4.721880936008829299e-01
4.718565162298117843e-01
4.853610111400176730e-01
4.844036180458671237e-01
4.791164306295000452e-01
5.452911615598440953e+00
4.103527715537232945e-01
4.022333729444170225e-01
4.230194870676133867e-01
4.450720264927004455e-01
4.041793469433100916e-01
4.919759517012957661e-01
4.799746501092665985e-01
4.531681121949175384e-01
4.496874672942177131e-01
4.533890150013525355e-01
5.379431367437206291e-01
5.376436301775110449e-01
4.213158810444493363e-01
4.308043619907577226e-01
4.721938088395821187e-01
5.112225953032364378e-01
4.230642545900261675e-01
4.426855964663516385e-01
4.990873670119913563e-01
4.991427006119372178e-01
4.443107072512620936e-01
4.412372933806976150e-01
4.792868578576370275e-01
4.751369508255791629e-01
4.679019172806983540e-01
4.644582883907988902e-01
4.574815028670635164e-01
4.689955946097109085e-01
4.697718801324115012e-01
4.900079580991196782e-01
4.882250214973746227e-01
1.106999144184294126e+00
4.017757812127207284e-01
3.977449790355219728e-01
3.989586658619102000e-01
4.596464294355951385e-01
4.573596951964500334e-01
4.666985975409280174e-01
3.962200227815935172e-01
3.923911487802140829e-01
4.817746313322782692e-01
4.551927251869367641e-01
4.578755856765391874e-01
5.014918362387911221e-01
5.851227468482235183e-01
4.135543039791936271e-01
3.930060859041703547e-01
5.468364889359034198e-01
5.370754623743961842e-01
4.306840251269887232e-01
4.295316198406588515e-01
4.818001461568542920e-01
5.118316895236978414e-01
4.778714254606792333e-01
4.347037045885486228e-01
4.331603815509349475e-01
4.822062317744541526e-01
4.321277665169417914e-01
4.162430949633190713e-01
4.399722023993104525e-01
4.823523907569857716e-01
4.915733765708562575e-01
4.625637981965384782e-01
4.702190508960951698e-01
4.667899340182542489e-01
4.917360647565076626e-01
4.912207825024583752e-01
4.629721263448499102e-01
3.976397024960764415e-01
4.038610868470594029e-01
4.555590264509525866e-01
4.641619489472199045e-01
4.020942604010031562e-01
4.009490777911722814e-01
4.832849304282407776e-01
4.761249719380883372e-01
4.559776552554339335e-01
4.675324087039260390e-01
5.276317036044172459e-01
5.478387813969742837e-01
5.106940522651552961e-01
4.185140591844288549e-01
4.116638512687922358e-01
5.329806182756195998e-01
5.339037025517836543e-01
4.211669879223040036e-01
4.146187599375148469e-01
4.244556188708634714e-01
4.880831728041103990e-01
4.944100477459609233e-01
4.815479273023785534e-01
4.322274823474414052e-01
4.330085470571776729e-01
4.868114998501595903e-01
4.804859263289136262e-01
4.240474552901612459e-01
4.258769727516183989e-01
4.874653335595951487e-01
4.907039947617710673e-01
4.608964652631536429e-01
4.649371983762699556e-01
4.661618204474429206e-01
4.934717846648500883e-01
4.945869821110487896e-01
4.655808646390195427e-01
4.077300546095177225e-01
4.132742300849763240e-01
4.621483920348833374e-01
4.682175519008542897e-01
4.568125951917962890e-01
4.017291059939699371e-01
4.833360099741949023e-01
4.829146347519934213e-01
4.634290848724027523e-01
4.640217790552892407e-01
4.583162940773116700e-01
5.418129600998526918e-01
5.462881520984609329e-01
4.091685112537929991e-01
4.049680140203396617e-01
5.102283402686033087e-01
4.210685398966290682e-01
4.364411421125597434e-01
4.908070595937107927e-01
5.093877759507586811e-01
4.380738704265998984e-01
4.372657615632139505e-01
4.820901671483515671e-01
4.842992929130507385e-01
4.277528218535198157e-01
4.371704215128575099e-01
4.872362441065686278e-01
4.907756614798168826e-01
4.914270379756399132e-01
4.590504618923839097e-01
4.674077182447924361e-01
4.630918538162535070e-01
4.672771986076234008e-01
4.960141241334521944e-01
4.970744351589304055e-01
4.554120294822673887e-01
4.606693954447230732e-01
4.187868058474698563e-01
4.273242503727866515e-01
4.653020910493220197e-01
4.719217645447837395e-01
3.928419691249039336e-01
4.023853507626504733e-01
4.874898876977967199e-01
4.851320799402826789e-01
4.616897150389294713e-01
4.763289063573148963e-01
5.228117286912221662e-01
5.480801473292943315e-01
5.381597915079640027e-01
4.016819987239236278e-01
5.095658204489046383e-01
5.120666288065206517e-01
4.200821728551035195e-01
4.209055138081186920e-01
4.240378021845744860e-01
4.973197838890863753e-01
5.022328534904690889e-01
4.447990838222115606e-01
4.394649305451584498e-01
4.850044671703566124e-01
4.828740755255593320e-01
4.358798449304492340e-01
4.327661973354468006e-01
4.790836203352653033e-01
4.907238216270566333e-01
4.620477585179684210e-01
4.654936070449433583e-01
4.592562543201779701e-01
4.650830797032244335e-01
4.975192420978321040e-01
4.987194351271541648e-01
4.630158483554416837e-01
4.572433291394810140e-01
4.069112784574185349e-01
4.056119449475072969e-01
4.175860524953440289e-01
4.709638013960288916e-01
4.746719908869090898e-01
4.112349323192284745e-01
4.151379049994896597e-01
4.866531040924317875e-01
4.897350298335637619e-01
4.695094238811240994e-01
4.721179177624006407e-01
4.619987435592518010e-01
5.272726264946586694e-01
5.299731179392090930e-01
4.000431433042541673e-01
3.965553057487890554e-01
5.096243940152835883e-01
5.125638642757448515e-01
4.181041843179381101e-01
4.403022432782833229e-01
4.814530350033552342e-01
4.977030913685145386e-01
5.020715452489341590e-01
4.379916322264624795e-01
4.340559170450429272e-01
4.807365349679832978e-01
4.835890364693931631e-01
4.144679733208688210e-01
4.138055416144174603e-01
4.235083476803156999e-01
4.962300299665894365e-01
5.004040067010386839e-01
4.719331649757779745e-01
4.626171406334572134e-01
4.584708896044392135e-01
4.620170531746615739e-01
5.013673310295564400e-01
5.021072094962198973e-01
4.603356172505658206e-01
4.567377027976320947e-01
4.018869978325091963e-01
4.002607167689499756e-01
4.737951543108334107e-01
4.754481366176164792e-01
4.272402531307731843e-01
4.150242434229129973e-01
4.772084898275684717e-01
5.010635668724147118e-01
4.706951359534116142e-01
4.816052257561910244e-01
5.024007193929630466e-01
5.216655325997390236e-01
5.297671473217731020e-01
4.062583068443832435e-01
4.153622425005279450e-01
5.093785979271076014e-01
5.144451703832343403e-01
4.156879118693282416e-01
4.422733330588177747e-01
4.221530092440257675e-01
4.985216248887602286e-01
5.068790300423704487e-01
4.326943446245422042e-01
4.875524916617778870e-01
4.837823961365476100e-01
4.098896483257726819e-01
4.163362165501294232e-01
5.093890142254150488e-01
5.001048263162225505e-01
4.716110166638696755e-01
4.644286315811262389e-01
4.584256606377690169e-01
4.619381210608194954e-01
5.019622411439854659e-01
5.052486878075450605e-01
4.553407768316479753e-01
4.045945621847563678e-01
4.090110046049088566e-01
4.717565130487055280e-01
4.757422472234711375e-01
4.767767280072657265e-01
4.122118235612995951e-01
4.624761081297619758e-01
4.798871858051864669e-01
4.749805400641740616e-01
4.798133459836541048e-01
5.194680294457514336e-01
5.231621015772061067e-01
4.286103812370668509e-01
4.167775476108745991e-01
5.029707373454882502e-01
4.382043263255013255e-01
5.023895274709029302e-01
5.059643511073481648e-01
4.323350902724008016e-01
4.297086552977342766e-01
4.686852481833750916e-01
4.849348923278954393e-01
4.064543635221633533e-01
4.066262300876778424e-01
5.007393216418329907e-01
5.007535924167908492e-01
5.114364342919524020e-01
4.738684117292192854e-01
4.523568008277043528e-01
4.752117003895067748e-01
5.077884523264476480e-01
5.202288833562386250e-01
4.545452794224982274e-01
4.516271510716904358e-01
4.132333111302579631e-01
4.237645701198668458e-01
4.764453401361656848e-01
4.764871652063387697e-01
4.220426377215051872e-01
4.102158249362982678e-01
4.803577688684572133e-01
5.169331960231977607e-01
5.106644249534573188e-01
4.178780547226076392e-01
4.923065700027016156e-01
5.122546980109510262e-01
5.076732413603103344e-01
4.337770427223962000e-01
4.396262674999281139e-01
4.765364704265674378e-01
4.310545766648859467e-01
4.075604030936690325e-01
4.911379282718397743e-01
5.080266837743728781e-01
4.715415980724335099e-01
4.623932181489399662e-01
4.662011846127266934e-01
4.883805548956851594e-01
4.530022190717591379e-01
4.514457555396959032e-01
4.194799203728099557e-01
4.076309682743276541e-01
4.769001565243539686e-01
4.774307598123785357e-01
4.278799594128939177e-01
4.287081701098893194e-01
4.948387930684466918e-01
5.018310710645631501e-01
5.132487343075077257e-01
4.278924583459072228e-01
4.188927245024057777e-01
4.769960712452965823e-01
4.871356074692875238e-01
4.447222805605638429e-01
4.368727672792118710e-01
5.151717258180056325e-01
5.007294890123166198e-01
5.041981723636040913e-01
4.477423491066283567e-01
4.523724110435914936e-01
4.487366358168796143e-01
3.994156430504426925e-01
3.915527556000937270e-01
4.044819648209838081e-01
4.763702484505649148e-01
4.746491260548417190e-01
4.254560225857069722e-01
4.957086935963842533e-01
4.921102489840569749e-01
4.344260001483667977e-01
4.818478050123669032e-01
4.474306956635649146e-01
4.340352404125017993e-01
4.011646471817916781e-01
4.951482444013680095e-01
4.500327682311455746e-01
4.496946768103559644e-01
3.999648353127696065e-01
4.027815403507792325e-01
4.734693458668350896e-01
4.760168888660172293e-01
4.766863208796370821e-01
5.550505692767985222e-01
5.672017204718220462e-01
4.709642890660347692e-01
4.623396401679858991e-01
4.649386178121132640e-01
4.458626477678718780e-01
3.952799610184191681e-01
4.250483139694560264e-01
4.354255365532872513e-01
4.404762939896567642e-01
4.285042058097269790e-01
4.175545721634662533e-01
5.279444554064172124e-01
5.280677954420295306e-01
4.501882716560888786e-01
4.512000130937123266e-01
4.080915385113832450e-01
4.180080834428568370e-01
4.705034669371011002e-01
4.799078156220006885e-01
5.172691725842056831e-01
5.442795207773223343e-01
5.293512857628557278e-01
4.455366690318994238e-01
3.908741922855317186e-01
4.613229624485407077e-01
4.910480552325910408e-01
4.638938629535349079e-01
4.370514579804453126e-01
4.712620877621204740e-01
3.961185451465472629e-01
5.276310063450644350e-01
5.265401844535444464e-01
4.492543591840954531e-01
4.492540915081715269e-01
4.158845394285294872e-01
4.124550438050399448e-01
4.733668403855500473e-01
4.809086019475941609e-01
5.068833768504409365e-01
5.600105433506840091e-01
5.337197355564214929e-01
3.984541061872486911e-01
4.711744343487246356e-01
4.959316978419281985e-01
4.774521218707421522e-01
4.256764671550911650e-01
4.674998805661977896e-01
4.669308549937248864e-01
4.760675811636446708e-01
4.194156412596484751e-01
4.153254817846563363e-01
5.193441973833461400e-01
5.174650462049963373e-01
5.081741285956642429e-01
4.540358384959124471e-01
4.451411368585410089e-01
4.015398599292939186e-01
3.971431309133339749e-01
4.061647690388853205e-01
4.714544589532517760e-01
4.703692206717244861e-01
5.180211015097054839e-01
5.508726948560606074e-01
5.199419076979461263e-01
5.448241675979998977e-01
4.209246579912928055e-01
4.364117100716807807e-01
4.720906595432176056e-01
4.299543117277022652e-01
4.353294825430044646e-01
4.767018154910021566e-01
4.872875892296477107e-01
4.771787001522428961e-01
5.023841831678218517e-01
5.099222026304386368e-01
4.719697033450390156e-01
4.313395198129880148e-01
4.309272990231629574e-01
4.704665153502184949e-01
4.690070855908980429e-01
4.713173729881465768e-01
4.683209129551733074e-01
4.842495366338602780e-01
4.891025236625908823e-01
4.029781322174393332e-01
5.198183300036168797e-01
5.265336774538098563e-01
4.464707380360929401e-01
4.467403359057526280e-01
3.989306734909957020e-01
4.023799475897785194e-01
4.726076589661801775e-01
4.757631914639869897e-01
4.790008427243570566e-01
5.413955177607442382e-01
5.430522038588758704e-01
5.103899750188393147e-01
5.465994312746351724e-01
4.202275412857461312e-01
4.448152520282004363e-01
4.354805514669526922e-01
4.965053234764064127e-01
4.313667572597174593e-01
4.787591481419254946e-01
5.050233420552528996e-01
4.848014550967649772e-01
4.860824861140485287e-01
4.653571390595427903e-01
4.773728757151577407e-01
5.007041495085737814e-01
4.262721135240679637e-01
4.702362301717369353e-01
4.745994593749895962e-01
4.442491371954431778e-01
4.665895383795574669e-01
4.466704244631097276e-01
5.146172288800043848e-01
5.023036501280255806e-01
4.145195605111889892e-01
4.197221697228579185e-01
5.114797687328489495e-01
5.344695330060288407e-01
5.038783509564319640e-01
4.458745572450125705e-01
4.503959100696341977e-01
4.067496632512614951e-01
4.205681178909181361e-01
4.715202036014042863e-01
4.759483287465758883e-01
5.054785301613753390e-01
5.544797879098738447e-01
5.354309311896400247e-01
4.153488453350703269e-01
4.493719916700874006e-01
4.198493530450766453e-01
4.699989782961780382e-01
4.206572078123417824e-01
4.929909681347833805e-01
4.929608629213949600e-01
4.813402780972891315e-01
4.970254488491488432e-01
4.575152345388149300e-01
4.629843260932957061e-01
4.586023472455223460e-01
5.058568112815295947e-01
4.977360960227245057e-01
4.300802033849662753e-01
4.706831928988635116e-01
4.792266470728548389e-01
4.703835612581691028e-01
4.469197767891378015e-01
4.484979002672601633e-01
4.491598455985530425e-01
5.040594680699936880e-01
4.170624301507290799e-01
5.216088331820507573e-01
5.221742312002252140e-01
5.188997981444922747e-01
4.442639975192258506e-01
4.537515028570595077e-01
4.174059663311999735e-01
4.213697487748356285e-01
4.736101700794732583e-01
4.772634847611950670e-01
5.111547297673864065e-01
5.474874254529724649e-01
5.241708329487625440e-01
5.442891196254289188e-01
4.101662489276450829e-01
4.335025746016386572e-01
4.237718109687619306e-01
4.752781555332322716e-01
4.780887094203774557e-01
4.448705718242457197e-01
4.421530657601669412e-01
4.778664093550427094e-01
5.054520019502005690e-01
4.916346646575670554e-01
4.442122698386542501e-01
4.647249041005791503e-01
4.501667822300380872e-01
4.554516137030991119e-01
4.978366278303358317e-01
4.341022426273031809e-01
4.220976578645092570e-01
4.712386668034331261e-01
4.828275445554647272e-01
4.705887029405056987e-01
4.468495480724143376e-01
4.458264635505558848e-01
4.505296112442667145e-01
5.172830499346315891e-01
5.030601889152038764e-01
4.136313813663020644e-01
4.214976020567883785e-01
5.221737617426257527e-01
5.347995631100311842e-01
4.358700815031920639e-01
4.417256205344842201e-01
4.111386443095763066e-01
4.009874712785023720e-01
4.132423521497916030e-01
4.772842347891466108e-01
4.793184628556317328e-01
4.713142606073492114e-01
5.432677339850140452e-01
4.679779639188639817e-01
5.069891021215144900e-01
5.433209406671192232e-01
4.067544323190619981e-01
4.337941631283804278e-01
4.212633246392371023e-01
4.302448236629110023e-01
4.661995794987616182e-01
4.310584675268273047e-01
4.816503909447426013e-01
5.333458588990408478e-01
4.862339020347424268e-01
4.950200674370131559e-01
4.371796171020639332e-01
4.567403768377874540e-01
4.388010143550826747e-01
4.492902977709707368e-01
5.247320561583708187e-01
5.148095583439635803e-01
4.244269123447982350e-01
4.719205650949948039e-01
4.787083829594394602e-01
4.700099180479231364e-01
4.465629101087102981e-01
4.434149291721644626e-01
4.478904969709282535e-01
4.863610321985038509e-01
4.225701839211906119e-01
5.145330072579666902e-01
5.514081398005039603e-01
5.175006402083601742e-01
4.363470765415599084e-01
4.589135717188407293e-01
4.406726005807632962e-01
4.149092983132238177e-01
4.423968208195679930e-01
4.800647058614858076e-01
4.756154240459568028e-01
4.898248682656335951e-01
5.131267027761651223e-01
4.698793074251015334e-01
5.010347128746608369e-01
5.548527902139304135e-01
4.126628414473775264e-01
4.333986330953823463e-01
4.291660318224067017e-01
4.325999031905483072e-01
4.341874502066017105e-01
4.368650041532832762e-01
4.260042798517351126e-01
5.064776968481875530e-01
4.832046894475674481e-01
5.284959047662274312e-01
4.319352251151822308e-01
4.334357422920781522e-01
4.464847959210393458e-01
4.857884828583332038e-01
4.243374188384773649e-01
4.316024742597329156e-01
4.631699069619127918e-01
4.598948114451781310e-01
4.688059512827937869e-01
4.676350828718737196e-01
4.456646873293104161e-01
4.422104288237092562e-01
4.470693459503283229e-01
5.302519787881302404e-01
5.188678234303183423e-01
4.245384812856076162e-01
4.187021529092303518e-01
5.079327145384991971e-01
5.534956340958916421e-01
5.240512030983266456e-01
4.343092489459872696e-01
4.350290132151236611e-01
4.364549372167881303e-01
4.276135982335658725e-01
4.211274383536195987e-01
4.623809544065288213e-01
4.690252149061342468e-01
4.745928885950681519e-01
5.051748904983748290e-01
5.130789737645112814e-01
4.953613839876963576e-01
5.005129902808862496e-01
5.315864936043097622e-01
4.121022354490737061e-01
4.701120875032825386e-01
4.307263845696297500e-01
4.346356356801021059e-01
5.621190832870451848e-01
5.872560860990030385e-01
4.249189075971365193e-01
4.242693295543975007e-01
4.415563481162678161e-01
4.345980806373565541e-01
4.388042528773318796e-01
5.698971289752778890e-01
5.780039098791431851e-01
4.222920337262914825e-01
4.255899822722137849e-01
4.499647373161579367e-01
4.795413676636783862e-01
4.532284515510094369e-01
4.453673640011249213e-01
4.369933118865715893e-01
4.459348845434916164e-01
4.768710008884255447e-01
4.194400092699612781e-01
4.381906837363674923e-01
5.044370884147160172e-01
5.788590934098413188e-01
5.286665966458132804e-01
4.392284457256359631e-01
4.331644411145222917e-01
4.396526990097045506e-01
4.235234962809029668e-01
6.050414033759028420e-01
4.517434021532142352e-01
4.222793479578763609e-01
4.021329261105469621e-01
5.055838225718743972e-01
4.574684222159204894e-01
4.999941598763463779e-01
5.325547076799336255e-01
3.904580460038467593e-01
4.540595394683386021e-01
4.543544620396059441e-01
4.964083286727454247e-01
5.270642634549462802e-01
4.789908294579629522e-01
4.903477960029505867e-01
4.954818218962062648e-01
5.132915924500348615e-01
5.413953131538181696e-01
6.136384892848842920e-01
4.121406595031208431e-01
4.198063171488994882e-01
4.322707358422928636e-01
4.914393915059577789e-01
4.545584943970133462e-01
4.797835433948327566e-01
4.404300709015926407e-01
4.466526507940792867e-01
4.448316796648962290e-01
5.166576214071536555e-01
5.313720709812870258e-01
5.362706192653602377e-01
4.325774130569317033e-01
4.437277575250331840e-01
4.377684964669900647e-01
8.283524992175332891e-01
4.430631617499819486e-01
5.146745239954121365e-01
3.949346575316270425e-01
3.985419906369551124e-01
4.196316257005081041e-01
3.584358470225183502e-01
5.502345996793666094e-01
5.297010098062159278e-01
4.853408856408053529e-01
4.728300039508673280e-01
4.693477321759848553e-01
4.744505218796804535e-01
4.931741492757265588e-01
5.053731225824301676e-01
5.234145814627093607e-01
5.462271372074721798e-01
5.547136077444637658e-01
4.124256261588420402e-01
4.067228617545047831e-01
4.273796121761694877e-01
5.033980561367199513e-01
4.420396707839989170e-01
4.199802486584523487e-01
4.437938361252079522e-01
4.993943675477619526e-01
5.650463287117163391e-01
4.890869161688378708e-01
4.243505917724433862e-01
4.443213907627768244e-01
4.243912346118123291e-01
9.004608409858873008e-01
4.422018735661162880e-01
5.403969697158934604e-01
4.413503581440211265e-01
3.005694459691775067e-01
4.099815241547563049e-01
4.698748746328264003e-01
5.020302402421432664e-01
4.784899671921333808e-01
4.855358186802011811e-01
4.901505228413003956e-01
4.564036779974927072e-01
4.280061706463601512e-01
5.000878600230175275e-01
5.461060376096400493e-01
5.165440510139903685e-01
5.766286540321421406e-01
4.245744353510270130e-01
4.190060913596930781e-01
1.030762649333223591e+00
2.214861534735798609e-01
1.418873223573335063e-01
4.864543608605343405e-01
4.981542297074410541e-01
4.660954428162469299e-01
4.731272480668908820e-01
4.732140677368469883e-01
4.743433889262131942e-01
4.801594593383791132e-01
4.906564924311013765e-01
5.081911387226195620e-01
5.020361117203098189e-01
3.818211189811084871e-01
2.770439029623634752e-01
5.311250420312236820e-01
5.323694984624846027e-01
4.942175587283269000e-01
5.122223889536202668e-01
5.468123784239532492e-01
5.466915835800192358e-01
4.253179913317267635e-01
4.253033825327466877e-01
4.248116792322279012e-01
1.185916298300597749e+00
2.241724390952223867e-01
5.011183732317394668e-01
4.458771327721283706e-01
4.652057156673614080e-01
4.739210314790624490e-01
4.777716705478887715e-01
4.722299481183869219e-01
4.749758275612787628e-01
4.811910374996992146e-01
4.871349294103036742e-01
4.986477721797936691e-01
5.088184310109448161e-01
5.255335870148696298e-01
1.975322522255236468e-01
4.915323175888458018e-01
5.391517565573274995e-01
4.905162924906003585e-01
5.116476912476651817e-01
5.465744731593318306e-01
4.139977346539120417e-01
4.420731643396676458e-01
4.136329136222705039e-01
1.370397646899321753e+00
2.111780589609086600e-01
2.223257845212237016e-01
4.784368722759649306e-01
4.987501243917232263e-01
4.854885148098189718e-01
5.013377199476309887e-01
5.240555033817518860e-01
5.549825803924557377e-01
4.134322755515139614e-01
4.093173311469539555e-01
3.749936400063089703e-01
5.328290782014639682e-01
5.252312569181186719e-01
5.012823409998743429e-01
4.139904816063923465e-01
4.236902349058663253e-01
4.168725681759339330e-01
4.054625725245095125e-01
4.362572923731872776e-01
4.062481690392479861e-01
2.133681554227040866e+00
1.838403050294955765e+00
4.060706435699930617e-01
4.428798455490241537e-01
4.075789667480712031e-01
2.484907750076081445e+00
4.162518463191886009e-01
4.383375204925472057e-01
4.072839474354285616e-01
4.270969314644487147e-01
2.914274088334853019e+00
4.236632107297509386e-01
4.415972485371079115e-01
3.987371347446493908e-01
4.324440434991539406e-01
4.347939224019266580e-01
3.464031908381206559e+00
4.267880657111647325e-01
4.425214344853088955e-01
4.051627062363834519e-01
4.328493419569547918e-01
4.455643051287606626e-01
4.453078974360767384e-01
4.227734617607001866e+00
4.159161812714179951e-01
4.300554232473798866e-01
4.211150354630215364e-01
4.433920920823687384e-01
4.462390348013897667e-01
5.476024199118898927e+00
4.108081732955736753e-01
4.248645751994516995e-01
4.258027692259724883e-01
4.435867914791188360e-01
4.368670882908794462e-01
8.520148998191103829e+00
4.086086317813610869e-01
4.274756838784445345e-01
4.203977092653324310e-01
4.418153850253966342e-01
4.329012246963437338e-01
1.098078899663256891e+01
1.725676323930987266e+01
7.218980928865040170e+00
5.577739154125477050e+00
4.980864028075490779e+00
4.608880445719090169e+00
4.331134878682303402e+00
4.104995560045574088e+00
3.911230245213216605e+00
3.739156587131752918e+00
3.582315103761958497e+00
3.436662574301311057e+00
3.299666906507781050e+00
3.169788967858652828e+00
3.046154818915420837e+00
2.928333299627265518e+00
2.816179109154005822e+00
2.709720945685270443e+00
2.609082535842378370e+00
2.514427855047748572e+00
2.425923421324192475e+00
2.343711571939764760e+00
2.267889672876696405e+00
2.198491462971763788e+00
2.135468232377506492e+00
2.078669247913096818e+00
2.027822690583855003e+00
1.982520201550097561e+00
1.942209626822434032e+00
1.906201215269474281e+00
1.873691793058622768e+00
1.843808940142534603e+00
1.815673100619290103e+00
1.788470786742190954e+00
1.761528078989768042e+00
1.734371978584581253e+00
1.706768630115699015e+00
1.678731720948485107e+00
1.650500281993795726e+00
1.622491077145114424e+00
1.595235333093814711e+00
1.569311739501166647e+00
1.545287041458783595e+00
1.523672370973157664e+00
1.504898523501147167e+00
1.489307914678436484e+00
1.477156387542081006e+00
1.468615688635489747e+00
1.463768081459262849e+00
1.462588113707625981e+00
1.464911852427621453e+00
1.470399024658496367e+00
1.478496484570103631e+00
1.488411244112036957e+00
1.499098662964703843e+00
1.509268824854287816e+00
1.517414841465066333e+00
1.521872259972544716e+00
1.520925744336239172e+00
1.512979198341174225e+00
1.496788744885230837e+00
1.471722760493747062e+00
1.437974293796738801e+00
1.396636753788538021e+00
1.349585937176395634e+00
1.299183447600456676e+00
1.247889620401801070e+00
1.197904126279947690e+00
1.150924661886130407e+00
1.108052703084252189e+00
1.069820267315193085e+00
1.036288420310028657e+00
9.003411502975048331e-01
9.112201687613397105e-01
8.928747579923784761e-01
8.979455755345302492e-01
8.910371725724159919e-01
9.104740340985371105e-01
9.283301296906810718e-01
9.505653405341997209e-01
9.754528412411104243e-01
1.000395895398179524e+00
1.021869381134686394e+00
1.035394605686872360e+00
1.035548771124070067e+00
1.016003624904181279e+00
9.695278263356611470e-01
8.877732487397098637e-01
7.614265112373738154e-01
5.911431883832184431e-01
4.233262160769996618e-01
4.163089441614932218e-01
4.417312955574107525e-01
4.425162741670632394e-01
4.339136133114034344e-01
