1.759275643074556683e+01
1.116739725921754633e+01
8.656465489818565118e+00
7.307150788724707802e+00
5.615737847218054135e+00
4.993358936917772439e+00
4.603067420921840736e+00
4.310888746166751773e+00
4.073032259009688794e+00
3.869763897251808249e+00
3.690128202972557947e+00
3.527467547547485704e+00
3.377550841076509602e+00
3.237647885376095491e+00
3.106013390631824134e+00
2.981570828266803197e+00
2.863702467716270128e+00
2.752101008742015686e+00
2.646660757675614040e+00
2.547396671926599243e+00
2.454384155527055800e+00
2.367714334788394215e+00
2.287460327628747070e+00
2.213650610967885068e+00
2.146246405218661835e+00
2.085121186585372932e+00
2.030041998972935691e+00
1.980654032794125108e+00
1.936471683628050000e+00
1.896880534738211388e+00
1.861154811838867218e+00
1.828493257718109444e+00
1.798072862421010276e+00
1.769115009228970248e+00
1.740953800810008278e+00
1.713093600628186941e+00
1.685243818783392467e+00
1.657324040549490007e+00
1.629440323293750659e+00
1.601841147578493496e+00
1.574866249182354183e+00
1.548901666021670787e+00
1.524349936613407452e+00
1.501617327302841698e+00
1.481112980165811832e+00
1.463250443140863943e+00
1.448441416201035281e+00
1.437074338218345071e+00
1.429475012930278899e+00
1.425850883393094515e+00
1.426223576256472336e+00
1.430356010566497416e+00
1.437681967116225534e+00
1.447249261257349318e+00
1.457693430629377396e+00
1.467265603602081914e+00
1.473940841229683940e+00
1.475623977303551326e+00
1.470443008599434220e+00
1.457079181149270042e+00
1.435046080674913904e+00
1.404823029686644631e+00
1.367786154567366186e+00
1.325951340121890309e+00
1.281610436566929190e+00
1.236969514266287318e+00
1.193876110894743547e+00
1.153671701962021512e+00
1.117157729939121991e+00
1.084639453815533061e+00
1.056013226559849416e+00
1.030877568522104992e+00
1.008661749627966842e+00
9.173467367454349874e-01
9.115236505380107657e-01
9.105128021154944573e-01
9.261158941883010920e-01
9.434635589696536151e-01
9.667263080193603253e-01
9.945465448045297530e-01
1.024460626137988939e+00
1.052661025813014239e+00
1.073834836270052939e+00
1.081185247589498077e+00
1.066738312933597443e+00
1.021901079647159483e+00
9.379667351960000454e-01
8.061145676264565019e-01
6.260820342962319929e-01
4.429450602117708247e-01
4.153643595137689881e-01
4.393329597154784216e-01
4.412917838290867367e-01
4.384918916867034944e-01
4.333193401147175661e-01
5.550142341155400949e+00
4.187218163228483281e-01
4.247260225877517170e-01
4.394507496736914653e-01
4.377311533660080412e-01
4.322639056069554342e-01
4.282205041908788701e+00
4.193921889986559903e-01
4.268393260605197193e-01
4.408650055793972844e-01
4.414821632786146699e-01
4.447521839370788266e-01
3.510768128066806160e+00
4.267960567460558075e-01
4.241876412339316560e-01
4.408896779688162848e-01
4.440047363439259542e-01
4.388591805014301905e-01
2.958166364517934799e+00
4.312038996207394059e-01
4.120134350914245736e-01
4.387681153798764777e-01
4.446122098371657616e-01
4.463057985672285177e-01
4.518465305306456625e-01
2.528353707904337000e+00
4.278702422562410956e-01
4.191900827130698448e-01
4.402050028760133848e-01
4.380442327792478663e-01
4.314106286543124558e-01
2.177782127193360395e+00
4.277761610288465799e-01
4.130147972048587857e-01
4.353230644101656610e-01
4.241361882901947822e-01
4.214668997027644082e-01
1.883354961083367751e+00
4.181220072385414266e-01
4.277068048585630500e-01
4.182468916872607578e-01
4.166677598032350049e-01
4.245880847829342497e-01
4.191072833057443159e-01
3.213771201340229200e-01
3.410795951928852765e-01
4.268569957183462882e-01
4.721254897861464350e-01
4.915774947141659523e-01
5.121195214321451195e-01
4.953183810330915593e-01
4.180871356124422067e-01
4.287420775578907328e-01
1.225538957006912177e+00
1.414140416321854943e+00
4.766055959272604281e-01
4.621021271804122699e-01
5.007925913687937269e-01
3.702977041032421979e-01
3.676154125639380932e-01
4.935068550592112691e-01
4.731774716740400066e-01
4.807465063686907070e-01
4.920191648675146801e-01
5.175711925403519986e-01
4.998171840265904220e-01
4.177207467314418832e-01
4.057528555304823481e-01
4.328677983057091505e-01
1.061670265459470519e+00
2.821030223861081265e-01
3.094687945437856191e-01
4.364408088836453925e-01
4.543686568023413419e-01
4.748382924750860212e-01
4.692410607625972507e-01
4.647500046683221697e-01
4.624560157449764675e-01
4.632906637584762732e-01
4.664258576202858775e-01
4.688561368311216504e-01
4.730410073142679028e-01
4.777605615653994220e-01
4.849253618301068158e-01
4.772895893302357972e-01
4.755992270303167624e-01
4.260010435888705871e-01
4.427837434280919582e-01
4.892931746117120118e-01
4.747243378149495485e-01
4.884668008491347968e-01
5.044811750798980921e-01
5.065356140323813428e-01
5.115198164897982736e-01
4.201984724957824602e-01
4.227398133544493231e-01
4.210177716389345570e-01
9.210488905844735896e-01
3.253983908859517937e-01
4.595267623420321579e-01
4.223843577990647469e-01
4.235048546483001219e-01
4.625676747339985129e-01
4.639721528573794718e-01
4.651305162028487317e-01
4.655302156107607447e-01
4.707471830689525794e-01
4.664159537791756627e-01
4.684884829218178282e-01
4.789950082686837418e-01
4.896983609497868595e-01
4.840232212645003695e-01
4.640269316907912889e-01
4.569650678546839928e-01
4.767567311442222344e-01
4.854431095821483688e-01
5.002582510856731224e-01
5.149955486280402006e-01
5.237889326956862712e-01
4.232858243853832025e-01
4.257284783535715267e-01
4.218199702334100021e-01
7.975601552157336460e-01
4.823082128711368988e-01
4.249800580875518485e-01
5.471874915052779009e-01
4.101882507672108269e-01
4.335958487295631936e-01
4.487973127818215557e-01
4.710547608064198366e-01
4.694326416914672562e-01
4.779441206449985824e-01
4.809358309159471045e-01
4.843292651511312275e-01
4.514849485501589155e-01
4.543883923333979502e-01
4.743305585986583583e-01
4.801564684188207033e-01
4.873582458148869034e-01
5.082838311953659094e-01
5.048621553852020716e-01
5.050729802048669059e-01
4.229542492615493421e-01
4.427649669492070839e-01
5.130265221346373972e-01
4.922877593216925529e-01
5.117153199600509295e-01
4.222415579016310927e-01
4.473122823529389613e-01
4.326009468070452502e-01
3.740605328619975856e-01
4.324764852705935692e-01
4.718882328751679567e-01
4.816742193697788332e-01
4.853391143103297223e-01
4.920221130011109278e-01
4.853429904954709162e-01
4.755777661985515214e-01
4.183360601565419001e-01
4.365439095058959995e-01
4.438478452816340680e-01
4.864454414762904855e-01
4.525475165601368643e-01
4.532004812488565904e-01
4.832713652447819808e-01
4.795308140792421958e-01
4.865389482159026002e-01
5.199391530074206624e-01
5.466156048659266409e-01
4.230640301915140622e-01
4.220754126658701755e-01
4.458792175106359168e-01
4.389333727435349441e-01
4.377412572312348038e-01
4.669227914460508111e-01
4.661534782827479462e-01
3.792526319007481495e-01
4.303368250561153130e-01
4.166942768903496019e-01
4.838175131524626860e-01
4.962232447112133737e-01
4.545704594379998964e-01
4.513670420289156993e-01
4.182704994884630656e-01
4.835435409620901237e-01
4.669597948214936345e-01
4.668338474913032443e-01
4.671497599049949101e-01
4.677734077812706337e-01
4.701466922244514346e-01
4.767078390488929673e-01
4.848437389330755853e-01
4.987057626112457176e-01
4.862765109864015667e-01
4.261497165167662526e-01
4.260789080965013964e-01
4.386034136833613095e-01
4.518656786247443602e-01
5.409314429060150253e-01
4.248993782880036707e-01
4.045973027719605430e-01
4.651948467744892457e-01
4.469631151687405435e-01
4.525196619428115130e-01
4.522688840834185875e-01
4.535389633053741321e-01
4.708473889078011454e-01
5.301013465900755728e-01
4.793923725987241369e-01
4.281564930412412040e-01
4.322060288029176411e-01
4.409043951220570356e-01
4.334857284794330079e-01
4.318160666691360228e-01
4.473063601852024229e-01
4.469914029946602807e-01
4.737055005713313172e-01
4.859335838538909602e-01
4.948700772990232699e-01
4.733816561031167214e-01
4.781517645747618839e-01
4.906405309620847643e-01
4.891087891033956137e-01
4.328262987194387290e-01
4.550147598627771739e-01
4.533682472767084914e-01
4.535119295173998810e-01
4.696685250167015879e-01
4.673960564310785659e-01
4.719216723826821780e-01
4.852463744267603296e-01
4.814928863694816763e-01
4.280710978173014047e-01
4.377925816996287023e-01
4.391573831293488217e-01
4.347823062526267601e-01
5.442936080340757821e-01
5.077454691371326989e-01
4.077710400545414005e-01
4.076381080169107496e-01
4.529730831339665587e-01
4.587357158345800046e-01
4.464713687305372769e-01
4.508094349205340468e-01
4.520200544459547776e-01
4.713575765909827631e-01
4.951112420698214334e-01
3.986883853888530949e-01
4.235491556404787361e-01
4.914266414076995937e-01
5.207713015128662137e-01
5.292106536484401103e-01
4.304350001615815380e-01
4.362275421376886064e-01
4.313202410390299391e-01
4.325317361975864472e-01
4.295242714269668638e-01
4.775814575226766667e-01
4.760521904266817317e-01
4.886831216774442654e-01
4.821999866067399054e-01
4.840506208090936124e-01
5.084330687646630986e-01
5.049024252434123339e-01
4.369276480904652482e-01
4.496898023882695550e-01
4.443131906971988232e-01
4.463679998024532303e-01
4.753512837556767567e-01
4.631096146210896269e-01
4.361545428440802841e-01
4.788215498196085607e-01
4.859297594686725619e-01
4.922553751136931055e-01
4.312752014396812328e-01
4.453679579823990875e-01
4.511126482070150212e-01
4.924871579247925291e-01
4.116802904870192625e-01
4.581055749122694420e-01
4.610373106703142265e-01
4.615733736973110513e-01
4.485599617401183070e-01
4.502717246218700953e-01
4.714823899410070518e-01
5.146692995388668646e-01
4.136584654253889770e-01
4.017026663191396452e-01
4.969280204584579086e-01
5.083551163309902865e-01
5.170467339784255989e-01
4.340842981792527033e-01
4.360377862701013685e-01
4.304855065266515735e-01
4.281703239301189456e-01
4.286867949761902774e-01
4.352316484878190339e-01
4.835254254776104044e-01
4.710688392977743777e-01
4.367136240475478770e-01
4.568859271593643800e-01
4.859556435901500326e-01
5.035717473044112324e-01
5.259818464022356643e-01
4.326151335195503878e-01
4.474592036851867682e-01
4.444691551426830367e-01
4.452790606219660385e-01
4.777377956195255071e-01
4.748796508367615909e-01
4.562632462081653850e-01
4.289760478508861663e-01
4.692191619546042247e-01
4.778666374603803835e-01
4.816949772532623797e-01
4.957983605728294996e-01
4.344160546379260412e-01
4.329521209834069628e-01
4.485684607184223238e-01
4.476126722585789253e-01
5.136017644952318717e-01
4.136976255696142024e-01
4.103011309845818744e-01
4.606690634457566991e-01
4.626233097373055325e-01
4.649495027963181371e-01
4.466143783392214073e-01
4.485377078426671660e-01
4.696569105195269045e-01
5.155265313535052352e-01
5.029210287188412565e-01
3.931527109095142025e-01
5.008608548517369252e-01
5.070403667944604065e-01
5.237737751540235687e-01
4.285066145544166871e-01
4.560575642377413530e-01
4.340904858846445502e-01
4.366383540226270732e-01
4.681190207534189351e-01
4.754661181022177829e-01
4.807328830135220166e-01
4.909369958116145960e-01
4.966386978109879058e-01
5.130980496065397078e-01
4.344468614751009761e-01
4.444546299180722193e-01
4.665497811424337282e-01
4.731887073616663497e-01
4.432343061820379626e-01
4.705068319321803472e-01
4.816797612530957506e-01
4.825523163836795137e-01
4.854909867423970460e-01
4.381549198221846297e-01
4.346218786534099543e-01
4.495476951407277322e-01
4.530751235125569654e-01
5.111784071517653238e-01
4.973533417530119904e-01
4.224165619399630756e-01
4.626113548082336213e-01
4.643730611372863804e-01
4.528498865137361440e-01
4.456217770039415660e-01
4.498839605799064278e-01
4.676779860148088663e-01
5.039703468991328927e-01
4.150000741350813871e-01
4.057142794603951774e-01
5.003954472272698073e-01
5.045416660067582049e-01
5.317181892566941181e-01
4.328379254163791101e-01
4.373610602248708679e-01
4.343940251577066980e-01
4.239401752721355665e-01
4.216452104233114340e-01
4.740738441994796215e-01
4.767009850358234768e-01
4.740885118056467062e-01
4.774607366942534847e-01
4.978103852063996415e-01
4.989682384856629072e-01
4.368179636611009831e-01
4.418797201354094928e-01
4.607590755750279876e-01
4.736620080839571978e-01
4.311097976799865283e-01
4.728396832460717292e-01
4.829322404637742538e-01
4.845164332427858156e-01
4.461227140985599693e-01
4.470081925245672494e-01
4.502203574605794789e-01
4.800774315438910422e-01
5.089762382975283606e-01
4.312872031800553674e-01
4.111436862214781218e-01
4.649584950786715964e-01
4.677821147986449546e-01
4.585557829473456137e-01
4.469274740053719719e-01
4.499185052066935198e-01
4.522078276856902335e-01
4.611401489918645069e-01
5.017763757074600317e-01
5.163735692687102530e-01
4.113538406299465100e-01
4.983326176183983103e-01
4.985403255991209814e-01
5.170106362473633199e-01
4.326154849100551369e-01
4.368240898525938554e-01
4.167557352295861439e-01
4.194632312866289903e-01
4.789121910885127953e-01
4.770740119582159711e-01
4.971093527732067252e-01
4.825300797459154412e-01
5.084845337071035587e-01
5.106525442907435819e-01
4.393212458578113488e-01
4.430788034145836662e-01
4.724453357209831839e-01
5.329098800077034515e-01
4.648170160070023704e-01
4.301959739099898150e-01
4.236374996668656467e-01
4.749265453767837486e-01
4.740096453689145450e-01
4.774023843900095931e-01
4.963671261815455482e-01
4.437229668857838871e-01
5.008809758465506690e-01
4.193179058513511470e-01
4.686240562008046617e-01
4.692473623297700458e-01
4.620087730990323771e-01
4.451931097590023367e-01
4.571643603075676854e-01
4.989446896354057803e-01
5.086060791063323760e-01
4.251385797187902105e-01
4.074995622264301898e-01
5.066081429008723047e-01
5.053015026094156426e-01
4.348391036674030263e-01
4.348748908534736390e-01
4.220032600066991879e-01
4.223270297722935274e-01
4.265604065875924222e-01
4.712261136949221774e-01
4.762778333150554100e-01
4.881047309197566464e-01
4.914970913924154861e-01
5.019262617643318602e-01
5.193187938769441292e-01
3.968504180792067348e-01
4.490122460211611877e-01
4.682677594763215434e-01
4.758519812983380559e-01
4.672623609179810678e-01
4.299296401220201735e-01
4.685685931781672919e-01
4.660828818328226486e-01
4.771619224653180225e-01
5.107909233376748404e-01
4.112289344688458415e-01
5.057962807231687341e-01
4.999900093307450000e-01
5.141432181654845834e-01
4.380790070905059008e-01
4.376261460073638809e-01
4.311468796190608410e-01
4.332458824294629918e-01
4.678347168918420285e-01
4.729640701649805434e-01
4.818146953884658856e-01
5.000167876786034693e-01
5.039113253318706631e-01
4.399999508446217900e-01
4.361705112168480225e-01
4.729096253869971567e-01
4.706795762390899585e-01
4.729237965004726707e-01
4.743517135414496155e-01
4.331593417101482490e-01
4.117970693550505601e-01
4.687430406432581131e-01
4.712313281510445151e-01
4.722203182499011831e-01
4.280915011264110892e-01
4.229828619584680149e-01
4.982406996289414081e-01
4.910886173679736011e-01
5.045645860151021234e-01
4.416868371924064784e-01
4.380909657891925990e-01
4.250716151628999850e-01
4.239430285743754356e-01
4.684786531214477634e-01
4.768861436166391687e-01
4.752626023854007453e-01
4.941231488799964211e-01
4.854286104873526964e-01
4.977001603608438018e-01
5.163190942850457432e-01
4.400998695407028483e-01
4.691085243355739287e-01
4.652555664624695164e-01
4.691555727648821783e-01
4.460657017530916812e-01
4.524123065786651576e-01
4.582795217381114283e-01
4.053873364823125103e-01
5.019863255251958423e-01
4.939155195794145414e-01
4.393903260198163130e-01
4.436032707612144743e-01
4.216541054656988696e-01
4.171278131442946457e-01
4.727553898604326954e-01
4.785775450353848548e-01
4.824736627378802267e-01
4.812183319207388177e-01
5.158657060199767219e-01
4.785614108550568790e-01
4.782240134489276762e-01
4.037785349678799096e-01
4.530355455476501314e-01
4.465206944411271306e-01
4.415154299080574773e-01
4.232568165808265337e-01
4.691084794969951344e-01
5.068900858941767229e-01
4.866425631684024311e-01
5.116953886252428862e-01
4.428281968812506908e-01
4.441058726327509198e-01
4.191727664175849966e-01
4.204983194106207689e-01
4.731659786418565550e-01
4.727183953075193568e-01
4.942886036508372105e-01
3.833920918805667211e-01
4.772046328609466093e-01
4.830427857257014179e-01
4.205433752245794077e-01
4.597674435955723671e-01
4.894261737012204350e-01
4.575999364672735381e-01
4.344169216286659641e-01
4.908964767374187077e-01
4.879314388043548001e-01
4.599124833977049076e-01
4.452775181140078975e-01
4.435000699134075131e-01
4.222336345642507816e-01
4.287868956829689049e-01
4.368180084607461433e-01
4.701534159922047262e-01
4.707495001664967482e-01
4.265852197975594229e-01
4.795417822532163088e-01
4.817309731253698324e-01
4.226261511206811372e-01
4.206927509155320988e-01
4.833631298958670497e-01
4.802263677209732129e-01
4.405102170134801987e-01
4.421805460085022066e-01
4.525698013196262082e-01
4.440806698703872457e-01
4.441533100765754360e-01
4.828662852953025664e-01
4.830501247030348777e-01
4.878892416302249013e-01
4.512340149195618877e-01
4.460039636861428680e-01
4.465243019702546667e-01
4.294767052166139631e-01
4.276360418819066256e-01
4.681796022286889847e-01
4.752008565935976758e-01
4.730279229778137640e-01
4.204689474327891197e-01
4.248655559938901982e-01
4.779872516690944484e-01
4.882716524324041130e-01
4.884217577721507997e-01
4.264794430751467913e-01
4.225908459434559727e-01
4.813565443435662283e-01
4.781110047852503708e-01
4.427985015099628607e-01
4.763355840673755282e-01
4.685081796133515608e-01
4.346343276248844645e-01
4.297659743827179080e-01
4.810391540918345643e-01
4.743753004527537231e-01
4.680496896783022387e-01
4.557036791704672796e-01
4.670725230240065362e-01
4.812233577355986003e-01
4.998572494761169827e-01
4.839731427667728347e-01
4.486473239068736185e-01
4.499682734346048263e-01
4.227448746913906041e-01
4.240157386362267689e-01
4.740700988246624448e-01
4.746767396323846033e-01
4.268836897482797266e-01
4.224356890964665046e-01
4.655419204505786279e-01
4.675140123524613167e-01
4.661284018236395710e-01
4.713403064013212962e-01
4.640270070736524644e-01
4.901841975797229800e-01
4.967616234678614573e-01
4.252321632534379336e-01
4.781134090867396047e-01
4.844831542977692251e-01
4.117531745030109103e-01
4.366761672976637865e-01
4.769496450848713098e-01
4.870923322116834653e-01
4.832372703921762325e-01
4.489864723491479026e-01
4.420682760482587681e-01
4.687325198658071068e-01
4.693763908831845577e-01
4.298099792657533724e-01
4.332087279208597930e-01
4.454582369444937129e-01
4.773660493307010921e-01
4.705851035340706812e-01
4.553397017604392527e-01
4.479610174568214864e-01
4.641164126403063417e-01
4.856057434678696105e-01
4.776914665916999203e-01
4.516139000160255823e-01
4.528651193623492999e-01
4.158065879265692710e-01
4.206057212417694813e-01
4.729880431760796755e-01
4.720412744856712361e-01
4.263615740054773617e-01
4.719760366132152996e-01
4.755227471728051269e-01
4.660912519071354621e-01
4.762316562782447638e-01
4.772203881530490133e-01
4.896887712353205080e-01
4.977252107414765203e-01
4.374745880146416188e-01
4.265897782478277334e-01
4.857095706572399640e-01
4.826044427157138439e-01
4.229886776710947704e-01
4.203261189168936984e-01
4.338000754338283693e-01
4.843918988288943850e-01
4.887672398374289795e-01
4.471380200889440992e-01
4.392032862519035241e-01
4.698622111947972080e-01
4.707396574112410748e-01
4.359543724944842658e-01
4.330456829546996400e-01
4.755406269144979992e-01
4.832594128544192569e-01
4.789828117154765197e-01
4.611529454266303230e-01
4.536194122357363190e-01
4.524854685764797546e-01
4.615484767951495981e-01
4.780945036797953351e-01
4.812991987045683873e-01
4.543070508164339105e-01
4.232401955362863344e-01
4.265961190319141338e-01
4.336451008745489943e-01
4.671996174757383491e-01
4.717795512468315744e-01
4.394284536283501463e-01
4.292669805864158805e-01
4.707488862224461501e-01
4.725127453876192818e-01
4.636896030112416800e-01
4.619442667306255523e-01
4.698632112694227647e-01
4.949088772907954681e-01
5.009306241539486226e-01
4.261608131725314053e-01
4.178125903891694026e-01
4.838926510357509647e-01
4.888073101827812850e-01
4.106743523167987187e-01
4.196394531765629821e-01
4.790375396803084884e-01
4.836600877665413467e-01
4.424595109905088974e-01
4.394906663268368097e-01
4.691159924168593065e-01
4.692649554430931569e-01
4.312773136431757859e-01
4.296497335557618591e-01
4.824278931308197960e-01
4.809379638553079594e-01
4.597020232000854634e-01
4.538266221584451032e-01
4.567610869530506212e-01
4.626315024848383084e-01
4.764809917455007926e-01
4.801718429416380052e-01
4.576869933801313017e-01
4.557363569130573611e-01
4.326013530573482591e-01
4.339630140004445691e-01
4.617789390819865281e-01
4.669537375441635829e-01
4.268145578857840405e-01
4.217828511733963115e-01
4.740515660988627311e-01
4.721425711554528837e-01
4.635644467494042797e-01
4.639367242616367348e-01
4.942178707390197934e-01
4.925044626744443654e-01
5.279975957614824189e-01
4.197371572661036665e-01
4.222970143259398013e-01
4.866062413204880754e-01
4.883085910924907513e-01
4.225739154854281643e-01
4.287167336790846384e-01
4.383037478632109130e-01
4.680223724707940347e-01
4.835277082654121372e-01
4.840546555837964005e-01
4.396547257815234810e-01
4.341212563201269914e-01
4.721096960481980243e-01
4.711606839770969279e-01
4.318831975704373050e-01
4.336739331856616086e-01
4.789898221458371297e-01
4.811023302640697885e-01
4.509928357070662197e-01
4.489343112340526409e-01
4.571383191737188878e-01
4.613522157274668190e-01
4.769930823170406287e-01
4.792320806797577548e-01
4.578964585349672989e-01
4.583175050773377057e-01
4.256253812466790354e-01
4.238476400532850685e-01
4.668299134693998376e-01
4.625606603872082223e-01
4.679947545048231961e-01
4.185329276180716485e-01
4.208838997530736648e-01
4.815610635456689104e-01
4.615368101423276692e-01
4.583497609154372765e-01
4.651455147383845024e-01
4.960223873469328804e-01
4.898710710515914446e-01
5.244108110216406660e-01
4.154153653935366286e-01
4.265510033089975894e-01
5.089383900403975369e-01
4.266883025014532871e-01
4.238028625234753766e-01
4.789110970704187897e-01
4.902438070860620778e-01
4.355473789742136947e-01
4.388490609051595714e-01
4.777440420405485444e-01
4.353856759374556962e-01
4.437549824082333561e-01
4.462583165328363743e-01
4.715485465821524502e-01
4.783720016361052707e-01
4.486567217487836268e-01
4.512715935500040132e-01
4.616811372543896952e-01
4.616854392432805931e-01
4.769835426684227997e-01
4.782780360819912091e-01
4.557793404965914674e-01
4.599387965425148495e-01
4.221763781325281739e-01
4.139818679988819250e-01
4.600946760548619285e-01
4.590112077540370317e-01
4.100526049441282073e-01
4.203554495515034461e-01
4.784960024682387014e-01
4.785319079262015385e-01
4.593206775420836663e-01
4.570988242869232776e-01
5.113397483550864431e-01
4.989384166508319951e-01
4.335079020780237546e-01
4.792315631261825359e-01
5.066392112200259756e-01
5.048496993922487741e-01
4.247674371491268475e-01
4.275780118590778445e-01
4.715680983244432412e-01
4.747772557807805049e-01
4.309363484048034931e-01
4.360599648553004637e-01
4.737845681655592500e-01
4.731329647457999110e-01
4.472049264478082375e-01
4.418459854452301272e-01
4.685076791329514934e-01
4.735516274327924435e-01
4.500654585844408029e-01
4.646698631083258646e-01
4.770091886779367352e-01
4.767036056276733880e-01
4.589482375937651848e-01
4.201408537313076064e-01
4.161832473485171380e-01
4.569550234790568100e-01
4.576350257298718582e-01
4.883156901181745502e-01
4.050482458274652364e-01
4.853240836435931960e-01
4.737918413484421554e-01
4.596910911527925525e-01
4.555244927868734028e-01
4.606091948356824117e-01
5.102343398268454067e-01
5.126311902882901839e-01
5.009208439387935474e-01
4.284256209450507114e-01
4.353024168568142560e-01
4.423774345634152172e-01
4.733382467133626093e-01
4.711638147371610130e-01
4.888137818605544083e-01
4.297272390004813758e-01
4.786680537112392164e-01
4.740880247866313124e-01
4.418473405863986292e-01
4.402605975660769944e-01
4.700626689501189448e-01
4.679992261325764402e-01
4.863298876363675305e-01
4.546005924459513570e-01
4.532653739524122871e-01
4.674215516352257516e-01
4.668534283302592791e-01
4.783871338953666341e-01
4.775650011128033667e-01
1.143810615366743111e+00
4.175915007712544536e-01
4.244338143298915234e-01
4.270297671582521382e-01
4.219445615231401381e-01
4.070327062145450148e-01
4.783329706181420060e-01
4.679705020050754505e-01
4.554485008500006038e-01
4.589109624659024056e-01
5.056866171045520941e-01
5.006769024684736280e-01
4.328567171470312225e-01
4.353190035224364096e-01
4.703454676617919716e-01
4.549739293281116481e-01
4.303052056750672483e-01
4.749640511488258388e-01
4.693100319123361674e-01
4.395431439561052200e-01
4.422111804526109302e-01
4.673921557644848401e-01
4.689774960028698647e-01
4.470833404218444995e-01
4.461545422544757611e-01
4.677893265921712063e-01
4.674428390712088710e-01
4.787335164838106838e-01
4.773111697791844743e-01
5.537475657358277736e+00
4.219712082730056046e-01
4.282942587802850976e-01
4.653555920934546175e-01
4.557603470161077919e-01
4.523211055008970471e-01
5.003888318305160787e-01
4.308761034434515635e-01
4.297198984845292946e-01
4.737189334817827890e-01
4.716166956476358640e-01
4.380618769620410191e-01
4.380236683233851847e-01
4.701681665801987209e-01
4.500833667370069957e-01
4.719518643309181249e-01
4.634097277189256903e-01
4.785984696637738955e-01
4.779690595333361269e-01
1.717023596127371476e+01
4.085552591638543785e-01
4.106941302466139976e-01
5.060631198128251462e-01
4.666068212744645116e-01
4.573936728100485016e-01
4.551413781874824593e-01
5.490764359777098313e-01
4.892276072157126232e-01
4.349343368001704069e-01
4.390900023134455266e-01
4.664117700457535709e-01
4.431676976462669559e-01
4.401591204586395301e-01
4.680857367982502182e-01
4.822646015559438615e-01
4.677946063472964711e-01
2.759315671562318073e+01
4.149019423215152269e-01
4.772559778843664113e-01
4.539472723438197632e-01
4.528787808756494226e-01
5.025486934084184565e-01
4.502299125288267700e-01
4.012365463831726875e-01
4.975399213050482605e-01
4.944453998342351331e-01
4.491579744031864441e-01
3.978690551824973776e-01
4.806968846080081903e-01
4.875837165715092847e-01
4.808394672816004856e-01
4.622369179885787993e-01
3.151479540465577855e+01
4.106001979363295140e-01
4.669804593892740718e-01
4.541107658672841052e-01
4.553908183025725531e-01
4.894851200193217622e-01
4.499151097232178542e-01
4.387807838702716956e-01
4.974861975742408404e-01
4.663669654683157972e-01
4.492550148434129587e-01
4.402622465973028421e-01
4.805719095959102294e-01
4.679856653085505136e-01
4.849306747915892446e-01
4.677805117952374969e-01
2.759210091595890901e+01
4.083908352249807083e-01
4.314895638114031318e-01
5.064898560474951905e-01
4.657643050962722575e-01
4.576352849226935637e-01
4.525327856090385903e-01
5.494996611191055313e-01
5.007940712388404547e-01
4.346255601055386553e-01
4.294252906617180288e-01
4.715435915881369122e-01
4.432918382746234842e-01
4.381470560359671529e-01
4.633118410397815690e-01
4.823918541553648964e-01
4.778408689879666271e-01
1.716928315592338805e+01
4.218338210601876859e-01
4.268688502680203500e-01
4.683419903391625172e-01
4.559551735850363441e-01
4.590952015577878242e-01
5.010254377168378292e-01
4.306130051435496653e-01
4.350668635485249180e-01
4.736462809923915329e-01
4.692406778699650949e-01
4.381783260011437031e-01
4.423201151967619538e-01
4.701381002145334498e-01
4.689297090755072950e-01
4.501589327220376080e-01
4.460929783452073916e-01
4.717649347471953858e-01
4.672173779190811893e-01
4.784610613487272901e-01
4.772560410894113869e-01
5.537053385010395345e+00
4.175268009830250260e-01
4.160417080946038348e-01
4.242709058297210456e-01
4.218442971546990106e-01
4.882919668239863453e-01
4.067684722523685070e-01
4.047572624851896173e-01
4.787215310877225849e-01
4.740850512949669193e-01
4.556153675495214217e-01
4.607238654209956930e-01
5.060684303454660027e-01
5.012240799214360276e-01
4.326289863844329786e-01
4.421588706202427832e-01
4.704353570283809072e-01
4.889651226048832289e-01
4.551118691110945247e-01
4.304576695979301926e-01
4.298670336336198328e-01
4.748955443945878652e-01
4.740296265109438800e-01
4.396413832928475207e-01
4.403535706737478628e-01
4.673060110014651825e-01
4.862297435530148482e-01
4.471328833775966016e-01
4.532963339153333604e-01
4.678376380546259150e-01
4.667308210869474672e-01
4.787111591540301747e-01
4.775383169179907572e-01
1.143676307157984740e+00
4.200727673504298099e-01
4.139832061054949386e-01
4.570029083867548358e-01
4.590856424458152341e-01
4.576684306351864739e-01
4.200352452172568807e-01
4.855198372591011391e-01
4.786722101723987488e-01
4.597195892048333565e-01
4.571452693543905377e-01
4.556411553384739910e-01
5.099846689106751763e-01
4.987788074930283866e-01
4.787244668348134002e-01
5.128746180550158851e-01
5.050151023407191131e-01
4.283413087637890637e-01
4.274593873868117178e-01
4.351019000412250648e-01
4.734989520631852633e-01
4.749597181087642506e-01
4.712845418072041381e-01
4.362194377177868732e-01
4.786220698735879631e-01
4.730937049235934833e-01
4.419115627093302412e-01
4.419594201819612156e-01
4.699937114401530058e-01
4.734574444696734719e-01
4.679067990822170509e-01
4.544673718471867740e-01
4.501812220258511466e-01
4.674154031644552898e-01
4.645747636724910645e-01
4.783618314534645033e-01
4.766841852012121961e-01
4.588952411685240373e-01
4.221376389615047464e-01
4.238176611487782242e-01
4.601444323039715623e-01
4.680288719898569316e-01
4.097531053615923180e-01
4.206794648706859152e-01
4.784484338946753401e-01
4.815006616985449406e-01
4.593222656675511328e-01
4.651105414895411183e-01
5.114307530147683689e-01
5.245375775592460155e-01
4.329105710388860273e-01
4.260195347937310029e-01
5.066276046360442820e-01
5.089183241771331190e-01
4.247273821622045142e-01
4.237980548589146412e-01
4.717467425990762853e-01
4.904059963197345828e-01
4.311030093382769435e-01
4.390084459696493857e-01
4.737782860372432014e-01
4.777443526374675620e-01
4.471498405950858901e-01
4.461802986005490856e-01
4.684584789016479345e-01
4.783150155190978858e-01
4.513081562765703381e-01
4.616209015448873854e-01
4.769953027285201985e-01
4.782712246393791000e-01
4.598749858526971490e-01
4.256075017004491978e-01
4.339402253878714144e-01
4.668650665122144328e-01
4.670099527992818134e-01
4.626077931699173473e-01
4.183255767356389709e-01
4.217488820615667433e-01
4.718338502127146228e-01
4.614258344807480872e-01
4.638799935716988454e-01
4.583082922609317267e-01
4.960567113447277854e-01
5.280179399353850389e-01
4.900404559939730564e-01
4.148640442712336895e-01
4.218299242217222744e-01
4.880220889178073507e-01
4.267355953180200778e-01
4.384448298963554147e-01
4.790485618329958784e-01
4.841259308592493205e-01
4.357028477997790250e-01
4.342686882929175929e-01
4.712215091858325544e-01
4.353696132093947124e-01
4.336306401231809771e-01
4.438228881984069285e-01
4.715237068124674136e-01
4.810878958426731411e-01
4.486547012131981704e-01
4.489355431591739443e-01
4.616270336083040937e-01
4.613499976999473340e-01
4.769791703034638175e-01
4.792311068680912278e-01
4.557208877698712413e-01
4.582786460089265934e-01
4.325703931778634992e-01
4.335706069811018359e-01
4.618464084532168945e-01
4.718467888192648396e-01
4.268573492623817800e-01
4.294133629091883009e-01
4.737117352043510587e-01
4.720975993610217469e-01
4.634286221064065625e-01
4.696174884095174473e-01
4.942289610903173314e-01
5.010844693403488925e-01
4.924822075961596268e-01
4.193236549765423371e-01
4.174580394977401299e-01
4.862975629875130879e-01
4.883791747937631378e-01
4.225655466471466837e-01
4.195466035580836528e-01
4.288835764202512668e-01
4.680393303240680813e-01
4.836633198385802412e-01
4.835900275249372382e-01
4.397916033715799089e-01
4.396094292065774733e-01
4.721747394423577715e-01
4.693893544333037071e-01
4.318876860669519369e-01
4.296826407768504774e-01
4.789775720335413545e-01
4.809321448052253922e-01
4.509753365695307603e-01
4.537808731026422571e-01
4.571610601806813667e-01
4.626829419841626545e-01
4.769933879913609842e-01
4.801731428795420475e-01
4.578611790035722051e-01
4.557004569291336349e-01
4.232245959600275387e-01
4.205784603846067782e-01
4.265526720369999247e-01
4.672648601299005389e-01
4.721060399931690243e-01
4.402952995958664961e-01
4.267355033247380303e-01
4.702958238791421497e-01
4.750507419166081768e-01
4.634455735284926936e-01
4.760736841232660055e-01
4.617425398470330622e-01
4.950223988758194471e-01
4.977656764085756635e-01
4.258656031497965455e-01
4.263824334764375612e-01
4.833881823135648403e-01
4.820770975219260679e-01
4.108126499501845164e-01
4.341029355720010252e-01
4.789976858726082143e-01
4.886819206461193721e-01
4.425660768367356002e-01
4.392906472849352206e-01
4.692477508305368805e-01
4.708896941032620354e-01
4.311634663696899405e-01
4.329283155317292797e-01
4.824446408759520688e-01
4.790333140417526447e-01
4.596169470054025097e-01
4.535128319918519391e-01
4.568434507686378043e-01
4.616435946627725495e-01
4.764835209221125467e-01
4.812991021384568358e-01
4.576482881267263103e-01
4.542683468988918949e-01
4.158011520173370834e-01
4.240395605049892547e-01
4.730437849819331686e-01
4.747143466029734027e-01
4.228718796766615107e-01
4.715451729648887924e-01
4.671565980043692057e-01
4.659470564890386135e-01
4.640175661152983744e-01
4.774600430129429807e-01
4.971185225016405140e-01
4.899235269740991883e-01
4.373622302390348104e-01
4.251986071162249248e-01
4.852107402968577343e-01
4.839035028717221243e-01
4.232564853949957184e-01
4.369486090079815477e-01
4.205924448730264942e-01
4.842903159727166007e-01
4.830120283879348331e-01
4.472089085673594533e-01
4.421285771303545831e-01
4.700160228669429952e-01
4.695372146583081663e-01
4.359030429841091459e-01
4.455178591089933859e-01
4.757033569297434150e-01
4.706748292988716109e-01
4.832890601649554863e-01
4.609581846707629382e-01
4.551904133927079377e-01
4.526041162155722830e-01
4.642274812688551577e-01
4.780968850538462322e-01
4.776944400641172650e-01
4.528454674269138391e-01
4.227638271087417743e-01
4.276637346934463735e-01
4.741199843685525717e-01
4.730427015938697410e-01
4.272567555546192830e-01
4.254198951660931316e-01
4.653426223871984790e-01
4.659908150060282916e-01
4.713509339544348364e-01
4.904356844946834992e-01
4.885859183983283227e-01
4.228948787786583341e-01
4.777130857163202626e-01
4.117433194125269535e-01
4.765013426532905827e-01
4.776133836726416670e-01
4.868550434245510483e-01
4.490231177087732894e-01
4.428240122855658933e-01
4.689074730680017344e-01
4.687173170876232087e-01
4.297769182498742957e-01
4.297508966128373853e-01
4.329909568732186465e-01
4.775334200715018462e-01
4.745949415312836206e-01
4.562056593167466700e-01
4.480910647509778189e-01
4.813244740203522776e-01
4.856061059429203075e-01
4.839957007414867340e-01
4.516033108212338942e-01
4.499639623882211170e-01
4.295088304985616445e-01
4.368391198008503840e-01
4.681878092365231447e-01
4.707488665439677478e-01
4.752001000060185887e-01
4.210264706164643100e-01
4.270805997649353980e-01
4.782970317924956083e-01
4.821187329383426201e-01
4.886622268354580134e-01
4.268399119333488589e-01
4.209614305522701994e-01
4.809125729224081325e-01
4.797892857473076145e-01
4.421422365058287340e-01
4.765790839700081438e-01
4.442181538211913416e-01
4.345708747595192212e-01
4.442466115811570804e-01
4.811936805025318620e-01
4.832088722347882559e-01
4.679444169822219446e-01
4.510938723012650198e-01
4.671124353210663327e-01
4.998666572879341130e-01
4.486433959145870731e-01
4.465219950613600886e-01
4.222733364484940188e-01
4.205062168259096067e-01
4.288041788990165082e-01
4.701602328811104181e-01
4.727105001722691768e-01
3.835980760844701631e-01
4.799241081723900626e-01
4.834015045079630979e-01
4.228945081799080907e-01
4.208365842887791253e-01
4.828435759920796100e-01
4.888510718446932857e-01
4.404761687046082619e-01
4.343313093750358900e-01
4.526974519303712530e-01
4.830622407893278569e-01
4.881580237170464187e-01
4.877144751538778911e-01
4.598940556015093661e-01
4.459939566203517392e-01
4.434951888651591512e-01
4.192072776279943125e-01
4.171955076845153543e-01
4.731728305975190230e-01
4.785871954226820213e-01
4.941546980478911943e-01
5.157688324846336769e-01
4.775055365368329752e-01
4.788122435456287351e-01
4.037587622168412604e-01
4.580173555787450113e-01
4.461234050231688286e-01
4.575116973178575130e-01
4.231742427137762941e-01
4.910029918928949799e-01
4.692611892960092956e-01
5.116647853882727581e-01
4.452666380830830328e-01
4.440967468520405914e-01
4.217133375708861376e-01
4.240120752115900116e-01
4.727431081145530567e-01
4.752468465258389285e-01
4.826829303771009161e-01
5.163706373737512179e-01
4.812686607370882386e-01
4.792290982763929841e-01
4.702946425279359577e-01
4.691113398135329793e-01
4.523709001999332568e-01
4.454554580446181133e-01
4.414727509799350469e-01
4.582481388844505954e-01
4.054727049256726668e-01
5.069087831596527094e-01
4.939351152895919417e-01
4.866250513906639763e-01
4.428176852165895960e-01
4.435922747662279786e-01
4.251491784016551145e-01
4.333306242830544663e-01
4.684382174377043073e-01
4.729089781143269722e-01
4.768604523146942054e-01
4.933685625099337169e-01
5.036166982992457131e-01
4.852738407388931807e-01
4.979539001633005446e-01
4.431539270397927277e-01
4.396682220265586971e-01
4.649344828989599443e-01
4.741133482033535462e-01
4.113451934130831766e-01
4.523770809609741761e-01
4.722374159292245244e-01
4.229708469719088426e-01
5.019804930423964473e-01
5.045600792080279229e-01
4.393799040522769483e-01
4.380754664004741783e-01
4.312318187132253011e-01
4.266192269092067280e-01
4.677818217037913451e-01
4.762192316773018463e-01
4.808517315331370945e-01
5.185152581498391200e-01
4.998307402759523121e-01
4.519676819858639560e-01
4.579361985618385922e-01
4.726413245802654206e-01
4.670442147008559974e-01
4.703948836565157721e-01
4.727416460885996430e-01
4.326233623851929999e-01
4.292684448685364362e-01
4.687458280392395871e-01
4.771788709239259130e-01
4.712541694693557215e-01
4.280321971183635443e-01
4.112235076188862082e-01
4.982086311501229270e-01
5.141186432060141920e-01
4.910814658111245512e-01
4.416732559285305171e-01
4.376124003513651162e-01
4.220797566294682279e-01
4.195468294903506035e-01
4.223966493105125175e-01
4.711752308207531326e-01
4.770246438209518880e-01
4.862345737501669318e-01
5.096758180337286337e-01
4.897025054135815125e-01
5.011493102539964495e-01
3.952592903789843293e-01
4.715690022303444251e-01
4.623235746602052942e-01
4.248873142475577680e-01
4.678721293139738724e-01
4.960706681879334390e-01
4.755694502423500336e-01
4.186617340059858305e-01
4.685764727084361647e-01
4.620586993533157272e-01
4.660953382266632694e-01
5.108782200315334920e-01
4.989140155390670572e-01
5.087114797819797252e-01
4.075069160800170454e-01
5.057689445560864527e-01
5.052713756232510844e-01
4.999663176092672967e-01
4.380645102339060792e-01
4.348626012823287312e-01
4.168446529265244505e-01
4.217543422497245231e-01
4.788568978387778841e-01
4.740427373664064525e-01
5.002264999930623457e-01
5.019926225414148568e-01
4.852181170805482946e-01
5.086069777995130270e-01
4.380384792837331287e-01
4.612284923862803865e-01
4.424761622822019902e-01
5.311760087748984560e-01
4.728932949086767090e-01
4.262379992630402903e-01
4.271398696460992905e-01
4.745580076728906360e-01
4.842795623836678165e-01
4.736780083225076154e-01
4.770996097987423856e-01
4.436720447625679964e-01
4.797121793756848884e-01
5.011152817157065176e-01
5.093450186089336640e-01
4.107085676509038552e-01
4.686545668787187036e-01
4.585863010839534848e-01
4.692685577929381346e-01
4.452761434473547775e-01
4.611635247333676912e-01
4.573039700542632091e-01
5.165572359252006418e-01
4.251678106336040375e-01
4.113963198208279715e-01
5.065676555890434862e-01
5.169590691621881451e-01
4.348271510501307002e-01
4.368124590878620372e-01
4.240919941499037282e-01
4.368308425225001512e-01
4.739863651856318638e-01
4.753677272149671174e-01
4.766337566107188284e-01
4.805028556316267574e-01
5.153166802624320475e-01
5.003795001498142492e-01
4.367035687378636455e-01
4.667400759183960579e-01
4.420487476201773736e-01
4.748958423653253935e-01
4.400497355319977766e-01
4.725108872038931707e-01
4.851136985196835560e-01
4.826616275590383531e-01
4.460518623148349016e-01
4.528587042646379235e-01
4.467494924471919759e-01
4.497302667703014789e-01
4.977930992282030287e-01
4.308432485198245288e-01
4.219620684956243428e-01
4.650063627109398134e-01
4.528984630757111884e-01
4.678238695966068783e-01
4.470025307187941443e-01
4.678072371446219679e-01
4.499880177252682523e-01
4.522738453921164581e-01
5.019417645777309867e-01
5.041311870854402466e-01
4.057810456954907274e-01
4.982724912016505137e-01
5.316579076230181222e-01
4.984948192453629301e-01
4.326059442854036652e-01
4.343852480562834240e-01
4.342920116754181992e-01
4.353813681185581541e-01
4.680006082986923333e-01
4.709894044826085091e-01
4.812397008891331485e-01
5.258290172732529300e-01
4.916955579726070558e-01
4.982762205362940011e-01
4.344524544327559856e-01
4.449859112222346869e-01
4.443977648897428634e-01
4.770933901701068791e-01
4.275452663902747918e-01
4.700749890701413913e-01
4.955367228195409202e-01
4.814022617129017911e-01
4.823270174092780804e-01
4.381143362013955600e-01
4.474592520643368432e-01
4.345537008703216353e-01
4.494276190747368838e-01
5.114345857192718059e-01
5.137933145656905509e-01
4.102582015755624201e-01
4.626736257645255868e-01
4.650101877076706636e-01
4.644287531305203998e-01
4.456855917453823035e-01
4.697219013193867920e-01
4.499718050653159773e-01
5.030037277901527881e-01
4.150682652277775109e-01
3.932060474647725012e-01
5.003205627189405424e-01
5.237019316068455277e-01
5.044832738449605003e-01
4.328306569188674069e-01
4.560489713668744449e-01
4.373527807724266192e-01
4.281171760304610108e-01
4.295166210773952442e-01
4.288376429957360125e-01
4.835467879409084957e-01
4.762071700494957538e-01
4.364163506974999551e-01
5.049281584031751757e-01
4.564869028443953591e-01
4.859776146732774915e-01
5.037870212174099249e-01
4.344550513566729499e-01
4.466833706947520022e-01
4.478003775421910415e-01
4.445177062701777260e-01
4.794813656695693371e-01
4.753760199835962430e-01
4.549208144394534803e-01
4.351429578003833676e-01
4.687616456243326457e-01
4.919616402143273670e-01
4.775483284538257212e-01
4.814366487583129905e-01
4.344019623435194655e-01
4.510333158939202614e-01
4.328899871335661342e-01
4.484744156290531025e-01
4.923796623300775166e-01
4.137916431213669033e-01
4.118179673461913048e-01
4.607461106384235783e-01
4.616430744951541820e-01
4.626905930632683739e-01
4.466707428077318909e-01
4.715317845310554312e-01
4.486064050947745074e-01
5.157243772527725367e-01
5.148410373053865507e-01
4.017858308116439847e-01
5.007894364518392649e-01
5.169731554470008428e-01
5.069727023432673008e-01
4.285001045729301961e-01
4.304827762232565913e-01
4.323648276351053643e-01
4.469392436378973876e-01
4.776910504077357400e-01
4.859992122921256708e-01
4.884772087942555463e-01
4.890620336899176301e-01
4.817663464455099742e-01
4.837002580635977877e-01
5.082278774073082372e-01
4.354142788470408698e-01
4.475978300785317665e-01
4.498387966993808162e-01
4.446503280279832659e-01
4.814638577167826838e-01
4.625307611214841130e-01
4.783907146953259582e-01
4.856156051937701723e-01
4.312290464145764335e-01
4.347595625263047103e-01
4.453148729884761070e-01
5.074108654415906416e-01
4.079981824535734991e-01
4.582019972136683883e-01
4.465615396001559878e-01
4.611200199317738169e-01
4.486004238858012361e-01
4.714070377309270143e-01
4.503270227256821467e-01
4.949301163710322360e-01
4.137195741371616498e-01
4.236200770126662407e-01
4.968286056795218064e-01
5.291090468073001984e-01
5.082681912243263156e-01
4.340856008745517247e-01
4.313273474921632267e-01
4.360359610716755818e-01
4.328110100990896769e-01
4.661200106666144594e-01
4.315348939404649031e-01
4.455508535502628598e-01
4.291973476274152932e-01
4.734241871106962263e-01
4.941174004860962032e-01
4.957442032147226785e-01
4.716234835987406782e-01
4.774063235910745995e-01
4.907107514281366378e-01
4.446329419319359211e-01
5.125916310506575257e-01
4.482885324107232505e-01
4.460256799825129126e-01
4.692822080842139476e-01
4.862090665040697535e-01
4.665883775651663568e-01
4.714566961323298222e-01
4.851310482649290323e-01
4.280178922743151926e-01
4.518815153991410649e-01
4.377302553768289695e-01
4.391206097373983597e-01
5.436387212572929561e-01
5.401099471745413050e-01
4.081751150193798083e-01
4.050500056369887858e-01
4.530373201689178453e-01
4.525616759926897603e-01
4.588117433671929368e-01
4.508230697175341084e-01
4.708786476584069791e-01
4.520588742955363171e-01
4.793892631084162859e-01
3.987054733695994946e-01
4.913172335647537636e-01
5.206435833726955620e-01
4.304471599400787607e-01
4.409240010881828598e-01
4.362340574083121703e-01
4.378935059928037443e-01
5.121578097783453520e-01
4.368906360916126608e-01
4.662014413496923804e-01
5.119170067630781640e-01
3.772989798487385582e-01
4.212294892172705474e-01
4.147364153632762673e-01
4.835706505559523305e-01
4.332747040265191862e-01
4.260721592170453320e-01
4.549371427014772817e-01
4.822136141547235799e-01
4.633420159318627496e-01
4.767219377223398946e-01
4.625338001213139538e-01
4.631250528799848998e-01
4.654980201812627949e-01
4.694829110950667350e-01
4.767963865445586924e-01
4.851025018112455900e-01
4.987509437698242065e-01
4.261201904790394845e-01
4.437488936320005961e-01
4.260133858249255390e-01
4.385532642451941965e-01
4.857443483304279552e-01
4.250501786274907268e-01
4.653725562763362245e-01
4.470079211950013787e-01
4.522826174284017009e-01
4.833129467454538863e-01
4.535551954617077497e-01
5.301663365896324143e-01
5.465905120719538601e-01
4.281794952180449920e-01
4.459065317071115309e-01
4.322258384987680557e-01
7.967142426392126442e-01
4.924339115739017614e-01
4.217424155223455373e-01
4.473567363428547772e-01
5.047174142771744254e-01
5.306466974002589376e-01
4.829272723377448506e-01
4.650810723446209272e-01
4.635742533645887953e-01
4.737882114589762605e-01
4.872610819446653307e-01
4.823482913281409989e-01
4.183365265565841540e-01
4.484527112762864975e-01
4.364485885532512488e-01
4.840280869276099573e-01
4.525457219158662281e-01
4.743705754053096912e-01
4.532094754626743716e-01
4.795378504532104014e-01
5.050394161157878425e-01
4.864542351341542004e-01
5.199267491417024489e-01
4.231060912669257768e-01
4.428009539765122016e-01
4.221025828065791408e-01
9.204038957937151766e-01
4.647163599002021028e-01
4.105257385361651967e-01
4.238590537426194516e-01
4.334013177187001076e-01
4.711881702534885252e-01
4.840898438461549436e-01
4.696747034656871822e-01
4.781350542130856640e-01
4.809534206295728587e-01
4.514778416361531765e-01
4.569255779049312682e-01
4.543886467441714538e-01
4.800824972753047759e-01
5.237379420320920076e-01
4.873021294241423607e-01
5.082364539457907560e-01
5.048347516105665678e-01
4.229646852888378494e-01
4.219198206021373410e-01
1.061180746331674252e+00
3.256367934194806524e-01
3.096901408976185932e-01
4.595879340269133917e-01
4.227926250788290319e-01
4.622601141998755048e-01
4.754394926116150000e-01
4.635020817872276266e-01
4.646610409818183185e-01
4.652525896881353207e-01
4.706816488407309929e-01
4.664590433025396776e-01
4.685395569712629271e-01
4.790203966013695802e-01
4.897320722078887245e-01
4.639980135415139317e-01
4.427488180050766498e-01
4.767354939156543403e-01
5.115007191332198166e-01
4.854215731874528261e-01
5.002303918538749672e-01
5.149571342477409219e-01
4.233181336424724495e-01
4.211412801433828679e-01
4.257988235579074354e-01
1.225167478996711301e+00
2.822902512977260581e-01
4.614350800263544161e-01
4.320852871441452914e-01
4.979207812037931835e-01
4.473847297277418478e-01
4.693984260388604501e-01
4.674449509296797478e-01
4.649936727764481526e-01
4.631077475349698047e-01
4.636616429333593747e-01
4.665570876874496342e-01
4.687913524448200642e-01
4.729403186163430028e-01
4.776804779782559129e-01
4.848844610497116125e-01
4.771564778881624003e-01
4.259568358939512245e-01
3.676040963393805705e-01
4.893261428390160428e-01
4.998189066129580249e-01
4.747931007989755758e-01
4.885025959200577361e-01
5.044778265277217733e-01
5.065205167466190206e-01
4.202433136696293592e-01
4.330092382743646051e-01
4.228341942344351900e-01
1.413879915238014373e+00
4.751145945361737177e-01
3.702922415159849434e-01
3.411048479139949796e-01
4.935827739138109460e-01
4.953639684668169618e-01
4.733263230039538860e-01
4.808719513349416497e-01
4.920695457407733286e-01
5.175746689959526137e-01
4.178151573589121148e-01
4.288213626541244605e-01
4.058426369671391254e-01
3.213676123820606856e-01
4.269385998711137664e-01
4.722866495133845044e-01
4.916768151070443627e-01
5.121295855618396287e-01
4.181570480798247891e-01
4.191759733544511701e-01
4.167438551267136360e-01
4.183186753295097260e-01
4.246770161872651106e-01
2.177932461973074663e+00
1.883346155939265465e+00
4.181766807955640819e-01
4.215340338648059237e-01
4.277887620227893151e-01
2.528695987773121878e+00
4.278377792911970956e-01
4.315228838521442123e-01
4.130468878704594005e-01
4.354065146146224863e-01
4.241995676685361150e-01
2.958743481465964997e+00
4.279064248057077302e-01
4.519047640555599044e-01
4.192127965783553623e-01
4.402934178461023196e-01
4.381760342178287471e-01
3.511639618203977076e+00
4.312062298599321220e-01
4.388604522757190152e-01
4.120079843403265385e-01
4.388100634535494482e-01
4.447153537015999247e-01
4.464112328897621440e-01
4.283465239529313351e+00
4.267723060725109319e-01
4.447224389362963715e-01
4.241762252345533946e-01
4.408961122178472469e-01
4.440214228058957935e-01
5.551981227443657296e+00
4.193522299618489546e-01
4.321972668292668462e-01
4.267963326962701531e-01
4.408065283065816797e-01
4.414287034028380741e-01
8.659537563682144778e+00
4.186716860681949925e-01
4.332279571845113475e-01
4.246560484362369992e-01
4.393441416168967217e-01
4.376332754314293805e-01
1.117158018859558410e+01
1.759906902684259222e+01
7.310100646698586502e+00
5.618145789790719213e+00
4.995567823042798672e+00
4.605145373775557438e+00
4.312865107581105306e+00
4.074924780200483987e+00
3.871584822575262930e+00
3.691885856779410169e+00
3.529166949431751910e+00
3.379194206108346865e+00
3.239235274478874160e+00
3.107543524883552344e+00
2.983041953275272551e+00
2.865113105392066650e+00
2.753450443201940434e+00
2.647949145846491437e+00
2.548624722717406588e+00
2.455552365887758715e+00
2.368821799866171141e+00
2.288503160751038656e+00
2.214620031401013378e+00
2.147126596267839638e+00
2.085887112171757707e+00
2.030657505465075285e+00
1.981070750434845484e+00
1.936629443676043394e+00
1.896710153922580799e+00
1.860584034389548336e+00
1.827456233611208791e+00
1.796522678717699772e+00
1.767037550743036256e+00
1.738379938528370028e+00
1.710105980560441941e+00
1.681974962445923261e+00
1.653944327520720847e+00
1.626137294126015043e+00
1.598794390842740221e+00
1.572223697292322697e+00
1.546762694920843062e+00
1.522758439102695371e+00
1.500564904480937933e+00
1.480549796597699697e+00
1.463099955194473445e+00
1.448615257418957691e+00
1.437484707107269610e+00
1.430043313349391054e+00
1.426512581756204323e+00
1.426929996040422255e+00
1.431074065138638884e+00
1.438392759372545626e+00
1.447946207603695301e+00
1.458380223220059113e+00
1.467953997793689513e+00
1.474648021688516053e+00
1.476369202122113977e+00
1.471243435949747491e+00
1.457945252840738171e+00
1.435977417240134502e+00
1.405806159428220958e+00
1.368795211377430654e+00
1.326952018697436841e+00
1.282566295770244835e+00
1.237848771170656725e+00
1.194656891579026103e+00
1.154344400025605566e+00
1.117724278182758324e+00
1.085110346577576435e+00
1.056403618617884232e+00
1.031203661777128078e+00
1.008938194294362933e+00
9.116280629669831770e-01
9.174706229476530250e-01
9.105979350178479148e-01
9.434960230259828995e-01
9.261646019637415073e-01
9.667443323839013392e-01
9.945521460275698056e-01
1.024455895130303551e+00
1.052648010192571926e+00
1.073815479733998934e+00
1.081161451043023414e+00
1.066712230030776754e+00
1.021875828159470645e+00
9.379477536066315180e-01
8.061115491379921005e-01
6.261067506960471540e-01
4.429946023556785017e-01
4.153095438113670879e-01
4.392249540134647856e-01
4.411278276219575134e-01
4.383589301745838274e-01
