1.648884169837650049e+01
1.056285236452943188e+01
8.216732609790369679e+00
7.033211461996655700e+00
5.509203943569257689e+00
4.968799908145938637e+00
4.632971674000812889e+00
4.379416615870864504e+00
4.169161137940306183e+00
3.985281270308125290e+00
3.818907904809243803e+00
3.665134217021411178e+00
3.521267903297963908e+00
3.385922079299419796e+00
3.258479074443790591e+00
3.138752804617984893e+00
3.026771720989954950e+00
2.922639615001553448e+00
2.826446501901406005e+00
2.738211125538353663e+00
2.657844722100598300e+00
2.585132003701810621e+00
2.519728312488583644e+00
2.461171337359401967e+00
2.408903096401560973e+00
2.362295133848919537e+00
2.320668723810592748e+00
2.283303194337734876e+00
2.249429478897970291e+00
2.218212254480024459e+00
2.188731327350287525e+00
2.159979022781734592e+00
2.130892065188045414e+00
2.100430709169203158e+00
2.067703561996793393e+00
2.032116536847308641e+00
1.993506363127652836e+00
1.952212996855696270e+00
1.909057724359793928e+00
1.865222452177676571e+00
1.822058869791946423e+00
1.780878877749860090e+00
1.742780719365345288e+00
1.708549957259261731e+00
1.678649664214518999e+00
1.653289490166812259e+00
1.632544293913308131e+00
1.616481963691130730e+00
1.605258160454207550e+00
1.599144350560395944e+00
1.598474426787231506e+00
1.603520592469373840e+00
1.614333633620511854e+00
1.630598001376715844e+00
1.651552390775180124e+00
1.676010043929862858e+00
1.702482767162618371e+00
1.729376206401257887e+00
1.755192879112611015e+00
1.778666738956641957e+00
1.798767703464163148e+00
1.814556719158751497e+00
1.824931433841976869e+00
1.828362002523660435e+00
1.822755152502501641e+00
1.805580117063503076e+00
1.774322993541094462e+00
1.727204510085809552e+00
1.663939015529448451e+00
1.586215405221307995e+00
1.497634098553722648e+00
1.403051104557240469e+00
1.307550709415500334e+00
8.683433260958326461e-01
8.367044136949395305e-01
7.638534522389655024e-01
7.082218966137117100e-01
6.922901586100298488e-01
6.858597812789243298e-01
6.697615070526786729e-01
6.597552487003005561e-01
6.518692200464351050e-01
6.473965847084375280e-01
6.472100726824320249e-01
6.510077926188617692e-01
6.578808668078645061e-01
6.673881149173028771e-01
6.761804769009273075e-01
6.929558960305467474e-01
6.977088631668483254e-01
6.949379156422207382e-01
6.798140201068060273e-01
6.515743293333384756e-01
6.126713553340986662e-01
5.630152994014795409e-01
5.316925093620499254e-01
5.122217180300249195e-01
5.054255732330560358e-01
4.970655449614372889e-01
4.978219865608428107e-01
4.951415608061823237e-01
5.316348899414085949e+00
4.688454689271202569e-01
4.624648265296762983e-01
4.835981057603835898e-01
4.819823707622412079e-01
4.796420270885285997e-01
4.112635169411357872e+00
4.664903327086094009e-01
4.739297943682868608e-01
4.855104889843295246e-01
4.863076900376152589e-01
4.871798843523728606e-01
3.364895347036388706e+00
4.805842509235943583e-01
4.809803398518152084e-01
4.914888162991712939e-01
4.975496542377647047e-01
4.958309148191953897e-01
4.990781631846744060e-01
2.818204390269078541e+00
5.003593707218995101e-01
4.928462541695383670e-01
4.947741887940496075e-01
4.947517180838235662e-01
4.893802912713773878e-01
4.628592522282370947e-01
4.588740236975157871e-01
2.384172748756389737e+00
4.137838392821398537e-01
4.138464397183884147e-01
4.501386679249700928e-01
4.124707080336221798e-01
4.062592912694829028e-01
2.023123401598256432e+00
3.503953214070451572e-01
3.693544740774113988e-01
3.715669027791107526e-01
1.714947123636114457e+00
3.340711478930076250e-01
2.611607533571317363e-01
2.209786509871405069e-01
8.590443021054802175e-01
7.992050297609295528e-01
8.301516676795436256e-01
1.963996677220126996e-01
9.818111741849906704e-02
1.646584558281481980e-01
5.073697334814021298e-01
1.561443832472997617e-01
5.029390170297305396e-01
5.155867329645165142e-01
7.004396784305255697e-01
8.262404658054056661e-01
8.114115256102681917e-01
7.670474818867585309e-01
2.818755212480161254e-01
3.613313570416176734e-01
1.038156956060626968e+00
1.224012851476470320e+00
3.807561903169907613e-01
2.214433275015679492e-01
6.114853741621648631e-01
6.022490026264166740e-01
5.943324519401793626e-01
6.312482199765314661e-01
6.605299004749930480e-01
7.004868318875761002e-01
7.556923125319841006e-01
8.412313055099327475e-01
9.201750043513644561e-01
8.429629060198619017e-01
8.399168517326552896e-01
1.714840620573878371e-01
1.830666135858606547e-01
6.040182400238968130e-01
5.698112907575352271e-01
7.065899885397143310e-01
8.393130462018340010e-01
7.912063841121890206e-01
4.590455104374753792e-01
4.747738066899700460e-01
8.935288725908800966e-01
1.154001713898741427e-01
5.503296807830675430e-01
4.380704783592548335e-01
5.445416017044009127e-01
6.693771796416426723e-01
7.511856633934388405e-01
8.192666724778715492e-01
7.968160020823861212e-01
7.857789498344017742e-01
1.653436343569453792e-01
7.228340492106053450e-01
4.920569020218154566e-01
6.383704767564682969e-01
8.179932549166889499e-01
8.278210483692699517e-01
4.677602587600895312e-01
4.888533077043444308e-01
7.901053114010131440e-01
5.196168997591146255e-01
5.285500760117852748e-01
6.553420171534030114e-01
7.317592093201107373e-01
7.287279456238680009e-01
8.145408894556623869e-01
5.851132911517874513e-01
1.026090236957102553e+00
1.017318398243132194e+00
1.031806345701949290e+00
1.095578381932345025e+00
1.087578582105918068e+00
1.058359014873210047e+00
1.630760023336589870e-01
5.681223216618652705e-01
5.829169265996634319e-01
6.645144141071096522e-01
6.696727203162983200e-01
2.003849554563945368e-01
7.449174168618585279e-01
5.881547460405365246e-01
6.797865550481423380e-01
7.152819678825370620e-01
5.014443374213466420e-01
5.257987336730087780e-01
5.241171371372292942e-01
7.221222126959142562e-01
5.326330980239382118e-01
5.057513992603419606e-01
4.594624965945684480e-01
5.393658077640550719e-01
4.688889565678953097e-01
5.918819655167636418e-01
7.295817034704209503e-01
8.079070836836316216e-01
8.769672430216609582e-01
8.193144496816290312e-01
1.589695929414170761e-01
9.661268500545334703e-01
7.551703810135244055e-01
5.394848903615206970e-01
4.148397611245495664e-01
4.121716841404963194e-01
5.028454033287954594e-01
6.926962930348865566e-01
7.690393310039311814e-01
8.174099514580465131e-01
9.484922099108722415e-01
9.668704351420521759e-01
8.625545830207932418e-01
1.925419215193582834e-01
2.376536149308524082e-01
6.563331698542015369e-01
5.546020609978747906e-01
2.098910260373164360e-01
2.614426958002917800e-01
4.903259886909010490e-01
5.295014649865213974e-01
5.538677180523032817e-01
7.208359307775483726e-01
3.956578431813758123e-01
4.419474038888610012e-01
7.779275666445777393e-01
5.585778157095026009e-01
6.347413740818366179e-01
7.902034682002595511e-01
9.384591600583038762e-01
8.638742264801946291e-01
3.803934710297756649e-01
3.960608797901328249e-01
6.228666615172231413e-01
6.311057482233708438e-01
6.258652111299881637e-01
3.347514875267150192e-01
4.484538171304449650e-01
5.326691731187455092e-01
4.344418765002772131e-01
5.261976992392675134e-01
4.853219045769792128e-01
5.455759444436268923e-01
5.480604610788701869e-01
5.850820895773994890e-01
4.354261275570253664e-01
4.007289270344008281e-01
4.009095839450917964e-01
8.454566192361330224e-01
5.174947748587968022e-01
6.328865119956147423e-01
8.436053951871761436e-01
8.915508296541803102e-01
4.928466701008136219e-01
4.656887545811458917e-01
4.699615075026943867e-01
6.893056396527412755e-01
5.448596189719485672e-01
5.250959697798450732e-01
5.122756752025974247e-01
6.022916528891676391e-01
4.014580698650920265e-01
5.058673898691602444e-01
4.306784711482965489e-01
5.171560342486722917e-01
5.839859038593898655e-01
5.425284656707332065e-01
5.342197430679049841e-01
5.511159611011624548e-01
4.124313969682674719e-01
4.896071859328054443e-01
3.907212523645502977e-01
4.762318429161622180e-01
5.183573711399850348e-01
5.479235222873214406e-01
5.548679631890366393e-01
5.775075053468043951e-01
4.714074596110388593e-01
4.576656457873216066e-01
3.953845913698429970e-01
3.941336901915435953e-01
8.269547063956207422e-01
6.356949711307394724e-01
5.813162251435792793e-01
3.623549180918022583e-01
4.533153812233059465e-01
4.757354812950718159e-01
4.760448178521490825e-01
4.754457611467978184e-01
5.897691223873560151e-01
4.401529634334179764e-01
2.982249800607160162e-01
2.928891408609063940e-01
4.513645119502489589e-01
5.608800691641774305e-01
5.153220104782688660e-01
5.276520486047666658e-01
5.526263884278568295e-01
6.129859701383648662e-01
5.654838334660414745e-01
5.447691674421554220e-01
5.282565222103572378e-01
4.786875921541861589e-01
4.584266404240903148e-01
4.707666651207913500e-01
5.275687781062730064e-01
5.402719780887474954e-01
5.383345363662848104e-01
5.905633650744197549e-01
5.083712918859270014e-01
5.012088778138616973e-01
4.994806675829986387e-01
5.397991726983969452e-01
5.562075273475270976e-01
5.628441788426354897e-01
5.630527252902957080e-01
4.479354991329654312e-01
4.389673731569275206e-01
3.780049144805024963e-01
3.530500702527328838e-01
3.342654483934321408e-01
4.872793566799665244e-01
4.233118500961919883e-01
3.772855056924591111e-01
2.223320108538261175e-01
4.616513264156431595e-01
4.753388806566736235e-01
4.705190934429152594e-01
4.535281001376792465e-01
4.460402490817146348e-01
4.696686574229090860e-01
5.301465400415945606e-01
4.683635846750067167e-01
5.046560006870174364e-01
5.473398621994789437e-01
5.250132082392185984e-01
5.410007931240756740e-01
5.777308832316543352e-01
4.945416578861627221e-01
4.389921023887708440e-01
4.324662974117420289e-01
5.328846979411441254e-01
5.239197995811590847e-01
5.216410712041564812e-01
5.953949512326909277e-01
5.933329738286423627e-01
5.005525596402736754e-01
4.483384304829597378e-01
5.299757581095908554e-01
5.467337237323384169e-01
5.802822682152171119e-01
5.685724913148154647e-01
5.660189023767597805e-01
4.165713536247950821e-01
3.660974111332419012e-01
3.193961419362997267e-01
2.562170329329833129e-01
3.717631013584890010e-01
4.431870574370101457e-01
4.708150673084552373e-01
4.729740969886815916e-01
3.034517919604106106e-01
2.753480780525840999e-01
4.095624621849569547e-01
5.471299560502577153e-01
5.657779375469158545e-01
5.143217183046506769e-01
5.219694940868490063e-01
4.535010521614633583e-01
4.286487837663205958e-01
4.579594572061567170e-01
4.503877845481024655e-01
4.033866098101319686e-01
5.352910741664432814e-01
4.646442044637761892e-01
5.149869663106233508e-01
4.986631517425497706e-01
4.929417252260698268e-01
5.347882213063067658e-01
5.314705164214374999e-01
5.191057301716682781e-01
5.532605727060392331e-01
5.695545845581281297e-01
5.624258440149011440e-01
5.117574712540445825e-01
5.063263950767242783e-01
4.344248300653552608e-01
4.170170648723984241e-01
4.215107706881324190e-01
4.616552119878393756e-01
5.216771940461865098e-01
5.066294638103873149e-01
5.071360701668551352e-01
6.094449144097704441e-01
4.459777266132431972e-01
5.535069753177432883e-01
5.722926983327915051e-01
6.084722595450099414e-01
5.508478016022456680e-01
5.503221310822050683e-01
5.741655409050050451e-01
3.567870093945438303e-01
2.981994984275330163e-01
4.636767569912184639e-01
1.564753149837103674e-01
1.679083797229177222e-01
3.802771329565391989e-01
5.072851610912344489e-01
5.301916926119766282e-01
5.189035514291931994e-01
4.959527855774928939e-01
5.018546409362756311e-01
5.167007238398635405e-01
3.600894903583013451e-01
2.427592949998398364e-01
1.835953999219550048e-01
2.879970698361677961e-01
3.182557688682554620e-01
3.684310725507219386e-01
3.872125996866453979e-01
4.959026965127016351e-01
4.951938507624953911e-01
4.847347527731414307e-01
5.171481941980095032e-01
5.211995177890021980e-01
5.221512115401945042e-01
5.205529050357302623e-01
5.191105161177943517e-01
5.872337574028254625e-01
5.009815035004658856e-01
4.621093908425451535e-01
4.428925026808764320e-01
4.679821620065947041e-01
4.872020390743425633e-01
4.899803429877260808e-01
5.170106969879028069e-01
6.229323439607005186e-01
6.090384410389274583e-01
4.193685306933388479e-01
4.386085899847838587e-01
5.846121303628444288e-01
5.860001641844411191e-01
5.563708738311355928e-01
5.470897042707344449e-01
3.002783215498771030e-01
2.853569502879452768e-01
2.061587410000347009e-01
5.090986093983163041e-01
5.201063033958785997e-01
5.224173743734921160e-01
5.237043698079733023e-01
3.475437110551190534e-01
3.769444786228516309e-01
3.392005144549877227e-01
5.014488277454197673e-01
5.080868738751027625e-01
5.082062449768762757e-01
5.321686417771490651e-01
5.219340249914107277e-01
5.321413673297845648e-01
5.702888314004214143e-01
5.652915793242713205e-01
5.205619336681368559e-01
4.999433279895653115e-01
4.703874857973454060e-01
4.650968496431018839e-01
4.685055096064659197e-01
4.815812220829180368e-01
4.858167751167222215e-01
5.201110583836753287e-01
6.056894880098063760e-01
4.457463784011410080e-01
5.862097995173553011e-01
5.912828799128271307e-01
6.006822640716273920e-01
5.322984055543494852e-01
5.458623496067221970e-01
5.446065646836344420e-01
2.841403436324956289e-01
2.435175445269992245e-01
2.086643740990089813e-01
2.083173995613319673e-01
5.194844358674427509e-01
5.359696060228945624e-01
5.401762357146868698e-01
3.986741945286571553e-01
5.156802184194329008e-01
5.226158494349401051e-01
5.319882788290702935e-01
5.022356041025674012e-01
4.906309205001195273e-01
5.215219274784798076e-01
5.948611542283931408e-01
5.006276866318950525e-01
4.811200648362252141e-01
4.793071047384311334e-01
4.661489962826408373e-01
4.857800536702551186e-01
4.784693797369701795e-01
4.882865146649476573e-01
6.183624372488953913e-01
6.076830038628051600e-01
4.428319470509954892e-01
4.104861247199144136e-01
5.837399721499272331e-01
5.669889902907901957e-01
5.833409109570667495e-01
5.085417182336292585e-01
5.123572016244088978e-01
2.303462427307236271e-01
1.615649527905281546e-01
2.099528184853324542e-01
5.368951991749366659e-01
5.318039421445041048e-01
5.513378686851514443e-01
5.714536548409857586e-01
4.378065585399792403e-01
5.179057858268251158e-01
5.147305139152231757e-01
4.997479229105256104e-01
4.233002571301231476e-01
5.229264641105083600e-01
5.016986602227835323e-01
4.862505704864350520e-01
4.788702950010850223e-01
5.223664332010674594e-01
5.040971936721405644e-01
4.693269248373776459e-01
5.200829778930385894e-01
5.421563537844438230e-01
4.196086306782201847e-01
5.834284548399896186e-01
5.801004848482830267e-01
5.163245176287194482e-01
4.750904200327087934e-01
8.591026256385435322e-02
2.236517515481063201e-01
1.561408037828718454e-01
5.372012191857065133e-01
5.293080701124918130e-01
5.487399395467591479e-01
4.405879350718391319e-01
4.525435914033579810e-01
5.192853851948446842e-01
5.510633836771400285e-01
4.700341582299337739e-01
4.758263380959298905e-01
4.553376478371369274e-01
2.830052919049370064e-01
5.110185332873079522e-01
4.025975686077927773e-01
4.000509576183027272e-01
5.836797995033469189e-01
5.738488872948862562e-01
5.836925988365635476e-01
3.338797446917504130e-01
2.685814336813001080e-01
8.542325615019098761e-02
2.690893126708518782e-02
3.282694165457199498e-01
5.502379287505448913e-01
5.028488498252885464e-01
4.650660947628453834e-01
4.692706605295254851e-01
4.650920257595406726e-01
4.579027336760855826e-01
4.673846775579003077e-01
4.919565481717723676e-01
2.853309194282922512e-01
3.561317386491788528e-01
5.327602899513379509e-01
4.791127749145031034e-01
3.128429509107542028e-01
3.756831861577239473e-01
1.371463905313231348e-03
5.927864428769390459e-01
5.057985296663156660e-01
4.697710654212649550e-01
5.115253047202211745e-01
4.476417003022579166e-01
4.565315734516051660e-01
4.972504039830212830e-01
4.975414796660080907e-01
4.409617218174297637e-01
3.884385502675795632e-01
3.978195942761445503e-01
4.695574543757947694e-01
-1.415462669016057974e-03
6.504019921916505131e-01
6.299282296419689287e-01
5.698167819813048096e-01
5.225196484191638735e-01
6.242951184950035204e-01
4.916184026634477511e-01
4.714107298559497283e-01
5.317100859056103079e-01
5.220499659787721791e-01
4.754046113360468340e-01
4.652278440240234514e-01
3.932920173920543827e-01
3.588669459429718045e-01
5.558680100001262003e-01
4.784112136776817459e-01
4.967709429817545042e-01
-3.563021280171982060e-04
1.119160987030761063e-02
-1.991940517300894598e-03
9.682524338748084436e-02
2.498581040280579701e-01
3.644760534100242588e-01
6.050910018864301687e-01
6.139900843220809090e-01
5.194069546630319945e-01
6.391789123793456540e-01
6.389053512509075272e-01
4.787816477770047707e-01
5.677844532516257425e-01
4.842413145306723732e-01
4.831666990583031729e-01
3.716676947909023365e-01
4.154704425082756947e-01
5.447641775629835648e-01
5.603529551685952903e-01
4.830952739051343481e-01
5.231781935966921537e-01
4.725918959456891222e-01
5.188435230169309298e-01
5.247209382769171260e-01
-4.045935190852636715e-05
-2.187286270563791081e-03
3.586310581562549005e-01
3.544669053471881659e-01
3.715687928709224264e-01
6.151220172591002067e-01
6.621293162282850808e-01
6.622587570118229072e-01
5.225804276628867040e-01
5.197549599489136307e-01
5.235737805305554771e-01
5.221771201000108276e-01
5.241720319265377181e-01
6.348636048501676843e-01
6.532175877483717974e-01
6.547345944272212614e-01
4.974484854136563827e-01
4.886966493810728784e-01
5.081441449637795760e-01
5.160526108545707702e-01
5.054653638067601040e-01
5.809465731996070748e-01
5.804641858614371097e-01
4.937954205021038434e-01
4.461739878847259533e-01
4.890849744535855081e-01
4.431937738184184572e-01
6.258645356160618123e-01
5.649842626059595752e-01
5.515302502297219078e-01
4.989596014756916831e-01
5.110160824710627825e-01
4.806870670544617363e-01
5.091612594073881004e-01
5.396025701253667206e-01
5.379107180049494952e-01
3.562247275429062943e-01
3.644014128731519753e-01
6.543628847028296613e-01
6.516283620938411181e-01
5.154421846905675730e-01
5.183673288675695323e-01
5.512033897871468913e-01
5.335965433320617457e-01
4.717692387347494631e-01
4.582396080193343879e-01
6.507507383217823183e-01
6.522654422399697394e-01
4.809717884959950340e-01
4.758151651946681548e-01
5.737876919880574578e-01
5.683942372255184061e-01
5.488748523296747006e-01
4.990914552308410301e-01
4.963595278432056390e-01
5.642916195453038242e-01
5.916760424479322600e-01
5.883507601444349921e-01
5.025997646420615750e-01
4.922194101586042092e-01
5.097368054461752784e-01
5.207847233228870554e-01
4.854711145745667089e-01
4.603060606769182606e-01
4.599976000868725157e-01
6.488698511415350589e-01
6.495522517487927194e-01
6.268739542354594407e-01
5.475397405684045982e-01
5.647998718937258245e-01
4.939821616293188500e-01
5.117049173071680501e-01
4.868844426047226337e-01
4.809432910659913185e-01
5.454663091338340930e-01
5.454073780036484687e-01
3.664201762674317298e-01
3.817253162513896680e-01
3.927100459421224432e-01
6.287525119016331709e-01
6.047155101124882526e-01
5.176073330594699318e-01
5.102723431253916031e-01
5.292017701810026731e-01
5.302814650909062344e-01
4.573604757703819690e-01
4.590633094512131529e-01
4.786983755469813584e-01
6.396692545759001813e-01
6.373940986916781792e-01
4.839875456678512378e-01
4.821774873009749274e-01
5.733608242722121329e-01
5.712689938381182442e-01
4.939404930946928451e-01
5.112570649016630053e-01
5.892367199600511141e-01
5.944663834067649422e-01
4.942986239352210598e-01
4.875548580997520198e-01
5.410344984458925754e-01
5.433236457834296207e-01
4.170145520241348436e-01
4.065579245739964764e-01
6.152834040103133395e-01
5.664899457235080815e-01
5.790779590329835358e-01
5.654867205703330013e-01
5.119103210385899105e-01
5.168898007030233721e-01
4.838605852022764275e-01
4.917644333612560259e-01
5.291233265457103707e-01
3.827261240542902399e-01
4.078299559134596075e-01
4.186168933261242842e-01
5.929940688928709847e-01
6.341989530548437504e-01
6.398537614274512064e-01
5.129206097154785926e-01
5.131884925740479719e-01
5.410014298254167686e-01
5.397005893529306375e-01
4.525732495785614873e-01
4.587581661643991837e-01
6.129073543173189087e-01
6.252409055678210814e-01
6.217923234081361716e-01
4.867433857850523293e-01
5.828576407684342708e-01
5.814917103560066636e-01
4.962082298533816993e-01
5.019187221148392331e-01
5.825767006988273877e-01
5.745953594790215169e-01
4.909538811170565120e-01
4.839290488894423259e-01
5.398618556811166647e-01
5.410281054856682648e-01
4.153429160073643378e-01
4.273042521140915095e-01
4.477875135888805258e-01
5.671188079900916224e-01
6.023761819044473054e-01
6.021973281152035451e-01
5.659081836623490736e-01
5.644061460634868244e-01
5.103112532370579491e-01
5.210357069535335173e-01
4.948137844248008954e-01
5.015452950244004837e-01
5.386089856723854652e-01
5.502334360793573742e-01
4.293780312363715268e-01
4.321705297044265981e-01
6.318237166743609912e-01
6.290305848132645705e-01
5.046276713989447105e-01
5.542782589129081616e-01
4.614619047748947378e-01
4.674210410436991370e-01
4.736674793388239713e-01
6.216403399743137825e-01
6.454216278149120800e-01
4.911497466630554420e-01
4.895702114258779769e-01
6.071039677331490081e-01
4.993545711432207379e-01
4.934615503476030285e-01
5.081870875806872023e-01
5.598025996556731387e-01
5.855428288387154456e-01
5.911003943820379858e-01
4.851769353732716117e-01
4.826320920596182673e-01
5.480043018214392214e-01
5.488018577615858540e-01
4.434051369198747095e-01
4.475172848595496689e-01
5.977454684237882843e-01
5.950176069874956175e-01
5.444504557091579544e-01
5.466000735774450003e-01
5.104237294202411679e-01
5.241110133416759798e-01
5.061019359570958498e-01
5.138997224059227431e-01
5.516929356424913333e-01
5.388491949969149708e-01
4.265960320288931795e-01
4.337401871582839963e-01
5.933567122563818685e-01
5.890955191540302449e-01
6.027750199872166093e-01
5.092257093368376397e-01
5.063656286510476168e-01
5.532570779682427498e-01
5.714703195658593637e-01
4.656475205292959774e-01
4.612362338422013042e-01
6.172384736951370687e-01
6.084835515686870533e-01
6.069857943086776064e-01
4.926759380951412637e-01
4.911508855947436247e-01
6.058150169775865512e-01
6.166676528427033066e-01
4.964467187749947996e-01
4.917044782060390751e-01
5.923177237870379530e-01
5.875073872277497555e-01
4.825319726756845951e-01
4.830223796176619788e-01
5.572591125941404044e-01
5.561911047721459500e-01
4.549792134587447578e-01
4.635661752537716396e-01
4.727648231936910084e-01
5.612502790007996012e-01
5.650204287813591630e-01
5.730114386830125195e-01
5.469802945785049442e-01
5.163519026946613577e-01
5.207515621042022591e-01
5.194768805085653307e-01
5.247465526853378748e-01
5.290211448366261004e-01
5.345806157302239736e-01
4.422971645847542654e-01
4.498202588238384703e-01
4.583661480952427314e-01
5.936233305139229088e-01
5.782923104327847286e-01
5.013220160398158542e-01
4.987283151735540931e-01
5.658930744277701486e-01
5.737234283518459765e-01
4.755153048203457078e-01
4.754651298353775313e-01
4.826560763173766699e-01
6.061901896042656279e-01
6.242312082869255763e-01
4.867792198066612230e-01
4.856398750035517131e-01
6.157571216403530112e-01
6.192710376208190315e-01
5.000625975626779018e-01
4.963314665741633269e-01
5.000603544647638232e-01
5.544975244953136428e-01
5.561779538076478957e-01
5.748643663382565494e-01
4.855843419139533879e-01
4.840718378652573706e-01
5.744552207345856587e-01
4.645084084530931023e-01
4.655512138576367032e-01
5.705103630943784143e-01
5.559804324094083094e-01
5.374797714160096662e-01
5.688767942836527869e-01
5.166554828101388441e-01
5.120604425743059407e-01
5.308252669668207524e-01
5.312507580328567069e-01
5.300861303068914454e-01
4.577745175769505348e-01
4.579788070948962453e-01
5.663599572095961987e-01
5.551911049415638733e-01
5.822764253099754761e-01
4.975273399551737863e-01
5.084966057092751290e-01
5.799965397119662969e-01
5.698885936248226924e-01
4.818164686851181822e-01
4.775764414805127589e-01
6.003867335562770302e-01
6.238340308321521643e-01
6.294276994115711732e-01
4.881445818661090397e-01
5.153762788134372830e-01
6.200685104802170500e-01
6.075625767244393627e-01
4.948640539001281646e-01
4.885159517492231873e-01
5.523678006949636066e-01
5.702134683090118727e-01
4.750914415887838582e-01
4.940972578568980644e-01
5.756733809467047269e-01
5.855655373827686194e-01
4.807382593964907858e-01
4.867232422140592707e-01
4.829075316909551274e-01
5.146832481409072679e-01
4.903317910817309166e-01
5.053738662752069732e-01
5.625156452349647784e-01
5.467983342605684527e-01
5.083245528901849664e-01
5.389849421447636679e-01
5.364956817700903269e-01
1.010623170705697182e+00
4.495081843891113316e-01
4.456933460835886818e-01
5.532038033849506764e-01
5.844569294567977247e-01
5.719519349940971331e-01
4.700446137207325847e-01
4.658733146140047743e-01
5.719366421104975506e-01
6.162382419984953064e-01
6.041179131365416177e-01
4.848185202192289434e-01
4.718194175744570562e-01
5.761833022858969811e-01
5.384232986729581283e-01
4.876604414855349456e-01
5.891240503557545471e-01
5.873412641378565890e-01
4.895718338707072403e-01
5.121728117881866327e-01
4.868880419274425053e-01
4.938394169389573873e-01
4.975484895678076169e-01
5.550139387590125040e-01
5.800088086133348142e-01
5.062815292986516669e-01
5.007965124430941994e-01
5.404756308902127770e-01
5.368807690777109842e-01
5.293092363996533933e+00
4.472745271088894858e-01
4.533157383462970147e-01
6.031202445988007588e-01
4.616181381999078237e-01
4.654427932518120370e-01
6.383115829250513018e-01
4.692829817678100257e-01
4.595086644358410410e-01
6.004261630228744373e-01
5.843273420026008358e-01
5.128502318321708220e-01
4.758977312405961446e-01
5.043302807564219448e-01
5.428248561969006847e-01
5.068857906992511042e-01
5.115207327955848537e-01
5.434285320088739768e-01
5.337192718543138925e-01
1.687158043879061964e+01
4.652854161680254896e-01
3.863796163962679997e-01
6.038331081603690587e-01
5.595793873750248837e-01
4.785336562041970776e-01
4.073833168135251315e-01
6.381666371845087227e-01
5.863390039859932568e-01
4.665211708653771439e-01
4.162433954575052719e-01
6.016705316012868066e-01
5.701831488784047108e-01
4.628265797206004284e-01
2.165336942028684708e-01
5.222097593215128120e-01
4.790435729066983561e-01
5.370552966148492979e-01
5.288379980216194598e-01
2.743541746393393410e+01
3.599473263555543756e-01
3.686010598779391190e-01
6.104301444995851034e-01
6.368558084043013379e-01
3.815750743430364467e-01
3.755882941520197194e-01
6.586669691349521516e-01
6.827884071801144650e-01
4.130887233733402386e-01
3.273365857485895924e-01
5.568336473520227869e-01
1.122156518862180707e-01
5.064705783369816139e-01
5.422814752307058006e-01
4.738014452314873726e-01
3.151159950483671324e+01
3.598826139828539827e-01
3.862511429307730060e-01
6.101566567229408378e-01
5.592855734643974452e-01
3.815834925732503602e-01
4.074078907777787251e-01
6.586813521429345508e-01
5.863542861446987553e-01
4.131022299661357144e-01
4.162565428104391674e-01
5.701456528380038913e-01
2.165103322377036343e-01
4.789403965723935674e-01
5.423080661749054565e-01
5.288644843296053111e-01
2.743547997531689830e+01
4.651932308525291715e-01
4.532266523726918295e-01
6.039490297989090761e-01
6.032304425929394531e-01
4.785674999215356884e-01
4.654757537846271886e-01
6.381601526000253433e-01
6.383051337653348201e-01
4.665384429530747279e-01
4.595261488340208755e-01
6.016224059088111087e-01
5.842723374474723119e-01
4.628150779311260843e-01
4.758681293062079209e-01
5.223401320079104071e-01
5.116324823975703096e-01
5.370765987457978285e-01
5.337359659009968116e-01
1.687163352720944332e+01
4.472049093617834203e-01
4.456341359986072392e-01
5.719943387383863431e-01
4.616430819370593297e-01
4.658947773357294264e-01
6.041165242791641798e-01
4.693024997541650478e-01
4.718350862430314985e-01
6.003652275524637982e-01
5.872830177362189374e-01
5.128508514436455057e-01
5.121728311315677518e-01
5.043438838250261513e-01
4.975287444233674750e-01
5.428347403002719007e-01
5.790581833690996438e-01
5.068591032950721109e-01
5.008544796635496787e-01
5.434431947178214317e-01
5.368934151368139895e-01
5.293112061798022516e+00
4.494610680671761171e-01
4.579437648958313289e-01
5.530809708540843639e-01
5.820096375976144820e-01
5.084259872476339925e-01
5.844830172572555993e-01
5.699001106179515386e-01
4.700606919138264894e-01
4.775909021852415837e-01
5.719345881165551759e-01
6.294307256349012114e-01
5.153697207497590638e-01
6.162394864554884277e-01
6.075592140786717499e-01
4.848337584450925219e-01
4.885282148231442356e-01
5.761980608606634968e-01
5.702192467074203019e-01
5.384200083825467775e-01
4.876574337446868967e-01
4.940989852224144663e-01
5.890769859620490490e-01
5.855157842784207700e-01
4.895581034462989090e-01
4.828987481749132393e-01
4.868655407986183792e-01
5.053288226933898564e-01
4.938353801314649960e-01
5.541331057214563538e-01
5.459846935111610788e-01
5.062565774390354045e-01
5.082452883448657088e-01
5.404867067133859448e-01
5.365057291886858870e-01
1.010613407383405882e+00
4.577482011054780919e-01
4.583725159592260678e-01
5.665338200234869559e-01
5.784857973154095001e-01
5.549858583727238504e-01
4.974787396956615870e-01
4.986682473273004734e-01
5.800144171251752079e-01
5.737455770836012992e-01
4.818287839423352481e-01
4.826519992906296852e-01
6.003714795896160084e-01
6.242182863553338290e-01
6.238278990307308813e-01
4.881406914308585310e-01
4.856367667279438693e-01
6.200630236911086612e-01
6.192629825064499549e-01
4.948761645022402011e-01
5.000746710273958895e-01
5.523749210925306130e-01
5.748587820831880801e-01
4.750992469910649829e-01
4.840776010607449331e-01
5.756423299927792003e-01
5.744280764325895294e-01
4.807143430936186013e-01
4.655059328988437328e-01
4.867097321717462344e-01
5.146186222010692424e-01
5.558953890635623951e-01
4.902831275250372767e-01
5.618973691849363794e-01
5.689898238260714392e-01
5.119013248848411912e-01
5.389941942686793386e-01
5.312592009944275828e-01
5.300849254282101741e-01
4.423427095097856587e-01
4.337902099669024292e-01
4.498310166119302567e-01
5.937742979561871914e-01
6.028890902368098104e-01
5.013034849451417641e-01
5.063453639692329089e-01
5.659132926740845226e-01
5.714793032269345208e-01
4.755054509258268558e-01
4.612298803570178407e-01
4.754646904483340597e-01
6.061839486666579235e-01
6.069790954264306926e-01
4.867785483356983356e-01
4.911502430751430448e-01
6.157371636651570723e-01
6.166515396291194495e-01
5.000734571370314407e-01
4.917075128234398851e-01
4.963436096616727355e-01
5.545073678361052139e-01
5.875267929868095429e-01
5.561905278331487068e-01
4.855896781314203436e-01
4.830254857374108313e-01
5.561727891275148883e-01
4.644550181562007718e-01
4.727401119817582487e-01
5.704149984013814345e-01
5.729541069026921063e-01
5.377336755674546609e-01
5.472226454583928312e-01
5.165650265854103695e-01
5.206732877573077012e-01
5.308328663732689856e-01
5.247538041058552594e-01
5.346546356444107362e-01
4.266683041469943594e-01
4.322548498860031008e-01
5.934504140274177164e-01
6.291209956567628270e-01
5.892087255384272915e-01
5.092158731967343366e-01
5.046167421574589973e-01
5.532570221863537530e-01
5.542825373882255269e-01
4.656352222952936937e-01
4.736568252378424715e-01
6.172284540503920613e-01
6.454149812955854992e-01
6.084796528013622918e-01
4.926805316572301363e-01
4.895746463856242570e-01
6.057754111054832746e-01
6.070579800738495901e-01
4.964448010943799949e-01
5.081808806055619909e-01
5.923289610398625449e-01
5.911153575365239998e-01
4.825331651058089588e-01
4.826291658129796547e-01
5.572388103065359921e-01
5.487866645324503967e-01
4.551797626522262052e-01
4.477873902744211043e-01
4.634907591416220218e-01
5.612045153909157591e-01
5.950042984912288224e-01
5.649671269869829260e-01
5.469538154918465178e-01
5.162991161160414011e-01
5.241077536634199951e-01
5.194830313201870275e-01
5.139057689696396869e-01
5.291076690616949296e-01
5.388345000319638700e-01
4.294715138292635737e-01
4.187356635435476315e-01
6.318888003412469478e-01
6.398788989163708418e-01
5.131703205097792875e-01
5.396939014451092032e-01
4.614467893351337224e-01
4.587339480969777616e-01
4.674017230072080586e-01
6.216367700806333385e-01
6.218014121442532183e-01
4.911640528135226003e-01
4.867534347121782456e-01
5.814498708852579023e-01
4.993444779627717045e-01
5.019054511728060497e-01
4.934548809788314450e-01
5.598042136488295961e-01
5.745876202564654811e-01
5.855727561611706600e-01
4.851701871146262834e-01
4.839186205398710583e-01
5.479883654430889317e-01
5.410098078753212691e-01
4.435140836501004213e-01
4.478257888180841584e-01
5.977034575505324465e-01
6.021645045792609618e-01
5.447591916282856772e-01
5.645237029273340035e-01
5.104402012345260475e-01
5.210439676830188604e-01
5.061066708940539227e-01
5.015498980088461956e-01
5.516725990902174859e-01
5.502116087577061387e-01
3.828634089463145429e-01
3.928561412576341838e-01
4.079472980871862720e-01
5.929931200130168500e-01
6.047219778309071980e-01
6.342249275003731812e-01
5.129054859987856041e-01
5.102646306157285760e-01
5.409936070096674765e-01
5.302641522558436682e-01
4.525579825239584020e-01
4.786827308082089449e-01
6.129230866601524941e-01
6.374135554533019166e-01
6.252515528698966429e-01
4.821940818213830138e-01
5.828198348683311103e-01
5.712842397272364092e-01
4.961954941968210742e-01
5.112477713468285279e-01
5.826601859473096168e-01
5.945472628520147573e-01
4.909382740197332784e-01
4.875374272820846011e-01
5.398422130075037906e-01
5.433044243744789004e-01
4.152600808379964814e-01
4.064531414057431236e-01
4.272059562640878050e-01
5.672067744219562169e-01
5.665146621361197843e-01
6.023330955373239481e-01
5.660371748153378846e-01
5.655393135059142429e-01
5.103485647362731026e-01
5.169234433000198248e-01
4.948172482913743009e-01
4.917674003417967232e-01
5.385940487650128228e-01
5.291134470184863936e-01
3.665484210337785487e-01
3.645279312838160535e-01
3.818615124582815379e-01
6.287246913201448573e-01
6.515821378533811492e-01
5.175956132132181198e-01
5.183686929872605154e-01
5.291856890032216043e-01
5.335591403641692931e-01
4.573510782808940522e-01
4.582381186236439974e-01
4.590415037858032732e-01
6.396956483320808129e-01
6.523014389344282682e-01
4.840032216047552294e-01
4.758341191496057720e-01
5.733795784823010333e-01
5.683638330497848834e-01
4.939318102520021125e-01
4.963613960462927577e-01
5.892527603860067131e-01
5.883804970336712348e-01
4.942761392144428001e-01
4.921957835102388490e-01
5.410141628944469261e-01
5.207539877134180761e-01
4.169344512531781843e-01
4.599182040736277677e-01
6.154245755106416693e-01
6.268473188640196758e-01
5.791600472955918955e-01
5.649170831503042001e-01
5.119767634837563142e-01
5.118020884546133908e-01
4.838612914265698617e-01
4.809432227254001324e-01
5.454044865024813005e-01
3.563346118374869365e-01
3.716737533323496434e-01
6.542955286593072906e-01
6.621482772053852717e-01
5.154496475815651957e-01
5.197583159122071139e-01
5.511553218396555431e-01
5.221449870534378146e-01
4.717482088791024597e-01
5.241127724387595332e-01
6.507904402168309677e-01
6.547650227582836324e-01
4.809896006928537915e-01
4.887124445795623107e-01
5.737394587308158878e-01
5.488544164418752702e-01
5.161033120645927008e-01
4.990917723886177382e-01
5.054396396890968868e-01
5.643236498958911218e-01
5.805029338588149068e-01
5.917037890547061085e-01
5.025766399289168795e-01
4.937708082213921879e-01
5.097102269328355195e-01
4.854794360635506512e-01
4.891173689669945368e-01
4.602231753994563412e-01
4.431383312742131486e-01
6.489540897892457361e-01
6.259163734519129774e-01
6.495267884439765993e-01
5.476103711867561508e-01
5.515794703034592183e-01
4.940726747563373711e-01
5.111092358482836051e-01
4.868851186720543067e-01
5.091631847882832629e-01
5.454616392909479305e-01
5.378989211314127994e-01
-4.050346895443567653e-05
-3.564297348124271180e-04
-2.187901420374561458e-03
-1.992473590418255766e-03
3.587142501767049962e-01
3.645627262390142009e-01
3.545601416908196191e-01
6.149631751781544642e-01
6.138300269383651919e-01
6.620214292796950950e-01
5.225948618288834835e-01
5.194304326978667063e-01
5.235224019146139662e-01
6.349032071889234574e-01
6.389474938090985434e-01
6.532491993923239537e-01
4.974637447156048942e-01
4.787953954419226221e-01
5.081375543733513966e-01
5.809795190336570769e-01
5.677999140161019698e-01
4.831386682186782910e-01
4.461414203578797921e-01
4.154548508395388140e-01
5.650132386060106038e-01
5.603613075331544957e-01
4.990600878877540780e-01
5.232707141292779474e-01
4.806890359056246176e-01
4.726074214905378601e-01
5.396040605088385789e-01
5.247231398844703909e-01
-1.415753322691243148e-03
1.119719823657121770e-02
9.685314819993266766e-02
2.499219443375667316e-01
6.049178898978796459e-01
6.297464306305897708e-01
5.225561363170446727e-01
6.392093907395692831e-01
6.243188996749688968e-01
4.714171464047535731e-01
5.220203850499306464e-01
4.842159805885765667e-01
4.652028783649823085e-01
3.715976917272719171e-01
3.588035644578652650e-01
5.448015153961142110e-01
5.559174710244706441e-01
4.831334114028931204e-01
5.188323069552324140e-01
4.967629669355089761e-01
1.371477438802504384e-03
6.501980346605865657e-01
5.925874159337548575e-01
5.698202355459340840e-01
5.058326965476099835e-01
5.115123137502898265e-01
4.916202803548440081e-01
4.565517038225373470e-01
5.316923467447536300e-01
4.975077783495407968e-01
4.753834215346730563e-01
4.409196045241582929e-01
3.932650753435681379e-01
3.884063210658881271e-01
3.978768862926104766e-01
4.783967397808258082e-01
4.695550340829754976e-01
2.691968081576492922e-02
3.281727108266785931e-01
4.651347922782326227e-01
4.697440015913981193e-01
4.650481951353534482e-01
4.476680086224096300e-01
4.674069343479783090e-01
4.972068773963108090e-01
4.919301803028222064e-01
2.853160747874626257e-01
3.560923776571582322e-01
4.791649920336503166e-01
3.756853894345912326e-01
8.543803062067389931e-02
8.595398113601045165e-02
1.561482322561860425e-01
5.504336231703251814e-01
5.486467639159637866e-01
5.028641323787519379e-01
4.692261086336869669e-01
4.525057125864801466e-01
4.579182799023299721e-01
4.700399696849413278e-01
4.758009880893139254e-01
2.829831195584159853e-01
4.000240439820462179e-01
5.328038755238411195e-01
5.837301142734633297e-01
3.128510775871846117e-01
2.686072444718394792e-01
1.616972666516612034e-01
2.236816636385463297e-01
2.099728999801639961e-01
5.372447935055809642e-01
5.712767488243805092e-01
5.294690154443766339e-01
4.405508794647379767e-01
4.377654854766760972e-01
5.193169702124083020e-01
4.997530497240245118e-01
5.510895716803277944e-01
4.862097426641374120e-01
4.553164783219585399e-01
5.040686656889662443e-01
5.110099434304603561e-01
5.200625625512209638e-01
5.421203091025961207e-01
4.025558356045449426e-01
4.195486520586599322e-01
5.836886932965481556e-01
5.801675292783013971e-01
5.738906629781902469e-01
3.339070600550474999e-01
4.750811620224893450e-01
2.305926378548124045e-01
2.438225021502624934e-01
2.082727557058115797e-01
5.368189945232028082e-01
5.401446865424890387e-01
5.318180382647412774e-01
5.512677363615293702e-01
3.986298368170575479e-01
5.179413446015928013e-01
5.320117469927703180e-01
5.147594563297682724e-01
4.232961550018440877e-01
5.214708604310793749e-01
5.229638166263317345e-01
5.948859740702393539e-01
5.016906976925034067e-01
5.006000489577764334e-01
4.788414051530017201e-01
4.661503978800460302e-01
5.223042555997100544e-01
4.693155699049836871e-01
4.882943155293090753e-01
6.076569068514610095e-01
4.104110032243253881e-01
5.834949052450426610e-01
5.834105031091108007e-01
5.163281104351641337e-01
5.123586834893405495e-01
2.845455785223789946e-01
2.857933423746447654e-01
2.086119393773727959e-01
2.060105801313643348e-01
5.194838629103865069e-01
5.235699360732090080e-01
5.359424853217958917e-01
3.391736715649666389e-01
5.157190702531012638e-01
5.322317169764674283e-01
5.226463737879527560e-01
5.022188095983423084e-01
5.321349369502048621e-01
4.906074953155530882e-01
5.652980507254906639e-01
4.999343363647963390e-01
4.811182870581755533e-01
4.685058078938708070e-01
4.792503657363084146e-01
4.857682635924397418e-01
5.200964580550843097e-01
4.784643009434806360e-01
6.183639263689966192e-01
6.056986543011353419e-01
4.427473453460140651e-01
4.456661386306676187e-01
5.837923353428736695e-01
6.007696487309629463e-01
5.670754262744557295e-01
5.085407134070804025e-01
5.446110131713925995e-01
2.999017922723390406e-01
2.976557152908289594e-01
1.676481051877959372e-01
5.091451646693393451e-01
5.166892189578462524e-01
5.201073168009651138e-01
5.224015437284484920e-01
3.475210706864952925e-01
3.182243776473246966e-01
3.684145965608988660e-01
3.769226206792898326e-01
3.871919781086132217e-01
5.014884045916421229e-01
5.171709143727633018e-01
5.081238344397975837e-01
5.082410397781114142e-01
5.219142185302191317e-01
5.191067567488071299e-01
5.702772436301529746e-01
5.872171273591101359e-01
5.205566429520334104e-01
5.009820234732060840e-01
4.704109508655914262e-01
4.680142865490004023e-01
4.651139656960199265e-01
4.815657513042000959e-01
5.169928537554434600e-01
4.857984354864795518e-01
6.090754721757821732e-01
4.385023722415780090e-01
5.863313221894814742e-01
5.861070629419149469e-01
5.913757480543925249e-01
5.322998798156245437e-01
5.470813973771708749e-01
5.458705551303232317e-01
3.540266263392408130e-01
3.640565189341005703e-01
4.637786412550617410e-01
4.432820765582837774e-01
4.727659104634539533e-01
1.561447556811670079e-01
3.796572017439610036e-01
5.065129790387971065e-01
5.643303188048974794e-01
5.301691971865971631e-01
5.218650300336349357e-01
5.189413745478911322e-01
4.959780076834878204e-01
5.019126217559596315e-01
3.600548370886188509e-01
4.033539076828549508e-01
2.427257425829669468e-01
1.835519491247109558e-01
2.879725832466665247e-01
5.352771234979191162e-01
4.646236595674734238e-01
4.959343939787583810e-01
4.929723949693091689e-01
4.952273077979137961e-01
4.847628071804428451e-01
5.211795422523656240e-01
5.532260427830347771e-01
5.221397306234178970e-01
5.205334477692268313e-01
5.624071694572501112e-01
5.063533416093101147e-01
4.621483853477666992e-01
4.617009164441850944e-01
4.429191057316324565e-01
4.871704044528983313e-01
5.071148389011143065e-01
4.899588116030731411e-01
6.229871745581613274e-01
6.095015184206057368e-01
4.192520580885831238e-01
4.458630651815935764e-01
5.847261041093009259e-01
6.085827503339615863e-01
5.563684511991083825e-01
5.741650808932826644e-01
4.172030538082108220e-01
4.396937033798564709e-01
3.194237549143557620e-01
3.343073510088042100e-01
2.562166827755661402e-01
3.718017233714978054e-01
4.708589876133529861e-01
3.032994453587967154e-01
2.749330575428332590e-01
4.089368626855048872e-01
4.220390072078972210e-01
5.464585588493872104e-01
5.142243397448976738e-01
4.534722940064396801e-01
4.535297871844314876e-01
4.286296127820583002e-01
4.579389830835967623e-01
4.503533081066464216e-01
4.460096810940991641e-01
4.697129408991966848e-01
5.150293793901831174e-01
5.046916414524341699e-01
4.987041717610014580e-01
5.347565219240351109e-01
5.410118950874150956e-01
5.314423088962125785e-01
5.190925108179934577e-01
5.695015076851284164e-01
5.776725088790554130e-01
5.117964525210687565e-01
4.945817183629443448e-01
4.344603764805800572e-01
4.324918949607061691e-01
4.170389461805689701e-01
4.215545248727617933e-01
5.216470328629451148e-01
5.215962631097110780e-01
5.066117718510328993e-01
5.933984488312350480e-01
4.482315979367945680e-01
5.536177190870478215e-01
5.804127703761500223e-01
5.724048515316180197e-01
5.508340360832555405e-01
5.659920240101040667e-01
5.503143773899087376e-01
4.482916415426857482e-01
4.577985318110948665e-01
3.779995523242117295e-01
3.941242578975946986e-01
3.530655034151417015e-01
4.867448261460952108e-01
3.771345956423552970e-01
2.224122599676078837e-01
3.623670370843904975e-01
4.616201349016605393e-01
4.754004342574581488e-01
4.753086003103061397e-01
4.704841138548638280e-01
4.400028170605220224e-01
2.930086130237186670e-01
5.302689082070147775e-01
5.610953925561378286e-01
4.684340496221454653e-01
5.473014643478274488e-01
5.525757938169487682e-01
5.249863310845989117e-01
5.654043717003097713e-01
5.283014792091164091e-01
4.390217717818623022e-01
4.707772010242144978e-01
5.328324826438401995e-01
5.382786637391463458e-01
5.238753987921501709e-01
5.955496626678418171e-01
5.907487638533945873e-01
5.005010806051813921e-01
5.083454794143918987e-01
5.300842656972006850e-01
5.399225210880931325e-01
5.468535801148595166e-01
5.685489916613832850e-01
5.630243596410136053e-01
4.716956767318888910e-01
5.853642499552900169e-01
3.954009930491946267e-01
4.010446315851596277e-01
8.264613171277669368e-01
8.914724026533409340e-01
6.352252733229171167e-01
5.810380710441841456e-01
4.532835997939054229e-01
4.699100322472118951e-01
4.757075904027178170e-01
4.760038698451140582e-01
5.896523468801794232e-01
6.891885926872319823e-01
2.983422101592760889e-01
4.514921941698812891e-01
5.152864337501643632e-01
5.122261213696680526e-01
5.276208587489015223e-01
6.128740702791841688e-01
6.022002037860575419e-01
5.448106145874106465e-01
5.059415601352563741e-01
4.787219593885359004e-01
5.172206600996280823e-01
4.584490641644846098e-01
5.274993578645473802e-01
5.341479233737570498e-01
5.402076432786317994e-01
5.511692010821495069e-01
4.897782838546282935e-01
5.013214270564881891e-01
5.184980269753207693e-01
4.995955172017383927e-01
5.561607082503465804e-01
5.774572194784747259e-01
5.628054666385147176e-01
7.209017002858234546e-01
4.354562701060494812e-01
4.420464052797534737e-01
4.008196668822275877e-01
8.464410487624556279e-01
8.643431829961342183e-01
5.179824087247728581e-01
6.323341785746480204e-01
8.436061265491436867e-01
4.928036122569816047e-01
3.960041202448102426e-01
4.656488629850211169e-01
6.256633534084455883e-01
5.448130680433410644e-01
4.483808125209701734e-01
5.250702806895510832e-01
5.325989673324765805e-01
4.014922877847799665e-01
4.307225194432834914e-01
5.838859131473154163e-01
5.260594610775719548e-01
5.424333294296246333e-01
4.848958154551435973e-01
4.126642831189548111e-01
3.909283961070287861e-01
4.763978476653656369e-01
5.478607411905087599e-01
5.479965235545807278e-01
5.548116292598602728e-01
7.220961209310698958e-01
3.959612851239916465e-01
4.693456009299862286e-01
7.759695058209035157e-01
8.185209572616273244e-01
5.577314711685500415e-01
6.346060075147392787e-01
7.900875478975117883e-01
9.386218642134969148e-01
3.803602188423885200e-01
1.589502841170841729e-01
6.175697114214893091e-01
8.607117853792537465e-01
6.298059152567483387e-01
3.347139512893916313e-01
2.376143100689067089e-01
5.549958498846725430e-01
4.343719645420904829e-01
2.613867076771396736e-01
4.889248600962765035e-01
5.454970391500514326e-01
5.537786702449217779e-01
7.900689145740610320e-01
5.326002392913518069e-01
5.285717922025683357e-01
5.055051668197322323e-01
4.598704766506462316e-01
5.422842910685791162e-01
7.303822958410594035e-01
5.926505274470312834e-01
7.292314227049665476e-01
8.078133130682585428e-01
8.765756483858724302e-01
5.850416652688170682e-01
9.669476244189946224e-01
1.058443855370601705e+00
7.561299943023082060e-01
5.401938803329179306e-01
4.151743143767581135e-01
4.120020517487119061e-01
5.023116909790821261e-01
6.924909176996141280e-01
7.693813436054808275e-01
8.180120419672698429e-01
9.496743825568748631e-01
9.669192537763662276e-01
1.925202689842139825e-01
1.630507742033144858e-01
6.571750234247115685e-01
6.704462377013266083e-01
2.098873784795591002e-01
2.003737194296047186e-01
7.145719648136997781e-01
5.294116497232685958e-01
5.240222535762771860e-01
8.934995166806840583e-01
5.196989839911245745e-01
6.549870572753847542e-01
7.322001955701176179e-01
8.145253724418429764e-01
1.026074936748745392e+00
1.017213169892672298e+00
1.031656983464531940e+00
1.095510248469245829e+00
1.087930236952951102e+00
1.153820943019795708e-01
5.632450653631495552e-01
7.852164806630658189e-01
5.820490132826561247e-01
6.655340990103771892e-01
1.653143204468677241e-01
7.338137220813319983e-01
8.206395869957309186e-01
5.874721741245281237e-01
6.803256382709271799e-01
5.013426283801203365e-01
4.887513317479461050e-01
5.257037123836635351e-01
1.038135319262496026e+00
2.214838360870756417e-01
5.501965705933506978e-01
8.401898752044113516e-01
4.381267378608822982e-01
5.447885207363579729e-01
6.698154428370134417e-01
7.520254226914301343e-01
8.205060500700377402e-01
7.949421133005135642e-01
1.830210388584194714e-01
7.231172070458874446e-01
7.917178683661362237e-01
4.922419703663524770e-01
6.395097550622328431e-01
8.173578598322873701e-01
4.676587173274898146e-01
4.746434477157589482e-01
1.223991723125689601e+00
3.808244675119843992e-01
6.115819534830224669e-01
6.023503053902982129e-01
5.944295914717103724e-01
6.313626199760445923e-01
6.606554880575150612e-01
7.006265147214640887e-01
7.558549525912999778e-01
8.414322505996810753e-01
9.204000450544975731e-01
8.430006973721311248e-01
1.714435248574561199e-01
1.561321255733727764e-01
6.040840698951031040e-01
7.672702318328274984e-01
5.699834517235405906e-01
7.068775352029714742e-01
8.397549042369658601e-01
4.588523108217863467e-01
3.610940707022175511e-01
5.073946331188594616e-01
7.994723205544586042e-01
5.030119069486380656e-01
8.302966677606975487e-01
5.157611069529716152e-01
7.006842437419975589e-01
8.265378864807143566e-01
8.115875596620977239e-01
2.816813039500482008e-01
1.645432259628763494e-01
8.591438855865767277e-01
1.970374878381477290e-01
2.221774256179792351e-01
9.813677752693014678e-02
2.023062643328835897e+00
1.714904905280224101e+00
3.338863893455305543e-01
3.714227119774607955e-01
2.612834522793623382e-01
2.384088420945295272e+00
3.503317123462355021e-01
4.062207165112389218e-01
3.692497645315447885e-01
2.818089910337854498e+00
4.139543959135963402e-01
4.590454751896754226e-01
4.139472798795898467e-01
4.501544974163630419e-01
4.124337769440819534e-01
3.364740757029623719e+00
5.004244825521668716e-01
4.991088621882011078e-01
4.929840069766098787e-01
4.949530691584845266e-01
4.949205619008539836e-01
4.895445117603062779e-01
4.630411055853884683e-01
4.112423183742565769e+00
4.804021753926809302e-01
4.870086419382607668e-01
4.808250809381487967e-01
4.913744351306478242e-01
4.974954435717703904e-01
4.958471245371611769e-01
5.316041821432780701e+00
4.663389686987874927e-01
4.794973494189375129e-01
4.737842117685584498e-01
4.853686262293664955e-01
4.861542885761253596e-01
8.216198859608867977e+00
4.687510158582410269e-01
4.950506061052035167e-01
4.623606595241210315e-01
4.834829185374110438e-01
4.818507550645865223e-01
1.056212015292757300e+01
1.648767003872252346e+01
7.032748889388079405e+00
5.508869745092530579e+00
4.968523974779292196e+00
4.632738988134430969e+00
4.379221812196614216e+00
4.169002604543621260e+00
3.985159348831051940e+00
3.818823855994875505e+00
3.665089270259900722e+00
3.521262361472590641e+00
3.385954628561599122e+00
3.258546467847042383e+00
3.138849999493928955e+00
3.026892412741808869e+00
2.922776993554941249e+00
2.826594010234408483e+00
2.738363032671632169e+00
2.657996410840306467e+00
2.585279975187748658e+00
2.519869988109264547e+00
2.461304773600634377e+00
2.409026719067159039e+00
2.362407558937926755e+00
2.320768683461615023e+00
2.283389545887128058e+00
2.249501253955942470e+00
2.218268704646804590e+00
2.188771938208792012e+00
2.160003489122905407e+00
2.130900239455439937e+00
2.100422546146350822e+00
2.067679083829476294e+00
2.032075834982944418e+00
1.993449641527145877e+00
1.952140648940204448e+00
1.908970429019323678e+00
1.865121273456858519e+00
1.821945348363269490e+00
1.780755105188656540e+00
1.742649384923837363e+00
1.708414352502918288e+00
1.678513629732637957e+00
1.653157297055025676e+00
1.632420470640148835e+00
1.616371096217081638e+00
1.605164695186035884e+00
1.599072408203812801e+00
1.598427600129411985e+00
1.603501678284082743e+00
1.614344264338148038e+00
1.630638201902699702e+00
1.651620165334603652e+00
1.676101151273915679e+00
1.702590828881394014e+00
1.729493203968334614e+00
1.755309965417299001e+00
1.778775180974346837e+00
1.798859737182596064e+00
1.814626149061370430e+00
1.824973915429825233e+00
1.828375053100801173e+00
1.822737997159900258e+00
1.805533477013727461e+00
1.774248876757819060e+00
1.727106002693816089e+00
1.663820032621936340e+00
1.586080364405348719e+00
1.497487525005756659e+00
1.402897232615896161e+00
1.307393174283470128e+00
8.365712994191065732e-01
8.681984003173338627e-01
7.637371371196527425e-01
7.081299793618235361e-01
6.922198871043825363e-01
6.858113577587658938e-01
6.697396620074148599e-01
6.597634055390816377e-01
6.519099011955421519e-01
6.474700173086391786e-01
6.473137769231255279e-01
6.511364616768117175e-01
6.580272744862906142e-01
6.675450649826738525e-01
6.763434485598959212e-01
6.931135265467064377e-01
6.978558786915020073e-01
6.950644864464252670e-01
6.799183070745441482e-01
6.516474052567438058e-01
6.127092830033439297e-01
5.630235903094030769e-01
5.316713962728485399e-01
5.121805560824823633e-01
5.053691547343520662e-01
4.969978229503637657e-01
4.977387703498243332e-01
