1.239214077127241431e+01
7.988687360963325546e+00
6.279873088998098929e+00
5.386038774493778547e+00
4.287069075084165348e+00
3.921306043179109135e+00
3.701499725476987912e+00
3.535267020502577573e+00
3.392935781236278370e+00
3.261871497826396737e+00
3.136229036889850885e+00
3.013868807397510174e+00
2.894839683263786156e+00
2.780417957918668304e+00
2.672464926093790716e+00
2.573019352227337020e+00
2.484041307570376667e+00
2.407217649035084062e+00
2.343769828829434854e+00
2.294258271055406251e+00
2.258422275931124990e+00
2.235110077359083736e+00
2.222340357636028774e+00
2.217505922485551562e+00
2.217694536730756560e+00
2.220070225177091405e+00
2.222238455798976720e+00
2.222517481351173885e+00
2.220058315419129791e+00
2.214791930478168691e+00
2.207221940812245098e+00
2.198111235155530530e+00
2.188125035898972559e+00
2.177492920089921569e+00
2.165746451224598079e+00
2.151584353440757713e+00
2.132913636729765638e+00
2.107103464068854404e+00
2.071454675010986346e+00
2.023824511135659421e+00
1.963267474636446686e+00
1.890499581886780245e+00
1.808012247285496255e+00
1.719770433794340025e+00
1.630585784993977994e+00
1.545375163538145413e+00
1.468530826267001155e+00
1.403540284183694142e+00
1.352864738218396479e+00
1.317988013641216538e+00
1.299517878763770229e+00
1.297249280856625386e+00
1.310155854719786017e+00
1.336337042325000057e+00
1.372995254210835459e+00
1.416534776754635239e+00
1.462848522810126228e+00
1.507790847820067004e+00
1.547748386576052182e+00
1.580157770131944250e+00
1.603815076484804703e+00
1.618882003786219936e+00
1.626587198801648038e+00
1.628702050037230231e+00
1.626907783578030786e+00
1.622165294893965548e+00
1.614175922814601094e+00
1.601009410902628716e+00
1.578985576865876039e+00
1.542905431415677153e+00
1.486673253768537650e+00
1.404158148385445282e+00
1.289814880740684400e+00
1.138791404490904435e+00
9.519125014027720599e-01
7.544567885030070142e-01
6.121083035398137140e-01
5.696638174994068660e-01
6.408094765191603148e-01
7.624975540391182305e-01
8.480887705136895827e-01
8.818802243053117662e-01
8.642767540295703821e-01
8.579505921599079876e-01
8.624951526114710276e-01
8.780785648582357661e-01
9.086301704180874683e-01
9.451097843566621526e-01
9.496559311916636936e-01
9.089391295801672044e-01
8.477147454027491591e-01
7.921576786654144220e-01
7.635832077964340714e-01
7.681500487062739024e-01
8.013114076972024380e-01
8.467814664353464638e-01
8.988071758327378369e-01
9.551920741361799028e-01
9.966171676331690987e-01
1.023818410571731397e+00
1.034364433913572245e+00
1.018460907023398088e+00
9.662071709664165065e-01
8.919596883131980514e-01
8.139305050484313409e-01
7.593485012177475513e-01
7.116241625266654935e-01
4.138119980248448293e+00
7.075764971359419508e-01
5.976259992647906527e-01
4.718195579398339889e-01
4.338294578897006204e-01
4.986723225600409037e-01
6.110028324559606538e-01
6.180922825065413573e-01
3.248426701710900755e+00
5.777749869507969871e-01
4.533647055207451482e-01
3.499909279121899419e-01
2.881643091108351817e-01
2.519947311354829300e-01
2.264303655267207449e-01
2.105526452484581812e-01
2.038578965440597246e-01
2.042195617197111457e-01
2.077744546417728266e-01
2.121561676082411307e-01
2.126847760521274056e-01
2.071858188380870658e-01
1.962599222047751724e-01
1.803105508912554722e-01
1.621275858780996115e-01
1.440979572917516494e-01
1.282685126855239999e-01
1.162417028590209955e-01
1.098059436251000859e-01
1.086877205220927595e-01
1.143310622184701836e-01
1.271801688431168920e-01
1.460798768332231268e-01
1.716949702369063024e-01
2.001341796345817436e-01
2.261738875355897294e-01
2.434178796957795765e-01
2.475370766620617613e-01
2.369933650232451672e-01
2.105604961138473619e-01
1.503685351465974540e-01
7.337543375077280883e-02
3.645756193830596709e-02
4.950308170459494922e-02
7.348600265753268967e-02
8.390647434253442616e-02
8.024609605141226620e-02
7.444623669971062174e-02
6.623971135585646208e-02
5.271112307130035313e-02
3.736354872774573510e-02
2.265561762711862034e-02
1.099727670780543606e-02
3.658399656586137135e-03
6.322469178980003827e-04
5.461287733281341679e-04
2.690962442550360656e+00
5.821332954226967000e-04
6.560489512891166030e-04
2.279007741939478748e+00
3.325240200361520050e-03
1.948724818268579018e+00
7.825971097990735981e-02
8.309060422754847852e-02
1.871143506328893091e-01
4.034452652505240988e-01
4.871226432186190336e-01
8.663582898560182391e-03
1.672718486024907136e+00
1.342746592992936916e-01
1.648415270425191703e-01
8.099697308245497329e-02
4.556085708857589012e-01
4.026722827967492702e-01
4.595381601799155558e-01
1.454765231835527216e-02
1.438795328402462825e+00
6.773120438581851088e-01
5.202919167397569433e-01
9.481828373114280506e-01
9.708724026538408935e-01
9.569682958144983820e-01
1.910190043533703808e-01
1.963240744343116295e-01
4.568203567721721425e-01
3.889811747195945912e-01
3.838306970945988827e-01
1.736502103321354434e-02
1.955005761565608846e-01
1.290122867857745603e-01
8.901884082163891154e-01
9.498053022274381973e-01
9.702830549201229005e-01
9.959654579007887198e-01
1.011866182565129391e+00
9.868304412796301550e-01
1.017777002688939225e+00
1.894509132449045952e-01
1.801571363823859795e-01
3.427767426475362145e-01
2.609967907896858508e-01
1.427060512550997091e-02
6.757502270205850703e-01
4.002932489117190795e-01
1.008175004490567961e+00
9.821490360040685541e-01
9.599066592453586733e-01
1.005517597440296340e+00
1.032718021145684117e+00
1.083460302707875966e+00
1.148805409514351394e+00
1.087859499301722543e+00
1.072502460288788262e+00
1.928906254814203025e-01
9.407492976962141817e-01
9.460433095699305461e-01
7.726374264231907762e-01
6.994213556876504034e-01
1.660827050663249427e-01
2.521464493817252017e-01
1.830626133679898182e-01
7.451749090728375033e-03
2.270394217770316247e-01
9.151885460153375007e-01
9.047404916592790558e-01
9.569442167043701319e-01
9.404037988950640914e-01
7.716265406776127156e-01
2.769401685226992593e-01
2.812924175786395420e-01
3.943159376112626568e-01
2.858961394624459085e-01
1.658315666166552960e-01
1.139130562423833759e-01
1.622324036458158703e-01
1.140081601678935019e-01
6.366919513790319715e-03
9.644901751298118331e-01
1.007099103582602906e+00
1.546752644390651188e+00
1.126341947878516159e+00
1.515010384007504651e+00
8.242400398616823720e-01
4.577050056411360313e-01
9.307279558915827478e-01
7.812263256023161961e-01
9.217228057360303817e-01
1.046359123004249714e+00
1.100192362548292557e+00
1.098610359620253218e+00
1.095145430447381996e+00
1.127220841102287263e+00
1.293261013498186340e+00
1.395450943438938163e+00
1.292552508880855155e+00
2.441305029118836789e-01
2.696917981592009128e-01
4.474604343319666389e-01
3.004128854089778144e-01
2.260654094496717392e-01
1.910259051878803183e-01
4.346053546623594721e-02
4.688463121256566946e-02
2.156930134026502008e-02
9.215046644645226159e-01
3.929944020754421730e-01
2.340743479740913235e-01
1.461431614259631306e+00
7.577855960195276630e-01
6.549813227708585206e-01
7.467605654712785590e-01
1.003299527790831647e+00
1.154849144501622238e+00
1.293207663929028639e+00
1.444940145697977574e+00
1.654623249310557265e+00
1.590157387699112412e+00
2.738784016006775568e-01
2.742409721425232982e-01
1.071049700275474859e+00
8.702503661655888179e-01
4.818414891776893749e-01
2.179757820956722270e-01
2.659035810182401316e-01
1.325618314854017932e-01
3.211973587428916255e-01
6.607905242212799846e-02
3.546615589990605860e-02
5.587799243474263211e-02
8.532585118473093866e-01
4.435953963877076189e-01
6.398015619679449095e-01
1.307112336015424203e+00
8.868848218619430623e-01
9.344410047535737229e-01
7.217755058504123911e-01
2.530512585933918923e-01
3.121564551760951378e-01
1.330210762453883366e-01
4.266072234884666359e-01
7.877023506802903474e-02
5.311927365290428638e-01
1.851285190450266960e-01
6.518379311427073552e-02
9.772205209972871509e-02
7.996947997382390927e-01
7.994669120152552155e-01
7.767013304388267203e-01
7.833738826726739379e-01
2.505799350430454875e-01
2.775828081258328028e-01
3.561299397029668024e-01
3.491846247761910549e-01
1.811154273520707847e-01
4.660412376339059248e-01
4.319937969721395210e-01
1.179370457609550255e-01
6.016353613892517771e-01
5.570593654957474161e-01
4.475562282753836052e-01
1.310142715844653805e-01
1.285664520237335962e-01
7.827277030709848260e-01
7.606600878016921419e-01
7.614382971317364968e-01
7.846162099436161386e-01
8.028175679396907238e-01
2.276294038344121307e-01
6.401142364681071673e-01
7.309433116222792126e-01
7.288143975733337721e-01
3.692170728896972398e-01
2.681379611745498548e-01
4.051903813073204907e-01
3.121688335723048491e-01
2.819972898829317121e-01
3.240295118084670634e-01
4.028066601111022771e-01
5.527011127719125838e-01
7.035307890252555652e-01
2.327156917971132111e-01
1.504320880913952163e-01
7.775555695558448166e-01
8.017506389632296226e-01
7.687951270149422367e-01
7.942357357377105576e-01
7.983265691432881450e-01
8.146967438785237547e-01
7.959523143770377285e-01
9.217497812710483407e-01
5.020910148035727660e-01
8.715457826649183337e-01
6.583274426107930122e-01
7.119127190213464518e-01
7.533658365109914268e-01
7.233307179987765734e-01
7.247043947389175678e-01
3.679360782132639618e-01
4.962399148873425370e-01
6.709367408490239937e-01
6.373571911763369346e-01
2.239182486048925114e-01
5.757699876662596417e-01
6.472826923238151897e-01
4.082810465826526292e-01
7.949102690596832055e-01
8.352647156758777891e-01
2.371887336176683181e-01
2.695123376922706204e-01
1.600558716683177785e-01
7.654250773403997732e-01
8.943802670171392410e-01
6.996921852982597168e-01
7.374500739077003431e-01
7.792389127796086612e-01
8.299530957438728818e-01
9.285588953449979144e-01
9.643439982006428712e-01
3.721469382863549225e-01
7.334569625681277572e-01
6.044090041866918561e-01
6.261428754750982817e-01
7.456923721635668745e-01
7.358499544968141182e-01
1.607790566575723890e-01
6.220918418729374233e-01
6.683423237356087565e-01
6.998420404565423025e-01
4.121185177571465852e-01
3.662956203137206490e-01
8.148622404072748404e-01
8.507847113090580837e-01
8.906283061415917190e-01
3.075468155882110088e-01
3.022409240735571267e-01
1.626376841006872964e-01
7.561926084605994358e-01
8.161435344643341860e-01
6.256743037707959143e-01
5.791926442979293821e-01
7.311910561196089953e-01
7.349862084750161673e-01
1.401364302422963837e-01
2.724796127098991216e-01
6.333648207035886823e-01
6.491172328206066267e-01
6.492028929772012402e-01
1.232622959776576571e-01
8.697840906258796911e-01
8.725389307502103842e-01
8.714117989087692973e-01
2.988600600520973094e-01
2.908717084901119021e-01
1.594017813137280359e-01
7.984868219179465099e-01
7.126975467563865241e-01
6.115232954534908227e-01
4.633325186725016920e-01
2.892856483410867208e-01
1.066380489068783216e-01
9.240698924851790952e-02
1.811488218189394039e-01
2.640318481301350828e-01
3.897407992627479612e-01
5.216280158890752583e-01
5.307119299995337602e-01
6.095465305779441678e-01
5.280782972982509538e-01
7.182485944052326987e-01
7.523487385671410177e-01
7.832608831336089483e-02
1.300911258739550491e-01
5.843782208935023592e-02
4.234296961934273795e-02
1.035880486589665639e-01
1.778519905461708184e-01
2.564412816064581824e-01
3.372723115778074598e-01
4.612094821273343692e-01
4.853062153102294385e-01
8.390823153354209918e-01
8.807751176340762322e-01
2.117403685930328572e-01
1.844907461674723803e-01
1.512929809832313510e-01
9.189529554825014435e-01
1.835992554169466884e-01
1.786332636087199777e-01
2.538949031323119443e-01
3.638883175677993798e-01
4.129207247502662548e-01
4.640370786368165357e-01
6.278179187956948182e-01
7.396814225234764617e-01
7.554725382340050921e-02
1.169270120466772839e-01
4.702165237525501862e-01
4.381495778648996087e-01
5.319871201496311208e-01
6.054135013961954304e-01
3.316902677874022931e-01
1.467877345027625569e-01
3.840122159810183122e-02
6.915743389395988261e-02
4.424989373619752642e-01
3.879158194220446165e-01
4.153406177192545679e-01
8.647064760827256613e-01
5.335877095656088587e-01
2.517490996980878415e-01
1.333675976221691539e-01
1.401901612232762107e-01
8.726233157662857121e-01
2.685220945582901253e-01
1.786928416964649602e-01
4.990497213717820513e-01
5.457290052995139584e-01
4.875116679081469839e-01
4.952895325332706822e-01
6.243647617747826173e-01
7.221066813721752631e-01
3.590126196772365774e-01
7.428473448600994011e-01
6.226693494429134113e-01
5.761264668383176968e-01
6.667941842606264213e-01
3.481173573021208445e-01
5.293354361419969623e-01
4.598222134671943739e-01
4.383384798440541630e-01
4.354117167163956692e-01
2.212773806454127190e-01
4.068984251835324195e-01
3.491178650100540404e-01
3.273521567430403012e-01
1.286474607600892051e-01
5.080786396290142282e-01
3.626027786724254076e-01
2.009961465041101292e-01
2.047713900713185320e-01
7.475889546770810856e-01
7.768952804706802384e-01
6.816165164026700696e-01
6.623899992847648299e-01
6.931488938495352636e-01
4.477188343957130279e-01
4.365829254175054297e-01
6.646927737907741829e-01
5.946999759960883702e-01
5.038736113578281550e-01
4.093774706710867073e-01
3.738096382725340505e-01
3.239335166258305310e-01
2.241824080481447379e-01
2.362158408838388735e-01
2.797968301770086819e-01
2.716872298714601563e-01
1.646412094288930428e-01
1.192462205406723125e-01
1.853434796962894759e-01
1.819749138268088040e-01
1.935137360984486021e-01
7.532868842921224273e-01
6.339761606558205198e-01
5.068610966258673134e-01
3.106531067900316079e-01
4.844288539993678588e-01
2.121524015554550058e-01
1.843087613573938799e-01
3.280836430170032680e-01
1.350818867619893171e-01
7.533443369943840229e-02
3.560638014569869059e-01
1.123651087193017484e-01
6.496283262268230663e-02
1.144020314269363764e-01
6.771880217530551471e-02
2.089913889084895060e-01
3.392516543848566601e-01
1.838320212709487200e-01
3.311373460802103930e-01
6.665553381549316203e-02
3.815671556718572277e-01
3.818257205795679288e-01
2.589304794853341390e-02
4.207208828579048210e-01
4.152554996543141308e-01
1.829885556197560770e-02
1.160534049795313855e-01
1.801456437407966682e-02
2.181047411796715463e-01
1.637187348248309027e-01
8.519560470908721372e-02
3.531549872205462237e-01
2.882800066754800383e-01
7.897954374960693136e-02
2.611112893000696600e-01
5.237497662435533496e-02
2.877267772169314064e-01
3.404938644199381748e-02
1.281737367837740560e-01
6.259072883131306005e-03
8.629724489950142685e-02
1.349898314182660375e-01
1.359288875720548184e-01
1.319072483817495534e-01
1.215952940561664947e-01
8.588149374256502655e-02
1.598401420980914978e-01
6.199058777195272374e-02
1.539812382146871217e-01
5.217717466032330102e-03
1.809177019304405443e-01
2.206621149311059349e-01
1.494445067675436167e-01
1.946082578947202768e-01
9.542960159037541801e-02
1.157449849162668631e-01
7.356175578976065221e-02
8.180946004870551236e-02
2.086125391069781898e-01
7.376880034977452948e-03
3.668521761594853436e-01
4.107034399184772977e-01
2.565937439701918565e-01
2.476078878295524532e-01
3.161381253331609908e-01
2.472746537988406712e-01
2.048506274471315336e-01
1.661618561849946274e-01
6.767043874747448451e-02
1.102510974782872771e-01
3.273053327348974806e-01
1.171020968884227582e-02
5.678380536256081301e-01
5.950781160582678808e-01
2.011398716130933517e-01
3.240498560053753918e-01
4.726978390701914723e-01
2.457832171287258893e-01
2.154701409385151589e-01
2.590174649487793079e-01
3.486250906114158332e-01
1.798672465327688375e-01
1.689569596242896932e-01
1.273305508575556244e-01
1.488650989806660219e-01
1.227990124743243011e-01
1.118807604734572830e-01
4.572543021692216936e-01
1.866732573799354325e-02
5.682492507783537539e-01
5.616999740409805986e-01
5.609012667033755895e-01
2.296784758019934092e-01
4.736098464416726994e-01
5.632635395569834946e-01
5.915631757828120341e-01
2.266726756190367842e-01
3.943675101691752061e-01
4.416757994553457967e-01
1.718037996623230923e-01
2.680145957355026809e-01
2.861673690954630311e-01
9.469912373194534772e-02
4.669889377576312284e-01
4.537443433404039217e-01
2.694973277266381889e-02
5.235815017660011561e-01
5.544855554661093366e-01
2.361934996547969123e-01
2.274497221812373238e-01
5.461653687035737947e-01
5.610460368175100854e-01
5.779962963896883021e-01
2.303765816896591601e-01
2.324447307267901996e-01
4.409516591675767816e-01
4.870499731253275510e-01
5.132070481738553180e-01
1.813208595714335125e-01
1.918809764283083974e-01
3.675628665682026952e-01
4.028752250372311661e-01
9.707080563377931681e-02
9.424243962516828943e-02
4.802108285706744306e-01
3.506747255261736390e-02
6.275395462915281386e-02
6.633633401243194117e-02
3.342262730296404610e-02
7.800512237533824278e-02
1.827138465793071986e-01
3.352829344150027313e-01
3.640368702333774409e-01
5.543014422279930464e-01
4.650889270364946260e-01
4.914055121838417084e-01
5.142639746398075529e-01
1.936602139326290828e-01
1.584930450801077251e-01
1.175896164173931141e-01
2.083690365911814446e-01
6.442450507183031250e-02
1.139148581461056353e-01
2.550349421928349569e-01
3.637912108018243051e-01
5.141775105979222715e-01
5.248311098994106194e-01
5.349252087656473087e-01
2.170914016661859569e-01
1.885518889612599058e-01
1.238397782835576610e-01
1.976508604639605204e-01
6.022847817699037570e-02
8.417504119610515201e-02
1.845158694933631827e-01
3.100921754339709402e-01
3.105262901844219048e-01
4.705406711264836228e-01
4.720446459122584204e-01
4.815062379856515640e-01
1.899432526911000174e-01
1.773123108469473463e-01
1.700673799391455854e-01
2.435290832695694851e-01
8.266579671367881021e-02
7.951885441799062815e-02
1.582563934086012591e-01
3.046903270572975941e-01
3.179768123207221131e-01
3.789037428304327659e-01
3.876380945654193111e-01
4.104607500234570550e-01
8.470362216085552953e-02
7.682502047894497477e-02
1.216006650588773302e-01
1.311150325205594214e-01
6.036335198848994527e-02
3.742668727893904562e-02
7.747663497823738254e-02
1.679264086650950338e-01
3.082478394312673231e-01
3.299434972997505322e-01
6.447839972120478214e-01
6.666819183466248244e-01
4.077837265417592200e-02
9.295881698124043580e-02
1.103043474209758346e-01
3.439063993599617008e-01
3.509074583662262214e-01
3.608121734459080465e-01
4.063562743296381674e-01
2.079550323218533059e-01
9.801824851714381615e-02
1.125449663368093406e-01
2.278564343305601037e-01
2.392686484219676835e-01
2.065788475069458563e-01
3.552722953035824527e-01
3.608263830523920079e-01
3.856468000635768223e-01
4.386577102419799701e-01
3.279757898433374175e-01
2.283393953481950844e-01
9.638346494503620410e-02
1.573328743955951237e-01
1.458027051363618709e-01
2.054272384561999232e-01
2.182154522889112325e-01
1.939483155477683129e-01
3.318595582212455208e-01
3.536468197602871677e-01
4.145652031514323044e-01
3.889131013698510775e-01
3.690595575667718342e-01
1.009070342190298425e-01
8.986154527221480726e-02
1.569264837455987271e-01
2.276086634192739377e-01
2.366688540556068088e-01
2.313076961955861099e-01
3.453433692085276507e-01
3.682948306030690566e-01
3.693567654278404611e-01
3.429541542234983975e-01
3.691762724826633257e-01
3.621742572449992981e-02
3.546115390345335600e-02
5.691756537305057290e-02
1.477563377529820532e-01
1.711764499405971640e-01
3.550186370509697542e-01
3.924122281055794081e-01
7.276836604614848047e-01
4.208510413575378140e-02
1.121208240239449788e-01
1.108915629906878919e-01
3.579782682457823273e-01
3.458316180281410523e-01
2.621398804377109149e-01
2.637903598046175691e-01
3.622325140659252152e-01
3.241222111034717246e-01
2.045832741379727260e-01
2.358151899530848694e-01
2.402898798472176967e-01
3.345617664885767173e-01
2.802417590966329031e-01
2.777514042134804906e-01
2.641691973843043328e-01
1.113393716281743800e-01
2.443988623611465238e-01
2.442007780424484686e-01
3.554911631037492858e-01
2.893554354376425275e-01
2.802813488289851440e-01
3.543254717426557177e-01
1.958786013981543561e-01
7.103143723300711643e-02
1.731330995655569749e-01
1.855370846473962942e-01
3.889095966323889431e-01
3.853749156282420540e-01
3.917632174058591210e-01
6.817120588055202157e-01
3.791511390301782053e-02
1.071936139669648624e-01
9.232448566363475606e-02
3.298608069565422962e-01
2.517534889977435242e-01
2.984702885046910392e-01
3.232653315091141843e-01
2.307787664868522770e-01
2.230275678277274243e-01
2.482124108177687638e-01
2.486938820986113186e-01
2.027331609387353628e-01
1.888097343695384622e-01
2.362331030053204106e-01
2.320141520606119889e-01
2.095962322120887289e-01
1.711674061793568014e-01
1.956787690443442251e-01
1.838374192295531284e-01
3.610735345101769855e-01
3.266151863383686127e-01
1.840088163762245044e+00
2.872373868730462854e-02
7.731985836466739870e-02
7.589730389740594052e-02
2.507121558375638437e-01
1.740111390282608195e-01
3.012310085862945352e-01
3.007834243625483461e-01
1.494349272095373271e-01
2.583898946149995046e-01
1.203025902068441122e-01
1.193313703311226354e-01
2.333397638176713251e-01
9.148258519814722600e-02
8.444732892579014105e-02
1.793440034926578608e-01
1.790625529542976546e-01
2.245073002334204426e-01
2.067881856615250424e-01
6.667587683854524272e+00
1.699419806127023050e-02
4.278826148139636132e-02
1.660176097596273159e-01
9.038185195944514749e-02
3.041287138974459459e-01
2.865164228356172349e-01
1.473229787369015609e-01
7.090309021577595461e-02
2.700439900031615936e-01
2.329689047683837222e-01
5.427231327822250317e-02
2.388234692366079936e-01
1.842794860435099935e-01
3.002483825351742047e-02
1.187298342517527361e-01
7.575145343947584098e-02
1.846369980169627922e+01
6.992899097524217338e-03
2.047087045273536174e-02
3.204697070388259211e-02
1.532989532798402221e-01
2.447616153649544157e-02
1.180667117788221504e-01
1.865070452694773950e-02
8.812938070091022591e-02
8.542078046953978723e-03
6.150604785708352340e-02
1.891021848850598167e-02
2.822144508060580392e+01
3.041550262926839224e-03
1.247371565716930662e-02
1.485485487570599276e-02
1.035517585168995308e-01
1.041606856427153283e-02
8.195179338096758581e-02
7.776294669297642050e-03
5.799194640035454373e-02
2.523806432626585130e-03
4.040697564959554872e-02
-1.870978365628143297e-04
3.149947217172617897e+01
6.992964301022225326e-03
2.047094348966335686e-02
3.204661685441257540e-02
1.532995834095038090e-01
2.447615534908844509e-02
1.180665666078319909e-01
1.865080690463511576e-02
8.812953024389463819e-02
8.542144587603267905e-03
6.150633056755167027e-02
1.891022600971555695e-02
2.822144620684738214e+01
1.699431357173708176e-02
4.278838590124935115e-02
9.038126043475595839e-02
2.865173765531277561e-01
7.090304415519556314e-02
2.329686637539764849e-01
5.427248591344487755e-02
1.842797071068984216e-01
3.002494926719653789e-02
1.187302581966647869e-01
7.575145521477889832e-02
1.846370090449532597e+01
2.872388197216049419e-02
7.589742365851503969e-02
1.660169214718709152e-01
1.740105048921200548e-01
3.041296184123462587e-01
3.007840927837902023e-01
1.473228325356628343e-01
1.494347811287123073e-01
2.700437427867861118e-01
2.583897012915031821e-01
1.193315900833149673e-01
2.388236951254022189e-01
2.333399369871397011e-01
8.444746471705613655e-02
1.790629977478297441e-01
2.067881509663336281e-01
6.667588258548686753e+00
3.791526356356322847e-02
7.731994022794524968e-02
9.232459712065989310e-02
2.507118837593991234e-01
2.517532226610057489e-01
3.012313600356420484e-01
2.984706213117353513e-01
2.230272910545806619e-01
2.486938217945891816e-01
1.203028130391758377e-01
1.888098857398528008e-01
2.320141496323879782e-01
9.148271817132626327e-02
1.711674784088668411e-01
1.793444427096759219e-01
1.838376339898730449e-01
2.245072591166603904e-01
3.266150847281078518e-01
1.840088402617860996e+00
4.208524475068119858e-02
1.071937712961802819e-01
1.108917318585180695e-01
3.298609476548118313e-01
3.458318650921737292e-01
2.637903101616002610e-01
3.232648928926910026e-01
3.241217701095400194e-01
2.307784762451039196e-01
2.482123663551908943e-01
2.402899572770291481e-01
2.027333002151592845e-01
2.777514407601989199e-01
2.362330747934068553e-01
2.442006150714378099e-01
2.095962601335963349e-01
2.802812737827307665e-01
1.956788070252305778e-01
1.855370140592597639e-01
3.610734045441300055e-01
3.917630354647723134e-01
6.817121985806481321e-01
4.077849507395277934e-02
1.121209389918588900e-01
1.103044259913059377e-01
3.579787218466299326e-01
3.608127864281203134e-01
2.621397400294832036e-01
2.392682944586078664e-01
3.622320177656870865e-01
3.856462641563289662e-01
2.045831198569443010e-01
2.283391647193115936e-01
1.573328109723988177e-01
2.358153172878910409e-01
2.182156614849892484e-01
3.345616910828566604e-01
3.536467190046394538e-01
2.802417857756981934e-01
2.641692125938425173e-01
3.690595748454237879e-01
1.113393560797704407e-01
8.986148711921415622e-02
2.443986459912351750e-01
2.366685623393779692e-01
3.554909458845195158e-01
3.682945962375703264e-01
2.893553331462048184e-01
3.543255855215618477e-01
3.691763714050339540e-01
1.958787237984981333e-01
7.103148884339662017e-02
3.546110652835279820e-02
1.731328286589808585e-01
1.711761141994860291e-01
3.889093424923926734e-01
3.924119626193743882e-01
3.853747250904809851e-01
7.276838827586107339e-01
3.506757231860153923e-02
9.295884771022984439e-02
6.633628237106742320e-02
3.439072854312802963e-01
3.640379482498811159e-01
3.509081174245865520e-01
4.063569090742669698e-01
5.142646859477701948e-01
2.079553997255027820e-01
9.801837299538525283e-02
1.125449632749554035e-01
1.584930928434909181e-01
2.278560421482900833e-01
2.065784200248689806e-01
2.083686063800455623e-01
3.552717056257286288e-01
3.637905711242082618e-01
3.608258700799562013e-01
4.386575287311353932e-01
5.349250281291529907e-01
3.279755193967658355e-01
9.638357457307299148e-02
1.458029970717177326e-01
1.885522311195048650e-01
2.054274667784009023e-01
1.939486204446390083e-01
1.976511779017831039e-01
3.318594282308210963e-01
3.105261136554230972e-01
4.145651355898974932e-01
4.815061364415568201e-01
3.889130952273662789e-01
1.009069682637579596e-01
1.569264464292559613e-01
1.773123006136266833e-01
2.276083706224145686e-01
2.313073885586984235e-01
2.435287692206652976e-01
3.453431245823874174e-01
3.179765601797800434e-01
3.693567778170779303e-01
4.104607728909465125e-01
3.429541957774407401e-01
3.621737022726811278e-02
5.691748287271330975e-02
7.682497675873682652e-02
1.477559676552094581e-01
1.311146800300885817e-01
3.550183336528391354e-01
3.299431572307679472e-01
6.666821469709567349e-01
2.694980884309923150e-02
6.275390222792237571e-02
3.342267246879218612e-02
7.800549754094035504e-02
1.827146002873390462e-01
3.352840299224058018e-01
5.543019665458925882e-01
5.544860762151470057e-01
4.650894346924405176e-01
4.914061339474671275e-01
1.936604217321363786e-01
2.274502022626279929e-01
1.175894109272414140e-01
6.442437963469832551e-02
1.139145799204598214e-01
2.550344309864335246e-01
5.141774104434939652e-01
5.779962360475139338e-01
5.248309299758687763e-01
2.170917086818795749e-01
2.324449715203802669e-01
1.238400039186439705e-01
6.022856967306432219e-02
8.417499884068865845e-02
1.845157337305080580e-01
3.100919995636963744e-01
4.705406164892492193e-01
5.132070262399124339e-01
4.720445582186568734e-01
1.899433252908919734e-01
1.918811206985157614e-01
1.700672038611628356e-01
8.266573057864191887e-02
7.951878389952608817e-02
1.582562531412877727e-01
3.046900852966503703e-01
3.789038955626120586e-01
4.028754547218711402e-01
3.876381385020905568e-01
8.470364794342907788e-02
9.424259752616875874e-02
1.216003378648278788e-01
6.036320399773401069e-02
3.742660069281857071e-02
7.747649333246386938e-02
1.679261727738800281e-01
3.082475039084185409e-01
6.447842476607362761e-01
4.802109846329312148e-01
1.866737980529412436e-02
5.235818404652129443e-01
5.609013953015000720e-01
2.361942313265444626e-01
2.296792730696754214e-01
5.461653619217620159e-01
5.915632337220702031e-01
5.610459576344561938e-01
2.303767064064798087e-01
2.266727650277604866e-01
4.409518287590505348e-01
4.416760067761906772e-01
4.870499905946494845e-01
1.813210913941068481e-01
1.718040493471774399e-01
3.675631704142787171e-01
2.861677911064501867e-01
9.707106491547236315e-02
9.469944612283075214e-02
4.537443908595732434e-01
1.171024487914059178e-02
5.682489253120953654e-01
5.950773153707851204e-01
5.617000905069783334e-01
2.011407802638115749e-01
4.736101024068434251e-01
4.726981160987422936e-01
5.632636189465228815e-01
2.154701003653363423e-01
3.943678679133519882e-01
3.486254928237595418e-01
1.689573395193779415e-01
2.680150323676243063e-01
1.488655232594743860e-01
1.118812985235650148e-01
4.669887758291891289e-01
4.572541206186218621e-01
7.376901195504066873e-03
5.678370647806185723e-01
4.107019695879067234e-01
2.476093590423812663e-01
3.240501526893732609e-01
3.161384635944924915e-01
2.457830908246820822e-01
2.472745151833743993e-01
2.590178979952348359e-01
2.048509863470949766e-01
1.798676982709286054e-01
1.661623043483834439e-01
1.273309591769810345e-01
6.767060407902278363e-02
1.227996354106812293e-01
1.102517040030774609e-01
3.273055527864129899e-01
5.217720195108717721e-03
3.668507129324656835e-01
1.809168845940116455e-01
2.565953993081649398e-01
2.206639840800435348e-01
1.494446834007793767e-01
1.946081002400716076e-01
9.542968521311917529e-02
1.157454026471166630e-01
7.356164086285836567e-02
8.181003203659736878e-02
2.086134874855868071e-01
6.259049644297537233e-03
8.629722239584158849e-02
1.349915365713540427e-01
1.359289269136877698e-01
1.319071104274699147e-01
1.215951413424796734e-01
8.588198298561872113e-02
1.598398678094543335e-01
6.199123422712869702e-02
1.539812165139319011e-01
1.801471589363738690e-02
1.637189384002910308e-01
8.519416604263851944e-02
2.882800255015391944e-01
7.897943845080218628e-02
2.611109927367208927e-01
5.237528344237259159e-02
2.877264704324277167e-01
3.404974629203657427e-02
1.281735675742564917e-01
6.771886706097933473e-02
2.181047964068957568e-01
2.089913513090317088e-01
1.838340139410142016e-01
3.531549217106034200e-01
3.311372868544691928e-01
6.665556089900603887e-02
3.818254009833210727e-01
2.589190786811019010e-02
4.152552287386445662e-01
1.829774012097124328e-02
1.160533188075653227e-01
1.819748454560586870e-01
1.935134470199600387e-01
3.392909015045924570e-01
5.068848089578910088e-01
3.106531783610332886e-01
1.843089285072741501e-01
3.815668390161352508e-01
3.280834556489989895e-01
7.533550041816948484e-02
4.207206533039462570e-01
3.560636844623927821e-01
6.496213414469320657e-02
1.144019620859081515e-01
1.853433675404767556e-01
3.626034372909582304e-01
2.047709284687554976e-01
7.532748729343717864e-01
6.931380406404249461e-01
6.339857053216223504e-01
4.365831978459644436e-01
4.844293721981012824e-01
5.038737925923906236e-01
2.121523323920715409e-01
3.738095237870326382e-01
1.351017774114147418e-01
2.241933881815023066e-01
2.797968554253355555e-01
1.123788927562093948e-01
1.646485017893818403e-01
1.192461541185555890e-01
5.080794277220789246e-01
8.726252647364669546e-01
2.009956402570224343e-01
1.786923331579131080e-01
7.475863386282086687e-01
7.221043011587006122e-01
7.768918543272104182e-01
6.816117948248893166e-01
6.623797187007018916e-01
4.477191476709254658e-01
3.590128437486234114e-01
6.646929196889242997e-01
6.667942837405168577e-01
5.947002528800188204e-01
4.093773994713102993e-01
3.481173200043862215e-01
3.239388754206647403e-01
4.354088148372424749e-01
2.362159440782281850e-01
2.212774927900939548e-01
2.717077744283677432e-01
3.273688278206488000e-01
1.286473912660801300e-01
9.189546927843840196e-01
2.685213960825126311e-01
4.990486638338680891e-01
5.457278372515670384e-01
4.875104654710196161e-01
4.952881563662599462e-01
6.243628001238765712e-01
1.786332634732273050e-01
7.428473668510851002e-01
7.396814321214448817e-01
6.226694163951738137e-01
5.761264978258834324e-01
1.169270282030965002e-01
5.293325993199544666e-01
5.319844453268025575e-01
4.598176744367401536e-01
4.383338587667165442e-01
6.915751134446648796e-02
4.068904278268020147e-01
4.153323353965897580e-01
3.491221287511774296e-01
1.401900874919210505e-01
7.984885082080180885e-01
1.835992079687414902e-01
2.538945995901663588e-01
3.638879169996784846e-01
4.129204696508200767e-01
4.640369714803275758e-01
6.278178671976502034e-01
7.554724676991107779e-02
9.240679215981348338e-02
4.702153806418012394e-01
5.307108654100706202e-01
4.381482399453644483e-01
6.054136981067728129e-01
7.523491105593642647e-01
3.316902869258479547e-01
1.467876965882911611e-01
1.300910836287037242e-01
3.840125176113290406e-02
4.234283935061262244e-02
4.424961567288914766e-01
4.853037956721111268e-01
3.879105620876734939e-01
8.647082252180060546e-01
8.807768757705879414e-01
5.335888381074794795e-01
2.517495953378900975e-01
1.333675933593245766e-01
1.844906116274800945e-01
1.512929041183982415e-01
7.561945331035501150e-01
7.126973337203849068e-01
7.349860239448791077e-01
6.115229787460430000e-01
4.633321626190933795e-01
2.892853591978603034e-01
2.724793387265828648e-01
1.066378145948586598e-01
1.811484579824504670e-01
2.640313900594252194e-01
3.897401750826512967e-01
5.216270298024625607e-01
6.095468683121849640e-01
6.492033092479680967e-01
5.280786301122742943e-01
7.182490108969813436e-01
7.832597137862043479e-02
1.232620932949138048e-01
5.843763404162004987e-02
1.035877431499252765e-01
1.778515217546539351e-01
2.564405973489110591e-01
3.372713026661422475e-01
4.612076550153328958e-01
8.390837779875032210e-01
8.714128657096397168e-01
2.117402181146401385e-01
2.908715954025340444e-01
1.594017034646644793e-01
7.654271642568135636e-01
8.161453248735203170e-01
9.643393503264325872e-01
7.334486725496530690e-01
6.256743730009316495e-01
7.358500635160228898e-01
5.791926737270779446e-01
7.311909820678218486e-01
1.401363031832981165e-01
1.607789113781777912e-01
6.333646780663662046e-01
6.998417302794757155e-01
6.491174957951617586e-01
3.662950389066257917e-01
8.697844917296386757e-01
8.906281323989067022e-01
8.725399832665042821e-01
2.988599547404093282e-01
3.022408341456686576e-01
1.626376076090636225e-01
7.775575553098035275e-01
8.943766540065095638e-01
9.217463737086297737e-01
8.715417373174284554e-01
6.996925859617511012e-01
7.247046693019500996e-01
7.374524522099579205e-01
7.792425279546533190e-01
8.299520751084905612e-01
9.285482734279153494e-01
3.721486004817528004e-01
3.679369382004845646e-01
6.044093013525607683e-01
6.373575049119849512e-01
6.261430553794680165e-01
7.456925029339938060e-01
2.239180521041876371e-01
6.220918090767953990e-01
6.472824817196557445e-01
6.683419049024126313e-01
4.121178860439703162e-01
4.082804314784380662e-01
8.148613448546498939e-01
8.352636905008864465e-01
8.507843099880761928e-01
3.075467229984596429e-01
2.695122518686211555e-01
1.600557985588972332e-01
7.827292945596536766e-01
8.017445725191186812e-01
8.028062857808906383e-01
7.687899044884656252e-01
7.942307867127008647e-01
7.983229998927338089e-01
8.146936069816541615e-01
7.959492796690569305e-01
5.020892279173643225e-01
2.276286492147817364e-01
6.583265067390570158e-01
7.288136793077395481e-01
7.119125635795854334e-01
7.533664874391787780e-01
7.233310276213358314e-01
3.692173635820680255e-01
4.962399089380680750e-01
4.051898884243018695e-01
6.709371114805289249e-01
3.121685542967512217e-01
5.757695893212988469e-01
3.240290964174251664e-01
4.028060995635236452e-01
7.949095700105778262e-01
7.035304417770258389e-01
2.371886499827243755e-01
2.327156076317291877e-01
1.504320203660642341e-01
7.996958523547320619e-01
7.606318031727328233e-01
7.833434770598317609e-01
7.614307753004487811e-01
7.846026023259813353e-01
2.505805604616868076e-01
6.401141566626192825e-01
3.561298492025304352e-01
7.309429754659304557e-01
3.491843394874730166e-01
2.681368306050740946e-01
1.811153239751269184e-01
4.319934521045216691e-01
2.819953544920422162e-01
1.179372470272023465e-01
5.570586735269609235e-01
5.527013940509230006e-01
4.475570174868905293e-01
1.310142193149981538e-01
1.285663938012574226e-01
8.532590449944160715e-01
7.995239939450734523e-01
6.397903732841276891e-01
7.766993399190144087e-01
7.217780680910648172e-01
2.775826777076839114e-01
2.530509514905444624e-01
3.121566562426281721e-01
1.330209874102668555e-01
4.660408873692259424e-01
4.266069344177434441e-01
7.877013388822039219e-02
6.016346439639220778e-01
5.311921612899566103e-01
1.851292596523803902e-01
6.518376533291031505e-02
9.772200636243393024e-02
9.215046539919302671e-01
4.435835944938559816e-01
2.340697737031821324e-01
1.307113852702832535e+00
1.590160560154927127e+00
8.868873947141279190e-01
9.344442968597320709e-01
2.742406739968933915e-01
4.818419191554655368e-01
2.179755994605398761e-01
2.659034269594355848e-01
1.325614394899417847e-01
3.211970650912139846e-01
6.607931326029727048e-02
3.546614233531215910e-02
5.587796448595615251e-02
9.644895870086809264e-01
3.930020663302116191e-01
1.126350864614839020e+00
1.461085121174771295e+00
1.514913259927006317e+00
7.576853986756423298e-01
6.550075520103364468e-01
7.467941725878118886e-01
1.003325812271198103e+00
1.154867606079895692e+00
1.293214318617404990e+00
1.444943615160509731e+00
1.654626735388866843e+00
2.738781145973573916e-01
4.577050755091009449e-01
1.071048903770875027e+00
1.292552808175758683e+00
8.702500079437798242e-01
2.696916559231640753e-01
3.004127890106336185e-01
2.260650066840511063e-01
1.910257467092665029e-01
4.346045531171362913e-02
4.688461680664549741e-02
2.156928945912417114e-02
1.007097940817505588e+00
1.546753655757596491e+00
8.242401719944892902e-01
9.307281013980222006e-01
7.812266398366609632e-01
9.217231178574748496e-01
1.046359313800429236e+00
1.100192427375533244e+00
1.098610380569283951e+00
1.095145608139606708e+00
1.127221281109076267e+00
1.293261784987875362e+00
1.395451507293146820e+00
2.441304042317561929e-01
2.270393407026943255e-01
4.474602895844365658e-01
7.716264173576292684e-01
2.812920381642357581e-01
2.858959121353630839e-01
1.139128786410132654e-01
1.140081240486521541e-01
6.366916708725730255e-03
4.002931983161924223e-01
9.151883378440737182e-01
1.072502322949536069e+00
9.047402836676746718e-01
9.569440221043343797e-01
9.404036180893506902e-01
2.769398074591596925e-01
1.928903828172941204e-01
3.943156268826242261e-01
6.994208666028307597e-01
1.658313767788305026e-01
1.660825482650082896e-01
1.622323518546973931e-01
1.830625538309708089e-01
7.451748348523165415e-03
6.757502566820070555e-01
1.008175124313700266e+00
9.821491004614513187e-01
9.599066792440629214e-01
1.005517586910879668e+00
1.032717982757011654e+00
1.083460242132582962e+00
1.148805330210041609e+00
1.087859329669728314e+00
1.290121919156809183e-01
9.407487824582951852e-01
1.017776490833770975e+00
9.460427468657260919e-01
7.726368859411576473e-01
1.801570385213061565e-01
2.521463673378530612e-01
2.609967058412691054e-01
1.427060278971576876e-02
1.955005606785543415e-01
5.202920384859800462e-01
8.901884796491513763e-01
9.569683881940262982e-01
9.498052573134002641e-01
9.702828960764670052e-01
9.959651797082735847e-01
1.011865803944974607e+00
9.868299670517133304e-01
1.894508145466369253e-01
1.963239768843571265e-01
3.427766362188596760e-01
3.838305795935454401e-01
1.736501725496798765e-02
1.672716139533688695e+00
1.438793164408027847e+00
6.773122229099045599e-01
9.481830003117137640e-01
9.708725441831742575e-01
1.910189068919854460e-01
1.648414334666189196e-01
4.568202376245481533e-01
4.595380386398213446e-01
3.889810634256588018e-01
1.454764872190316555e-02
1.948722331014275388e+00
1.342745767142810576e-01
8.099691492664144732e-02
8.309054629176745865e-02
4.556085035277960271e-01
4.871225894119815547e-01
4.026721909579294434e-01
8.663580587777235456e-03
2.279005130975314319e+00
7.825969685790988561e-02
1.871143496021427099e-01
4.034452331222450061e-01
3.325239251970137262e-03
2.690959675511457760e+00
6.560487464486201500e-04
3.248423637890370141e+00
5.821331123867054969e-04
5.461285997203249414e-04
4.138116173548946009e+00
5.777750203458198452e-01
6.180922724225407228e-01
4.533648059606550929e-01
3.499910649707500543e-01
2.881644715589795624e-01
2.519949131506730167e-01
2.264305590010518288e-01
2.105528438190086005e-01
2.038580963905908816e-01
2.042197608169049605e-01
2.077746514005831269e-01
2.121563629896197622e-01
2.126849683658729451e-01
2.071859782177207510e-01
1.962600317203019307e-01
1.803107045034998690e-01
1.621277224019061769e-01
1.440980667150010830e-01
1.282686032061079173e-01
1.162417593336384780e-01
1.098059402661201445e-01
1.086877330596224961e-01
1.143310638167260446e-01
1.271801377955830148e-01
1.460798178368324096e-01
1.716948861457319453e-01
2.001340727894402594e-01
2.261737620677698457e-01
2.434177412810028807e-01
2.475369314014978783e-01
2.369932182984416380e-01
2.105603538633424032e-01
1.503684192705801448e-01
7.337537203888142012e-02
3.645755258337914084e-02
4.950309331188945672e-02
7.348601044136629512e-02
8.390647181894489437e-02
8.024608695894221155e-02
7.444622434189457350e-02
6.623969807956123224e-02
5.271111123903115397e-02
3.736353966367098045e-02
2.265561179700367744e-02
1.099727372717048020e-02
3.658398606115538607e-03
6.322467189156024412e-04
6.279866779349005945e+00
7.075762142263599674e-01
7.116237562588961785e-01
5.976258029925520798e-01
4.718194184297573313e-01
4.338293441391127270e-01
4.986722252570994218e-01
6.110027809683472588e-01
7.988679176994827991e+00
1.239212621670353620e+01
5.386034812767643842e+00
4.287067288350510097e+00
3.921305443186719586e+00
3.701500082926119983e+00
3.535268221444402226e+00
3.392937711398798850e+00
3.261873993931941218e+00
3.136231864812956793e+00
3.013871664330069589e+00
2.894842225851661510e+00
2.780419852059556440e+00
2.672465905207928483e+00
2.573019265538177613e+00
2.484040142530229645e+00
2.407215521923114387e+00
2.343766949531010280e+00
2.294254895912116510e+00
2.258418663304494700e+00
2.235106455564871641e+00
2.222336908075500439e+00
2.217502775566286832e+00
2.217691775912653540e+00
2.220067894705332723e+00
2.222236569118960947e+00
2.222516028731070570e+00
2.220057270365487945e+00
2.214791255032562134e+00
2.207221589929885486e+00
2.198111160308384271e+00
2.188125187972267849e+00
2.177493251614395664e+00
2.165746918005855726e+00
2.151584915678592225e+00
2.132914259735088081e+00
2.107104118670950488e+00
2.071455337711305855e+00
2.023825164028576040e+00
1.963268105100061556e+00
1.890500182060792955e+00
1.808012813383453876e+00
1.719770965322297673e+00
1.630586283948896709e+00
1.545375633639601842e+00
1.468531272254326669e+00
1.403540711199737334e+00
1.352865151301022806e+00
1.317988417340327789e+00
1.299518276887092982e+00
1.297249676326985623e+00
1.310156249514805138e+00
1.336337437472089551e+00
1.372995649825581088e+00
1.416535172123602804e+00
1.462848916516370057e+00
1.507791237899213321e+00
1.547748770679893360e+00
1.580158145676731296e+00
1.603815440778108670e+00
1.618882354142492819e+00
1.626587532662791435e+00
1.628702365109913952e+00
1.626908077986249479e+00
1.622165567337056746e+00
1.614176172716359048e+00
1.601009638538144042e+00
1.578985783456670289e+00
1.542905619191981881e+00
1.486673426030906686e+00
1.404158309627289825e+00
1.289815036996579956e+00
1.138791560072154985e+00
9.519126416594376749e-01
7.544568864996126223e-01
6.121083680399866944e-01
5.696638754310995312e-01
6.408095359486212228e-01
7.624976208260570987e-01
8.480888915443128839e-01
8.818804209706554431e-01
8.642770129679866464e-01
8.579509167177946649e-01
8.624955447998764457e-01
8.780790244549887547e-01
9.086306952089936440e-01
9.451103434215273325e-01
9.496564634268208627e-01
9.089395880317060472e-01
8.477151233101701822e-01
7.921579920004815367e-01
7.635834815523342423e-01
7.681502956256133219e-01
8.013116611767863162e-01
8.467817188857473809e-01
8.988074220173951634e-01
9.551922939499547516e-01
9.966173369226704049e-01
1.023818501139855730e+00
1.034364430729199924e+00
1.018460808125610129e+00
9.662069872017864380e-01
8.919594418049566764e-01
8.139302146765744483e-01
7.593481842142484339e-01
