1.774806990547135754e+01
1.125489033568218389e+01
8.720163122756924068e+00
7.350239552598977433e+00
5.636214898748960422e+00
5.002275433436893515e+00
4.603501633874015120e+00
4.304441728537264034e+00
4.060819020755402242e+00
3.852718444792869512e+00
3.669111944306203466e+00
3.503303958287959485e+00
3.351025164131537171e+00
3.209491421931029986e+00
3.076883811441112115e+00
2.952035388814606698e+00
2.834227849381452558e+00
2.723051104386116528e+00
2.618301880642114110e+00
2.519908398586522935e+00
2.427873371115616408e+00
2.342230033160428437e+00
2.263007192644557630e+00
2.190200163634481445e+00
2.123745301759258464e+00
2.063496916812633586e+00
2.009206669498468045e+00
1.960507119700780843e+00
1.916902655934917377e+00
1.877772152232960678e+00
1.842387732446112203e+00
1.809952334727810364e+00
1.779655094590336661e+00
1.750738451162880516e+00
1.722565902054464138e+00
1.694676730942336507e+00
1.666815703531691506e+00
1.638931972358611100e+00
1.611150309224189225e+00
1.583725735273446622e+00
1.556996201912409727e+00
1.531345723550788573e+00
1.507183562328748172e+00
1.484936979201287865e+00
1.465049150629190056e+00
1.447972071225071211e+00
1.434146425755533416e+00
1.423964698812046903e+00
1.417718012957116303e+00
1.415530027674716473e+00
1.417282852924743208e+00
1.422541772275308425e+00
1.430489446880003790e+00
1.439886974883424209e+00
1.449086909319154293e+00
1.456126670395125666e+00
1.458921828982246316e+00
1.455551815433107743e+00
1.444589681010957971e+00
1.425390367052789875e+00
1.398243539639869359e+00
1.364332090853290325e+00
1.325504433740954502e+00
1.283933502299417828e+00
1.241764102568120087e+00
1.200833389114067007e+00
1.162504630772827507e+00
1.127610519776600873e+00
1.096478371288375664e+00
1.069007886295746390e+00
1.044782621262843492e+00
1.023205990167911805e+00
1.003653653315445649e+00
9.214267524908807960e-01
9.183431359294474960e-01
9.205745409910788268e-01
9.430476770761665462e-01
9.631244978036804794e-01
9.878065049277550136e-01
1.014908938967115537e+00
1.040990743509487615e+00
1.061175062591137808e+00
1.069114648871984263e+00
1.057186997818053475e+00
1.016887035193038136e+00
9.391596109713151730e-01
8.142768927605052998e-01
6.405972087034021989e-01
4.621276071425557408e-01
4.293733700063668279e-01
4.450715279749996034e-01
4.466137995153970364e-01
4.473387463076843318e-01
4.513880794143637631e-01
5.584889338613173493e+00
4.335481966628600969e-01
4.357829103696096995e-01
4.455548634808434438e-01
4.433100153199009963e-01
4.494631930323039759e-01
4.307467133054786679e+00
4.318663301761927475e-01
4.349114140966880426e-01
4.448314667181086923e-01
4.437857330201180894e-01
4.544329708194481676e-01
3.531994185993752922e+00
4.348337406302050789e-01
4.302529623171185147e-01
4.426785680921485611e-01
4.453859746812237619e-01
4.372483518006406999e-01
2.977583009625982768e+00
4.339418599798539056e-01
4.165463748551215817e-01
4.405167538097510826e-01
4.443181937830147366e-01
4.454166938599865566e-01
4.488268631013576093e-01
2.547023184826513909e+00
4.270435614472433694e-01
4.222874370230579877e-01
4.404087366385492919e-01
4.429738634691904875e-01
4.342383639201839451e-01
2.196152804699754046e+00
4.281630081584242298e-01
4.153047186414117742e-01
4.352320088422473310e-01
4.298072294830550533e-01
4.252159344940879548e-01
1.901445170687712460e+00
4.212237193313836392e-01
4.285257603359708956e-01
4.361704830763795115e-01
4.181601718669109569e-01
4.258559207860815321e-01
4.319744242428802394e-01
3.081389025657433889e-01
3.367985626979607683e-01
4.520641690509470956e-01
4.740934874761388307e-01
4.797092009716046324e-01
4.955442498201448331e-01
4.824019419260148767e-01
4.216756061764722618e-01
4.275184041117268685e-01
4.129847219943608705e-01
1.238516772385983344e+00
1.430057681965137384e+00
3.523146120975382822e-01
4.307882715240176075e-01
4.725992911263438567e-01
4.671744276443243749e-01
4.746685301673890245e-01
4.845733247219053408e-01
4.975135040592063018e-01
4.917585398679002462e-01
4.230340424241149644e-01
4.307987751975510538e-01
1.069313672028722406e+00
2.885201215467589897e-01
3.462366038710842919e-01
4.700755980447238191e-01
4.790916468475774348e-01
4.614722311932453747e-01
4.624314229764628914e-01
4.618527108394058778e-01
4.590271325898105936e-01
4.586177800127715365e-01
4.601232855401528599e-01
4.629138523418088735e-01
4.626261412492241876e-01
4.694395360510120185e-01
4.733931261248662259e-01
4.817371836589268708e-01
4.687104147788962449e-01
4.686946815650903653e-01
4.383689127649767481e-01
4.353277986153020751e-01
4.348621136122973185e-01
4.673208848426207429e-01
4.698642523148989780e-01
4.756554076793130248e-01
4.990310796902672763e-01
4.945082313117500905e-01
4.216121818688371437e-01
4.122428074020849098e-01
4.487340160695206803e-01
9.204607568212155311e-01
3.914093300223245309e-01
4.489576304351367564e-01
4.253036263113998960e-01
4.625826254210887445e-01
4.596071767397170715e-01
4.579424510304796470e-01
4.516861194488751563e-01
4.574568546381237444e-01
4.601575211618170180e-01
4.621107191737551800e-01
4.656828897309016613e-01
4.692374128659773103e-01
4.809531665222094299e-01
4.733603429794288053e-01
4.301606377420912897e-01
4.565890406663403178e-01
4.860188880599248806e-01
4.757911016948628835e-01
4.797194697230834359e-01
4.977033512100915158e-01
4.883075028474867518e-01
4.216297770051448679e-01
4.275481239963991875e-01
4.329742212963563763e-01
7.643767297255382731e-01
4.163689120528507037e-01
4.147067274045030394e-01
3.851597316648311953e-01
4.201670843204682315e-01
4.413437289193404278e-01
4.637015793989274215e-01
4.664806665384719775e-01
4.616400259582407739e-01
4.653143324286734273e-01
4.682060972467470550e-01
4.970033918965862663e-01
5.228352965732149249e-01
4.357269184771598303e-01
4.391113256417268351e-01
4.604117477642810097e-01
4.881810040576642917e-01
4.765386684763756597e-01
4.814709766276688563e-01
5.016066322616006268e-01
5.019335187175085755e-01
4.269068646435064673e-01
4.328337570185388228e-01
4.175685825872400558e-01
4.559880771731184557e-01
5.047028225173917360e-01
5.053631947593301144e-01
4.692739075899861056e-01
3.963357325626367111e-01
3.062282605780310973e-01
3.483859389158874831e-01
3.297058357301764775e-01
4.755326181947552855e-01
4.823831119848988047e-01
4.731984292613701792e-01
4.701408556092232516e-01
4.718746715485082621e-01
4.690379978438715125e-01
4.677550934300157559e-01
4.268489863711688592e-01
4.357168607767413215e-01
4.392817845675083821e-01
4.360107883008095264e-01
5.928072936009869398e-01
4.529647169758900804e-01
4.499640888200124866e-01
4.554771838580145005e-01
4.406952468733363326e-01
4.410957687193836074e-01
4.581981756464805766e-01
4.852557833820253519e-01
4.744232738699465379e-01
4.938138737434800696e-01
5.159750645760926568e-01
5.084679995931322694e-01
4.308422973400863887e-01
4.324837724241980541e-01
4.279560297726634488e-01
4.483764054009403144e-01
4.413348169630056939e-01
4.482798675281728928e-01
5.043965846849943757e-01
4.366627080784327153e-01
4.698167679572860522e-01
4.661122085369706070e-01
4.618074628265779191e-01
4.901840316547332321e-01
3.595008416826595554e-01
4.287130300851747511e-01
5.001947740532934894e-01
5.210159015174818942e-01
4.647395566442780179e-01
4.662845460646851681e-01
4.654013727036712678e-01
4.631914336737525950e-01
4.622876298245169879e-01
4.648908902126674403e-01
4.682749998941808656e-01
4.775520001732384556e-01
4.696003317142043998e-01
4.246475622250238113e-01
4.423255623713573947e-01
4.565792919224777036e-01
5.726350323000617415e-01
4.563347901431590303e-01
3.897846737217568469e-01
3.972641301600848274e-01
4.641699409794302622e-01
4.640012597599168509e-01
4.702648614479003619e-01
4.394435683932923498e-01
4.443963863791707825e-01
4.505734327327778899e-01
4.572250155500476310e-01
4.302611567383331503e-01
4.383559637867082137e-01
4.451727383510383218e-01
4.406853404667439578e-01
4.505833665689514267e-01
4.722558752766466972e-01
4.691795955107602722e-01
4.796135902214380131e-01
4.548080239481697151e-01
4.659020601891892266e-01
4.741497131750384564e-01
4.747403966550077237e-01
4.949653268347599111e-01
4.539480366271628764e-01
4.572017670169917225e-01
4.520899624790568061e-01
4.656844665307093845e-01
4.634999049519923919e-01
4.658421386786633089e-01
4.738225196204683964e-01
4.884521023381507843e-01
4.794061878151318346e-01
4.313474646868980522e-01
4.328293023722682431e-01
4.401869361474977094e-01
4.535047113993146972e-01
4.910316286620634019e-01
4.107893702807758340e-01
4.628551155889570889e-01
4.675657723844244829e-01
4.661920184089896613e-01
4.420986649968210447e-01
4.446842164886903315e-01
4.503653202925694266e-01
5.131018082113917300e-01
5.051408853353095418e-01
4.664067356926187569e-01
4.132995002470637447e-01
5.123648769790883906e-01
5.259837497138560858e-01
4.305411391421101741e-01
4.296622661308663327e-01
4.499114859048100601e-01
4.311798815213095937e-01
4.354186883469722269e-01
4.434209437676570054e-01
4.626032614374478991e-01
4.661088071256270782e-01
4.651086534299242459e-01
4.701166405432504192e-01
4.824216431800484317e-01
4.774643092773090958e-01
4.458181842889606394e-01
4.449877745435971144e-01
4.524706345425611453e-01
4.689506191323050133e-01
4.820548476166103824e-01
4.610571708446629113e-01
4.399191127496189235e-01
4.888295797093874517e-01
4.913265450143648461e-01
4.287209848594075723e-01
4.381753391769374062e-01
4.404580013361090174e-01
4.325048458146575348e-01
5.109564606070298165e-01
4.188910991103266812e-01
4.162174882592066250e-01
4.651314122181672839e-01
4.676941770432645473e-01
4.682022778092214677e-01
4.422329079405321606e-01
4.456638766588149059e-01
4.525372119888542710e-01
4.692482862969319934e-01
4.126056295791090678e-01
4.244674034459397505e-01
4.837120097159919307e-01
4.969680921077910263e-01
5.028329813167088380e-01
4.294748647477567571e-01
4.276501506768425886e-01
4.584637086961960706e-01
4.378525876911136816e-01
4.348429889730464626e-01
4.641320353804601617e-01
4.697573663760193918e-01
4.627727128967786818e-01
4.602328537136688991e-01
4.717705013048723028e-01
4.841833252898385953e-01
5.142497854372041211e-01
4.440861650408348127e-01
4.458141904843408998e-01
4.500372406973699446e-01
4.659660105881180403e-01
5.131342906837599305e-01
4.574802715454573954e-01
4.464239316562150228e-01
4.391309907905273091e-01
4.648616171502412131e-01
4.669073532992486508e-01
4.756904187749150248e-01
4.804993791871232101e-01
4.284248892238399220e-01
4.413179140246767940e-01
4.388977373765505230e-01
4.344339421122184186e-01
5.165664579269050316e-01
4.843956989111502520e-01
4.225811357828226367e-01
4.651977320338532840e-01
4.653865076283533742e-01
4.700062877603407019e-01
4.426295270276374705e-01
4.463191560638089528e-01
4.549429318325598492e-01
4.809722710019450620e-01
4.246285461501826397e-01
4.244893503246239264e-01
4.920986009381754789e-01
4.973079340301605478e-01
5.069664867048057078e-01
4.325566706316310572e-01
4.350589868505317925e-01
4.311089713069091167e-01
4.285914629498480122e-01
4.242120409735367637e-01
4.682133542557915251e-01
4.725712287869072159e-01
4.635060142422520180e-01
4.669100862737753377e-01
4.732386250498425984e-01
4.824072242894868467e-01
4.902793115653797940e-01
4.419077836083415978e-01
4.446791002953066618e-01
4.463524060059634868e-01
4.576996715689234385e-01
4.683691797104508892e-01
4.455820812777406825e-01
4.698834728533362592e-01
4.676220071180348103e-01
4.772494613692058185e-01
4.871444853114625939e-01
4.256707528890067427e-01
4.399315469611054796e-01
4.405546453688174435e-01
4.550360008840725334e-01
4.895257451175676899e-01
4.342787148154066412e-01
4.131515258509727562e-01
4.637317735786092854e-01
4.649805781038477970e-01
4.717938784992583012e-01
4.426274216824236940e-01
4.456843437395162089e-01
4.663205872451765543e-01
4.900745569106729760e-01
4.813218628675967614e-01
4.204288143436072378e-01
4.911638535478898282e-01
4.966681268341269218e-01
5.145812447352172692e-01
4.309131926015321579e-01
4.525335039058606679e-01
4.315533209997097219e-01
4.296971311840251384e-01
4.335822875738228888e-01
4.690559401409759022e-01
4.730096145792388462e-01
4.711672779669172639e-01
4.788047327161626954e-01
4.845406005957365037e-01
4.978097675814925349e-01
4.424412091325132801e-01
4.460720370617961006e-01
4.654226051780097073e-01
4.701510652544485525e-01
4.547987515257382318e-01
4.417957098143669437e-01
4.666975622973904558e-01
4.704861052604130678e-01
4.718762759110173843e-01
4.922828086946380854e-01
4.319638789257640443e-01
4.410545954941170188e-01
4.419952035306212168e-01
4.450368337664595275e-01
5.073519140057229926e-01
4.873935760380568860e-01
4.206588826453376839e-01
4.627174821785234315e-01
4.641125717586094268e-01
4.721160375146156718e-01
4.410263498614655497e-01
4.485736338640589072e-01
4.464595429896693890e-01
4.462026053923879854e-01
4.771037060410224240e-01
4.351083846318042903e-01
4.209263653159822649e-01
4.861287363759449476e-01
4.888895488119329724e-01
5.222658708391125781e-01
4.326366744380506502e-01
4.338554999430487280e-01
4.327674862159325286e-01
4.362480542798681804e-01
4.407423435202669770e-01
4.664437672020007586e-01
4.714892531301681511e-01
4.745126151553338278e-01
4.853090026385766809e-01
4.805044398514861648e-01
4.425645776483133065e-01
4.451115273654630000e-01
4.751250687882260237e-01
4.755516105424703044e-01
4.626365326065326466e-01
4.495025480606252843e-01
4.645701315839567136e-01
4.739800615530005978e-01
4.742975140135097800e-01
4.559634542668991042e-01
4.269539864109726524e-01
4.613760999897329462e-01
4.622447301313141743e-01
4.726076973389002345e-01
4.510178933419772829e-01
4.508130026320057437e-01
4.820325781970535850e-01
4.425046741107009352e-01
4.237150532370294043e-01
4.897737164923096076e-01
4.907440029068507736e-01
4.988289288696104995e-01
4.308333209787906792e-01
4.278471502004295712e-01
4.326196822472352377e-01
4.294017297976058245e-01
4.652629606780317451e-01
4.694800182755426987e-01
4.801222440766702571e-01
4.754456547993575755e-01
4.792324500781882102e-01
4.982687957394121847e-01
4.487703231714711416e-01
4.484860574176686709e-01
4.723784229917672439e-01
4.679387284877257747e-01
4.700148445303160005e-01
4.883340435818578351e-01
4.256105465860103299e-01
4.128106725950108635e-01
4.617833373865560809e-01
4.601830517639904361e-01
4.759840060499069270e-01
4.554938964082104746e-01
4.265095424345635156e-01
4.967623769881855944e-01
4.876168591650519857e-01
4.350112763095709267e-01
4.306784647890798956e-01
4.293697365803221255e-01
4.252263479787537492e-01
4.637293549897525402e-01
4.712374319068931561e-01
4.695577821794502116e-01
4.674728623000441452e-01
4.773949566364658614e-01
4.796128359672605646e-01
4.535868352926789027e-01
4.379647104624651566e-01
4.660176671083471889e-01
4.707840249996253501e-01
4.765009140994282411e-01
4.340556656301278182e-01
4.591686291492788063e-01
4.630318587574618894e-01
4.639693853360833398e-01
4.350514993201026193e-01
3.934103107970935431e-01
4.957948906608117823e-01
4.879447660344676807e-01
5.068253284247743462e-01
4.368407360236426507e-01
4.326657960881916121e-01
4.288501821830904004e-01
4.273651837119187280e-01
4.668109247051655530e-01
4.740925727776988396e-01
4.796618455658945290e-01
4.682456415540600658e-01
4.824603738869208125e-01
5.001736895895625423e-01
4.556218035124811050e-01
4.643315181352012933e-01
4.669282478657464930e-01
4.693361536757494901e-01
4.650396157057074542e-01
4.590662676492845984e-01
4.279202228567999811e-01
4.374426264057502123e-01
4.584019641878585016e-01
4.527335296618887339e-01
4.899620451363316254e-01
4.898252070693533966e-01
4.946894438193645827e-01
4.342941721802957566e-01
4.345494569467721058e-01
4.299400165503081128e-01
4.343971091649195260e-01
4.416555845269307112e-01
4.684553543920024765e-01
4.667426868636151416e-01
4.690186709467100146e-01
4.770453165743187007e-01
4.821865687844363313e-01
4.644970820339986983e-01
4.679802308966752311e-01
4.468216332245919520e-01
4.487257304361041976e-01
4.524354675964241124e-01
4.377460526817535946e-01
4.642147218348948723e-01
4.823153836862713040e-01
4.776531786602435381e-01
4.342666276255094937e-01
4.368568211524394562e-01
4.339987309482591371e-01
4.367871400778317592e-01
4.682256421289219817e-01
4.670843014127037951e-01
4.773868748972981413e-01
4.717652997050407748e-01
4.694533993772864733e-01
4.657919030295773477e-01
4.701737801822080121e-01
4.248470870261296661e-01
4.667556667050286046e-01
4.948593886403596098e-01
4.536891979353915860e-01
4.381216797046740830e-01
4.700637003506941691e-01
4.760881555447195046e-01
4.807278347321635725e-01
4.801644314581058337e-01
4.372354918258625212e-01
4.370085224141112001e-01
4.298676695718867125e-01
4.305549257257180185e-01
4.644657874889988047e-01
4.692871369611938404e-01
4.689992890074340948e-01
3.829808606047033215e-01
4.657549562163392221e-01
4.726864429792821398e-01
4.708389695823820276e-01
4.547320773918090975e-01
4.349680334369782075e-01
4.667543761070079844e-01
4.795055827983620844e-01
4.414212412710505351e-01
4.444443589003905237e-01
4.478057289607472180e-01
4.391185550602830778e-01
4.676437908349327377e-01
4.660223967813995616e-01
4.545320451638735215e-01
4.414151350596698942e-01
4.402771602417276386e-01
4.399385239913531365e-01
4.241402521957642890e-01
4.280492687476528113e-01
4.698482841525228881e-01
4.669156328857320126e-01
4.334482493370398482e-01
4.210142930828497110e-01
4.741932755961464907e-01
4.795847261201823253e-01
4.337404821465510318e-01
4.778132834602618617e-01
4.830773953743486282e-01
4.748660206292106833e-01
4.474320690316309079e-01
4.418364511840499609e-01
4.694823015636182539e-01
4.570898861495309995e-01
4.423125310320611403e-01
4.353086523781886097e-01
4.460829632906416764e-01
4.661568971712065634e-01
4.678365974403219663e-01
4.699912563886013972e-01
4.468136743912866082e-01
4.787182442901321000e-01
4.857783515401556396e-01
5.069989944185615549e-01
4.440890357036966218e-01
4.305406609731212697e-01
4.323219215481978739e-01
4.391293970666642621e-01
4.699018216680135862e-01
4.685305971705924777e-01
4.231347087664061313e-01
4.940089925717027208e-01
4.686169440849600742e-01
4.621651185573865672e-01
4.631429081951783933e-01
4.626289270463903591e-01
4.750460156256591793e-01
4.732436553395838463e-01
4.459954439821537941e-01
4.336755567752772489e-01
4.974157977776150763e-01
4.911527795890113790e-01
4.529061461063569327e-01
4.232707707164756750e-01
4.409792120077029587e-01
4.840296289983860301e-01
4.820178542114101905e-01
4.443259978209880834e-01
4.364599560106612874e-01
4.614468770844852852e-01
4.641563502575831723e-01
4.410552776098708994e-01
4.400222432477335910e-01
4.680068312966829680e-01
4.757238253444224796e-01
4.676950839877526689e-01
4.506632104277491502e-01
4.424431019498074602e-01
4.617969568398022639e-01
4.801554575445274864e-01
4.992087291010071093e-01
4.445162160751330860e-01
4.475319851939864590e-01
4.362635649689043937e-01
4.397522133967268210e-01
4.642624786875160781e-01
4.699545101918785606e-01
4.303430432187231869e-01
4.227248482781919559e-01
4.806483008246867361e-01
4.717651544740458780e-01
4.626922579327785723e-01
4.555976988330658894e-01
4.725549759699753105e-01
4.763803153483890940e-01
4.851041312974899711e-01
4.310606831041168263e-01
4.318671115958113704e-01
4.886467544304577415e-01
4.225375398805423788e-01
4.249731341117806149e-01
4.275042605094980797e-01
4.768929801812376579e-01
4.782881333692364234e-01
4.389022437693193557e-01
4.335880831159579230e-01
4.628339134296904356e-01
4.626181368225760204e-01
4.345091189877163251e-01
4.390595586492953561e-01
4.717517737793597843e-01
4.748480017593150748e-01
4.575584545603670339e-01
4.516606959555703460e-01
4.476067699924087262e-01
4.596266115052706214e-01
4.876859683570319293e-01
4.916917328898975925e-01
4.507517616913562786e-01
4.499761962357289868e-01
4.309313656303000450e-01
4.314952435521216545e-01
4.619047151563258624e-01
4.697203637354788741e-01
4.215379306929485925e-01
4.242020312049443742e-01
4.772898295744428254e-01
4.761722584154750582e-01
4.569928617065292520e-01
4.582658639943988921e-01
4.602971160897530445e-01
4.727497244375076235e-01
4.711988993559369510e-01
5.028167654670843145e-01
4.313210399415246532e-01
4.873183749992250346e-01
4.910441018827831905e-01
4.318090423928607202e-01
4.318499282528195926e-01
4.680724331395424431e-01
4.794879831685785465e-01
4.811927588823808333e-01
4.358331872388945261e-01
4.367266736439204822e-01
4.657190877909356819e-01
4.648854317517786550e-01
4.404976027585130738e-01
4.409906689657143719e-01
4.450085600468157709e-01
4.712084651739495977e-01
4.700055081335819396e-01
4.495622155709894097e-01
4.492181774577265752e-01
4.545171337059147887e-01
4.599180373521318255e-01
4.899598549901732492e-01
4.865770885949165514e-01
4.524543350807849196e-01
4.513418557113159091e-01
4.307838848851770486e-01
4.249681437225213410e-01
4.655709488260072471e-01
4.676005155573977334e-01
4.674185095200327766e-01
4.273676758045668600e-01
4.830968164440974100e-01
4.585625705029985899e-01
4.605122970518471526e-01
4.759127262648435996e-01
4.746994984489187885e-01
4.970910392824760549e-01
4.354355258541842688e-01
4.367285900282904532e-01
4.896315925607928610e-01
4.857375534067857048e-01
4.258380312428601266e-01
4.202895788423650636e-01
4.772531434722079857e-01
4.852150442660287388e-01
4.344415639945756746e-01
4.711620651435231566e-01
4.461681301180246417e-01
4.466003010773051951e-01
4.661058804986895066e-01
4.716885552476700605e-01
4.433112793344478608e-01
4.489816977477384397e-01
4.561223757910961574e-01
4.573943927896826911e-01
4.849560886365077428e-01
4.777873181457614193e-01
4.518225540100224702e-01
4.526055807389806618e-01
4.329470257029694458e-01
4.312621029598778799e-01
4.327986919031940327e-01
4.711333546120986537e-01
4.663356347375316457e-01
4.289579337812035598e-01
4.363607964207907863e-01
4.768610112564429793e-01
4.785753836336967826e-01
4.573675880312483844e-01
4.557984362151130675e-01
4.594469126345382404e-01
4.789259491284618697e-01
4.754843414625545828e-01
4.892737296756844434e-01
4.459071674574749955e-01
4.388375884023060780e-01
4.888018880981593872e-01
4.845161036709063618e-01
4.316268139998915010e-01
4.308257700133281132e-01
4.352460929428145775e-01
4.724454045491227605e-01
4.746074039797028576e-01
4.351064014528507329e-01
4.386217758588311644e-01
4.664896018011830958e-01
4.683593725791452833e-01
4.442563073286998621e-01
4.435736096367065562e-01
4.614752595792688816e-01
4.682421652498159892e-01
4.457608509743131719e-01
4.463683932785423858e-01
4.595961032300865945e-01
4.595986743184024559e-01
4.778017729587816786e-01
4.723658119940521982e-01
4.734603303384017359e-01
4.513391992105811323e-01
4.561091652030311860e-01
4.366684061849772092e-01
4.420336213434877259e-01
4.619171802667629834e-01
4.667612868377235547e-01
4.388564508729950187e-01
4.296261045754173891e-01
4.815053773812508209e-01
4.732671581764308910e-01
4.564795972887207287e-01
4.559799780239075506e-01
4.769255152904238737e-01
4.747953473213538667e-01
4.255593724918724230e-01
4.283055645114571264e-01
4.833208902199416235e-01
4.739093588178754368e-01
4.330341404425143703e-01
4.341820623139241442e-01
4.654288866534129210e-01
4.656745048990956759e-01
4.821006365820470485e-01
4.404591802961745350e-01
4.363863091799427552e-01
4.734802443402334471e-01
4.707604227175346545e-01
4.420558331383402373e-01
4.390136890666706537e-01
4.620150851140826243e-01
4.684791115138899342e-01
4.725003073638118778e-01
4.476090662053406888e-01
4.619923649587102665e-01
4.693510540256989882e-01
4.702854438412446547e-01
4.549442899986255728e-01
4.352309432301685876e-01
4.339487185272507541e-01
4.632038468304565115e-01
4.538585561668016521e-01
4.981722028224261911e-01
4.344143881158267773e-01
4.456105844073784961e-01
4.773878123116581662e-01
4.640775009618092750e-01
4.561772983651151692e-01
4.535729857902561224e-01
4.583677923291119005e-01
4.638213897668181374e-01
4.923658031627262677e-01
4.254580710281089528e-01
4.272619279062202513e-01
4.726210352144263327e-01
4.617726819887061906e-01
4.410185887627209311e-01
4.382782483268818918e-01
4.715337178227331782e-01
4.696869233787808184e-01
4.411729599209767705e-01
4.359841923770032546e-01
4.613747730292012128e-01
4.802694510244442938e-01
4.513127378998154637e-01
4.504600434260521147e-01
4.642635714257146162e-01
4.648594646902247662e-01
4.683174425676445152e-01
4.680988567858538896e-01
1.135592773678089973e+00
4.330703229404088139e-01
4.371374884746315193e-01
4.495496121800841571e-01
4.188327694563374615e-01
4.784932455503204118e-01
4.533314398057317063e-01
4.562859820416129142e-01
4.928729037586359052e-01
4.920705737444494576e-01
4.234461425676491753e-01
4.216071856183921662e-01
4.805379494585177436e-01
4.597522469991155436e-01
4.131286281838615349e-01
4.735468976448959921e-01
4.656684662474661063e-01
4.408233084166120475e-01
4.386932585348540248e-01
4.686617434722106790e-01
4.536759619515289832e-01
4.347217881077189983e-01
4.440123593580466155e-01
4.639841152375613342e-01
4.635987556726473002e-01
4.663623557199036429e-01
4.664575878238074735e-01
5.530737134867861116e+00
4.300075898615010606e-01
4.240795860041142173e-01
4.791855356948829248e-01
4.692468419913551347e-01
4.546330387939045981e-01
4.521713376688985542e-01
5.057204445371791257e-01
4.801467022044039745e-01
4.242120495572992978e-01
4.212823724766817657e-01
4.321511403769159876e-01
4.726258018323941101e-01
4.405474192971248759e-01
4.410775009781148226e-01
4.473883933451298089e-01
4.682481890820808235e-01
4.598574024034833285e-01
4.614458758704111929e-01
4.659647253729777283e-01
4.680888599110467063e-01
4.679796211019113250e-01
1.716973350304580137e+01
4.353362863760394386e-01
4.351586363561733561e-01
4.902870203156722839e-01
4.670978764695201679e-01
4.541485541039135820e-01
4.534864392523698107e-01
4.814917352325728817e-01
4.112262241978826283e-01
4.222662350350726013e-01
4.968535882993646569e-01
4.611376066652712047e-01
4.316159682423303945e-01
4.411498158242226908e-01
4.602775820068283896e-01
4.703432890551603185e-01
4.667406772155257011e-01
2.759494417462064675e+01
4.461378611115937032e-01
4.208244091412672860e-01
4.673610651739815158e-01
4.588393965157008259e-01
4.404839644906398122e-01
5.040184415342547908e-01
4.917120011358436238e-01
4.339375200562076706e-01
4.666347072319288469e-01
4.873023598919103971e-01
4.541823355276346508e-01
4.827955661582453151e-01
4.728230074503327329e-01
4.697470185396030451e-01
4.599765471518665327e-01
3.151573578612392268e+01
4.460591406453580654e-01
4.351524083573974355e-01
4.709937243110309812e-01
4.588403111362921449e-01
4.534416723603866273e-01
5.031304728006250615e-01
4.805565423556301119e-01
4.227622670011849659e-01
4.665961438994274402e-01
4.609763912814714981e-01
4.412748727099407020e-01
4.827508793393296416e-01
4.603339141038726989e-01
4.695314750608584609e-01
4.666054260563787803e-01
2.759539479907270731e+01
4.352762378350935601e-01
4.239537903026283083e-01
4.955908657527161032e-01
4.738456924175714624e-01
4.540176649119379015e-01
4.519420675103241747e-01
4.790391906387936882e-01
4.117196245852288716e-01
4.327327509257918314e-01
4.966446503308424854e-01
4.724286365879751259e-01
4.317853142857598359e-01
4.475770042671840532e-01
4.660658825000688621e-01
4.702207822577560425e-01
4.677513961535020304e-01
1.717012185394831647e+01
4.299135238445228602e-01
4.370452012142674869e-01
4.829267773908325623e-01
4.822968817317351831e-01
4.542723883153366171e-01
4.557645975127434523e-01
5.045481144025824038e-01
4.909963268734726660e-01
4.247774554315389417e-01
4.221550313444591418e-01
4.218888858422213395e-01
4.654321393587623756e-01
4.407235054660825213e-01
4.388587938807171906e-01
4.412664709473376190e-01
4.682274887369236027e-01
4.536881120414192892e-01
4.597577178593498237e-01
4.438363189904052097e-01
4.615177028889406730e-01
4.635556878774163558e-01
4.679874956649013873e-01
4.663555910353501255e-01
5.530863019617060949e+00
4.329225175473995768e-01
4.338183223181540371e-01
4.489235489297034309e-01
4.981339095028782249e-01
4.172040554042509841e-01
4.436710481729801980e-01
4.672233762080402197e-01
4.527154551095582402e-01
4.575501893488894689e-01
4.919873848020666629e-01
4.914952661730369043e-01
4.238932662221856495e-01
4.277020019073741741e-01
4.801126905016372404e-01
4.613454947899748304e-01
4.595580292928378996e-01
4.132065302321015210e-01
4.384404745961300587e-01
4.733060106475796558e-01
4.694821115005077816e-01
4.409713158297425828e-01
4.361387572785773159e-01
4.686320185768945712e-01
4.802011739490870124e-01
4.345071472747261687e-01
4.500869178576354934e-01
4.642551474034372072e-01
4.648534574126425567e-01
4.662581144988093285e-01
4.680306482558146408e-01
1.135597827800766568e+00
4.350854772531962955e-01
4.418442196785779541e-01
4.630228653714543174e-01
4.665724835652153568e-01
4.540229134486226115e-01
4.329994033066025816e-01
4.283694137629167065e-01
4.801664109372204003e-01
4.747428114223777307e-01
4.552312551522855189e-01
4.550761551333719068e-01
4.527806209318681052e-01
4.641238722520907301e-01
4.752102968154385265e-01
4.284812545260508476e-01
4.731459194370244425e-01
4.257833733298486689e-01
4.344399934046788148e-01
4.720644507407296131e-01
4.814152585620624092e-01
4.411978033538686006e-01
4.365589869549624247e-01
4.713545980355211551e-01
4.706151609530713209e-01
4.412955142057655156e-01
4.391704153234172736e-01
4.613282503754244090e-01
4.724771380783321373e-01
4.507746296075514914e-01
4.473638736385400771e-01
4.643056296648385706e-01
4.619352766634031160e-01
4.682551395306372433e-01
4.702479239823285084e-01
4.550408050386668957e-01
4.364612235156776210e-01
4.325680644362026039e-01
4.616726073343250247e-01
4.661017933385588341e-01
4.376088978883005409e-01
4.354299104025159961e-01
4.817509925841280127e-01
4.781821371317017122e-01
4.553921422621105553e-01
4.580578091457626067e-01
4.769343932430482047e-01
4.891116718024957621e-01
4.254788404302194960e-01
4.392132603153246495e-01
4.826283131872158294e-01
4.840299538163812532e-01
4.332236714733741501e-01
4.352503791550310086e-01
4.647799161763747633e-01
4.739743191666819233e-01
4.649975523108480502e-01
4.406103916610134563e-01
4.387678662840398536e-01
4.733791280562965054e-01
4.682757597230859936e-01
4.421526939279509794e-01
4.436620323405442989e-01
4.620303081479920082e-01
4.682586443815216493e-01
4.684523628501974790e-01
4.461745573766295880e-01
4.594018785826322615e-01
4.693162605051267033e-01
4.734486632722943455e-01
4.562173964056686626e-01
4.327959330985793329e-01
4.248740513420632969e-01
4.310937846731993650e-01
4.709128820403700177e-01
4.672229224913706513e-01
4.297286419322997597e-01
4.279669056965101914e-01
4.750898107998615671e-01
4.812091169033711480e-01
4.558082993565348295e-01
4.591077267744290702e-01
4.543742071524305426e-01
4.790499912078225453e-01
4.972136749354260643e-01
4.754250259373147824e-01
4.468684112171709133e-01
4.358203552833698757e-01
4.885356386492556990e-01
4.855587422694869204e-01
4.314664980332010291e-01
4.201371632925664512e-01
4.308309669242822992e-01
4.719110492467161189e-01
4.847385415691206623e-01
4.352036851551541741e-01
4.345244492989519536e-01
4.664617196647811714e-01
4.711410289707996246e-01
4.444058097159682141e-01
4.467572405353081866e-01
4.615286109050180663e-01
4.717394027956931524e-01
4.455296078995511500e-01
4.488631370425184008e-01
4.593997091721460091e-01
4.571603461277141123e-01
4.778163116804500232e-01
4.778013199734764682e-01
4.723569696256711969e-01
4.514328631639077938e-01
4.526727609160309251e-01
4.306302195568317837e-01
4.313358891397802153e-01
4.653357109655406054e-01
4.694807855015459830e-01
4.674203693256396841e-01
4.267338355824401019e-01
4.735459893711366774e-01
4.570307470215944634e-01
4.584048996198569759e-01
4.763014557319326103e-01
5.032422437966221906e-01
4.749586841140210902e-01
4.351426334546394936e-01
4.312465473361760671e-01
4.896680782122541653e-01
4.910961954914990768e-01
4.255273539787474135e-01
4.314405122075929966e-01
4.768372769696069269e-01
4.809708071029485943e-01
4.367493628365795577e-01
4.649271605647216643e-01
4.462024110572932467e-01
4.450110882256979039e-01
4.661678691162460253e-01
4.700623520853425830e-01
4.432221840945938518e-01
4.491515573485947987e-01
4.559111266901337833e-01
4.596798964346256455e-01
4.849818493044450451e-01
4.866012339486704974e-01
4.518836344255104387e-01
4.513992860670112406e-01
4.307562140786868610e-01
4.395408412810752341e-01
4.616618148064365879e-01
4.697159098138260491e-01
4.240712936476071504e-01
4.266327946754155942e-01
4.745671613551789569e-01
4.681990723335823223e-01
4.553283392113582351e-01
4.710484700440148997e-01
4.564525439081493774e-01
4.734836848227339523e-01
4.861282215237481275e-01
4.717078891493697301e-01
4.318457307342086771e-01
4.875142716920919383e-01
4.888316734152858278e-01
4.312509532893881725e-01
4.267366208733312516e-01
4.681169917858815088e-01
4.783609492531005203e-01
4.792718558749289315e-01
4.358425917158920693e-01
4.335535010162426817e-01
4.657628721190226195e-01
4.627236199586424736e-01
4.404825610429956573e-01
4.390498973613080613e-01
4.409997955683870319e-01
4.712750638974126383e-01
4.749333488859625030e-01
4.494946699868349049e-01
4.515969012593598619e-01
4.541800562966362143e-01
4.593901693268016007e-01
4.900034057083114680e-01
4.917419784690583717e-01
4.525063852032390477e-01
4.500222520824304628e-01
4.360319649033310152e-01
4.388297974594893569e-01
4.640591457072415493e-01
4.683537998395643220e-01
4.351011139050145471e-01
4.283982098554209861e-01
4.769824109388192679e-01
4.658191946204037759e-01
4.617887845464392904e-01
4.623709421517356311e-01
4.542647767377590018e-01
4.772319146081636099e-01
4.740871159670900226e-01
4.312655526518534566e-01
4.335931142286654771e-01
4.913121554757186038e-01
4.213907037210485873e-01
4.397539109080836894e-01
4.242678859167424710e-01
4.770486383770080052e-01
4.822401178929713317e-01
4.388433056227780682e-01
4.363638580844308446e-01
4.629466618307470638e-01
4.643030305376251166e-01
4.344607510585101195e-01
4.400950174874233012e-01
4.718198373329923201e-01
4.677735225853486556e-01
4.574863277044554088e-01
4.506307331286933393e-01
4.475148282778073638e-01
4.615811823361182231e-01
4.877632891019081374e-01
4.993038977202334805e-01
4.507787821937058181e-01
4.475565726270778200e-01
4.303471036340584810e-01
4.278415494050513135e-01
4.320733695439957778e-01
4.697397019127299012e-01
4.667782885781524560e-01
4.307586078400680307e-01
4.914963005663167683e-01
4.605934983406748673e-01
4.639969769454666548e-01
4.811121415995480710e-01
4.762209010543402288e-01
4.457131402154201338e-01
4.334351132599722489e-01
4.975703779753746780e-01
4.525995850564761835e-01
4.223262831480656954e-01
4.842753281408900823e-01
4.750616032944886546e-01
4.441932737663081276e-01
4.416783964933490014e-01
4.616084965804715945e-01
4.572864487743123485e-01
4.409703527525894451e-01
4.459277388488614990e-01
4.682128863256078133e-01
4.680517382997282927e-01
4.758222529113080856e-01
4.468517677431919632e-01
4.421349981131930118e-01
4.855161253132949106e-01
4.802477558845109074e-01
5.070060594699459244e-01
4.445263321871990581e-01
4.440913344178359368e-01
4.239263612886491894e-01
4.303695595646582217e-01
4.697186595891823524e-01
4.688425848494972570e-01
4.384458376633519339e-01
3.874529054260119065e-01
4.755407551011643363e-01
4.720830742416645132e-01
4.343150905712251930e-01
4.779395320545883341e-01
4.796417268292700320e-01
4.834016350760045322e-01
4.472431358279913560e-01
4.412272240500852982e-01
4.696882140588258814e-01
4.479488486659914392e-01
4.423325229569106676e-01
4.391354272510867851e-01
4.353350363548824653e-01
4.664040275415339276e-01
4.662592867518690065e-01
4.701023397680356153e-01
4.414951733756122265e-01
4.786405824842179801e-01
4.399169823402460100e-01
4.296454526636347970e-01
4.365395210921743097e-01
4.642771924590047838e-01
4.668770065461027574e-01
4.691242298569057723e-01
4.736011508880758059e-01
4.673779629231188393e-01
4.694223864809716762e-01
4.742124316633594128e-01
4.540589368824118899e-01
4.243928154831796418e-01
4.676142046430412091e-01
4.964269927923503634e-01
4.378611619048717873e-01
4.445532714176456679e-01
4.678643134326413988e-01
4.763460181523688775e-01
4.545699965178567337e-01
4.802410205902900575e-01
4.402587161264307491e-01
4.369707082266666709e-01
4.337363839584135738e-01
4.413308283486043204e-01
4.680739628695831933e-01
4.666210431482513687e-01
4.786619029681505322e-01
4.855563217040526625e-01
4.741014369471042711e-01
4.677661180736985558e-01
4.702191407871466056e-01
4.467450290813834157e-01
4.703684125874830202e-01
4.616599585650663085e-01
4.533980885421167728e-01
4.375373983813504730e-01
4.702558753313382245e-01
4.644545514733979252e-01
4.808163573395249357e-01
4.778345290141424728e-01
4.371934969030801255e-01
4.368039763460150327e-01
4.297365640802157660e-01
4.271084216156127433e-01
4.340919134831372483e-01
4.683352651675076195e-01
4.740061647758194718e-01
4.720032051602595646e-01
5.042831147059255725e-01
4.802954411870226092e-01
4.672101447225663895e-01
4.672530027674576814e-01
4.656232378594555299e-01
4.277395177490149192e-01
4.523838192453717433e-01
4.584067437829916769e-01
4.528379351322191493e-01
4.824789876020565416e-01
4.948180854936011785e-01
4.342075679260522514e-01
4.344755346534157625e-01
4.286044857244842854e-01
4.250327288212243926e-01
4.667253592199993029e-01
4.695242589306807823e-01
4.778498576465409209e-01
4.894886700235868693e-01
4.881841923788780568e-01
4.578654392132796014e-01
4.373451588538187496e-01
4.678376163937164600e-01
4.775404312560496134e-01
4.702481773013738042e-01
4.583615063913791254e-01
4.333654340429397012e-01
4.374784252645333438e-01
4.642513409978695771e-01
3.934739837425980102e-01
4.900656327692621272e-01
5.069398450756362751e-01
4.899381006048468268e-01
4.342021871867037253e-01
4.325239530601102667e-01
4.291025805525607861e-01
4.291224010853030291e-01
4.636031687558329062e-01
4.692925430334580761e-01
4.711600172269714837e-01
4.796563914924240057e-01
5.080385110715244235e-01
4.868025542798181116e-01
4.887668730005258477e-01
4.508902308136663595e-01
4.450842309127384100e-01
4.668454849685135244e-01
4.890291041845494235e-01
4.715365505877928687e-01
4.125250655821154355e-01
4.595344065894471641e-01
4.763659626739819575e-01
4.633158519252754126e-01
4.352681600577814613e-01
4.267114682879739607e-01
4.959128578256155606e-01
4.877169034221175981e-01
4.880645616213987736e-01
4.367050894439730713e-01
4.305803601410516102e-01
4.323309187197429404e-01
4.404217566464442846e-01
4.651968040124074277e-01
4.715868446840145167e-01
4.740986301990985363e-01
4.744794863882080271e-01
4.744028626503512536e-01
4.866407700375059986e-01
4.450306560683530144e-01
4.741248551745047557e-01
4.507335164559644336e-01
4.422202392268270721e-01
4.727527390390075523e-01
4.746664179666200134e-01
4.684738074635805827e-01
4.705993166049518006e-01
4.253719253768177277e-01
4.267337453084745769e-01
4.621535417330216444e-01
4.729793949919476326e-01
4.605350843706282893e-01
4.552782127173952142e-01
4.506171779709858827e-01
4.422853507988990795e-01
4.238395957895484401e-01
4.968845374980081497e-01
4.989807899391765500e-01
4.349168222746693235e-01
4.277518396237044440e-01
4.359166902742918626e-01
4.332501746039104096e-01
4.663886387249685517e-01
4.729101650550373015e-01
4.666688509542127328e-01
4.901411329682187068e-01
4.789963944309069688e-01
4.430124632022937048e-01
4.651772221050955447e-01
4.453670904306027412e-01
4.563118581706677168e-01
4.324199591577950752e-01
4.648139922651042255e-01
4.924277942700046595e-01
4.742101948087762420e-01
4.557410361642165175e-01
4.447593601622598647e-01
4.872230998883626540e-01
4.205833098384837432e-01
4.616658155147692066e-01
4.723756050504062665e-01
4.625441690265060246e-01
4.509522596075729028e-01
4.462056702517333551e-01
4.816076637159330542e-01
4.767178821259371313e-01
4.209816379358077842e-01
4.898982691769723230e-01
5.223970406068082495e-01
4.908677526090315379e-01
4.307373837873978428e-01
4.326564762237085082e-01
4.314678436531572125e-01
4.242327017445140513e-01
4.294472665204515649e-01
4.690603726806129026e-01
4.635438050426075041e-01
4.756343229634849012e-01
4.944464905479899475e-01
4.799223603290248552e-01
4.791328081542117756e-01
4.418256149614974704e-01
4.564526504730434531e-01
4.456710523070792074e-01
4.559018094407825683e-01
4.623845335469400908e-01
4.463737866401974452e-01
4.375140551002851819e-01
4.662712343227598533e-01
4.867720613348989755e-01
4.702990810393473109e-01
4.719674710461373435e-01
4.315219497745084176e-01
4.544514611648279856e-01
4.406293925284112678e-01
4.416646331407991233e-01
5.071563882475467189e-01
4.893169880187331344e-01
4.133568534286183871e-01
4.629174207885204395e-01
4.719810426480025023e-01
4.643314501800987482e-01
4.408396682905390551e-01
4.660935749193466093e-01
4.484819641882214492e-01
4.464555679224818108e-01
4.811663104680776737e-01
4.351386200488059353e-01
4.203959907666987017e-01
4.862663554342966377e-01
5.147018169075917582e-01
4.890129485656127817e-01
4.325110680486866088e-01
4.523470817426726298e-01
4.337453028234762309e-01
4.286231794626975677e-01
4.348265130847961402e-01
4.681631920029077354e-01
4.697150999190736753e-01
4.725686451399901955e-01
4.699010484766311668e-01
5.162976589805805538e-01
4.762953129005781938e-01
4.857497546214818440e-01
4.392905218675344226e-01
4.626939250544367388e-01
4.433154146587889310e-01
4.452143598617311904e-01
4.532730111081011981e-01
4.336401545243385725e-01
4.693930692185278031e-01
4.800771358572017422e-01
4.671818673466313077e-01
4.768201071347274445e-01
4.250819768171439361e-01
4.336688538589957287e-01
4.392026164444911007e-01
4.397869242703523196e-01
4.838681581633331730e-01
4.345470395219618864e-01
4.229564579677460578e-01
4.637974191431316617e-01
4.702564812324375731e-01
4.651197017006459822e-01
4.424679288826637857e-01
4.547723692079026492e-01
4.454544266071627789e-01
4.899872797521066525e-01
4.808995167798048032e-01
4.243964615346866309e-01
4.912999208869777146e-01
5.070744090745270549e-01
4.967905912225382692e-01
4.307456255787470711e-01
4.310200730587423479e-01
4.376763144942482642e-01
4.429710330285162589e-01
4.641964136493167969e-01
4.662041851965909589e-01
4.636198018648932662e-01
4.782191314904470913e-01
4.624671957067705286e-01
4.731809481888953339e-01
4.853946120444855850e-01
4.387209794489314030e-01
4.624671776320164462e-01
4.420604574248429008e-01
4.457092118208383913e-01
5.093154106226881472e-01
4.780387518951769721e-01
4.425802118693851761e-01
4.370481621302921282e-01
4.644192747013420886e-01
4.909196028555640190e-01
4.661008833664909146e-01
4.750649853284557578e-01
4.279909444917173733e-01
4.320899744213974603e-01
4.404667881996031098e-01
4.379691339466563749e-01
5.157498491266946372e-01
5.102199551597349503e-01
4.166710286739795377e-01
4.652211945927821612e-01
4.682083598684032011e-01
4.654362833634225205e-01
4.425351485970613341e-01
4.524449614890978522e-01
4.461527193223470134e-01
4.692120376212205457e-01
4.244940063737518976e-01
4.243698781288570698e-01
4.922265762169561465e-01
5.029242317284801089e-01
4.974243391335866904e-01
4.324092547582343293e-01
4.583179776319940557e-01
4.349134166762009812e-01
4.307187585299247501e-01
4.501512867896578785e-01
4.350335765856203074e-01
4.628083903478428796e-01
4.797853943853992997e-01
4.641743443966633298e-01
4.945507874013570504e-01
4.695476423032856617e-01
4.823301129849497659e-01
4.409588073437511468e-01
4.469188177779284121e-01
4.400619068510822629e-01
4.452531534948052094e-01
4.776358298599848728e-01
4.605624244615719731e-01
4.884303355316843009e-01
4.285740348309100001e-01
4.534309487675775574e-01
4.377870146728187195e-01
4.399633997029850363e-01
4.901329533534823923e-01
4.194017654206210199e-01
4.111338031606951438e-01
4.650737005371939903e-01
4.661220784990715016e-01
4.676853191786223274e-01
4.422019339945661431e-01
4.503713238647169548e-01
4.455839858708065537e-01
5.052359374698875971e-01
4.125392385878796642e-01
4.132457391603525654e-01
4.838610120178643559e-01
5.261051275151744644e-01
4.970808513025835040e-01
4.293239021229194874e-01
4.497343069805183613e-01
4.275049968306656734e-01
4.445446172845219368e-01
4.477256979695663497e-01
4.402053382555616290e-01
4.682427428064376285e-01
4.660574352805191278e-01
4.678249566961808492e-01
4.553976028966923439e-01
4.916307200949198708e-01
4.658951154067098588e-01
4.740227647156236013e-01
4.744561079713236484e-01
4.131254125430688928e-01
4.446674069793712936e-01
4.438413571984960448e-01
4.640079134664512606e-01
4.684239425662174994e-01
4.605667799608105795e-01
4.640258474731849825e-01
4.732607595231682618e-01
4.876387437015539117e-01
4.315368052253291675e-01
4.568772272384183930e-01
4.328173222221283201e-01
4.400642768732631049e-01
4.551038911769178519e-01
3.975118831323242174e-01
4.627491125543042871e-01
4.701545805180686322e-01
4.675060477334354037e-01
4.421390382119144147e-01
4.506729826407102624e-01
4.446910942602291250e-01
5.129210610281806915e-01
4.571698571062552952e-01
4.664432869081959199e-01
5.124572961371620661e-01
4.303883157632356626e-01
4.381715125456675519e-01
4.295107534338082900e-01
4.482835199235873369e-01
4.559164645006979488e-01
4.408718326811250643e-01
5.057315710469774128e-01
5.067174881795556418e-01
4.285110485709585637e-01
4.706974980096245154e-01
4.618419181378724536e-01
4.634077927027783206e-01
5.716575002343932121e-01
5.426435732924677069e-01
4.559729842152270285e-01
3.813532384522201335e-01
4.527237360862281790e-01
4.588309906631137247e-01
4.508225326435051916e-01
4.522615977053823233e-01
4.558413263867064913e-01
4.596124208998344507e-01
4.642703617312078368e-01
4.681013839806412724e-01
4.770534161212909297e-01
4.250011724284257775e-01
4.365010473385884104e-01
4.426634232885121589e-01
5.717479345170455307e-01
5.921777494140039177e-01
3.901754973047841246e-01
4.500157062558616805e-01
4.640998404525119025e-01
4.555461427908928940e-01
4.639182061468069551e-01
4.395671736926424766e-01
4.583768509512520795e-01
4.444930627510910726e-01
5.085168106144668521e-01
4.301089269058491205e-01
4.277887813194177768e-01
7.640973560142777510e-01
5.060628772920789942e-01
4.037165606197301582e-01
4.178299065206828034e-01
6.284777469267825989e-01
6.891635807659980406e-01
4.600997296164372474e-01
4.274260186484984403e-01
4.419172852990970179e-01
4.556081889496096937e-01
4.668050307385896436e-01
4.637115118023019678e-01
4.276098445176652607e-01
4.646521381485632651e-01
4.363186823026891648e-01
4.399099032177415936e-01
5.226525999512269260e-01
4.530301936893820214e-01
4.408747705309216669e-01
4.606853492304320286e-01
4.412618099510892122e-01
4.853179928576173419e-01
5.019401200059689927e-01
4.744755313605326097e-01
4.938585361643383354e-01
5.160011276247336021e-01
4.306789600119824701e-01
4.174297502066616761e-01
4.323274058366297634e-01
9.201112262545722009e-01
4.342214655508450649e-01
6.240855149311395067e-01
4.205570352837884607e-01
4.630087837272680584e-01
4.419002990911390372e-01
4.663690196077621142e-01
4.732579469925524140e-01
4.614590796369914538e-01
4.652672591833394433e-01
4.682603887414101274e-01
4.969186595129003181e-01
4.359751749166919099e-01
4.567790289116568370e-01
4.393359819101799735e-01
4.881902888372976479e-01
4.883126244715663700e-01
4.765713557025595404e-01
4.814922357175793755e-01
5.015915511148018036e-01
4.267020037539258626e-01
4.328425533638932676e-01
4.326650678111226833e-01
1.068978953638453522e+00
3.906411610162586756e-01
3.455513317804569384e-01
4.483523589192571213e-01
4.262809653653750197e-01
4.582263300201380174e-01
4.708840569192543901e-01
4.562924594369389686e-01
4.501756017342843363e-01
4.563863489883968061e-01
4.595775385305995719e-01
4.618585368033893412e-01
4.655864841293184675e-01
4.691960611159047834e-01
4.809292700113340646e-01
4.304048927158815041e-01
4.350810014386287117e-01
4.860157147030201852e-01
4.944849608424369825e-01
4.757775312541209778e-01
4.797044551679981450e-01
4.976883824588957395e-01
4.214723871085223061e-01
4.486146121000320619e-01
4.273733606495109250e-01
1.238210480841366756e+00
2.876158043534985942e-01
4.593729530618106960e-01
4.773119572151574563e-01
4.689961424673959600e-01
4.744326898590749408e-01
4.664345920185643535e-01
4.560926308223814951e-01
4.540117147892681060e-01
4.571469536386223997e-01
4.616718893578666827e-01
4.622444015735308054e-01
4.692230165571505962e-01
4.732487067172190254e-01
4.815917946525574700e-01
4.679729716015796903e-01
4.385711028351256258e-01
4.309628886841916917e-01
4.355516872685707974e-01
4.672821023725730605e-01
4.917034134347950669e-01
4.697896336281551788e-01
4.756074892489387529e-01
4.990025715242021875e-01
4.214357862035513214e-01
4.306384223751759110e-01
4.121094311237057939e-01
1.429789588109308784e+00
3.523983164638330723e-01
3.368569861774931007e-01
4.725490033580921900e-01
4.823577467004839803e-01
4.670153283237953312e-01
4.745603536444429338e-01
4.845138012286104301e-01
4.974877187241424359e-01
4.229232547719283253e-01
4.128334476682731791e-01
3.081401810815128095e-01
4.519881968318081311e-01
4.739706854993830376e-01
4.796010472653652323e-01
4.955970178029879269e-01
4.215506068521289729e-01
4.318438435697034561e-01
4.273914857005569612e-01
4.180554418077373491e-01
4.360578350931674785e-01
4.257226258576442546e-01
2.196077435159569546e+00
1.901290255533144347e+00
4.211303068276555650e-01
4.251247553993760531e-01
4.284104586539371762e-01
2.547044148302656019e+00
4.280880823175409189e-01
4.341939815804431446e-01
4.152574490462528911e-01
4.351368609540561816e-01
4.297098322154249139e-01
2.977717043701719746e+00
4.269942327591441100e-01
4.487389785368164907e-01
4.222555056263432305e-01
4.403171814394062911e-01
4.428391743149853177e-01
3.532257389023456096e+00
4.339125826946057529e-01
4.372179849256310202e-01
4.165348672184028267e-01
4.404568286693268941e-01
4.441968923848875761e-01
4.452985978313120929e-01
4.307875230419795365e+00
4.348313852373467681e-01
4.544322654079275825e-01
4.302347404245008833e-01
4.426311744627077216e-01
4.453198472618495884e-01
5.585457371930068859e+00
4.318801615514978320e-01
4.494946835735016966e-01
4.349063179235230225e-01
4.448210178203579890e-01
4.437763165242359920e-01
8.720936829863420670e+00
4.335660036488069857e-01
4.514268713359060881e-01
4.357903372187194035e-01
4.455803569034947897e-01
4.433411455057977291e-01
1.125586736398170551e+01
1.774914586567512487e+01
7.351249747731489315e+00
5.637303742519179650e+00
5.003460683971682421e+00
4.604772491036908555e+00
4.305789852047007038e+00
4.062238154066409201e+00
3.854202889527221565e+00
3.670655646238738523e+00
3.504900339977431667e+00
3.352667648222461327e+00
3.211174479658145842e+00
3.078604262869681030e+00
2.953793607537702925e+00
2.836028515606851652e+00
2.724903200887081489e+00
2.620217705128050856e+00
2.521901439824326907e+00
2.429954950325247776e+00
2.344404663420638357e+00
2.265266702705245105e+00
2.192516831094119656e+00
2.126064604656892065e+00
2.065731071901571347e+00
2.011230833008118779e+00
1.962160800400569283e+00
1.917999171008119230e+00
1.878118340763714977e+00
1.841814169959543612e+00
1.808350904201495801e+00
1.777016690159628709e+00
1.747180439916900196e+00
1.718338760696946466e+00
1.690143301079139571e+00
1.662404187628976127e+00
1.635072385581418208e+00
1.608209869994961627e+00
1.581958933334485229e+00
1.556519987321669518e+00
1.532141994131027696e+00
1.509123501493376596e+00
1.487817486234352504e+00
1.468631283555321909e+00
1.452014002444292906e+00
1.438427086629435081e+00
1.428297544310611178e+00
1.421956421893856959e+00
1.419566725916109551e+00
1.421045747307559060e+00
1.425988123840916888e+00
1.433599708193128430e+00
1.442659054896038295e+00
1.451531209529044020e+00
1.458262009445404406e+00
1.460772344872759199e+00
1.457145027002400894e+00
1.445955916259095586e+00
1.426563499613832997e+00
1.399262352487149697e+00
1.365240902152951907e+00
1.326351464112917933e+00
1.284766283185701408e+00
1.242622811315363451e+00
1.201744429733536679e+00
1.163477059644409062e+00
1.128636768704467830e+00
1.097538837479930640e+00
1.070077453404893797e+00
1.045836778316356908e+00
1.024224889475669587e+00
1.004623608216034691e+00
9.188762947034373463e-01
9.220232409378730232e-01
9.210461963828879828e-01
9.634331136347898950e-01
9.434061281726019432e-01
9.880706986990032137e-01
1.015134554595473970e+00
1.041183892306474235e+00
1.061341941347142326e+00
1.069261275234884234e+00
1.057318837467953410e+00
1.017008601454125971e+00
9.392742371468933982e-01
8.143867691849829837e-01
6.407013224748474567e-01
4.622120686548586432e-01
4.293701402380694088e-01
4.450875835366090993e-01
4.466544115020497641e-01
4.473823615008596932e-01
