1.790435324581858367e+01
1.134182445193683542e+01
8.786307104611738694e+00
7.391758719124952748e+00
5.655327874789110254e+00
5.010643896982494461e+00
4.604423555734855178e+00
4.299571548337016935e+00
4.051217679432698837e+00
3.839196575945226897e+00
3.652370316347337997e+00
3.483992808293204124e+00
3.329760114121726122e+00
3.186846411976335336e+00
3.053374673226441072e+00
2.928103332439729645e+00
2.810228437298243342e+00
2.699251099087883965e+00
2.594883788750451004e+00
2.496980707450034753e+00
2.405483475398366267e+00
2.320376713730054608e+00
2.241650158987293917e+00
2.169265386134121787e+00
2.103126335387838886e+00
2.043053845429723125e+00
1.988765426078576093e+00
1.939862548832831601e+00
1.895828556810916776e+00
1.856040431324333717e+00
1.819796565399388388e+00
1.786360094690040423e+00
1.755013544413559501e+00
1.725116675158172574e+00
1.696157095631529277e+00
1.667783905667245214e+00
1.639818707046747148e+00
1.612244581153357004e+00
1.585179687587634723e+00
1.558845491933424698e+00
1.533538932347397354e+00
1.509613553265854780e+00
1.487468794898702429e+00
1.467541773782977232e+00
1.450293842666531940e+00
1.436185299999924281e+00
1.425634733897868545e+00
1.418962964726403486e+00
1.416324241753747826e+00
1.417629325783554384e+00
1.422467590174836483e+00
1.430039820324142008e+00
1.439120328784955660e+00
1.448073974345059911e+00
1.454955047346802699e+00
1.457703758825086293e+00
1.454428708886545074e+00
1.443726210567050749e+00
1.424956413367794106e+00
1.398391847826714329e+00
1.365185397731170092e+00
1.327161178422090693e+00
1.286487595994386668e+00
1.245322042716515476e+00
1.205511353091249571e+00
1.168399638303931454e+00
1.134754888304298381e+00
1.104796061268816132e+00
1.078291304199973100e+00
1.054700958370613506e+00
1.033345285931703383e+00
1.013578077939709665e+00
9.949432586843086623e-01
9.205489796619842346e-01
9.212351996809937660e-01
9.275858541318359185e-01
9.571643433443851601e-01
9.787003861250326286e-01
1.002075638324031015e+00
1.023787447175895648e+00
1.038899512463911545e+00
1.041012642936609778e+00
1.022429522852240202e+00
9.744087068026925369e-01
8.871448230754540587e-01
7.522977050797976517e-01
5.814187787577286270e-01
4.389089915540143605e-01
4.475830387856390424e-01
4.491517986160291076e-01
4.508465946249352041e-01
4.479208218668173092e-01
4.514014998796178624e-01
5.623743416724154010e+00
4.409203042555185914e-01
4.470619216504932991e-01
4.502262261128358034e-01
4.456980281741898531e-01
4.475406486983194432e-01
4.338327255516793102e+00
4.379834004410420034e-01
4.470158317819037941e-01
4.490880617301068467e-01
4.443179293022480048e-01
4.453619358224056302e-01
3.560167454657053199e+00
4.358118286292220755e-01
4.479745775406246966e-01
4.483595915350240269e-01
4.449388383935648505e-01
4.413944177351126763e-01
3.005237077358003717e+00
4.357093924992397893e-01
4.411999222508902196e-01
4.470542726845522785e-01
4.468846610996838331e-01
4.519573561284873087e-01
2.575253386405568445e+00
4.375880869211338231e-01
4.322020656388702586e-01
4.439417184542476802e-01
4.412889416993229785e-01
4.398921660693226876e-01
4.411846007841770390e-01
2.225536743735451850e+00
4.289649661145075177e-01
4.400146154331642245e-01
4.396417429684872924e-01
4.534667060754801748e-01
1.932258582443157291e+00
4.282927167273298807e-01
4.383968108613913173e-01
4.349165476427286903e-01
4.301118397554561934e-01
4.331420941171679750e-01
4.348346012983203557e-01
4.287842963218620462e-01
4.659150032761712468e-01
4.039108781927728820e-01
4.734995702801098050e-01
4.820094825260034521e-01
4.905886551713527499e-01
4.924787551636776728e-01
4.327603181478408279e-01
4.429863247822057315e-01
1.274507983934565214e+00
1.463948604502522288e+00
4.405153799768298239e-01
4.533362376620357903e-01
4.589855195273155331e-01
4.736099350502206429e-01
4.726720175052039896e-01
4.853348612626383618e-01
4.813348616659541834e-01
4.931554560210187899e-01
4.315163841927024957e-01
4.287650157217341995e-01
4.538908351804931129e-01
1.107150301383732938e+00
4.094903147198723503e-01
3.934676419188603558e-01
3.664586998985660538e-01
3.817882922646482213e-01
4.333635265868077679e-01
4.935885890457377134e-01
4.965906838772069509e-01
4.744128210284102587e-01
4.566515976035867008e-01
4.549449991376486868e-01
4.581211435789215303e-01
4.619126407136891488e-01
4.647545007626131541e-01
4.694724026188501487e-01
4.665017383913759308e-01
4.624948403362941218e-01
4.185527131991939043e-01
4.355687130302623444e-01
4.492572501005904773e-01
4.669238160882441813e-01
4.711810149060948749e-01
4.786407678705749680e-01
4.914013673579380459e-01
4.897347631884890751e-01
4.290029866212798915e-01
4.337194988755888603e-01
4.452529004306318705e-01
9.893998859008318325e-01
4.631058965765279534e-01
4.294057101714111035e-01
4.421893434618210939e-01
4.859474772518096453e-01
4.596424752960845406e-01
4.576685371950063308e-01
4.563027532781558371e-01
4.558025825484409710e-01
4.568007461234696032e-01
4.586679181223258239e-01
4.597294376047032505e-01
4.621689985878264517e-01
4.637039863540521334e-01
4.689955334609816062e-01
4.661474047592814585e-01
4.395489270627129241e-01
4.472688410180086227e-01
4.656812996976536501e-01
4.706167576245464113e-01
4.778076324799762631e-01
4.969371850847574268e-01
4.872909105378436245e-01
4.322409587358295169e-01
4.378749365765262080e-01
4.262271145894061530e-01
7.859097125309881804e-01
4.608116031839841753e-01
4.093838077264903563e-01
5.005181269283756063e-01
4.331717092508058919e-01
4.462956723711949403e-01
4.725265798433407882e-01
4.604699282945987071e-01
4.585819087161484009e-01
4.595143486791161691e-01
4.605843244379576595e-01
4.671007046761952441e-01
4.781927064987065989e-01
4.393207464516449279e-01
4.407064581073990017e-01
4.616686424761061724e-01
4.736620639207633210e-01
4.723598828872812017e-01
4.806229734679441923e-01
4.923263890133826592e-01
5.021785298117235063e-01
4.355876617537687290e-01
4.373871110402214324e-01
4.320987256942646626e-01
4.276454870605497227e-01
4.005773876307616166e-01
3.976436228875212531e-01
4.682457901364754926e-01
3.589449955350374477e-01
4.309116331829787594e-01
4.615754035987714166e-01
4.664026732854927859e-01
4.616817904503913161e-01
4.604819784079231537e-01
4.632221490738677172e-01
4.369810363423862198e-01
4.446753239618195797e-01
4.464942528137111899e-01
4.446986544302671263e-01
4.700150395893291644e-01
4.544285386476675792e-01
4.281561043917314624e-01
4.685262575186323608e-01
4.393047711685509338e-01
4.420638489221793699e-01
4.642515979168888030e-01
4.699811460264439189e-01
4.744741143297169228e-01
4.910114214537086297e-01
4.933894512324355497e-01
4.355585287746562284e-01
4.436306617963435284e-01
4.511238760798935710e-01
4.456615676430743522e-01
4.423318605386377667e-01
4.711621130525133205e-01
4.452790343773025405e-01
4.396850168275828752e-01
5.228921145174632024e-01
5.621288742928250981e-01
4.375740392093021014e-01
4.448428758233888280e-01
4.551061243175208437e-01
4.595104094392317706e-01
4.607822367368534788e-01
4.621873325697021806e-01
4.614668241189794351e-01
4.590468827891158732e-01
4.573845421380902665e-01
4.581091514231600548e-01
4.595305470556032557e-01
4.624530579313249068e-01
4.565612681804556705e-01
4.364829544667331307e-01
4.486650463506691167e-01
4.619233777491988935e-01
4.902755788581658614e-01
4.332169427578095866e-01
4.611346355000409680e-01
4.644874961112996359e-01
4.623314600577652644e-01
4.625782392794863807e-01
4.394749500686263022e-01
4.427500937478975329e-01
4.651295074581265898e-01
4.759939197335934513e-01
4.726001161251193738e-01
4.734670306994240851e-01
4.341658026022410799e-01
4.344473379410352942e-01
4.534328124081961620e-01
4.438744109482510858e-01
4.473466396026993808e-01
4.532850847928983073e-01
5.097078534184134035e-01
5.703857431314924842e-01
5.204749900123332162e-01
4.554850281655127842e-01
4.210613598821217329e-01
4.342994294924887866e-01
4.534694026222634844e-01
4.565567810107193369e-01
4.502864820127677192e-01
4.548520975369674257e-01
4.515783468839508763e-01
4.536478615754152566e-01
4.600604897700565910e-01
4.582173474962705773e-01
4.523305004842703148e-01
4.430783755735129281e-01
4.433610365587545288e-01
4.433281537769056535e-01
4.619685804005322916e-01
4.824017137120767962e-01
4.654530777954128395e-01
4.434910263820422971e-01
4.404687922075872786e-01
4.621441931437874073e-01
4.593173517059647160e-01
4.739326410791395716e-01
4.402121910364851232e-01
4.432825629446218163e-01
4.609832805638828801e-01
4.977683847367853631e-01
4.842855693491660007e-01
4.551062726084015297e-01
4.881821242361016333e-01
4.320688885835504145e-01
4.285728820560211760e-01
4.570424283131372944e-01
4.501005922762030820e-01
4.485549295213422383e-01
5.425472304988577799e-01
4.421442013345855959e-01
4.391415171774931681e-01
3.957614033401154474e-01
4.364047546339701045e-01
4.670075796690393299e-01
4.770127418676421427e-01
4.872671837699921182e-01
4.482115244069076465e-01
4.519294614632929918e-01
4.512035731420220297e-01
4.580071056478472458e-01
4.604552578799795404e-01
4.439439531552402673e-01
4.510540331250674773e-01
4.756663618326135157e-01
4.863690057219585139e-01
4.407431047056431517e-01
4.472045838509147719e-01
4.483024088855378508e-01
4.425304216306345517e-01
4.807671014847867963e-01
4.381804371066629900e-01
4.597088964476485073e-01
4.581443525446031173e-01
4.781527318349164668e-01
4.411875644003369068e-01
4.441009291525625513e-01
4.614490443662793706e-01
5.051045037668697724e-01
4.640743487426558511e-01
4.202338069611216143e-01
4.398163254426733504e-01
4.748898987165050545e-01
4.874425081949221306e-01
4.965748119618142442e-01
4.317862691338454906e-01
4.322679066049957552e-01
4.577471325340889963e-01
4.484006523709697656e-01
4.347287924166267081e-01
4.413129997189450537e-01
4.494468791082716352e-01
4.503796376093539000e-01
4.720429986546730849e-01
4.643313087041747167e-01
4.580466094109955644e-01
4.933082129309324104e-01
4.446719311910332650e-01
4.513556665886421793e-01
4.481518416299936081e-01
4.490307652029081331e-01
4.750189142529485653e-01
4.448945520720053448e-01
4.618695868691812811e-01
4.640616687192352652e-01
4.674372757947568013e-01
4.676385003753646963e-01
4.430038122375836163e-01
4.491968819621207087e-01
4.485559805785573895e-01
4.451907796213891988e-01
4.814417624705742971e-01
4.776423929208220009e-01
4.319305888194015508e-01
4.367484598512387795e-01
4.589071885306393317e-01
4.573605566756944185e-01
4.790197777187017447e-01
4.418558228096728380e-01
4.451629684920460073e-01
4.569823197120062575e-01
4.754514975619070771e-01
4.349084102481319269e-01
4.873654029678097244e-01
4.867283776009352914e-01
4.902546090386094568e-01
4.346770048113128837e-01
4.376584930161476761e-01
4.415530936381724669e-01
4.276862231494267252e-01
4.263229359163951404e-01
4.545490427028183178e-01
4.544425450293565483e-01
4.509342369858999611e-01
4.596311707137104574e-01
4.654708050509920869e-01
4.788783431467850127e-01
4.445800387900917250e-01
4.505592750455030271e-01
4.477370320124927638e-01
4.772274799969898895e-01
4.375768863283679422e-01
4.396681089183666624e-01
4.629412966607072688e-01
4.608582597625446864e-01
4.664732455913609965e-01
4.673682379961711653e-01
4.391155514518377823e-01
4.499412988655163703e-01
4.496062871415008044e-01
4.728160876928200196e-01
4.804946089356900707e-01
4.439042019787788340e-01
4.581713115429129068e-01
4.569345558771006899e-01
4.782875379302173879e-01
4.429392329197489042e-01
4.463409811903823465e-01
4.460144535279825240e-01
4.447953721848458830e-01
4.732988283152437803e-01
4.751167510260610460e-01
4.205187203574812238e-01
4.355420316987554386e-01
4.875466159943765421e-01
4.881319453917148388e-01
4.907238532905131567e-01
4.380771342406870605e-01
4.389521441856009121e-01
4.295727746487554288e-01
4.385420562946928391e-01
4.534661418932827703e-01
4.551189363451024761e-01
4.605884541106479158e-01
4.639385226180297583e-01
4.636990738702947978e-01
4.823378225008982390e-01
4.475629429639391699e-01
4.483689070598659843e-01
4.505397396705654312e-01
4.511233700086060838e-01
4.646030046393825885e-01
4.732099477725065784e-01
4.404856467501458983e-01
4.621879829569706666e-01
4.624650101781932476e-01
4.619039666899527607e-01
4.819474978113745256e-01
4.460407179214262441e-01
4.500989014339161209e-01
4.530901462216592179e-01
4.673872931593582858e-01
4.922473548722720027e-01
4.597226443046532052e-01
4.338264855873746884e-01
4.577921446984735132e-01
4.562906846393143812e-01
4.770440072567679879e-01
4.457455211277042695e-01
4.484520854562067949e-01
4.644290002301345033e-01
4.763255891835767586e-01
4.386083514936398031e-01
4.859694488870124895e-01
4.882500913118953956e-01
4.912781302266089334e-01
4.373375810551690113e-01
4.318796793992208949e-01
4.403222342359746078e-01
4.418231283497130457e-01
4.473840722047363050e-01
4.493635119186195626e-01
4.587608657408302482e-01
4.571580039255351835e-01
4.598365941350292529e-01
4.675558875988902741e-01
4.699976545867334821e-01
4.501485104843518381e-01
4.528523561787113905e-01
4.654001949134766725e-01
4.698246547118813954e-01
4.373368833762516505e-01
4.580963903820513550e-01
4.625790533100913038e-01
4.629247582505329750e-01
4.702685481183060401e-01
4.521290776170990844e-01
4.881929562242195986e-01
4.410504027444954733e-01
4.574147889750919682e-01
4.563372154436312611e-01
4.717216231906972701e-01
4.433959391631861480e-01
4.497391312225415549e-01
4.611925750768962606e-01
4.318399034507435785e-01
4.330841530459150768e-01
4.827011440203864967e-01
4.846298764497566358e-01
5.041439770750907323e-01
4.363439095210954743e-01
4.445044745548212828e-01
4.498501940385685738e-01
4.521092835056522152e-01
4.582445465464161649e-01
4.586003261227345473e-01
4.622672189054218839e-01
4.652442137822242474e-01
4.637538842798170635e-01
4.650286810607068833e-01
4.856810113228278158e-01
4.633519139793552677e-01
4.483777479204381633e-01
4.109345380615991861e-01
4.598623726099567710e-01
4.634823860417985331e-01
4.621816274031546601e-01
4.430814207237522284e-01
4.578216877301228838e-01
4.583708739143269595e-01
4.616140797720279521e-01
4.436675317391889917e-01
4.769016847833146278e-01
4.773921284243185514e-01
5.074071485549129790e-01
4.424304963702871962e-01
4.447073679582386752e-01
4.502721793518456583e-01
4.529010204194188760e-01
4.617523000737017158e-01
4.623520171083201902e-01
4.638733922697646506e-01
4.675048082046465714e-01
4.677466862604623410e-01
4.681696761992496514e-01
4.478113396882845154e-01
4.607567770061326007e-01
4.612200325966297476e-01
4.603525197236664757e-01
4.678670454275472013e-01
4.651235651005329874e-01
4.291637174076805006e-01
4.600253126222752509e-01
4.612554838418400083e-01
4.478814514577207362e-01
4.348220718141067587e-01
4.887884218392323787e-01
4.838279546843827772e-01
4.838414102808006878e-01
4.460794933630960468e-01
4.453159741183283504e-01
4.447945135998862543e-01
4.459567917021748928e-01
4.605648132413122653e-01
4.628184794968462357e-01
4.627377156693938676e-01
4.683591853655147408e-01
4.863499640416177328e-01
4.637433746714502703e-01
4.595280175702969316e-01
4.593802376990980263e-01
4.621599624083813085e-01
4.755080605594857457e-01
4.363298918142017868e-01
4.611635151641417796e-01
4.299440485653189259e-01
4.583620339589050130e-01
4.445972794699639685e-01
4.849181261075887206e-01
4.889991632760816165e-01
4.474946067123510285e-01
4.482692061514454429e-01
4.393563980952958081e-01
4.418506082729578566e-01
4.550391568389106078e-01
4.633501230033749141e-01
4.635500756217033058e-01
4.681923932144275713e-01
4.661411045567154798e-01
4.607436432695558026e-01
4.645214027253393163e-01
4.444133628589874152e-01
4.469789962014017459e-01
4.727158450617776064e-01
4.567485184795185837e-01
4.727085214518836898e-01
4.547295236582358235e-01
4.405056787976828203e-01
4.750536611812764543e-01
4.803392625064885069e-01
4.706279951699092745e-01
4.856238914531775253e-01
4.482818114495310535e-01
4.502819620997976502e-01
4.439692563375096102e-01
4.439347549868004617e-01
4.510950798510734439e-01
4.617352081956432319e-01
4.681343473066050809e-01
4.581141900000547662e-01
4.654231885355818998e-01
4.673982823857317226e-01
4.825121944328616408e-01
4.592698771566650628e-01
4.646440930232789146e-01
4.590367507490440979e-01
4.733682036030250617e-01
4.520238347040289595e-01
4.648828164929683648e-01
4.617739685754338463e-01
4.535102359337631617e-01
4.552892411927652039e-01
4.600596459766242985e-01
4.805740332157710237e-01
4.711378354518287459e-01
4.494101925541455489e-01
4.502914366377063771e-01
4.456862784406433464e-01
4.485185850829920273e-01
4.668356531306158685e-01
4.705496803043913712e-01
4.730289406833315113e-01
4.377243278173395535e-01
4.440387347441936416e-01
4.630368395706484508e-01
4.683494935884362498e-01
4.465263138915896990e-01
4.633044791892772518e-01
4.630325300495964913e-01
4.539465917544394102e-01
4.528966731828334424e-01
4.337704899914406331e-01
4.571282501688790911e-01
4.236072972809501458e-01
4.664385855252040636e-01
4.575277300326193730e-01
4.611569411478297353e-01
4.594860888709646485e-01
4.497911090454417282e-01
4.518440408329386648e-01
4.522243842684571802e-01
4.388645107824719060e-01
4.400296146290706423e-01
4.665453608512061812e-01
4.697407754480563136e-01
4.516757221058341210e-01
4.330820308394551788e-01
4.575831590946639604e-01
4.641126971614670804e-01
4.645163397246305781e-01
4.597682435657187150e-01
4.402335429418788304e-01
4.619454129959682520e-01
4.626261228188737751e-01
4.559658171615633138e-01
4.503398611118599737e-01
4.576200443558979258e-01
4.509678694023280809e-01
4.355947451733062636e-01
4.462521470429421933e-01
4.618397357959248550e-01
4.579845157698683722e-01
4.514816161248639270e-01
4.499585221412435998e-01
4.524370430463922621e-01
4.528422669022706959e-01
4.351235419450419362e-01
4.370692449554141046e-01
4.649424503254487862e-01
4.703063754229068194e-01
4.237285762349568552e-01
4.822556528613474724e-01
4.628005013035820792e-01
4.582680207270830031e-01
4.627066984800237148e-01
4.740563813611753385e-01
4.485308359415430823e-01
4.496466613927745382e-01
4.560832648051032501e-01
4.604683301837608211e-01
4.505506972834338320e-01
4.370791411326723219e-01
4.521868885091112622e-01
4.606119349847232480e-01
4.643074421625820181e-01
4.620097508442352341e-01
4.554163721845956858e-01
4.499038011776902990e-01
4.570997958219152335e-01
4.539835442682094158e-01
4.443749613676352128e-01
4.454557559016000257e-01
4.515585655107113849e-01
4.644940046653522336e-01
4.568101154350774351e-01
4.505456914119701506e-01
4.578070078298910328e-01
4.653833124989216197e-01
4.655592666936918533e-01
4.908403083211136941e-01
4.546857784401335811e-01
4.543009762638169358e-01
4.396482079501518037e-01
4.371671541811424366e-01
4.416753347412578079e-01
4.653294474724898877e-01
4.741312231034169877e-01
4.724983218533044260e-01
4.229498462841929651e-01
4.294290776315425329e-01
4.720306612611401276e-01
4.784938868164419490e-01
4.582494725195104812e-01
4.536980477966207070e-01
4.655853064382156070e-01
4.574254760730478431e-01
4.598628257430083521e-01
4.791362222874666621e-01
4.491287410174643613e-01
4.604503037100443064e-01
4.596943458148655126e-01
4.434882173321134102e-01
4.429581228474573362e-01
4.611934771846219472e-01
4.688068417903489826e-01
4.514529451837617779e-01
4.505437367196217235e-01
4.565126224548930467e-01
4.549914435129983614e-01
4.485963601025882985e-01
4.521799430636552763e-01
4.593544551651880803e-01
4.601050775901746048e-01
4.540437229982440259e-01
4.471216092853442237e-01
4.503918775226075089e-01
4.635149976082024725e-01
4.748934819152802467e-01
4.742521512219978197e-01
4.756232818397853612e-01
4.554328264387110803e-01
4.572357526458408206e-01
4.407409149833636519e-01
4.432835361239462757e-01
4.709330034137805820e-01
4.813069358372402684e-01
4.279382730270667734e-01
4.204536967506295464e-01
4.726512476414492236e-01
4.805987289329569645e-01
4.543738150641684070e-01
4.553072188948056875e-01
4.578555004242337301e-01
4.606475366038879082e-01
4.616150166510388231e-01
4.657969889642475381e-01
4.567935522794044356e-01
4.477249661655047230e-01
4.597884068754893860e-01
4.625188015595294022e-01
4.418819145336159160e-01
4.449474301119264452e-01
4.528515470331240800e-01
4.607133012912086878e-01
4.694714961654517515e-01
4.498367694232935921e-01
4.578187884468555846e-01
4.481033018393674183e-01
4.473043233488334103e-01
4.562557289833962804e-01
4.618319948861548396e-01
4.504093963694827951e-01
4.498589328713005209e-01
4.548698199059545977e-01
4.598220343665093690e-01
4.696126597890499799e-01
4.725556941919122900e-01
4.542582148529491493e-01
4.595821866861375393e-01
4.337718969166867167e-01
4.325006671894294219e-01
4.732170429645823906e-01
4.800610399735719125e-01
4.189678201371613842e-01
4.233994092497968542e-01
4.725342367381518138e-01
4.732625236187613660e-01
4.552246519088130050e-01
4.540856982998886515e-01
4.640162308722655116e-01
4.667878540467266246e-01
4.675674682882146049e-01
4.517040901404113518e-01
4.535933054550233545e-01
4.593153865957508852e-01
4.606879882297512663e-01
4.446192218985433042e-01
4.451531195242188210e-01
4.575351823746465207e-01
4.656136052294689298e-01
4.553163520764153538e-01
4.495268145559208617e-01
4.540469335566871822e-01
4.568626752412240366e-01
4.478647462501343379e-01
4.474261747653868748e-01
4.549458689421580493e-01
4.612207705476015218e-01
4.491169320352558780e-01
4.556409419945970374e-01
4.589849311187296221e-01
4.679698316032257499e-01
4.721846572683356391e-01
4.533692106863242421e-01
4.600344998892116899e-01
4.314030826035530897e-01
4.260712264668379823e-01
4.716294583793459450e-01
4.742992570579177558e-01
4.234539287039425504e-01
4.234780203894566442e-01
4.763950609937500080e-01
4.745116513229910016e-01
4.560696449600197266e-01
4.548946222519886784e-01
4.572380136642532622e-01
4.690498876662310135e-01
4.586235074856033211e-01
4.411875182257352646e-01
4.562840154811675930e-01
4.650412503367427619e-01
4.435544541050444600e-01
4.418040127600159073e-01
4.596902836850692564e-01
4.611465379483373761e-01
4.666220917689795633e-01
4.531406514110800643e-01
4.474701517738617351e-01
4.597462999382938009e-01
4.564584572718847766e-01
4.479479649464879198e-01
4.417734373708319118e-01
4.566160257462040795e-01
4.595129748057476538e-01
4.602021117212549695e-01
4.491191470863949986e-01
4.544622320795618231e-01
4.598223401776221908e-01
4.686300361761395195e-01
4.726242935936922351e-01
4.552102953235009908e-01
4.587816726431375169e-01
4.307504513413760727e-01
4.284510361895275121e-01
4.729890204290375655e-01
4.711054281833113033e-01
4.913495979651030243e-01
4.285640005669698049e-01
4.814611356610285497e-01
4.549381673147467886e-01
4.560775806237691854e-01
4.691174737414466889e-01
4.608253439316175037e-01
4.520852199510856373e-01
4.641184169934575721e-01
4.622169441028246561e-01
4.467096632455739291e-01
4.451942056316878782e-01
4.503981951382093896e-01
4.608266612071892365e-01
4.649702922542660044e-01
4.491847827121543957e-01
4.525539190967159398e-01
4.619051857798443517e-01
4.564325007992872107e-01
4.498808791843327826e-01
4.473135552593430764e-01
4.557315526496526492e-01
4.638360321419625065e-01
4.485036934818105170e-01
4.522998366343159438e-01
4.582185240951832661e-01
4.587198600550359551e-01
4.727250746779513846e-01
4.722856123265566919e-01
4.575935922895249530e-01
4.299383934199658142e-01
4.326025918243978641e-01
4.382516398735122887e-01
4.793219611247396261e-01
4.644628824241318621e-01
4.410477855802030778e-01
4.251867538099720623e-01
4.756796184779106262e-01
4.825260288669818709e-01
4.565397075213877831e-01
4.544055530959831835e-01
4.574296914276192449e-01
4.709051068190642786e-01
4.623680358104514942e-01
4.468587931193839791e-01
4.509508290052862134e-01
4.581265052485167799e-01
4.538830130488085146e-01
4.828675202857249937e-01
4.388029975411545935e-01
4.553764719374440717e-01
4.608767005784255577e-01
4.571050302693869249e-01
4.478697821508667576e-01
4.503387285840225185e-01
4.508869737256416821e-01
4.579511026609243696e-01
4.559244363294245317e-01
4.427397463872772554e-01
4.506643956483967206e-01
4.616227078012676288e-01
4.574260225494389820e-01
4.731997361662298451e-01
4.729665571454884643e-01
1.150267323595619562e+00
4.316302772887432027e-01
4.342027411107339252e-01
4.892180036258799158e-01
4.576330467417399905e-01
4.194917281925574226e-01
4.866179202713785124e-01
4.726629965798257449e-01
4.552343574559933326e-01
4.547478102089999030e-01
4.672533709960676740e-01
4.635779935251753692e-01
4.436322765785676303e-01
4.495768609169962793e-01
4.541193781714401578e-01
4.534871695612657794e-01
4.556581721287924491e-01
4.488536411744295518e-01
4.528021014329997596e-01
4.592258419079381371e-01
4.511010641003965205e-01
4.401672244540217882e-01
4.547168049521044253e-01
4.612417895454834493e-01
4.559169353444588180e-01
4.746935193838054956e-01
4.770397383237545141e-01
5.575291067406113577e+00
4.232630225457271189e-01
4.303377640776115398e-01
4.750981905027408803e-01
4.765418110026238274e-01
4.555550522606179320e-01
4.541660131366552777e-01
4.589329631189319469e-01
4.464077651824180926e-01
4.414559308154201167e-01
4.701959197180934913e-01
4.705307011786736271e-01
4.471347537147588591e-01
4.453433831725449599e-01
4.592102315689809422e-01
4.510949820376605190e-01
4.512400052350717949e-01
4.779787456445185878e-01
4.736403708107602695e-01
1.724209686803399677e+01
4.384292285978883541e-01
4.270649233674708167e-01
4.645439614318354615e-01
4.522555722782078402e-01
4.443220353373247278e-01
4.926665953928976438e-01
4.569632875996733068e-01
4.475956595585258713e-01
4.478948219753258742e-01
4.689958639645133709e-01
4.595302882907625341e-01
4.544047378507585222e-01
4.476137860734173413e-01
4.727955160996341055e-01
4.551289237760561268e-01
4.786514271550003641e-01
4.680231274016927179e-01
2.763613633226859534e+01
4.264120907913542258e-01
4.374884685637358550e-01
5.052912812161722833e-01
5.050834105277324237e-01
4.749184942502279183e-01
4.188020273002558969e-01
4.632700542009262068e-01
4.599061423403295046e-01
4.175105193957112659e-01
4.602121345469276092e-01
4.434781199359812409e-01
4.535200049018027202e-01
4.588158807841427045e-01
4.897895483968147112e-01
4.690740952291574950e-01
3.151607065185487500e+01
4.307180387603817273e-01
4.368535554538119925e-01
5.070149737964437797e-01
4.666954578773150342e-01
4.735421620385549812e-01
4.427523966068246386e-01
4.573787366815773026e-01
4.594815324103836973e-01
4.474762865240506371e-01
4.595196830484175043e-01
4.434209361767151303e-01
4.475260660365784071e-01
4.549870798375247327e-01
4.899545043094828967e-01
4.682158366562754748e-01
2.763535486497351812e+01
4.489028226253414244e-01
4.407613197809249761e-01
4.788248874841750102e-01
4.506876541077268206e-01
4.527112614545537594e-01
4.932399137017940416e-01
4.594359357069868199e-01
4.471708129327054970e-01
4.410642442969317512e-01
4.690029020583821318e-01
4.704123661033117187e-01
4.546074382266859781e-01
4.454018355335636059e-01
4.726079410849063911e-01
4.510089667212137665e-01
4.788152714364045659e-01
4.737735860318570968e-01
1.724139239827425030e+01
4.335144012838264560e-01
4.441611354943437728e-01
4.773240314657065109e-01
4.746183372325727956e-01
4.542700001269628363e-01
4.535590045267492432e-01
4.641423610619468954e-01
4.460612763592528562e-01
4.492405771093802569e-01
4.701525495228616180e-01
4.556187306888920263e-01
4.471241684301119346e-01
4.528790535671755046e-01
4.591107046811536696e-01
4.509677302496936657e-01
4.511582351393095824e-01
4.551139544067212550e-01
4.556911502261150049e-01
4.781014549967860239e-01
4.771465715071026570e-01
5.575009384736344664e+00
4.413690148305408623e-01
4.473112990723513427e-01
4.860174680074865750e-01
4.601134896772007266e-01
4.538486582961536731e-01
4.161333179647838110e-01
4.221952226991343982e-01
4.880613837898430396e-01
4.836353731422792235e-01
4.541133984993380723e-01
4.563962827204673389e-01
4.678797153794331254e-01
4.628910744292579760e-01
4.433588165188594998e-01
4.507143671558234699e-01
4.543168992995459399e-01
4.831360856801821813e-01
4.536318170998787647e-01
4.554481817981761993e-01
4.570647238913321253e-01
4.489229044103534849e-01
4.508976693612421482e-01
4.590756746074298178e-01
4.557615969393949418e-01
4.405918353597600423e-01
4.508935288241998629e-01
4.612474681835783130e-01
4.572682328724377299e-01
4.747887415055985771e-01
4.730550194972805156e-01
1.150209831249570103e+00
4.359329111472739493e-01
4.347726401707136534e-01
4.411471688762552690e-01
4.730939549529694088e-01
4.825295253095918668e-01
4.384320527029975656e-01
4.260578531945136693e-01
4.761290390241261217e-01
4.814807310934235973e-01
4.559948149329512979e-01
4.555758885596067898e-01
4.534646969118010795e-01
4.713430965590382216e-01
4.626048307038577168e-01
4.466511275387575752e-01
4.502641620532112365e-01
4.584452511881000891e-01
4.653283447067900758e-01
4.541609766993389696e-01
4.388664496123216296e-01
4.525880698385709722e-01
4.608273592096527871e-01
4.563858547124850507e-01
4.478686946554709669e-01
4.472342417971756356e-01
4.503371784593603877e-01
4.578228688503894750e-01
4.637118810092766830e-01
4.429465569488752474e-01
4.525689081688336057e-01
4.616750336783454478e-01
4.586626620186655678e-01
4.732828568047919293e-01
4.723629012447262965e-01
4.574688493353310514e-01
4.343839100996088609e-01
4.293940627379809194e-01
4.643793617965508158e-01
4.656105274906303104e-01
4.617950259138822733e-01
4.221125078749605186e-01
4.220478748099807387e-01
4.732600098633739649e-01
4.547032337969522109e-01
4.572845420212955925e-01
4.699824844710927541e-01
4.595306453443886441e-01
4.611198681383587017e-01
4.517152878788091019e-01
4.556549176176787341e-01
4.642687807429362046e-01
4.651569261580060233e-01
4.467610962468531177e-01
4.418597766385074510e-01
4.450953761815014675e-01
4.611386856054846550e-01
4.668740227232887618e-01
4.492344281104925785e-01
4.475634126539743129e-01
4.618552213123528483e-01
4.564094428473560727e-01
4.498114641659707869e-01
4.417341810095060106e-01
4.555972073872351924e-01
4.600898227800454543e-01
4.486504917258497538e-01
4.547397224910165736e-01
4.582852109946463082e-01
4.599209508024920123e-01
4.727978242937701525e-01
4.726904588026148990e-01
4.586101575707047795e-01
4.338360321456060098e-01
4.341876866880842178e-01
4.656580085134968128e-01
4.750918221338489844e-01
4.249703907835851169e-01
4.749195695279357365e-01
4.686959941957338227e-01
4.562350373438089357e-01
4.542033379760938017e-01
4.550967973147647672e-01
4.698413376733531766e-01
4.684145383732561396e-01
4.406451211948204660e-01
4.531203407633853653e-01
4.606157419446679779e-01
4.437025014261115619e-01
4.453569783916604963e-01
4.598703403465248529e-01
4.658226536547651064e-01
4.614531324096358689e-01
4.532109318078000326e-01
4.495812626943349044e-01
4.597005213896608322e-01
4.568192624729441320e-01
4.478418394098553912e-01
4.473535099722174557e-01
4.565189848654122029e-01
4.611291169731169259e-01
4.594294604069302235e-01
4.492523604687008731e-01
4.492478078556019772e-01
4.592463425798032350e-01
4.686912129685184558e-01
4.722367959983808094e-01
4.550575925461075588e-01
4.599415609018938089e-01
4.346305778893554961e-01
4.430581887735526858e-01
4.684512574252396866e-01
4.766250547205387322e-01
4.185872445465388392e-01
4.209207684156316964e-01
4.696975769519795008e-01
4.772398995507297625e-01
4.554939676230649326e-01
4.584214682943051344e-01
4.650259491765079134e-01
4.667752178629698823e-01
4.676920895273414258e-01
4.513279424590113664e-01
4.474569644743102703e-01
4.591877682130473537e-01
4.622572754902834480e-01
4.448663453805637436e-01
4.531541423865811380e-01
4.576365334616129266e-01
4.694896361579319333e-01
4.554006272403137157e-01
4.499098711182929478e-01
4.540084672892585327e-01
4.577816830020943195e-01
4.477234133412165140e-01
4.471514794567650886e-01
4.548902141369067786e-01
4.617939162573057588e-01
4.498124045802284199e-01
4.559049916428308813e-01
4.601621525169405369e-01
4.680182837405253982e-01
4.725865956197340956e-01
4.532850707218314401e-01
4.594956711562135365e-01
4.399627866358338246e-01
4.391598251612629511e-01
4.666139473813717964e-01
4.702903314509995769e-01
4.287360726770367836e-01
4.307030548198238495e-01
4.691528726859316989e-01
4.749189211182052728e-01
4.550482590059893306e-01
4.663582141782618984e-01
4.558512754909217479e-01
4.616718031733242356e-01
4.800770376150187979e-01
4.627049076398012106e-01
4.565695418185435894e-01
4.490739051092267897e-01
4.594502250730538861e-01
4.592878087568672552e-01
4.422332850789958969e-01
4.433267296110471878e-01
4.452761103310787782e-01
4.607469308202180036e-01
4.688444236636510887e-01
4.505913806750412309e-01
4.549615771827997257e-01
4.479258812419955604e-01
4.519571219566091425e-01
4.562458390018999110e-01
4.601104577551087815e-01
4.502729997935951967e-01
4.469651694143724763e-01
4.552040610334073256e-01
4.638667399507041544e-01
4.696389454985414602e-01
4.756202428249551861e-01
4.541658126140684093e-01
4.571421360397475708e-01
4.351970584214620574e-01
4.324307956904915873e-01
4.347388873725586689e-01
4.654786137394686940e-01
4.707000763230726470e-01
4.721686533807606945e-01
4.252291404899419258e-01
4.258785487395733149e-01
4.689567678906271797e-01
4.605411960883448730e-01
4.590779137235758700e-01
4.589190986665717675e-01
4.545155378054389628e-01
4.580798457655396172e-01
4.747191527300186897e-01
4.608177900855222608e-01
4.497541159964532631e-01
4.600280333125304488e-01
4.600083010903190384e-01
4.439344792169412357e-01
4.526707035064250206e-01
4.611082484787427105e-01
4.617978674304260012e-01
4.515044847034155873e-01
4.499552899490704139e-01
4.564806896681167792e-01
4.539572277081938556e-01
4.483462055858676854e-01
4.513056398277732195e-01
4.593956695962644332e-01
4.568660668357654719e-01
4.538442876105777679e-01
4.503421598236903023e-01
4.508391833146343508e-01
4.658031733844189004e-01
4.748546510683974153e-01
4.907851409774297569e-01
4.742513062234362531e-01
4.553430706592621058e-01
4.542146658502896894e-01
4.289405430255262552e-01
4.331111287280078326e-01
4.670404538236410108e-01
4.724434637175953799e-01
4.367856606595356683e-01
4.813853173595615265e-01
4.631135748121982809e-01
4.646708039744140151e-01
4.486242824118153449e-01
4.405121819177785225e-01
4.556930344564518176e-01
4.506015394406434060e-01
4.374650949232671837e-01
4.602865630441135281e-01
4.621660695714606693e-01
4.641308775960911182e-01
4.554576823671312447e-01
4.503837646786492677e-01
4.570705103346984766e-01
4.509385148274077104e-01
4.441841139165680352e-01
4.459783862205367044e-01
4.451883700984399228e-01
4.645802594007935049e-01
4.580583469975396116e-01
4.497331471382420287e-01
4.580889255092041590e-01
4.656951609907273859e-01
4.546150788426492340e-01
4.527749107942249940e-01
4.307411137226092590e-01
4.386810798748126405e-01
4.701121310059373504e-01
4.751437624669437865e-01
4.549750657482841132e-01
4.455243868343125579e-01
4.574545497900322499e-01
4.681752179493258725e-01
4.642634588521999950e-01
4.601414549836727597e-01
4.469480063945360793e-01
4.615138855677036744e-01
4.625980784298101556e-01
4.560122152710849863e-01
4.529488296374735712e-01
4.575968257292494790e-01
4.570830442376223601e-01
4.353844157832726935e-01
4.662305332069553443e-01
4.619790474299046434e-01
4.596412613239366785e-01
4.512482085369808327e-01
4.495776333081253906e-01
4.523878020412323564e-01
4.521776927718397232e-01
4.348037644455494122e-01
4.385579734868488289e-01
4.719150006721899993e-01
4.643912656330705935e-01
4.730636694568273182e-01
4.824842849216048335e-01
4.388463418942831207e-01
4.626996781629935662e-01
4.582909444772872987e-01
4.527930253300886942e-01
4.627963057483034937e-01
4.613504299151300891e-01
4.539792693663427525e-01
4.535361427685771218e-01
4.337439336541429324e-01
4.235092869540682536e-01
4.576662327358202442e-01
4.602146714102347547e-01
4.612689720977948271e-01
4.710124105172607267e-01
4.518141117288029251e-01
4.502645745918509301e-01
4.315158404369326961e-01
4.289196101638976799e-01
4.320246012433011096e-01
4.710901563614001697e-01
4.732016721890037747e-01
4.748637313294682416e-01
4.670698285854798515e-01
4.669561217600783354e-01
4.673898272532275855e-01
4.581022471703292687e-01
4.632640343370857949e-01
4.640516692080173256e-01
4.739960171944533895e-01
4.471562907794334740e-01
4.644094222478745704e-01
4.563158698406966085e-01
4.547973808457610456e-01
4.554457092260250639e-01
4.752455111091664075e-01
4.805387359922607682e-01
4.855708652589503793e-01
4.493989941125711152e-01
4.502732459257287045e-01
4.246866224414669877e-01
4.306405284266491829e-01
4.695010191650665354e-01
4.759407585312303013e-01
4.642752565078219207e-01
4.871368024170648070e-01
4.687471894658081784e-01
4.593001236424454348e-01
4.583674167931119370e-01
4.443109548886083893e-01
4.749419910881398921e-01
4.723115825538615753e-01
4.362418564458310222e-01
4.727750427903343877e-01
4.584093008934559399e-01
4.404926692148073419e-01
4.446153206686528914e-01
4.803085601583346187e-01
4.889883292448143348e-01
4.705966346214901508e-01
4.482812880234117170e-01
4.482764782607531195e-01
4.276565923000019143e-01
4.339177476898319896e-01
4.727707238212053853e-01
4.762338252187137133e-01
4.636903346053005137e-01
4.690945815046695389e-01
4.690723032309810914e-01
4.645463874313783825e-01
4.494462799836826949e-01
4.586777557388136417e-01
4.670959152988837793e-01
4.614222636881422646e-01
4.292212246057852676e-01
4.612402981274226210e-01
4.613649096160571950e-01
4.299902427625214574e-01
4.341770521782541969e-01
4.848875796345782363e-01
4.837962070327674335e-01
4.475134662690440357e-01
4.453318126193907545e-01
4.299672331558995197e-01
4.355046184088851580e-01
4.755449785246883554e-01
4.772946912725036794e-01
4.641750112624135061e-01
4.860041911781771695e-01
4.679534889790515906e-01
4.685904960069594005e-01
4.131650320975258084e-01
4.600777467231756401e-01
4.616108866992469362e-01
4.606063056635043562e-01
4.596812199438996549e-01
4.652843895170610256e-01
4.432602270233886310e-01
4.600302131017604546e-01
4.615679139665033737e-01
4.470367103297954725e-01
4.433717944989148951e-01
4.887330928275915309e-01
5.073434812600448041e-01
4.837840985504053837e-01
4.461048365013625117e-01
4.447348935230067690e-01
4.310139540295745975e-01
4.305986892028582647e-01
4.298087388488725513e-01
4.745536874641506642e-01
4.753214269344974152e-01
4.655822255159728362e-01
4.702012750919357664e-01
4.640147266292318218e-01
4.652419544452508493e-01
4.624363300286425393e-01
4.640018095517826069e-01
4.691904294364720451e-01
4.515500297823712983e-01
4.409436460573332717e-01
4.593227857230111622e-01
4.697339439951295770e-01
4.629874522903554279e-01
4.411146219297178428e-01
4.578042806427804479e-01
4.716725241285125159e-01
4.583624248383233457e-01
4.329380408925446178e-01
4.768287361392830603e-01
5.040702388353472951e-01
4.773352269790860358e-01
4.424566962668329273e-01
4.445327906800490281e-01
4.356222906906613290e-01
4.382984925412474198e-01
4.726289040918533191e-01
4.793663022232342308e-01
4.759688846565936493e-01
4.610652355759381482e-01
4.837855996342126375e-01
4.681705757878069085e-01
4.497958004810647115e-01
4.509073316093022976e-01
4.516447336557161685e-01
4.724476419988543618e-01
4.424244558041467990e-01
4.577658618183469419e-01
4.817363033820141194e-01
4.622979994591188135e-01
4.625329532302747682e-01
4.522583889155936676e-01
4.676712176432283874e-01
4.882642303382306870e-01
4.923443615199062373e-01
4.336809067404071016e-01
4.573814240591209668e-01
4.769715428420956416e-01
4.563089177528336648e-01
4.431892754427283476e-01
4.641416981692244037e-01
4.498571022176766077e-01
4.614616687337770862e-01
4.766020274873705165e-01
4.315796138754536271e-01
4.384464890073029308e-01
4.826201376263053455e-01
4.911979982877074380e-01
4.845590770646430734e-01
4.363684408534669878e-01
4.403333299169214787e-01
4.467284377835692988e-01
4.550781175340919416e-01
4.773244980638203794e-01
4.774497562229313985e-01
4.590484491637480402e-01
4.767023284256283189e-01
4.640977432386667045e-01
4.649804591398988274e-01
4.469087729599525161e-01
4.472352258351673382e-01
4.478673404322514040e-01
4.503943581896309722e-01
4.633207775316745547e-01
4.769003726221666128e-01
4.386842034928652434e-01
4.621697011969188029e-01
4.673994618499662801e-01
4.623876773437398113e-01
4.617362468164676881e-01
4.464663682236664766e-01
4.733789738452309215e-01
4.504070536732619479e-01
4.534304529536023476e-01
4.806676837833918636e-01
4.595029319684831304e-01
4.436255903214492147e-01
4.577332988160291438e-01
4.777847273157532215e-01
4.562502045375329551e-01
4.455896190558644165e-01
4.447053126158965197e-01
4.481649585494487664e-01
4.753506615355686526e-01
4.357031336365095875e-01
4.858826672669984692e-01
4.906329979106225925e-01
4.881704351275615306e-01
4.373732809851955117e-01
4.390275221450675169e-01
4.319126046488461212e-01
4.592625151568691111e-01
4.582721558418966223e-01
4.776948460892714299e-01
4.814728796133375122e-01
4.599372733042763062e-01
5.046303892542500780e-01
4.636049126965321454e-01
4.632979324348719952e-01
4.439218989139804283e-01
4.482446010313170248e-01
4.498583520484422671e-01
4.759662560958109467e-01
4.360585348643615244e-01
4.422400505201183885e-01
4.630898459852076932e-01
4.678032536985847756e-01
4.610183156963340578e-01
4.665507096700965417e-01
4.395353089617583531e-01
4.456906285310840432e-01
4.505958164923374865e-01
4.503862490750985548e-01
4.778820941364589348e-01
4.364453882972744170e-01
4.580548162951520452e-01
4.789649587875127734e-01
4.568554773008873249e-01
4.428641503316128047e-01
4.568559463720801572e-01
4.462425353726726662e-01
4.459347714374882199e-01
4.735290029954148383e-01
4.753586968021497050e-01
4.209127911185089888e-01
4.353327059388196751e-01
4.874573467484772382e-01
4.901575726979878755e-01
4.880441408966392225e-01
4.381218509329939392e-01
4.415764305679387158e-01
4.397021469056524579e-01
4.390904357982238215e-01
4.471275652876827711e-01
4.859044127982792283e-01
4.908564590741980593e-01
4.455095862951681251e-01
4.467014180214159969e-01
4.420193776521929019e-01
4.585583978735269794e-01
4.685543690490615587e-01
4.437759213173234629e-01
4.571197240986140109e-01
4.503886928264839162e-01
4.473192626114065873e-01
4.621773930462761970e-01
4.485835643885920931e-01
4.628611463595005415e-01
4.871802549779728486e-01
4.647921683259470527e-01
4.677410779805985519e-01
4.433376120669796361e-01
4.428836146995170364e-01
4.497739602209783749e-01
4.491640591902967272e-01
4.816875386125987757e-01
4.812120290666914157e-01
4.315509909204122696e-01
4.378091104328451499e-01
4.587837580976303897e-01
4.779647807120634417e-01
4.572422641192018244e-01
4.416967776619390995e-01
4.611900400557052415e-01
4.450819743834112385e-01
4.637095704688256048e-01
4.402315731839228641e-01
4.872960610844878082e-01
4.964851795815938273e-01
4.866382814553136815e-01
4.347230052637756081e-01
4.577856767686280248e-01
4.377066374491639378e-01
4.401190113661949677e-01
4.460478391463470471e-01
3.833279568296308892e-01
3.675952123911085390e-01
4.916872095811758991e-01
5.106122067947062027e-01
5.148606739176678770e-01
4.798577056181174139e-01
4.609859572946438111e-01
4.457778095659712392e-01
4.470137730345955518e-01
4.507688847172341418e-01
4.503368409669206152e-01
4.542125525592050628e-01
4.438797606739390278e-01
4.761304896815778398e-01
4.408784953056925637e-01
4.621653885434988673e-01
4.475091712313605252e-01
4.487108863957601224e-01
4.663295626166255592e-01
4.402131268576209844e-01
4.595525071603211442e-01
4.737090046606927118e-01
4.580056620780830201e-01
4.411616296402350867e-01
4.609234101464254052e-01
4.439711318221362113e-01
5.045566520756524787e-01
4.973620335757062416e-01
4.206340594697132174e-01
4.553653219190728074e-01
4.746991979573635945e-01
4.880018253555689633e-01
4.872901090897622800e-01
4.318385773499802127e-01
4.571030034833676869e-01
4.323222297647265622e-01
4.416567353189761458e-01
4.698655085238714890e-01
4.409420786919638346e-01
4.094500410229500176e-01
4.859829937411360712e-01
3.024146114523589834e-01
3.494587891809655122e-01
3.794126844843573876e-01
4.622206122037263443e-01
4.965365421485649078e-01
4.495883073287168519e-01
4.642986653706219768e-01
4.524472408336487894e-01
4.547837975892186080e-01
4.566058935448483180e-01
4.516766492844512815e-01
4.536969944262182475e-01
4.601764779385967286e-01
4.591700036074854441e-01
4.430251499181238617e-01
4.618226169116556035e-01
4.434132443963739179e-01
4.434763212734043614e-01
4.829955495369542828e-01
4.908127071184376633e-01
4.432865823777366043e-01
4.331008035750184559e-01
4.620198311334622887e-01
4.624811181632056400e-01
4.591502887527952881e-01
4.401976972726033832e-01
4.650987385978638256e-01
4.432516902090263833e-01
4.733511305547863368e-01
4.842968312489097649e-01
4.321313045222092697e-01
4.535282849810685080e-01
4.286302192006130052e-01
4.511650130241613987e-01
4.274339762109644059e-01
4.455097679319024451e-01
4.412590643343058949e-01
4.636643698501544120e-01
4.418985971900640242e-01
4.696430026854334083e-01
4.539302088851212003e-01
4.628945094528001403e-01
4.596481316612958667e-01
4.621877079162892699e-01
4.629708340025136537e-01
4.638110146475640239e-01
4.608397019846431908e-01
4.576966570009665669e-01
4.577282464615186619e-01
4.591385370722932957e-01
4.623530403176947523e-01
4.363064242622075595e-01
4.444730860866026867e-01
4.485526355801654486e-01
4.702649917135786617e-01
4.280766372205073167e-01
4.607417788222785693e-01
4.683345829747145861e-01
4.642464316706595984e-01
4.622517667134990460e-01
4.394923437360196972e-01
4.641806086874143422e-01
4.427481487178039354e-01
4.759210256443208165e-01
4.932754226340224091e-01
4.724975882093991331e-01
4.342402816992530501e-01
4.437450854388537147e-01
4.345183065211222773e-01
7.863459041897626900e-01
3.972186683226337500e-01
4.063912977520116598e-01
4.018996335538497222e-01
5.001102325318230735e-01
3.939414039967794601e-01
4.475382554238060973e-01
4.716241360051375286e-01
4.607538558911814519e-01
4.569885224689050895e-01
4.591014777318480622e-01
4.364782099925004211e-01
4.718800767874691826e-01
4.443477023949911620e-01
4.461498536326835018e-01
4.782830646417708942e-01
4.542992627377946402e-01
4.393635121215124228e-01
4.618057521489770112e-01
4.420711785284598405e-01
4.698692128143941438e-01
5.020709397330076484e-01
4.743794714345652697e-01
4.909740663454126852e-01
4.356316400614432260e-01
4.322168328071036014e-01
9.900748396014736885e-01
4.590031657551528754e-01
4.323942898459946504e-01
4.853063035833868888e-01
4.448504613245735650e-01
4.603402275000390564e-01
4.660683201710910106e-01
4.583778046980132026e-01
4.593215503182486725e-01
4.604701931008545746e-01
4.671010645173738207e-01
4.392982644075396625e-01
4.473093330522425748e-01
4.407281217791890748e-01
4.735444197875283145e-01
4.871788858846756165e-01
4.722051106564651990e-01
4.805157078125141812e-01
4.922585274965478042e-01
4.356701160649125715e-01
4.263396058006763134e-01
4.374702293565808642e-01
1.107700834255995970e+00
4.621507158359667300e-01
3.927869777314670907e-01
4.285638419672810340e-01
4.414923909083277032e-01
4.598816827722518874e-01
4.626394220521404255e-01
4.580849085973391355e-01
4.566982962136692525e-01
4.560187499280594081e-01
4.567895698845000907e-01
4.585330369366195646e-01
4.595931076682223670e-01
4.620730873589868337e-01
4.636392004436995506e-01
4.689320595971166461e-01
4.397144451720234604e-01
4.494015807396922191e-01
4.655121322742701850e-01
4.895939092391757286e-01
4.704124670747176773e-01
4.776793020578687377e-01
4.968611751367973395e-01
4.323437765987273584e-01
4.453801845353592692e-01
4.379857869170873386e-01
1.275121666668689979e+00
4.086926050873748717e-01
3.669216661159342419e-01
3.873666231535429216e-01
4.470534559785107609e-01
5.050547421325307651e-01
4.984449816743869999e-01
4.716462789430358460e-01
4.542064707756077735e-01
4.538972938690633008e-01
4.578727808443941449e-01
4.618949808965241433e-01
4.647301201292600714e-01
4.693716698831499889e-01
4.664543652669257967e-01
4.186557468711875618e-01
4.534100255365303145e-01
4.357249877303704388e-01
4.666973402342903254e-01
4.930709038034243319e-01
4.709654617265889853e-01
4.785145957113706161e-01
4.913176735721231370e-01
4.290944402513108269e-01
4.540023008349155509e-01
4.338346976185762927e-01
1.464539776574811603e+00
4.405603561644471089e-01
4.039108176060861588e-01
4.580384718258071475e-01
4.922804658656866339e-01
4.731243475485132910e-01
4.724895423297271746e-01
4.853345078222882636e-01
4.812740233732111794e-01
4.316264566319335527e-01
4.431272323738489893e-01
4.288817879546408252e-01
4.658662943406174928e-01
4.734445254433146122e-01
4.819130159861513274e-01
4.902311237163755608e-01
4.328681475248585264e-01
4.288954466162120394e-01
4.332330979236664881e-01
4.302059686267609706e-01
4.349414463898534366e-01
2.225788037946977660e+00
1.932634111987847403e+00
4.283606255599357593e-01
4.535489575765492831e-01
4.384951532012554831e-01
4.350039686495391078e-01
2.575411056877233928e+00
4.290020051210096108e-01
4.412602148011990910e-01
4.401061866819515056e-01
4.397602010409666362e-01
3.005350186477410812e+00
4.376889630852187074e-01
4.521050869631294544e-01
4.322488309380829175e-01
4.440575264168881153e-01
4.414659650006713676e-01
4.399928977553209108e-01
3.560295850971299636e+00
4.357763978437873553e-01
4.415264992946064670e-01
4.413189512198691933e-01
4.472813002970632557e-01
4.471362851925381743e-01
4.338542278441051891e+00
4.358917687926713858e-01
4.455155395210877445e-01
4.481544361383597574e-01
4.486401723647263640e-01
4.451284393393172278e-01
5.624158114202514547e+00
4.380979823493202918e-01
4.477032624720100329e-01
4.472324266078856470e-01
4.494012977570359113e-01
4.444932148405630334e-01
8.787258342307696424e+00
4.410389511882814029e-01
4.515612165048144555e-01
4.472863507050182652e-01
4.505544437039670225e-01
4.458968318368088379e-01
1.134321830300503464e+01
1.790692552145184990e+01
7.392388021922606356e+00
5.655607407141178378e+00
5.010835424393332183e+00
4.604669901937757714e+00
4.299993000521766362e+00
4.051916163655460146e+00
3.840246614182998286e+00
3.653806730991759011e+00
3.485800494378645809e+00
3.331870136835011209e+00
3.189141262144158162e+00
3.055703048447347303e+00
2.930301930282160239e+00
2.812145995498937623e+00
2.700769188650370634e+00
2.595929933918823540e+00
2.497531790595129308e+00
2.405560110061303991e+00
2.320031354163601733e+00
2.240952595360552468e+00
2.168288954850593253e+00
2.101937086522055687e+00
2.041703627843553193e+00
1.987288828104973426e+00
1.938277070843682726e+00
1.894137253335218318e+00
1.854236359508573573e+00
1.817868494588462669e+00
1.784298910052123377e+00
1.752818578113901182e+00
1.722800924568253178e+00
1.693750147945821016e+00
1.665331598072270491e+00
1.637379200038125093e+00
1.609881471826662303e+00
1.582953693628042835e+00
1.556806699830039831e+00
1.531721398066635098e+00
1.508033248586863495e+00
1.486124850834447120e+00
1.466420101961937617e+00
1.449371798625616492e+00
1.435436130490941542e+00
1.425030961679446984e+00
1.418478369656438254e+00
1.415934504642182734e+00
1.417311631258358018e+00
1.422199562566398789e+00
1.429798176558318978e+00
1.438879660269795746e+00
1.447806154879434759e+00
1.454629864361354885e+00
1.457291347139836990e+00
1.453904045203560313e+00
1.443075189032117178e+00
1.424182000797484360e+00
1.397517988733330885e+00
1.364256364321843717e+00
1.326235328936246738e+00
1.285626678064065054e+00
1.244579188976329576e+00
1.204921595874052898e+00
1.167975687991494205e+00
1.134488712652407916e+00
1.104664701790485148e+00
1.078264341360539280e+00
1.054747272946871872e+00
1.033437761540638933e+00
1.013695964159935015e+00
9.950726200884955075e-01
9.213870173689293619e-01
9.206935439052105208e-01
9.277457032218364708e-01
9.788824426072257889e-01
9.573398968267449183e-01
1.002262614768666182e+00
1.023977256807428127e+00
1.039089474395618939e+00
1.041199214021087505e+00
1.022607659134698643e+00
9.745705366516858037e-01
8.872771716421069543e-01
7.523841152038024394e-01
5.814610699983109310e-01
4.389640419850141528e-01
4.477137451133754165e-01
4.493818981882704566e-01
4.511815108530883300e-01
4.481386786019512236e-01
