1.788530089267949563e+01
1.133074813875093945e+01
8.777501509287862547e+00
7.385778200122756765e+00
5.651748084322681720e+00
5.008160434922016790e+00
4.602759517888455498e+00
4.298651933245134948e+00
4.051035041466207964e+00
3.839756563189341776e+00
3.653659040283406600e+00
3.485956084547837452e+00
3.332294542217325795e+00
3.189802866567577944e+00
3.056572993538153149e+00
2.931354563826830795e+00
2.813359158049265396e+00
2.702124019782504938e+00
2.597410159179559308e+00
2.499122604366056599e+00
2.407246816679398105e+00
2.321797911698349370e+00
2.242780170111867921e+00
2.170154578634340581e+00
2.103812538577757074e+00
2.043554748198759263e+00
1.989075598014878876e+00
1.939954927195425283e+00
1.895660158745758439e+00
1.855562018068010799e+00
1.818965680474200042e+00
1.785156137941209087e+00
1.753452432214129164e+00
1.723261621370486774e+00
1.694121794648731694e+00
1.665725465612880374e+00
1.637920111488567976e+00
1.610689566452379484e+00
1.584125504051907996e+00
1.558399936464030633e+00
1.533746867400983538e+00
1.510455373427707526e+00
1.488870111109898309e+00
1.469391103326042503e+00
1.452463950036050999e+00
1.438554001873030952e+00
1.428101986552180458e+00
1.421462313205019257e+00
1.418827794980853652e+00
1.420146154507857972e+00
1.425035908405459351e+00
1.432713815292194326e+00
1.441953484336590208e+00
1.451102467617131353e+00
1.458186866003261528e+00
1.461119944586506625e+00
1.458000122139932575e+00
1.447441177886112484e+00
1.428844535969283847e+00
1.402524721539940566e+00
1.369643404756823113e+00
1.331975657619827391e+00
1.291587071376493201e+00
1.250514387935417471e+00
1.210516318274413861e+00
1.172919484864947126e+00
1.138552618893041046e+00
1.107750627239586727e+00
1.080413491390058489e+00
1.056111436901538747e+00
1.034228512061838412e+00
1.014129607932914956e+00
9.953254681524055236e-01
9.202840043661304481e-01
9.207314162910030797e-01
9.268753819400461502e-01
9.564002184485700386e-01
9.782528266195369415e-01
1.002302167146286171e+00
1.025149979938464240e+00
1.041959369174304095e+00
1.046418411018133154e+00
1.030922776002120678e+00
9.868961328983473225e-01
9.049133194603596886e-01
7.754930857378659059e-01
6.021339899437917476e-01
4.386670814327961465e-01
4.448418649194177954e-01
4.506048209347211508e-01
4.515920213013437934e-01
4.497922559129748921e-01
4.495773007236703034e-01
5.618058640022647765e+00
4.424342546882554794e-01
4.471460248635269474e-01
4.512472342220956723e-01
4.480671522615379820e-01
4.445024712737172257e-01
4.333575411340950367e+00
4.385235976213318621e-01
4.459813435769493517e-01
4.502490295990015934e-01
4.466940212330955395e-01
4.425342457670989327e-01
3.555772988240463395e+00
4.364832538393157990e-01
4.435932439382870296e-01
4.480797973200280060e-01
4.456982802660665044e-01
4.492328012877691568e-01
3.000978564986071628e+00
4.361993466218802573e-01
4.383141198857791743e-01
4.473086866152174434e-01
4.493358655660511514e-01
4.405940284504412663e-01
2.571026965054315827e+00
4.401307940385216777e-01
4.283782891702102025e-01
4.418021302675159689e-01
4.457956857160748076e-01
4.420231179487829065e-01
4.410028743772015924e-01
2.221282641720393691e+00
4.292321669717228394e-01
4.373451247487654125e-01
4.410400796753065622e-01
4.567308458693478124e-01
1.927920575598848885e+00
4.289317018038301677e-01
4.338830958089999745e-01
4.366919813492689539e-01
4.230584193392470937e-01
4.317282116859013641e-01
4.360176964755946294e-01
4.237797065437179378e-01
4.586944755126877160e-01
4.090778399109207819e-01
4.769400634648611748e-01
4.748990777381426054e-01
5.072085468202507386e-01
4.970786733581358807e-01
4.312416770237187946e-01
4.338333819347973686e-01
4.275737716847171077e-01
1.268948555902062569e+00
1.459099241054967466e+00
4.473505823490568356e-01
4.473990245634758001e-01
4.646156857046741528e-01
4.656828682757498394e-01
4.712662948343845359e-01
4.801388209541623819e-01
4.898826681136836392e-01
4.900866704523328399e-01
4.290765552418990825e-01
4.485613264060073213e-01
1.100610707018809586e+00
3.214423046245382665e-01
3.744908009914562630e-01
5.288906043922294575e-01
5.404732464497820077e-01
4.767101035382579899e-01
4.108482263814908775e-01
4.115302069471489244e-01
4.470348432715210429e-01
4.632893648098310724e-01
4.663194969948032398e-01
4.644645443176691479e-01
4.636035139774143388e-01
4.653280065338779581e-01
4.656653986239428500e-01
4.696536477741456439e-01
4.628668129121251695e-01
4.321305664517512413e-01
4.241879699221560163e-01
4.447071988011120913e-01
4.633343587457428026e-01
4.687527513840182292e-01
4.748841115563323112e-01
4.969629436866570549e-01
4.845117009578391309e-01
4.284062703723272025e-01
4.263580427037900744e-01
4.506647727312679819e-01
9.746475467284448913e-01
4.611330860866507675e-01
4.599377352077434478e-01
4.373681700190293897e-01
4.842751285083650159e-01
4.593849946906549686e-01
4.587482406761695386e-01
4.619673205532244809e-01
4.640808692636270716e-01
4.631012660117644342e-01
4.598081261313271551e-01
4.592388854103557350e-01
4.612975858667061613e-01
4.632411741750361300e-01
4.706497617961825641e-01
4.661053018590461394e-01
4.329266859396409539e-01
4.405087388054215736e-01
4.394597824162749800e-01
4.757981680194653951e-01
4.726574595605112505e-01
4.757542047469346946e-01
4.911040812583683524e-01
4.863512255449308763e-01
4.307846941989885714e-01
4.324963599862736152e-01
4.373263856879362477e-01
7.763743430979935800e-01
4.675730307478730419e-01
4.053631631883080066e-01
5.287756961616045803e-01
4.254943466996020107e-01
4.486975333722361681e-01
4.697099965334096128e-01
4.617804442514180097e-01
4.589152754006161627e-01
4.595968023497669086e-01
4.584536378179210891e-01
4.681648495863157677e-01
4.703400025957040209e-01
4.395718126289933081e-01
4.453933959715905555e-01
4.822965682111881036e-01
4.751308055855456569e-01
4.746924485500237934e-01
5.008044798197134329e-01
4.904843085396830005e-01
4.309421514379511153e-01
4.372332800781567053e-01
4.215994348086462007e-01
4.283443268880365862e-01
4.024565976035757164e-01
4.439608259055529138e-01
4.984421295088047321e-01
5.343218470013842980e-01
4.676844799347324999e-01
4.437518901067893373e-01
4.500122619721874107e-01
4.518697403574251648e-01
4.560621777625760154e-01
4.565429998991149541e-01
4.366296931360298950e-01
4.414250113548586207e-01
4.461677801025896728e-01
4.536386318162221043e-01
4.637271644755056599e-01
4.469007403372464715e-01
4.371883856961085169e-01
4.586971724762137215e-01
4.404018220273542839e-01
4.415956376281456319e-01
4.483154793610839017e-01
4.771800162073494000e-01
4.712877075515302661e-01
4.858123133563087559e-01
4.936906631433697346e-01
5.051279216430236696e-01
4.352185095969164919e-01
4.366179321780370159e-01
4.312406791186154109e-01
4.500497240645227603e-01
4.431387440319972115e-01
4.424730097212394297e-01
4.584062082380560565e-01
4.618335986589812148e-01
4.909885344477391556e-01
3.448072868397758506e-01
4.828484650290829072e-01
4.525428253716722304e-01
4.420423651480311356e-01
4.492760862365574592e-01
4.533652103492288310e-01
4.518164759396383623e-01
4.499094761638890994e-01
4.532766226212077143e-01
4.574946936967415612e-01
4.602259269191433799e-01
4.614978912891820606e-01
4.665084840525992593e-01
4.644577072962498554e-01
4.373382521169256743e-01
4.478578708946529541e-01
4.444873636076827061e-01
4.439579959556766986e-01
5.117147529937348116e-01
4.397171107086698671e-01
4.577629516427179079e-01
4.649058249286814326e-01
4.637915719595534503e-01
4.664086670933769718e-01
4.406551800032698640e-01
4.422741304983692223e-01
4.492830631175877554e-01
4.678968372412797838e-01
4.877116136835513149e-01
4.345873082937850018e-01
4.372389069093174929e-01
4.423312629453005629e-01
4.384360848904593211e-01
4.017685029917277828e-01
2.967738599442533154e-01
3.622672416594571732e-01
3.816530077531105070e-01
4.623505078902764853e-01
4.970119653300255624e-01
5.109137919673388817e-01
4.438935186912481012e-01
4.513589024421869045e-01
4.524373940667869576e-01
4.629539656353466870e-01
4.645681133100870164e-01
4.643600369958577057e-01
4.661978036549087046e-01
4.682426554520019990e-01
4.620789579457674767e-01
4.415886626069157606e-01
4.467890792741916473e-01
4.605793877180517915e-01
5.044502051791952546e-01
4.627645043827955385e-01
4.476926524492384485e-01
4.399730981539748953e-01
4.628071885345127479e-01
4.605301578693710152e-01
4.791146724549742997e-01
4.414014330969507904e-01
4.426926831537392748e-01
4.483620106353986001e-01
4.893959315977705060e-01
4.711516136105544650e-01
4.548568690506862855e-01
4.999229369366999798e-01
4.988158177448534514e-01
4.337153267953877123e-01
4.345562472448037394e-01
4.467958299784530185e-01
4.412132147333318044e-01
4.397947404740422672e-01
4.434590895156549917e-01
3.841600691342699214e-01
4.915764738791463806e-01
4.859404260832738132e-01
5.081463058123315557e-01
4.809813674568863551e-01
4.634060140019859442e-01
4.491308406844140566e-01
4.670727303043296086e-01
4.462563611433642552e-01
4.485540298406474058e-01
4.479248018391382424e-01
4.494356159184207389e-01
4.721708403145250532e-01
4.353320214110054098e-01
4.256298358527580428e-01
4.707938850844982648e-01
4.735385915883377761e-01
4.405415582533025454e-01
4.452052291944347817e-01
4.471178920612359220e-01
4.495776205076761345e-01
4.782896000227037647e-01
4.406416249306369104e-01
4.604485369404320294e-01
4.587952148531273533e-01
4.825023293190152662e-01
4.421135460617671709e-01
4.437183745641332111e-01
4.485714911749609235e-01
4.992809089297489122e-01
4.822146379417718287e-01
4.212283571580832109e-01
4.340129767782773262e-01
4.800939467448925302e-01
4.939516619088795690e-01
5.117483031685945427e-01
4.328514215110982888e-01
4.329310350203215974e-01
4.587740199866180424e-01
4.366923059428715614e-01
4.479084685656635756e-01
4.537999036012527743e-01
4.929076482752405286e-01
4.788334485641668747e-01
4.429741548602995627e-01
4.591171898337030322e-01
4.699781035336337842e-01
5.019122648795186770e-01
4.432841689415351061e-01
4.496092756317248695e-01
4.485618298702528928e-01
4.441581076337688949e-01
4.746090985516731586e-01
4.373446348554398955e-01
4.550724844894766252e-01
4.571401338881584397e-01
4.667593482574503017e-01
4.667019120895770090e-01
4.408921684814909869e-01
4.473784902566643740e-01
4.489909260651056000e-01
4.483435208331257305e-01
4.792826085981585771e-01
4.410228230811599204e-01
4.319355722236544737e-01
4.591079430910644521e-01
4.580318507568754693e-01
4.828814847671145105e-01
4.428378201935259106e-01
4.439679887511509548e-01
4.444778758153062337e-01
4.773888072712541009e-01
4.312283600968617181e-01
4.883060309737525251e-01
4.900084212550679941e-01
5.065208781288091933e-01
4.300878788468405767e-01
4.319127624743535621e-01
4.486923680655199864e-01
4.600432625169153522e-01
4.631783811832478892e-01
4.768280325321772040e-01
4.770493743394202957e-01
4.596846555498680376e-01
4.642618663601768003e-01
4.680631006567326780e-01
4.728208980398338479e-01
4.413654049813657276e-01
4.501301395280193907e-01
4.485260931252439964e-01
4.461158387288434168e-01
4.748210169393565216e-01
4.395976692575659373e-01
4.275233165680042413e-01
4.661680178279118403e-01
4.608333225502214137e-01
4.651772581539846962e-01
4.605803434784169759e-01
4.405832090157182912e-01
4.481555473995046945e-01
4.493818763888589585e-01
4.773951706704581688e-01
4.771275150950187172e-01
4.844410452519690713e-01
4.424220089608486561e-01
4.584525938103491960e-01
4.575236662166323742e-01
4.813407943294942259e-01
4.432405387173634081e-01
4.448421655846378497e-01
4.474558031631407085e-01
4.455548733411009432e-01
4.761223625183290675e-01
4.295829262872192800e-01
4.284087823797408934e-01
4.870709844523232745e-01
4.892258010978962068e-01
4.938058690006540408e-01
4.361074294012113328e-01
4.365847594024447331e-01
4.338582127528021193e-01
4.465427531126885397e-01
4.411666764713529365e-01
4.779950138125387271e-01
4.807983104335163960e-01
4.623281070940423176e-01
4.659520409771737426e-01
4.677384490919987980e-01
4.863517590463123375e-01
4.488166522410979575e-01
4.512932462658659771e-01
4.556690271584303287e-01
4.636593243249621521e-01
4.640629667469154396e-01
4.398468803392583948e-01
4.624392608250035286e-01
4.620118392738182811e-01
4.654990087264561649e-01
4.803434809507795555e-01
4.472784926771298797e-01
4.481165674422825096e-01
4.515706465182941498e-01
4.636127940817884596e-01
4.851898769246711374e-01
4.523264497876556822e-01
4.323872347293087337e-01
4.580812013402054683e-01
4.570538055106391773e-01
4.800678780935917489e-01
4.444756306606748586e-01
4.477193042220886099e-01
4.664678355550337940e-01
4.795948576636837046e-01
4.827805119867228933e-01
4.332602157776234142e-01
4.916033860099054409e-01
4.899920475014865051e-01
4.307084029958700433e-01
4.399401084068594314e-01
4.351616695497798615e-01
4.286213176049167850e-01
4.719441251855728270e-01
4.769295378629502258e-01
4.624496362531266280e-01
4.699837551476268582e-01
4.701672078461959225e-01
4.502989605301264131e-01
4.521601159774508716e-01
4.660866308612084397e-01
4.610470431833488814e-01
4.548899871437259157e-01
4.593584906465202344e-01
4.638208079835311470e-01
4.627201676707877187e-01
4.793527732836256328e-01
4.522114382396782983e-01
4.789744289054782556e-01
4.360459555753029570e-01
4.578276232238189802e-01
4.564640447637950960e-01
4.763774511306204662e-01
4.422946633311886644e-01
4.503155490668322991e-01
4.661647485545981628e-01
4.302914334522461859e-01
4.287849900403635783e-01
4.900131497640704548e-01
4.919866951327674376e-01
4.918201430460048540e-01
4.377134330084281877e-01
4.436758036189187848e-01
4.307180479021802677e-01
4.279758051431122867e-01
4.335107002089821360e-01
4.741851661087602698e-01
4.739943922995010772e-01
4.769585574437730235e-01
4.700460764320971707e-01
4.658818499149232628e-01
4.722503907649271970e-01
4.837298846004005060e-01
4.600098674825779943e-01
4.558696770354184746e-01
4.234818753793245238e-01
4.596676862156632848e-01
4.650767920408943601e-01
4.599323352051092328e-01
4.434323858373035998e-01
4.579426241721100133e-01
4.582794112565263811e-01
4.642539931160388211e-01
4.316092758382844563e-01
4.869475003130278590e-01
4.849169851650559360e-01
5.059847096368232933e-01
4.434260550915906651e-01
4.456934200980262606e-01
4.310127680338435296e-01
4.342528801007193850e-01
4.736885415296171464e-01
4.776316568602830825e-01
4.655275489705181791e-01
4.698558377950202147e-01
4.693844895363405434e-01
4.857010595426032862e-01
4.315966957376577429e-01
4.635116415914342092e-01
4.624153852053553559e-01
4.616054438014471906e-01
4.742980125638983080e-01
4.642261121205276675e-01
4.326794544797330500e-01
4.600946891666676253e-01
4.612759313439102615e-01
4.651227432225008007e-01
4.378500897422898386e-01
4.810909105155601329e-01
4.794096741316112853e-01
4.961897060155675554e-01
4.449014462816683335e-01
4.448169580241389531e-01
4.274562009618532166e-01
4.296082811602798257e-01
4.722230638412177051e-01
4.765631583332056720e-01
4.647667745158419739e-01
4.755062722471460890e-01
4.838266099704959244e-01
4.668775560738187558e-01
4.607002023542814961e-01
4.596207897800471676e-01
4.658001020210663645e-01
4.736215359434246541e-01
4.320376812782102949e-01
4.311062048976642691e-01
4.590854112075036797e-01
4.343697816130466238e-01
4.459135248152007458e-01
4.887296130488764656e-01
4.866396777085107428e-01
4.470739708282026048e-01
4.475807130474104278e-01
4.288380718850658413e-01
4.239320814197646281e-01
4.704946415498977297e-01
4.740510531026002616e-01
4.654553517490348513e-01
4.713665381378848718e-01
4.737494016914090000e-01
4.608347906200990218e-01
4.666314573115150632e-01
4.468260843998517196e-01
4.458902069158244275e-01
4.783076750870347005e-01
4.618888429768088222e-01
4.717097003793550014e-01
4.542247513102783962e-01
4.403406470191798538e-01
4.763408922623229014e-01
4.846129576361892233e-01
4.746120816046114355e-01
4.894041052958523763e-01
4.479302632234457016e-01
4.499983671717345257e-01
4.317168005921391272e-01
4.308056216114158898e-01
4.329720299384830495e-01
4.700330797135757743e-01
4.747689158755620253e-01
4.691159731368014785e-01
4.705612082289428733e-01
4.729590337264631406e-01
4.784067271898775897e-01
4.788068654875393126e-01
4.592834697285936851e-01
4.654184975161437809e-01
4.625156421884941693e-01
4.703957178314908116e-01
4.517439777877526041e-01
4.678515096198438972e-01
4.634210004320101217e-01
4.538993442069690354e-01
4.583046565659910643e-01
4.619152919858129369e-01
4.878045006052613708e-01
4.688561256386088449e-01
4.492174479964513023e-01
4.501096869436336800e-01
4.335934980942227623e-01
4.403465296755633696e-01
4.698471052423798255e-01
4.768579625240414455e-01
4.366564265627297381e-01
4.521648265644542253e-01
4.641997849098488671e-01
4.720623381944991093e-01
4.468094042110343223e-01
4.652156290642040504e-01
4.657451832218472143e-01
4.541247732087337896e-01
4.528428851741941319e-01
4.384610082120651842e-01
4.559545191116626262e-01
4.266443701343064498e-01
4.506001828611047588e-01
4.595181232845282349e-01
4.636399489632204718e-01
4.609616976572535885e-01
4.505343645056607560e-01
4.520825061382355847e-01
4.524186860504676444e-01
4.328558832655374222e-01
4.320438556520625473e-01
4.719155135587679295e-01
4.758909838230051537e-01
4.440683133038925146e-01
4.157290286770066179e-01
4.595949728189398509e-01
4.649964681148364698e-01
4.659485218117432881e-01
4.576940582447143746e-01
4.471099030294222731e-01
4.644668210460916047e-01
4.643766974338312536e-01
4.559606076102870054e-01
4.504327296723153462e-01
4.589439369160694393e-01
4.497885580589955357e-01
4.430043370886341259e-01
4.461716520592954316e-01
4.650771277253388791e-01
4.585934709586785285e-01
4.501698819223429737e-01
4.463647289117548267e-01
4.525417340838612246e-01
4.528725290571932183e-01
4.301926037381083590e-01
4.295289947422870069e-01
4.692954206852079091e-01
4.702942292838842575e-01
4.236713680208907262e-01
4.223565599401854498e-01
4.749394510754958998e-01
4.675888905212817193e-01
4.576241845942002340e-01
4.666790356583870869e-01
4.785134423234376211e-01
4.476332378879705476e-01
4.468434018308537481e-01
4.603329337613526473e-01
4.636306267631981615e-01
4.577033777572386830e-01
4.419726270759509190e-01
4.442691699058966548e-01
4.609657021324908288e-01
4.670580971969570672e-01
4.644994952181311643e-01
4.558774870763374065e-01
4.488629243783968104e-01
4.566189563059501744e-01
4.541125773889156392e-01
4.447673172915439510e-01
4.444789243603514128e-01
4.498205433206680093e-01
4.647517757872598465e-01
4.587932663211469753e-01
4.491744312498437419e-01
4.582717003538527289e-01
4.703299054244180488e-01
4.721384382471838781e-01
4.817685836542389688e-01
4.550605604372014446e-01
4.541911398931340882e-01
4.303085112941271162e-01
4.329532023878336910e-01
4.647319036179845542e-01
4.717302726895437059e-01
4.690898902687735128e-01
4.257343656817690336e-01
4.647069699673392895e-01
4.745018118980710020e-01
4.573290488191353864e-01
4.530967530819925426e-01
4.652154867057990972e-01
4.592316026926690498e-01
4.633563999895966568e-01
4.787207962456357935e-01
4.473113670546955967e-01
4.625024502109620350e-01
4.623595076077022248e-01
4.423595389961511026e-01
4.418926220446448561e-01
4.649459005287696067e-01
4.701373914988901670e-01
4.507837221663419380e-01
4.505201581305482983e-01
4.564572790316284157e-01
4.549491700411957829e-01
4.467422576694717873e-01
4.524966033330309334e-01
4.607813694667374782e-01
4.621489383161252462e-01
4.534457607519603028e-01
4.465792483322347239e-01
4.460802510561339140e-01
4.655021969650602331e-01
4.816232726644339435e-01
4.706493938102661589e-01
4.717017110900316168e-01
4.557831055810020460e-01
4.570938181788953836e-01
4.335463614116855657e-01
4.366618767999489448e-01
4.431371797348638286e-01
4.689466846552956536e-01
4.721801955024132469e-01
4.359708458839380296e-01
4.236069843024425907e-01
4.677427169118526518e-01
4.751862557136594112e-01
4.531578920570162872e-01
4.542204251743743870e-01
4.568593544271545293e-01
4.651447994981907086e-01
4.652625474019722596e-01
4.725139970723637450e-01
4.571372793117928213e-01
4.470476896701972014e-01
4.622763589360543990e-01
4.650958788507563169e-01
4.415411381852605843e-01
4.419555174514766538e-01
4.511983614300568157e-01
4.649409590191510566e-01
4.684719735331226986e-01
4.486441622352613234e-01
4.580642779172382495e-01
4.459726811529964308e-01
4.499393609050453824e-01
4.578738061539893711e-01
4.627981769918506072e-01
4.511315186379394326e-01
4.480050454496741774e-01
4.574349686092226697e-01
4.614587999266259177e-01
4.685468092269441942e-01
4.744776165785858368e-01
4.541554432965838051e-01
4.593151125652959466e-01
4.372381840916941820e-01
4.395159673227965191e-01
4.694710617956722731e-01
4.701498024825289113e-01
4.223887258684373425e-01
4.163418090951223061e-01
4.752302372716332157e-01
4.747512210877044558e-01
4.539198661223147191e-01
4.530265289978780974e-01
4.673844674010181333e-01
4.677834907253271002e-01
4.677053025515751639e-01
4.504699999069053939e-01
4.508521300551192601e-01
4.621798801498621101e-01
4.627839153187169874e-01
4.442807919941888506e-01
4.414643155872046698e-01
4.613374589248138702e-01
4.665111151738840500e-01
4.549553009355233324e-01
4.498563992677145906e-01
4.538008363289612879e-01
4.568602346555186156e-01
4.461575733981648639e-01
4.456387036645668154e-01
4.554351065154582656e-01
4.628516678334907986e-01
4.455400357028279634e-01
4.486406691865420515e-01
4.570712210448906188e-01
4.604244355677192257e-01
4.705391790182872902e-01
4.754268474914946085e-01
4.527388610210553166e-01
4.598713748398012280e-01
4.330134407924651763e-01
4.337002611069736280e-01
4.663016540193743453e-01
4.665686194365889494e-01
4.186033539978825102e-01
4.221297180034720431e-01
4.740913280229899218e-01
4.718295714164775223e-01
4.548301061189757299e-01
4.534098116155723113e-01
4.564377582900027153e-01
4.665586916424401265e-01
4.745696533303918052e-01
4.419904523939488517e-01
4.510286782591406141e-01
4.663279253420292703e-01
4.653957347930176014e-01
4.424623359577772308e-01
4.352136625678156290e-01
4.603086620730598710e-01
4.634031408863088508e-01
4.655848636675254948e-01
4.526449133122035229e-01
4.468271294506368507e-01
4.598607673886805913e-01
4.569854884984970722e-01
4.472685366374472005e-01
4.417360081131180838e-01
4.571342039223649789e-01
4.599736944799500682e-01
4.608189966913034397e-01
4.541884964810157799e-01
4.611769833816105058e-01
4.744349117939560267e-01
4.752776531730907306e-01
4.549515751047641943e-01
4.594882871811725167e-01
4.279671751921593215e-01
4.313282234607610510e-01
4.631495102498850991e-01
4.615868901367439214e-01
4.811272246834791266e-01
4.209040633007453125e-01
4.826420928207429961e-01
4.533852316055071996e-01
4.504938965072632362e-01
4.711121085247953477e-01
4.619819428601830702e-01
4.501989676665111850e-01
4.660047614662020110e-01
4.459124956303275877e-01
4.435226728140846397e-01
4.478202214301799100e-01
4.638499065746167771e-01
4.697909609236457507e-01
4.489542401738830790e-01
4.499703679606020246e-01
4.626729084540681103e-01
4.571124913749894936e-01
4.473218252303572950e-01
4.461289901173368655e-01
4.567591477029975255e-01
4.655297658843193243e-01
4.497601823441541580e-01
4.524956597630893640e-01
4.595712292726226167e-01
4.598542331180452414e-01
4.750528754948463162e-01
4.755839183762281541e-01
4.576347242911732449e-01
4.353699809933951892e-01
4.368270010836120543e-01
4.426839631145565446e-01
4.746789254338700248e-01
4.616755266275765490e-01
4.218607259929447739e-01
4.104232597185801246e-01
4.822331581101884646e-01
4.756432455483000643e-01
4.549923220727516981e-01
4.525277269161072646e-01
4.557219803277812176e-01
4.726300650284321336e-01
4.673724644441950016e-01
4.462264687570631772e-01
4.497286699153723033e-01
4.587930576124598092e-01
4.564367949114824241e-01
4.785257659394091534e-01
4.322365913282457672e-01
4.512573009200640528e-01
4.615248151606365923e-01
4.569400157684451735e-01
4.475603461107542369e-01
4.505177916054994847e-01
4.508176960031072822e-01
4.589762866269618824e-01
4.562091021506921584e-01
4.432551113926365138e-01
4.549625956816470418e-01
4.625138614675129434e-01
4.579332702505483077e-01
4.764566308360887459e-01
4.778647581538466582e-01
1.135837676301710619e+00
4.439506065928160439e-01
4.460363845233986102e-01
4.798894609991804505e-01
4.499336058795518345e-01
4.257850888656082855e-01
4.903027951839758480e-01
4.780073031256247829e-01
4.532460076790221781e-01
4.524242110999252553e-01
4.697645510317571271e-01
4.656114528426745225e-01
4.416991431401757762e-01
4.479655614038854927e-01
4.578828715613430522e-01
4.492042371065305129e-01
4.588710727787694843e-01
4.496256529078766495e-01
4.530393840206966005e-01
4.593915469597183998e-01
4.509204121022210021e-01
4.397930948556533215e-01
4.572514202771064129e-01
4.622540789810521411e-01
4.560953098722178023e-01
4.796015294116884875e-01
4.788591238485839230e-01
5.547302678296865963e+00
4.364197843981795222e-01
4.484542252808909613e-01
4.841915152799608490e-01
4.760876745208870719e-01
4.531797840064653582e-01
4.517292328910887389e-01
4.593946211560759330e-01
4.442954369904134615e-01
4.391995856516124341e-01
4.708882119990027149e-01
4.580768006817846905e-01
4.472857682171402227e-01
4.468133134777074189e-01
4.593679608107668066e-01
4.515756168896405409e-01
4.520671281457368518e-01
4.807807937417035160e-01
4.772766149018430326e-01
1.720631498452128838e+01
4.475476639291829928e-01
4.187578269742625037e-01
4.675498095608344173e-01
4.532675713537475115e-01
4.435424385957570381e-01
5.011315832957872196e-01
4.590070610505189719e-01
4.426022976848819623e-01
4.468795753763818990e-01
4.733561437014668360e-01
4.594196291049213454e-01
4.549308509112521826e-01
4.381830642582444368e-01
4.723166272554762402e-01
4.555962295678969154e-01
4.832851438235734043e-01
4.803609985612101174e-01
2.761725152768502767e+01
4.253847393929978682e-01
4.363497400595872655e-01
4.935764104279156683e-01
4.983303068477980546e-01
4.715231902709760003e-01
4.154393978066111548e-01
4.650392936423735080e-01
4.604046454574039493e-01
4.231253768039068830e-01
4.614069481583025212e-01
4.440160338815219987e-01
4.527648137282506147e-01
4.597509978121231411e-01
4.819246609103401968e-01
4.718248365448183268e-01
5.079061113042262487e-01
3.151629203195924589e+01
4.248016611145323251e-01
4.118156569221866348e-01
4.924627548032568525e-01
4.658372387838361495e-01
4.727238056429354240e-01
4.449393892005263917e-01
4.583414116659298987e-01
4.610048144705684581e-01
4.475964441890387668e-01
4.595480626144302083e-01
4.439184184313272330e-01
4.377480599319991117e-01
4.557860805815161509e-01
4.816796230997138495e-01
4.800970334906417558e-01
4.717946357831971915e-01
2.761844226710176642e+01
4.359336776368709088e-01
4.361178091394425915e-01
4.717224508368009217e-01
4.546631044316923886e-01
4.530019601116030969e-01
5.003188688379610616e-01
4.585912695998498045e-01
4.432963913913139375e-01
4.398687139668005508e-01
4.734178892431123997e-01
4.579164245466095795e-01
4.550242173636903642e-01
4.467355610272589206e-01
4.725890461928970998e-01
4.523215158662971525e-01
4.830435201441040660e-01
4.770372815136997846e-01
1.720738500593269649e+01
4.252652393190902713e-01
4.353724625096318523e-01
4.810717982855834407e-01
4.770646253249058999e-01
4.542635321684204142e-01
4.534198347699948672e-01
4.647228904852390707e-01
4.448870056918525218e-01
4.485133947816253852e-01
4.708677209573087774e-01
4.588616127221623597e-01
4.470535165741303940e-01
4.530263765065605797e-01
4.595522084651967321e-01
4.510684701946762742e-01
4.514183945737754722e-01
4.568913983578681837e-01
4.562291111338193095e-01
4.806284199369919574e-01
4.787189313121366641e-01
5.547732372037053494e+00
4.327725455141944177e-01
4.336546874914722904e-01
4.850915496828190898e-01
4.686524661438571382e-01
4.536413672766114735e-01
4.310275476715554888e-01
4.128338486724202894e-01
4.904745058339133323e-01
4.759277004362322261e-01
4.541436659883043570e-01
4.564552903509166426e-01
4.688316939613754730e-01
4.666167432666056825e-01
4.421827834235911858e-01
4.501432550787994313e-01
4.575908010344470478e-01
4.781391547220475435e-01
4.490612745762796454e-01
4.512173575995718777e-01
4.569095789453545553e-01
4.496760592774220466e-01
4.507887563005260056e-01
4.596299920985236764e-01
4.564310433860792604e-01
4.393829183623206291e-01
4.544026689020813081e-01
4.626191292495160368e-01
4.580001854147354723e-01
4.794783289659499959e-01
4.777468213502968908e-01
1.135934097551724253e+00
4.296898776015870003e-01
4.258041388910853153e-01
4.285860723358358437e-01
4.836717873639824194e-01
4.893890278829750029e-01
4.237314869722781929e-01
4.225276194134827135e-01
4.829356031637840885e-01
4.834241787282245739e-01
4.553661920870002988e-01
4.508262761995137091e-01
4.532342943975680161e-01
4.720143266125924608e-01
4.654272404165830657e-01
4.465843862769468542e-01
4.479934583968120387e-01
4.582858714623560537e-01
4.692822883671132206e-01
4.560309816573860919e-01
4.322002322154985809e-01
4.498987530336431839e-01
4.614802086779822843e-01
4.570894845212954971e-01
4.475825042005462939e-01
4.460906741575624834e-01
4.504737782324531592e-01
4.592122275475986615e-01
4.657393438418496734e-01
4.427460614852281040e-01
4.521290844833256717e-01
4.627069645107778628e-01
4.598659152460688460e-01
4.763476528064605198e-01
4.754829533913801365e-01
4.578063874909256148e-01
4.286538852432891789e-01
4.300837924698239778e-01
4.720024551112989575e-01
4.754021845474935559e-01
4.702407282722529946e-01
4.229988325962756868e-01
4.733340902887536727e-01
4.534776803983515125e-01
4.563438297958133938e-01
4.703319176547872127e-01
4.737561625718201275e-01
4.618421959726010106e-01
4.507362799972628453e-01
4.518261486178552500e-01
4.651381509033741257e-01
4.458601504051403763e-01
4.351288516087765679e-01
4.436827627496610083e-01
4.633729879364769100e-01
4.651343391872974631e-01
4.489356840114743785e-01
4.468884961266845757e-01
4.626552566662174293e-01
4.569752344781779496e-01
4.473142746168485284e-01
4.417813413216922225e-01
4.569593239053516553e-01
4.609704054092825798e-01
4.493301254049160143e-01
4.539308308083110921e-01
4.594769126680669502e-01
4.610899253927921437e-01
4.749605506758584617e-01
4.751964925515389515e-01
4.596907022893819139e-01
4.303523799974086628e-01
4.375788052115089366e-01
4.736831896415117371e-01
4.768147602417275310e-01
4.192916950929962971e-01
4.167002785403898235e-01
4.755862060314700601e-01
4.765071242441902277e-01
4.544636534241743853e-01
4.527640273739835242e-01
4.532168898152877379e-01
4.657131265571292644e-01
4.667762718690306456e-01
4.427647861791770278e-01
4.514328330349290375e-01
4.660745253560550916e-01
4.628172409061855896e-01
4.422460145831225153e-01
4.412004543211791030e-01
4.600061853358166641e-01
4.662264274200430547e-01
4.629899472181806530e-01
4.526064053335150938e-01
4.497511387431501473e-01
4.598700350943348281e-01
4.568693124477900547e-01
4.473261028409357132e-01
4.457550675025072628e-01
4.572664485080336072e-01
4.630030929364293280e-01
4.601353635999790304e-01
4.484859797417397043e-01
4.600954298771002260e-01
4.743617655831929847e-01
4.753680346912716459e-01
4.551338624829654456e-01
4.600028880790235641e-01
4.359590740139238640e-01
4.433142910463387376e-01
4.751263670773577252e-01
4.763283626769256318e-01
4.224125415158135333e-01
4.233948392288254259e-01
4.772067967837599900e-01
4.774882932782918421e-01
4.534169815814883542e-01
4.559993172972123809e-01
4.665608174535958441e-01
4.715377649268012727e-01
4.668800428104947775e-01
4.509759947511605693e-01
4.473816469897826109e-01
4.623011538359457218e-01
4.654281487261173189e-01
4.439080250198994548e-01
4.506462530878256878e-01
4.612084200131446599e-01
4.684140104397436777e-01
4.548904727984214302e-01
4.485816990588658015e-01
4.538146846985980365e-01
4.580812520591269754e-01
4.462755130806447812e-01
4.501065030111324194e-01
4.555629679210379535e-01
4.626141344109149234e-01
4.454234018595640276e-01
4.480551866601348854e-01
4.567134354620659975e-01
4.610684259243442717e-01
4.704891389402360846e-01
4.744503175278280138e-01
4.528625295691858788e-01
4.594380185775737147e-01
4.359520285991145272e-01
4.329716864636170559e-01
4.371022962036978377e-01
4.728218261065604278e-01
4.708399961277452417e-01
4.356413789364092515e-01
4.253463674076818912e-01
4.701689076814264956e-01
4.770073441365038636e-01
4.524296895486342729e-01
4.644871521010496829e-01
4.534284145705977376e-01
4.642999317452163321e-01
4.778243736093278904e-01
4.641815898471539636e-01
4.571954205373180424e-01
4.474096410653859990e-01
4.627140381072758490e-01
4.629113582141107797e-01
4.409851063310999963e-01
4.413128809044352674e-01
4.414178892159372758e-01
4.649660647605877717e-01
4.676468829892095891e-01
4.504442722709715019e-01
4.549825106431664712e-01
4.461796533251704555e-01
4.527596816429385607e-01
4.579457775510554773e-01
4.621957868484359300e-01
4.511692294325265196e-01
4.467169704495098093e-01
4.569803759399959642e-01
4.650248922810134578e-01
4.685268948293611624e-01
4.717333057018535669e-01
4.542847585121379539e-01
4.572221533623316847e-01
4.349973394900459867e-01
4.344918735970696999e-01
4.643740566384221835e-01
4.696682240557950583e-01
4.733173079478151246e-01
4.209914749428214087e-01
4.671652531837310329e-01
4.694467106809500634e-01
4.564768770843777856e-01
4.570356816351855977e-01
4.521196558508136509e-01
4.586632381589344498e-01
4.780096209943490160e-01
4.624450331276176995e-01
4.466615918025105825e-01
4.631010085862230508e-01
4.642069245331939542e-01
4.416569684513267924e-01
4.435067927793579501e-01
4.651288032289285779e-01
4.648809437097660147e-01
4.507054444489350109e-01
4.487717214197258775e-01
4.564910044107889364e-01
4.541553691087182876e-01
4.469886993973240519e-01
4.500953263564207441e-01
4.607898306715897951e-01
4.587416254209555899e-01
4.536254091098943508e-01
4.493802587708163876e-01
4.455997950269746100e-01
4.697503267528641557e-01
4.816853551593104910e-01
4.818308665062780438e-01
4.706865609337200218e-01
4.559004556495341309e-01
4.543037716711613161e-01
4.364668293816226230e-01
4.393077470351129943e-01
4.672368246112388879e-01
4.730804693751569645e-01
4.221481281471357594e-01
4.150694657832781354e-01
4.759000343096943531e-01
4.662199328391711250e-01
4.657953943496386251e-01
4.474123891171713496e-01
4.466828483478416101e-01
4.606401584878387356e-01
4.574640852718482309e-01
4.412840008732419328e-01
4.617074520456860842e-01
4.650395408119047391e-01
4.673847533468456494e-01
4.557814818348817631e-01
4.503345255034593153e-01
4.566603181526977528e-01
4.498372762042727180e-01
4.450722950091480778e-01
4.464020339516470703e-01
4.447379207579721383e-01
4.646947636003852522e-01
4.584302793884014182e-01
4.466271274336758301e-01
4.578466886398537272e-01
4.720386558820692247e-01
4.551487066668044035e-01
4.529537074158804799e-01
4.412405281361893583e-01
4.507298678597761454e-01
4.683754286700248515e-01
4.721680983322111280e-01
4.429885115129937323e-01
4.507527240368530141e-01
4.598623461356730058e-01
4.723931435421628855e-01
4.648645280324406603e-01
4.571567034000108554e-01
4.462175709988809857e-01
4.653042796184405083e-01
4.666322500352292901e-01
4.558545993378188554e-01
4.527366234377795950e-01
4.590064469925571600e-01
4.560070915275850068e-01
4.433137636135583981e-01
4.509047222872958338e-01
4.649698057514526917e-01
4.608145048951368117e-01
4.503953318802210726e-01
4.508566628418581024e-01
4.525973548592427953e-01
4.524693848734594459e-01
4.440899748898606836e-01
4.447173170990841307e-01
4.645375222477340360e-01
4.619726437983256440e-01
4.352530111662022416e-01
4.784839843081401534e-01
4.644639978965940941e-01
4.627773516160885170e-01
4.506266385567107569e-01
4.659981095768868098e-01
4.642765724211297407e-01
4.540289492038732666e-01
4.538059541597201374e-01
4.385336259419433946e-01
4.268255368152021334e-01
4.593527769956754492e-01
4.617668609346234909e-01
4.634720452396394741e-01
4.690408180671036265e-01
4.521087319063883947e-01
4.501316963313241604e-01
4.453399445555628611e-01
4.375253481451859550e-01
4.417856332054722057e-01
4.598447017746425947e-01
4.632101080443253305e-01
4.677606863288433225e-01
4.693663522067712535e-01
4.728970612631967496e-01
4.723658859356403839e-01
4.781573334530647146e-01
4.604149958271283594e-01
4.679505525820668033e-01
4.660022817540507289e-01
4.694938085669773109e-01
4.457039132208758248e-01
4.686706306596984395e-01
4.626626591584402370e-01
4.541012194940723945e-01
4.581702902393433030e-01
4.762381277975039073e-01
4.879252545552591469e-01
4.894559492841011328e-01
4.492177560724320839e-01
4.499946218290359345e-01
4.410901181171005270e-01
4.458438487563718966e-01
4.579023464159351353e-01
4.633915165403464376e-01
4.657856514332679998e-01
4.835296760926642845e-01
4.710393991355593113e-01
4.623552497438171427e-01
4.620042210826275086e-01
4.426315716915288356e-01
4.746273411330708680e-01
4.790244609909122264e-01
4.322500770956849148e-01
4.716279873427831060e-01
4.590331219936539808e-01
4.402788783608500012e-01
4.458943805630998236e-01
4.846696512905984133e-01
4.867052006495597993e-01
4.746635188366877256e-01
4.479044709348142250e-01
4.475585713940409827e-01
4.451304402289952833e-01
4.544378780974916432e-01
4.588729841743894311e-01
4.635146492323707346e-01
4.666659185677937693e-01
4.877658836552219435e-01
4.751900159453412709e-01
4.681982131081358633e-01
4.311692938881879211e-01
4.606885259867500859e-01
4.755265459541587747e-01
4.668716617021313464e-01
4.323939174023430088e-01
4.310945044482307753e-01
4.651272811164003373e-01
4.334928544868151823e-01
4.378035919976761559e-01
4.888004472903261233e-01
4.962862452354642739e-01
4.470401523158389345e-01
4.447758808853212176e-01
4.520986161237380285e-01
4.552527052578712596e-01
4.627435045632121158e-01
4.572967853106675862e-01
4.674813227427374041e-01
4.854318872096679005e-01
4.708034078998737382e-01
4.706899917280815138e-01
4.209294246674845086e-01
4.644742421935662002e-01
4.607379571736922586e-01
4.633401906068739251e-01
4.626205792382828696e-01
4.637212666955126128e-01
4.429028862667314659e-01
4.601699618766970090e-01
4.643365459447558186e-01
4.613191284216476840e-01
4.319503308014243093e-01
4.811950615664734032e-01
5.060820678576035681e-01
4.794949819274951786e-01
4.448454239364598717e-01
4.456366111996450385e-01
4.490000798378184221e-01
4.468218873247332135e-01
4.496738822763459154e-01
4.554771928674036241e-01
4.569604846131853915e-01
4.583484452134468090e-01
4.665029536997554738e-01
4.668118963127261822e-01
4.632556360047810351e-01
4.728060057982249598e-01
4.601812174260915822e-01
4.673315283622782035e-01
4.595704913228479405e-01
4.496780214557028477e-01
4.481522602879057793e-01
4.604092475307590138e-01
4.800709327800187221e-01
4.658143925348098291e-01
4.358553074498464630e-01
4.580692421982734408e-01
4.765184058297546321e-01
4.583827012944924340e-01
4.292290654649675297e-01
4.870755285944782798e-01
4.919207496843643890e-01
4.850279611128878177e-01
4.433615316775533222e-01
4.436150863296118296e-01
4.368989228023896221e-01
4.404575313765367595e-01
4.474470515996378239e-01
4.560640027023737941e-01
4.593120161324719675e-01
4.835179460669980500e-01
4.672287647892626739e-01
4.508526045715092190e-01
4.560354812465794994e-01
4.533922593215755081e-01
4.643597962238073529e-01
4.349416258036117311e-01
4.597297982270612815e-01
4.806271913562729647e-01
4.642049511071968393e-01
4.632830848015138114e-01
4.519882575260141810e-01
4.631950722552176658e-01
4.788885671367993369e-01
4.851003399225568002e-01
4.325109522371307635e-01
4.579782020738786819e-01
4.802126195800476838e-01
4.565938321707165293e-01
4.425040401834373083e-01
4.667067616932169538e-01
4.502385094817577538e-01
4.658174531057157064e-01
4.821108939818834482e-01
4.305992253235226830e-01
4.334647294825265673e-01
4.901391319946027392e-01
4.901143306786193699e-01
4.921100473640840356e-01
4.376599645370415348e-01
4.398841453850576011e-01
4.290818030964036467e-01
4.313279144354644767e-01
4.543805632258748894e-01
4.527037805606107246e-01
4.632912256579350130e-01
4.729901868859306413e-01
4.656325225869826778e-01
4.654120052338046598e-01
4.491893287034479099e-01
4.464472481681042160e-01
4.519198905754379103e-01
4.616732554169101221e-01
4.712101343216383298e-01
4.255316283972840341e-01
4.623582816467238787e-01
4.604961391907358426e-01
4.620163045884852493e-01
4.657260551442977126e-01
4.467251735859082973e-01
4.765951573615910264e-01
4.477076295393872529e-01
4.509944499731762813e-01
4.841627481049382009e-01
4.524835183235755842e-01
4.426556022992650385e-01
4.582381190187226339e-01
4.814918405832124826e-01
4.571987574826227863e-01
4.445949823028337300e-01
4.456285076285886326e-01
4.479403614964372338e-01
4.791368402075644739e-01
4.756460274240206787e-01
4.282359023802248532e-01
4.917341787873971137e-01
4.939847037045499434e-01
4.306659811138034977e-01
4.337984085390022559e-01
4.265757442011635647e-01
4.365232207273002651e-01
4.551294429841216682e-01
4.515855121228929403e-01
4.535163886325086491e-01
4.954377632643880425e-01
4.621956263614470095e-01
4.679566652766322110e-01
4.417656821369785880e-01
4.443670374531168421e-01
4.506369209956442856e-01
4.488298149424448380e-01
4.692762948660650912e-01
4.311417326217894530e-01
4.368792788809899297e-01
4.657445988247958524e-01
4.662904196436994941e-01
4.604385874608859508e-01
4.650315655334451015e-01
4.400425901435179310e-01
4.475912740617353780e-01
4.472616468964719094e-01
4.482119091183869308e-01
4.766572468490026804e-01
4.788032397827721720e-01
4.323500689394531027e-01
4.585925093007104936e-01
4.831398403779806339e-01
4.576674881368103520e-01
4.433125121202814989e-01
4.445199279940393877e-01
4.449143603601066199e-01
4.475283321848620988e-01
4.774736225077330087e-01
4.291844134130906596e-01
4.307750811595281726e-01
4.872149819062046583e-01
5.067094792184271279e-01
4.893613864439084749e-01
4.360320908520346483e-01
4.486077131296855591e-01
4.365233656345340330e-01
4.428488502162269413e-01
4.506223905657670281e-01
4.330060957795817123e-01
4.473227507750968113e-01
4.377196967525989746e-01
4.656670550353733673e-01
5.012257732827456458e-01
4.631725216210896279e-01
4.631656628105261797e-01
4.443111789163017300e-01
4.504659852209243476e-01
4.499398565782523618e-01
4.486782417968369074e-01
4.649133536266849553e-01
4.238444989081346370e-01
4.555887310628182196e-01
4.736781027069156269e-01
4.566049327998665253e-01
4.662645136673103652e-01
4.404759230579761708e-01
4.490976532084718920e-01
4.465914120866762982e-01
4.480603907813476283e-01
4.774100544220189479e-01
4.415722433719572182e-01
4.411906785872396486e-01
4.592838474441036656e-01
4.826708308864780528e-01
4.581798568146004946e-01
4.427672872551283723e-01
4.484151999231666963e-01
4.440171547060353663e-01
4.826042570181546809e-01
4.334891950785758619e-01
4.884686165797559876e-01
5.119513822407726344e-01
4.901465042550841589e-01
4.299918489697917567e-01
4.586710080772516962e-01
4.318343599016998824e-01
4.469290472494122368e-01
4.445999784511959763e-01
4.484456542641199750e-01
5.371629400939367249e-01
5.648850626333579150e-01
4.408772318224369324e-01
4.064851493358052625e-01
4.459711191147030518e-01
4.397291454755008488e-01
4.669048516054227216e-01
4.744137408802902023e-01
4.490278161468257978e-01
4.558776086826652474e-01
4.506287413466162906e-01
4.488695299067975708e-01
4.586385430178915867e-01
4.358641444157928535e-01
4.710313980603152983e-01
4.403995470651781430e-01
4.604765011449405421e-01
4.448341606875542698e-01
4.465431253551424007e-01
4.614658432472192873e-01
4.404032730164180176e-01
4.606371365105752513e-01
4.792975052725909624e-01
4.589607854402649734e-01
4.421700142261918987e-01
4.483856066518430716e-01
4.437268866131939826e-01
4.995822843371161004e-01
4.897466150806845109e-01
4.207154999334125622e-01
4.544419005712042603e-01
4.803231605533975768e-01
4.991026030825190252e-01
4.940963827554459842e-01
4.327461596111722986e-01
4.466882929700415339e-01
4.328319966085039661e-01
4.444417506477157387e-01
4.594418047525649640e-01
5.071882029227028355e-01
4.363309343699067200e-01
5.129209794004353506e-01
5.607799239762369936e-01
4.566173795559606008e-01
4.290916368695844030e-01
4.443297697263525192e-01
4.254001547214582013e-01
4.536446589544931296e-01
4.633914504220140174e-01
4.651632538118805615e-01
4.637034003428223139e-01
4.642902694875128966e-01
4.668144473720722276e-01
4.667289835034811873e-01
4.416019578334896556e-01
4.441681926972418371e-01
4.466258025633267903e-01
5.032737263934882188e-01
5.108221072802077156e-01
4.480504878266167168e-01
4.400390264787791827e-01
4.629494638511270077e-01
4.664993168970550386e-01
4.607086217921237958e-01
4.414329330554860320e-01
4.492769094524061702e-01
4.427215457263091736e-01
4.880967731078696970e-01
4.710989850033570625e-01
5.002250208266256770e-01
4.336029707582679804e-01
4.371253827392088120e-01
4.344432153956374054e-01
4.489044530061749860e-01
4.275203901633351511e-01
4.428478645251426871e-01
4.431978561918030746e-01
4.481165525377059922e-01
5.199984994660186155e-01
4.908466385888335948e-01
5.193299118012556503e-01
4.219331905221425094e-01
4.105901317778914983e-01
4.537712916826167620e-01
4.588088559638888175e-01
4.437901321490030360e-01
4.371545611742442827e-01
4.490733671192569942e-01
4.572764282019080029e-01
4.616753400562426668e-01
4.634034908370360251e-01
4.682338987407850817e-01
4.377194056428395097e-01
4.541697924098987427e-01
4.481270883970761565e-01
4.446856447151268377e-01
4.631487135761794827e-01
4.373590981052121185e-01
4.582210166279665486e-01
4.590167548392677377e-01
4.652274934118326155e-01
4.638793238458058799e-01
4.406555603708632307e-01
4.482441393020010767e-01
4.422935673607694129e-01
4.680485674012155872e-01
5.051803128045175839e-01
4.344662221615426256e-01
4.311059364207460165e-01
7.754769879290879242e-01
4.199096049376936923e-01
4.187211077784496749e-01
4.145267340044341275e-01
5.385889192775635825e-01
4.706471374563894750e-01
4.401197456120117812e-01
4.311804762098515598e-01
4.526104603831144768e-01
4.632303651126007393e-01
4.664948313439313821e-01
4.373809904680481808e-01
4.698201943031534156e-01
4.419050875735020534e-01
4.467689512914154726e-01
4.701721953547304822e-01
4.471240807075296253e-01
4.404498413163853154e-01
4.454420401255448358e-01
4.415658686906526742e-01
4.772997999936736124e-01
4.905504449957092117e-01
4.714020153437993299e-01
4.858514679568024519e-01
4.936818217601814385e-01
4.350753152090961473e-01
4.214941886493853707e-01
4.364824928731487752e-01
9.738074917203489722e-01
4.894432618646228361e-01
4.262812239211813958e-01
4.854053870315463426e-01
4.500232078166976901e-01
4.618333598786920069e-01
4.661793943102751081e-01
4.590363467471068604e-01
4.597826149509414151e-01
4.585925360140357676e-01
4.681807015413998463e-01
4.395681093152048469e-01
4.395022831161887189e-01
4.824267569200992312e-01
4.864476608076315767e-01
4.753152950707897895e-01
4.748141180142798068e-01
5.008737999208816571e-01
4.307625215535985097e-01
4.371909802861255745e-01
4.370698702495854349e-01
1.099998901447224675e+00
4.617281121956640644e-01
3.751631686065982629e-01
4.601591027319036908e-01
4.376826885095511099e-01
4.588746070158086776e-01
4.624715041595013898e-01
4.580446455996411426e-01
4.613624987788887410e-01
4.636603814071336149e-01
4.628241215812716747e-01
4.596290555840232273e-01
4.591470924431845235e-01
4.612885793077285967e-01
4.632832039988932782e-01
4.707213311069438633e-01
4.327862432676607973e-01
4.443911541785079966e-01
4.405249107151524846e-01
4.759827250059384118e-01
4.846330532701359495e-01
4.728853671196911468e-01
4.759051075594135649e-01
4.911794524240445936e-01
4.306137217111247750e-01
4.505123903205114910e-01
4.323195030823524521e-01
1.268399159692620293e+00
3.217795067769791406e-01
5.251181637541749714e-01
5.321187670257332414e-01
4.653137275292764108e-01
4.047550622408368493e-01
4.101290712221741241e-01
4.485042278952092176e-01
4.647404142447442710e-01
4.665123055891843284e-01
4.640918390939772764e-01
4.632505164084975702e-01
4.651805682038389622e-01
4.656536547848528218e-01
4.696236189141010375e-01
4.320671770428987646e-01
4.472991098192877768e-01
4.239782767332728741e-01
4.635292627261842213e-01
4.902131835998042031e-01
4.689747680591755952e-01
4.750399154988438344e-01
4.970675059385014638e-01
4.282081489073265579e-01
4.483426341922076563e-01
4.261753884240766510e-01
1.458664641239280746e+00
4.472879039435822546e-01
4.090315601425177361e-01
4.643779131008984318e-01
4.944914174516545913e-01
4.660442034598183403e-01
4.715112567373431762e-01
4.802903988559643622e-01
4.900097087412464414e-01
4.289117207276673116e-01
4.273890542560347394e-01
4.586879510220276401e-01
4.770014925756979607e-01
4.750165104214624234e-01
5.075073494814201780e-01
4.310685724642672190e-01
4.236211944721972600e-01
4.336672605689342874e-01
4.315720581776019693e-01
4.229225320398915522e-01
4.358365793065744898e-01
2.221337593350196649e+00
1.927815731500853502e+00
4.288262556146180682e-01
4.565991987104707217e-01
4.337573532639826812e-01
4.365374263820895329e-01
2.571207805405890667e+00
4.291594772831265892e-01
4.408734978513948466e-01
4.372296414144517529e-01
4.408693340806758010e-01
3.001243172964681794e+00
4.399732699886967913e-01
4.403797017938710923e-01
4.283256810708707119e-01
4.416584950816080934e-01
4.455614950186093104e-01
4.418402482357265959e-01
3.556083374986123591e+00
4.360722796358770248e-01
4.490329300798401868e-01
4.381794595825897476e-01
4.470526070242666350e-01
4.490082584881891492e-01
4.333909728205073364e+00
4.363562473864529556e-01
4.423321664842875256e-01
4.433930733817791903e-01
4.477603463930582839e-01
4.454158174782544277e-01
5.618427092067894257e+00
4.383805941445534371e-01
4.442633244814410687e-01
4.457471848105559187e-01
4.499045700504830103e-01
4.464389849630863716e-01
8.778007491642620508e+00
4.422842768148357862e-01
4.493542360647077571e-01
4.469139044044789788e-01
4.508965223638571329e-01
4.477883786299864388e-01
1.133138364282315713e+01
1.788626801226359220e+01
7.386195936200173229e+00
5.652010695146403307e+00
5.008245524933078840e+00
4.602586425469262110e+00
4.298131527450826717e+00
4.050087779353919615e+00
3.838328244986486837e+00
3.651735170029235977e+00
3.483572294857773421e+00
3.329539799439327208e+00
3.186813205305781604e+00
3.053515791010414482e+00
2.928406074280996307e+00
2.810680125779596583e+00
2.699838812218404716e+00
2.595593755385603885e+00
2.497797414411537353e+00
2.406388638220803067e+00
2.321348295960199870e+00
2.242661610373313685e+00
2.170285244528623370e+00
2.104118339836702933e+00
2.043977761971246032e+00
1.989578881511967934e+00
1.940524242146638878e+00
1.896303170600405652e+00
1.856305280577981831e+00
1.819849433010231943e+00
1.786226881611464812e+00
1.754753574212646328e+00
1.724823167776905919e+00
1.695950879622483143e+00
1.667799996717663991e+00
1.640187565908038714e+00
1.613071849481824138e+00
1.586529086174336856e+00
1.560728886396848258e+00
1.535915589314624796e+00
1.512398174489293812e+00
1.490545974928887851e+00
1.470783633785016642e+00
1.453577728982425654e+00
1.439409183283878013e+00
1.428728818498345543e+00
1.421896709388517754e+00
1.419108417322881177e+00
1.420312960848524098e+00
1.425129833551903591e+00
1.432777119777802310e+00
1.442030208805180402e+00
1.451238309439102370e+00
1.458427703781013385e+00
1.461508351592452959e+00
1.458569736568838593e+00
1.448209780386856549e+00
1.429807816362875794e+00
1.403653346568908500e+00
1.370885480474917317e+00
1.333264908032722351e+00
1.292854749370796030e+00
1.251701313712216157e+00
1.211581426375770265e+00
1.173842836557506430e+00
1.139333081907555112e+00
1.108400174573453523e+00
1.080950640899533965e+00
1.056555816100967382e+00
1.034597466601749449e+00
1.014436798140422535e+00
9.955808556721773561e-01
9.207375759933250636e-01
9.203199522422452761e-01
9.268527181735344289e-01
9.781478045438498636e-01
9.563220796834911441e-01
1.002170830062992568e+00
1.024993106879110272e+00
1.041778254901078782e+00
1.046215359252652410e+00
1.030701882360155919e+00
9.866645321995244355e-01
9.046831880697563388e-01
7.752846742839566430e-01
6.019750562750147971e-01
4.385725461064506892e-01
4.446922742015500529e-01
4.503584103969810459e-01
4.512425676127456708e-01
4.495181121050332296e-01
