1.695525336859806842e+01
1.082386141804266622e+01
8.406312233199502160e+00
7.159072345929089920e+00
5.566252557193339889e+00
4.991132750480810287e+00
4.630675320887137403e+00
4.357972341864762456e+00
4.132329556833120421e+00
3.935967295887430772e+00
3.759479975327464363e+00
3.597560776047222131e+00
3.447176777862555053e+00
3.306629805365095098e+00
3.175014003730935119e+00
3.051883518324704170e+00
2.937044554279593100e+00
2.830425095077878428e+00
2.731993230647355553e+00
2.641705033567198768e+00
2.559470056015752615e+00
2.485128032447274204e+00
2.418434141483273514e+00
2.359051867342464970e+00
2.306552245201028750e+00
2.260416906418984961e+00
2.220041136172560492e+00
2.184733345991789921e+00
2.153709643028367537e+00
2.126086381490900123e+00
2.100878543258228870e+00
2.077015448195957070e+00
2.053385171794241515e+00
2.028913309825052469e+00
2.002670569538697265e+00
1.973990332254878854e+00
1.942567655793156822e+00
1.908510988979337020e+00
1.872329263300575253e+00
1.834856145643007475e+00
1.797131733157593558e+00
1.760271767574311363e+00
1.725352429061054460e+00
1.693327966953941166e+00
1.664985197840521014e+00
1.640928790176740870e+00
1.621586478421622735e+00
1.607223017420744249e+00
1.597953632391839296e+00
1.593750346127191797e+00
1.594437629693376435e+00
1.599677986343412739e+00
1.608953643781903420e+00
1.621556209766801704e+00
1.636598798403398947e+00
1.653061091940880356e+00
1.669865486327960946e+00
1.685964835498902303e+00
1.700407182154962449e+00
1.712340084711632127e+00
1.720933576560529144e+00
1.725235775003044925e+00
1.724018800933097895e+00
1.715707175374123539e+00
1.698484297033753032e+00
1.670626488440006385e+00
1.631017136384350197e+00
1.579677500351481578e+00
1.518081501511536313e+00
1.449064971933992307e+00
1.376303631499782076e+00
1.303537999137286629e+00
1.233842888317992603e+00
9.311987766926866916e-01
8.991084236486209802e-01
8.723926861004687172e-01
8.369369419611932814e-01
8.368266176600765993e-01
8.287157099506099467e-01
8.272954718251692707e-01
8.324262862114001349e-01
8.435373957831612257e-01
8.595886061344916174e-01
8.790908951468221488e-01
9.000566372521064951e-01
9.199140932394149761e-01
9.355033514880093382e-01
9.430346087609889905e-01
9.377751122309808673e-01
9.132283551422865076e-01
8.595852211638963514e-01
7.669230851157269324e-01
7.653205300471767059e-01
6.493465914984954956e-01
5.559231895412858337e-01
5.121407443505948676e-01
4.947323495099657520e-01
4.848646214383932063e-01
4.801272064432799414e-01
4.631045349446117343e-01
4.620642151860530067e-01
5.418357245620464724e+00
4.385649038901824337e-01
4.555741111873740645e-01
4.629516328384960522e-01
4.563353926833294549e-01
4.558766436358256402e-01
4.185959897390469031e+00
4.373350634535604353e-01
4.656689901816647992e-01
4.708398135574760612e-01
4.650280254728142437e-01
4.654549323672383943e-01
3.426241868476605834e+00
4.514254426274520449e-01
4.638695476209779844e-01
4.708499179954811487e-01
4.707024628298510649e-01
4.763107347391241642e-01
2.874707426630955354e+00
4.579613065132520089e-01
4.406892511489070574e-01
4.573407632126015865e-01
4.685184002104267331e-01
4.709532563197209587e-01
4.546908442297897257e-01
4.449352429377761986e-01
2.439624292918234350e+00
4.185272262352339179e-01
4.117291437127976739e-01
4.411550599968684372e-01
4.204691572603873606e-01
4.114614469256261398e-01
2.079566778770463031e+00
3.837479482800982278e-01
4.077925070661381213e-01
4.184819182696323803e-01
1.772997014648272973e+00
3.792283887120659336e-01
3.629910146210034716e-01
3.819339343435561029e-01
3.699245143296881477e-01
3.533872693470296866e-01
3.295665220669076190e-01
4.594692538736869225e-01
1.926343579743867163e-01
5.973996760795400318e-01
5.821492491221573751e-01
6.346507234998898239e-01
7.064798576212333314e-01
6.548670153353816081e-01
3.548219104316109318e-01
4.064203213782966451e-01
1.082896468368698795e+00
1.279031385573792923e+00
3.769323772036614062e-01
3.699988962819027449e-01
6.876628819248958857e-01
7.358702464213002781e-01
7.278246764604330288e-01
7.643797441472871546e-01
7.085429385091845944e-01
6.665132033820402313e-01
1.683137186530109519e-01
1.620547790697439428e-01
5.723859937564057532e-01
5.267817032475137218e-01
5.860160125787273744e-01
6.417779100923060032e-01
6.994289994050411075e-01
6.597066869213427109e-01
4.095859873812588980e-01
4.122636689778198527e-01
4.104856146195899336e-01
9.187374437657702675e-01
9.460298942615329165e-02
5.139184558230104338e-01
4.307918675791926333e-01
5.164767445949635105e-01
5.919579378856482110e-01
5.862305961632290341e-01
5.587320678045745170e-01
5.775149183129956176e-01
6.338944520657431303e-01
6.932608776815172291e-01
7.026006245923953619e-01
6.587862715102742461e-01
1.332128997480195032e-01
5.806367829175785866e-01
5.503289762374166116e-01
6.081424184758470464e-01
6.989567515469256032e-01
6.812089915461353451e-01
4.128822004239799948e-01
4.330311120220092236e-01
7.855318562637441104e-01
6.118224491485403371e-01
6.137767107138527578e-01
5.778776052333393087e-01
1.518224965411918703e-01
5.357885866922441620e-01
5.031510725766576986e-01
5.745828516831786859e-01
6.720294776789486058e-01
6.620736974232275251e-01
5.961083184336881668e-01
1.805629779524997869e-01
1.943216355855426070e-01
6.468693108277385750e-01
5.600312766890266358e-01
6.165806929374756384e-01
7.137079071599569113e-01
7.179203424333642225e-01
4.515858303016967445e-01
4.597007848315773915e-01
6.797098527673978152e-01
5.162352630811778420e-01
3.829695136251487497e-01
3.510370114466472291e-01
6.968069611073213210e-01
8.488322775964147748e-01
8.050614578694069712e-01
4.265454753582800795e-01
2.255810284675498767e-01
5.363524353531541333e-01
4.919697363271615664e-01
5.019214426619172942e-01
5.307954981052473986e-01
5.428418267534778074e-01
5.613865041889971597e-01
5.903545375575484089e-01
6.268096613223269609e-01
6.675142112362753011e-01
7.299166468497139126e-01
7.997218475854609432e-01
7.571641888645068708e-01
7.310396326102968079e-01
1.679367281703744441e-01
2.831853945365987446e-01
4.800853802787850566e-01
3.315401744104426451e-01
6.062126009893056278e-01
5.077380679521845686e-01
4.590223171110887068e-01
4.623317505844034003e-01
4.846496173843350408e-01
6.083550230437978490e-01
3.744311719720676002e-01
4.458337952173184182e-01
6.968948914461782218e-01
6.441577963121237760e-01
6.964850256718104760e-01
7.498764512938683735e-01
8.061546225984963510e-01
7.522530034674027588e-01
3.505407816783334685e-01
4.679376741426530262e-01
5.078971545732069437e-01
3.986007772283647332e-01
5.201207829861362875e-01
6.040502303864286882e-01
6.626251513530895254e-01
6.815054968551206294e-01
6.297841870678545506e-01
2.961517524714993299e-01
4.969063499023174124e-01
5.267365887576904715e-01
5.681509454946490623e-01
3.449205667494245064e-01
5.071954825260623911e-01
5.298085155071028396e-01
5.125818062535701936e-01
4.742255575049255656e-01
4.857994139122538968e-01
4.839658610304057307e-01
4.032915052730912664e-01
4.442454293539136456e-01
3.615571696328198636e-01
3.613795968855737506e-01
6.693141263381950923e-01
5.628046830481934215e-01
6.901959066259826248e-01
8.356887604958276317e-01
8.681064006631782348e-01
8.117345906948415513e-01
4.671486943132624470e-01
4.611807490765767459e-01
4.549568142472935617e-01
4.550573744637219087e-01
4.132455788547694797e-01
5.166841361077176842e-01
5.000648761992776414e-01
5.097677422054176510e-01
5.931448676298654021e-01
5.658896001686710697e-01
4.987010201024562606e-01
5.067700974635567235e-01
4.936654200191096797e-01
5.120191459900942377e-01
4.981195245446786157e-01
5.076038497918178294e-01
4.939569231227070034e-01
5.394436223722005597e-01
4.722465541313595749e-01
4.824976393566245414e-01
5.145130268956444874e-01
5.418331466633623528e-01
5.618161091842210908e-01
4.905606035260999254e-01
5.059997730750016576e-01
3.329512005946509423e-01
3.274915059053280508e-01
3.440384567711098907e-01
3.054407078154020017e-01
6.091568904303449328e-01
6.738362503119813551e-01
8.876270582356409200e-01
8.081594388143102936e-01
4.479764255677972651e-01
4.744665019894100388e-01
4.642739484705826203e-01
4.468320330822060371e-01
4.269982448774218287e-01
4.473769793754832635e-01
5.248924756861551577e-01
5.708328645979454663e-01
5.105626543930766870e-01
5.001579247417490270e-01
5.257190358086161197e-01
5.203635833120807686e-01
4.975949734440402450e-01
4.797700153521751720e-01
4.806664848679845781e-01
4.719566810019713565e-01
4.876044724738654579e-01
5.114033021171289217e-01
5.063979658385903138e-01
5.064674742246472183e-01
5.522351055797496411e-01
5.275370548793586467e-01
4.660061957715361802e-01
4.502291803786049318e-01
5.305246883388515799e-01
5.360289370827658884e-01
5.691736534585898344e-01
4.867225315246451189e-01
4.920168939175083578e-01
5.125908926072145766e-01
3.269665579853024417e-01
3.320212733595971910e-01
3.527567210253151897e-01
3.008054130422341821e-01
2.644653528802294318e-01
2.656980694451200331e-01
4.705788728157828116e-01
3.278495052515537633e-01
4.596912915325093163e-01
4.473464134593539976e-01
4.708315651964007920e-01
4.610226167303300149e-01
4.523651216077501647e-01
5.118814954759645097e-01
4.553341426514964652e-01
5.144845196969881629e-01
5.108799497133343914e-01
5.177432924018403604e-01
5.068638527576895259e-01
4.999268755639805217e-01
5.041811181865689662e-01
5.063648708023616996e-01
5.727615726656020145e-01
4.953088699703209752e-01
4.507358776774991749e-01
4.277085700631565457e-01
4.569957430400551912e-01
5.061286564783358255e-01
5.003820698018562885e-01
5.014805431515030332e-01
5.464428793373117266e-01
4.375855783708863522e-01
5.424843296913410828e-01
5.445414591834540907e-01
5.580699444122894093e-01
4.989189631649602608e-01
5.011021669430831826e-01
4.978630772029092322e-01
3.508274509003874164e-01
3.411635412976558590e-01
2.451709363340272563e-01
2.035152707914820169e-01
1.918363420961260724e-01
1.274498635145787373e-01
1.314903249306381139e-01
2.057038586454608409e-01
2.426260843678958723e-01
3.086005056115734280e-01
1.528586303352137410e-01
3.220570993048491037e-01
4.585525327273226592e-01
4.588379546241780349e-01
4.297798041074570308e-01
4.381145802015225521e-01
4.503397039938851210e-01
4.354783325139462979e-01
5.806114485852712503e-01
4.248233010530648168e-01
3.678174492736256962e-01
5.072188360747431624e-01
4.968756413544785921e-01
4.886936177273162318e-01
5.037773718573386184e-01
4.925848693630665021e-01
5.222178913850418214e-01
5.878975563555680628e-01
5.525447586483748230e-01
5.070081238050971884e-01
4.878410935040030094e-01
4.417937414496844739e-01
4.252062982998032203e-01
4.428380082778414217e-01
4.997029260120526284e-01
4.924770967237921404e-01
4.930924977250143448e-01
5.450765252525571203e-01
5.385950075751639865e-01
4.514366471474182685e-01
4.364845760645844619e-01
5.616196520518418334e-01
5.635375278338033977e-01
4.987760918660472109e-01
5.172740749171282904e-01
3.371036285578012381e-01
3.382572617612141785e-01
1.629330300554877875e-01
7.548128992148898930e-02
4.128088487935811790e-02
5.899457026476180588e-02
1.119506893772705125e-01
1.256425545218729789e-01
1.211144311399421636e-01
5.037372455961741657e-01
5.034465169635199411e-01
5.023770283812143411e-01
5.133955274504812261e-01
3.724282233993346236e-01
3.517921705493704532e-01
3.940168504431298957e-01
3.939599040356507320e-01
5.636903707239790950e-01
3.312125927363930300e-01
4.898057929009137501e-01
4.811577713748955154e-01
4.737976102113633514e-01
4.923106150759660737e-01
4.981391742076994866e-01
4.961842759638702138e-01
4.991965524793604003e-01
4.974314891116405346e-01
5.862697444007307634e-01
4.816853365818264954e-01
4.547654404472655232e-01
4.493139209197422046e-01
4.552150435279239127e-01
4.853253622846987470e-01
4.806393313420060376e-01
5.023604644874225533e-01
5.653670810983130179e-01
4.261025989512736145e-01
5.597391585087203580e-01
5.644112098313228687e-01
5.856994037058372848e-01
4.909331289794837683e-01
4.923255440950949358e-01
3.387653099680733026e-01
3.433630243351601385e-01
9.325759255827560656e-02
5.050470240830290392e-01
5.140453591123701482e-01
5.134504999583026086e-01
2.831711290372224687e-01
1.938103702578244936e-01
3.858193800338704516e-01
3.653924956376555788e-01
4.792690797487207388e-01
4.861057748678559998e-01
4.878636339696469371e-01
5.060734079568431909e-01
5.031021627999975321e-01
5.130526273611636379e-01
5.992244583458227192e-01
5.667151181951523009e-01
4.984978160772459144e-01
4.769497722881766433e-01
4.611324509570806085e-01
4.609672637749881452e-01
4.611015648714280601e-01
4.730433150986316782e-01
4.748941179906633892e-01
5.051638223453231991e-01
5.658889756338506549e-01
5.601431282317257399e-01
4.354000666151392474e-01
4.250018538240698529e-01
5.561486003589652949e-01
5.504337882232923640e-01
5.728143073436902100e-01
4.871678526770032991e-01
4.866313369409703271e-01
4.845254958517385968e-01
3.425541607537696542e-01
3.277681597635057620e-01
6.677227676213749741e-02
5.763375311613972568e-02
5.093593668659704976e-01
5.025033841461118422e-01
5.169076729859201080e-01
5.188303489827645887e-01
3.945267054556638175e-01
4.907351649025747387e-01
5.000486079527068917e-01
5.156392304617790634e-01
4.972834555707543180e-01
5.004204295269341074e-01
5.496251047957507740e-01
5.941893479604746231e-01
4.780872437512638795e-01
4.675919393082436648e-01
4.698318877618337108e-01
4.655802317733077622e-01
4.798145586767809667e-01
4.850355760741142386e-01
4.979050638138128870e-01
5.681219560616034281e-01
4.038421736523798988e-01
5.700760664588330195e-01
5.629402657802616838e-01
4.752674516602929389e-01
4.724276204328413109e-01
3.206425654327791919e-01
2.753122011787166312e-01
7.958707100276606050e-02
8.201651475174090433e-02
5.051274409608416116e-01
5.046951447281358138e-01
5.108138595169474661e-01
5.307440073380392809e-01
4.116429318220592437e-01
3.821021519034951686e-01
4.986035057078090360e-01
5.095128752206981027e-01
5.067017279625513071e-01
4.858531608828360882e-01
5.776751808056274085e-01
4.961937403989231110e-01
4.740621732045266490e-01
4.690242294063041162e-01
4.644626565607037350e-01
4.653838634597452506e-01
4.721490907230505019e-01
5.829245891143736147e-01
5.795947942059268554e-01
4.147014705708762516e-01
5.707523374090262003e-01
5.430236965701442653e-01
5.663911270477740567e-01
4.789994752899303654e-01
4.674351601892881569e-01
2.308329618183265208e-01
1.787560842936956884e-01
3.145937045829514944e-01
4.953887439906492496e-01
5.012019866346785202e-01
5.046177306692444242e-01
4.190580927431807323e-01
5.061984605359309830e-01
5.259646415835438349e-01
5.064957763813333624e-01
4.740268604984641532e-01
4.748605762852597945e-01
4.049400381131918469e-01
3.997016598356827877e-01
5.813245258723250819e-01
4.096601125716209379e-01
3.713741473316764519e-01
5.758058234080501991e-01
5.557467677224955382e-01
4.698143264840050071e-01
4.697614092925584406e-01
4.913777393430447671e-02
6.649185601537604962e-01
6.665176791964808611e-01
4.922061959602014314e-01
4.967730407430660522e-01
4.738268212649569544e-01
4.431035708986449384e-01
4.037385311642263108e-01
4.788939867755321877e-01
4.741366114224456196e-01
4.743395172025779982e-01
4.377660436567184510e-01
4.046692576991987034e-01
5.683972884117276525e-01
5.442420007474615407e-01
5.602933222631337751e-01
4.778769715038502786e-01
9.867680775115430375e-03
1.831128326416274141e-02
6.376439421026945942e-01
6.105859761751666337e-01
5.134945249961493374e-01
4.404910805598054591e-01
5.013040122440262092e-01
4.679628321725823881e-01
4.462235435993993082e-01
4.791415737261081609e-01
4.603936805840623259e-01
4.419245184421241035e-01
4.365073479117909661e-01
4.174092281675287341e-01
3.739974334936334022e-01
5.104879130005597343e-01
4.810320095340458457e-01
4.821591044198781373e-01
6.401550704266870118e-02
1.984223961035284367e-01
3.152563395589066952e-01
3.383798684958946312e-01
6.012842277800687363e-01
6.165415863262422302e-01
5.457520193647402706e-01
4.965016963115493343e-01
5.420264700759098719e-01
5.671603974303790485e-01
4.579603395550195799e-01
4.584517312505206332e-01
4.954028777888932478e-01
5.057610164931258812e-01
4.572300635298711668e-01
4.431656382374611902e-01
3.438378283352898079e-01
3.514869205840437938e-01
5.798929227030904521e-01
5.338426090410351987e-01
4.873908521464054844e-01
4.840013917946783817e-01
3.281052448321000736e-01
3.115262681741058914e-01
6.081617480516943175e-01
5.901006059789272173e-01
4.962096515650272210e-01
5.890173895861218201e-01
5.887463248427834417e-01
4.562964272729559956e-01
5.540487836069039052e-01
4.482388334523914608e-01
4.288957219826825540e-01
5.114178865686531683e-01
4.929033440266045729e-01
5.119898646205759407e-01
5.046015222900621655e-01
4.880502009157725030e-01
4.919237731855992668e-01
3.172338439863464088e-01
3.269662270659988712e-01
3.429871642246420937e-01
5.763773232298790017e-01
5.569273568242477657e-01
4.961376578727361708e-01
4.854183099670500434e-01
5.923592697044899325e-01
5.906755633387571480e-01
4.612686010570838380e-01
4.521400964143348911e-01
5.385394160638367067e-01
5.613910316347480167e-01
5.446539852440990259e-01
4.525258194187429250e-01
4.573840280469083086e-01
4.921756051783365837e-01
4.895061331891836787e-01
4.133030443678448740e-01
4.494273117003171891e-01
5.738176090826910825e-01
5.908828426310499538e-01
5.131375005332962091e-01
5.178532766535645093e-01
4.850678763349990374e-01
4.911382393826779769e-01
5.128508737565249387e-01
5.210193211638972643e-01
4.996195380468155811e-01
5.018261732717901324e-01
3.298603569773722044e-01
3.382284002822601443e-01
5.505262364438971989e-01
5.915194628251159159e-01
5.937613881976375740e-01
4.788068034643227500e-01
4.763694516441464577e-01
4.978914333112681723e-01
4.963542004846884237e-01
4.861450608079414537e-01
4.554540548543409839e-01
4.518722303322680878e-01
4.570989484076302123e-01
5.821749110722518328e-01
5.766611516822119921e-01
4.438909890642723233e-01
4.538650166204866165e-01
5.453711440905226748e-01
6.521909229715284750e-01
5.109227326628819066e-01
4.733937684790169298e-01
4.699166827955246761e-01
5.423370910383369381e-01
5.489265083447816274e-01
4.654209292333417736e-01
4.543167779349637780e-01
5.156729445025917125e-01
5.094385530430857179e-01
4.242500868763409705e-01
4.065400586295986329e-01
5.526515459797278762e-01
5.678724528490018963e-01
5.186456234963966461e-01
5.257922045852814197e-01
4.765623775669312057e-01
4.847951451088984287e-01
5.029736507992554895e-01
5.079167544217068064e-01
5.014848752236192864e-01
5.021356454139381809e-01
3.425485308091342773e-01
3.773489002964116601e-01
3.962622788908234384e-01
5.979885156385668088e-01
6.055728482561724135e-01
4.708643912902172324e-01
4.637283966570673877e-01
4.936406724658027323e-01
4.955774903318603819e-01
4.542887371242889105e-01
4.607520309401516023e-01
5.757374465923453810e-01
6.063601597481093064e-01
6.094179472350922389e-01
4.493562821752039027e-01
4.497267610309239605e-01
6.131822093510252980e-01
6.223135292631655213e-01
4.731747484369580037e-01
4.858797798733995310e-01
5.400611209265889778e-01
5.325676225812956410e-01
4.565742175392146773e-01
4.490866238309880742e-01
5.156437573707245425e-01
5.140980680607057929e-01
3.870990511698680359e-01
4.005214838454846937e-01
4.224496233269434131e-01
5.695316707538471412e-01
5.978611544471744699e-01
5.822318478630087446e-01
5.307770096593369402e-01
5.207733667310203707e-01
4.819307828289519091e-01
4.871514737848871013e-01
5.097485492219964165e-01
5.111848411330236486e-01
4.970850848148706258e-01
3.875530554066421440e-01
3.760149526712474044e-01
5.874917578924300221e-01
5.840281186647532374e-01
4.570148943586289647e-01
4.570558097120565044e-01
5.106380286581360117e-01
4.503987294692760601e-01
4.531274600845398570e-01
4.690209678374605007e-01
6.013498664648324610e-01
6.035078691891850866e-01
4.538597183031667925e-01
6.192781740424109227e-01
6.126198906057677140e-01
4.689749533653212454e-01
4.732651271546196581e-01
5.192287161140859419e-01
5.443177358182059722e-01
5.450242839330134981e-01
4.513382284859278615e-01
4.493161675495089269e-01
5.233928999700816487e-01
5.232064707090048339e-01
4.069255956520589912e-01
3.967449367708011931e-01
5.781173255111807796e-01
5.746600358925705310e-01
5.310217138088205724e-01
5.288997507318419222e-01
4.822359312050889524e-01
4.925965540358920869e-01
5.092018337791552884e-01
5.116850467290076088e-01
5.005896171497686842e-01
5.014618046325631795e-01
3.695527195748919413e-01
3.846526475457262562e-01
3.851439596449585667e-01
5.596510424814961082e-01
5.853962967818991947e-01
5.878393329480200435e-01
4.421918335531758171e-01
5.097566028262254800e-01
5.282517110337654476e-01
4.574714314677584270e-01
4.517595354443575961e-01
5.753205169371409244e-01
5.866318904829742609e-01
5.852377689154707463e-01
4.595886023986435753e-01
4.541337841882529536e-01
6.137572429447196720e-01
6.005109215548926072e-01
4.732929161022261244e-01
4.680181593709639709e-01
4.706600072764552389e-01
5.472524384795810493e-01
5.543444882696485498e-01
4.497936522207907628e-01
4.470140784738336759e-01
5.383640291171102321e-01
4.078411775921427229e-01
4.224454724718003096e-01
4.409827322849783626e-01
5.489808675311818043e-01
5.519915367418637420e-01
5.190996861905271542e-01
5.243621066493098226e-01
4.829901813571252367e-01
4.939566281945675374e-01
5.117831738696437816e-01
5.140161128535358781e-01
5.172315178996000906e-01
5.041838313220414758e-01
4.091740162476479314e-01
4.169426346694831143e-01
5.772331809695511184e-01
5.942049530503344945e-01
4.447460817944324241e-01
4.370867445872529400e-01
5.219668131806105560e-01
5.382215526809170925e-01
4.392972039847143906e-01
4.478921621166264133e-01
4.479829029312916155e-01
5.804890928440710196e-01
6.051256664147155462e-01
4.553488986676816341e-01
4.591998663794744084e-01
5.919018597130951687e-01
5.873351509391512293e-01
4.626676938886279955e-01
4.622786247994172815e-01
5.331835381100462623e-01
5.335563514008797581e-01
4.431264666684305298e-01
4.396639034452489159e-01
5.377626916737330287e-01
5.453432333928868170e-01
4.326437351830555444e-01
4.241737945950154187e-01
5.516990106198563781e-01
5.475447122938001954e-01
5.676837926642707144e-01
5.089601464420793198e-01
5.106222722008207926e-01
4.864845457361572367e-01
4.905341128859274091e-01
5.173503910834172936e-01
5.171953684875543189e-01
4.820969770096411589e-01
5.054844911940855612e-01
4.079743301367233510e-01
4.041734581170941532e-01
5.632463537529867059e-01
5.669694784074721383e-01
5.887886415554661745e-01
4.363512545166968737e-01
4.305421168871738091e-01
5.442319932903315616e-01
5.438401854111523104e-01
4.574761218058188694e-01
4.636268702547954867e-01
5.744121280441825128e-01
5.810040963203167985e-01
6.047128414550697606e-01
4.632016170615485540e-01
4.684773099753747894e-01
5.788278861583028290e-01
5.661846287364081798e-01
4.636237851641564212e-01
4.619564164843116827e-01
4.674180433721040195e-01
5.317253116215351350e-01
5.289932782280375445e-01
5.521767717800317721e-01
4.357066890076001786e-01
4.430007628912107642e-01
5.423159392685159563e-01
5.436290844379946252e-01
4.184474120605197744e-01
4.305928320720699420e-01
5.451392285469445209e-01
5.288108436632169562e-01
5.034298432271316903e-01
4.933136836418192672e-01
4.911690748315931110e-01
5.182817737149820747e-01
5.147168849206104069e-01
4.982677878321868370e-01
4.009671284358161669e-01
3.894574031923509483e-01
5.407973717498660848e-01
5.262289460927043194e-01
4.298213795444451590e-01
4.767399092680533190e-01
5.561432001533873626e-01
5.450571160081860711e-01
4.573303616924748183e-01
4.520166539739893796e-01
5.584463081661652506e-01
5.600184372196658211e-01
4.402615339946819306e-01
4.958344331915395808e-01
5.802395178047735635e-01
5.761379908980883702e-01
4.588057037310191988e-01
4.541661016968471243e-01
5.183428300729014948e-01
5.159866955865950455e-01
5.695904361255299531e-01
4.249712318760208163e-01
4.532350156043840617e-01
5.510173182818658422e-01
5.462114564683503426e-01
4.351597382708619066e-01
4.556791551510797622e-01
4.535966174622351743e-01
5.168471199338454669e-01
5.110873623387861553e-01
5.115112718711642970e-01
5.023891229676352710e-01
4.934917790689460348e-01
4.989239705215048892e-01
5.173332265805888897e-01
5.134942996803503190e-01
1.067461631335896000e+00
3.909656587663550287e-01
3.835457917316887899e-01
5.129140440151850333e-01
5.692347371934211031e-01
5.634623531006961450e-01
4.503447002868914972e-01
4.492132809279286709e-01
5.549193553101996468e-01
6.152670190290420171e-01
4.505568386405216508e-01
4.409252740865304276e-01
5.178241348135513844e-01
4.635423917630974167e-01
5.442634106972783492e-01
5.388236405394839501e-01
4.491067178797522041e-01
4.506324517683150122e-01
4.911763542122174475e-01
4.912262646601803784e-01
5.026852370032937056e-01
5.175767104364442650e-01
4.996244973157367153e-01
5.007227412949423195e-01
5.165110572180263704e-01
5.141083194417821467e-01
5.378040506077134353e+00
3.856939080744966053e-01
3.805894098349976162e-01
5.591688396725905674e-01
4.490633293997213227e-01
4.459695791315826940e-01
6.297724172189316239e-01
6.099109879988755534e-01
4.414106792865059026e-01
4.415511759865191066e-01
4.558766791713214084e-01
5.434666791397888552e-01
5.318115167607913030e-01
4.441664632706792126e-01
4.660708740048611909e-01
4.697422853209771154e-01
4.931989259322034913e-01
4.959149587627567080e-01
5.040152812525658943e-01
5.047915527117960988e-01
5.023823005520201557e-01
5.199635107851853233e-01
5.155028702379601535e-01
1.695696208254936010e+01
3.900299810437982684e-01
3.987319242339850134e-01
6.102766512822216383e-01
5.393054701559278907e-01
4.583667817305570602e-01
4.615782963870321276e-01
6.167643118372292399e-01
5.898314238573700852e-01
4.450416366552121250e-01
4.207123299980695119e-01
5.495173808909570301e-01
5.769568123631679812e-01
4.418439415536200010e-01
4.037916511912274520e-01
5.195081735531699163e-01
4.891196664237822955e-01
5.160337064489572967e-01
5.140160191556971681e-01
2.747659443957669012e+01
4.017271810569852386e-01
3.365136015045667173e-01
5.574558412795280748e-01
4.697715836110371579e-01
3.919066456310640323e-01
5.562124650934472392e-01
3.589496653764250311e-01
5.526805548616239294e-01
2.934370172105283947e-01
5.079678372090594696e-01
5.186931520707939169e-01
4.906418440314507246e-01
3.151245799285907268e+01
4.015100485634638949e-01
3.984648989582562639e-01
5.392511462781858222e-01
4.698028951378503404e-01
4.616111866436589106e-01
5.898255901190947448e-01
4.206984567098294714e-01
5.770087386704652044e-01
4.037767467233657759e-01
4.890807898617688942e-01
5.186955091361193926e-01
5.140190949296811196e-01
2.747651276084822314e+01
3.897606755020128766e-01
3.803111248365139141e-01
6.102112277250110184e-01
5.590368253200754811e-01
4.583955282544476817e-01
4.459960091066065835e-01
6.167710134693847879e-01
6.099146262783551320e-01
4.450275433316709384e-01
4.558698225065541676e-01
5.495580361924108370e-01
5.318626231474794519e-01
4.418664722131838696e-01
4.697999592494541687e-01
5.193984612935316214e-01
5.022495362292079824e-01
5.160347609301192406e-01
5.155056925359989828e-01
1.695688797308967111e+01
3.854928121452182999e-01
3.833529775850710863e-01
5.634017425338239127e-01
4.490845906065477622e-01
4.492347413498831710e-01
6.297742611401392354e-01
6.152771515522424961e-01
4.414061064199249484e-01
4.409211090840875480e-01
4.415426743540092347e-01
5.435142151473224548e-01
5.388634318905892728e-01
4.441732446190511663e-01
4.506284630733118357e-01
4.660806091979437515e-01
4.932023350504123882e-01
4.912305888116569874e-01
4.959245192180543604e-01
5.040079522583955640e-01
5.170578249298061202e-01
5.047226251237197925e-01
5.007571284238603315e-01
5.199662094977058890e-01
5.141100518185723889e-01
5.378005962141975793e+00
3.908146519837181199e-01
3.893352719778687687e-01
5.127646125519329523e-01
5.261083977495097930e-01
4.767091812694022046e-01
5.691540768412408635e-01
5.449678513258531254e-01
4.503602747539238726e-01
4.520323700779327325e-01
5.549211012130131904e-01
5.600099252605841293e-01
4.958369995964645449e-01
5.761217902600459517e-01
4.505584666280870731e-01
4.541669667545867317e-01
5.178185914421287173e-01
5.696115268712335089e-01
4.634964963077042865e-01
4.531821223532701004e-01
5.442922991267337141e-01
5.462306027624586058e-01
4.491000479786239619e-01
4.535680557690548453e-01
4.911764714683625188e-01
5.115141245598102682e-01
5.026422194281775502e-01
4.934367164217640656e-01
4.996747906726300426e-01
4.989607944569471321e-01
5.165127475007253999e-01
5.134963400625478513e-01
1.067449469913634985e+00
4.008836520381572344e-01
4.041251018939308048e-01
5.409711570926281077e-01
5.891104094070819253e-01
4.297871766840539176e-01
4.305348671320438081e-01
5.560620709008714524e-01
5.437752239326992809e-01
4.573469700976247054e-01
4.636401799210638219e-01
5.584279295427102552e-01
6.046940564314297051e-01
4.402585018907587688e-01
4.684735276475833765e-01
5.802284673459641162e-01
5.661863330937049188e-01
4.588099836189329372e-01
4.674296742035488617e-01
5.183695230677758392e-01
5.522006052291541511e-01
5.160354475515841477e-01
4.249108416356933149e-01
4.429570621858330837e-01
5.510225928070396906e-01
5.436297144024655470e-01
4.351446129682940978e-01
4.305919815953336838e-01
4.556629582605522533e-01
5.168570502164869795e-01
5.287992779409194100e-01
5.110935841807675573e-01
5.021474099342535524e-01
5.036216824687534954e-01
4.911673981598542738e-01
5.173354923847989228e-01
5.147194383380018223e-01
4.982691147460676095e-01
4.079700829455313316e-01
4.169913266289846376e-01
5.635894496524470609e-01
5.945588198237884425e-01
5.673344431390180409e-01
4.363568622636002092e-01
4.370749349595325906e-01
5.441870736277948373e-01
5.381757169694439957e-01
4.574821802624076117e-01
4.479743605907829940e-01
5.743841106106883920e-01
6.050998836053442798e-01
5.809752171524917852e-01
4.631981991611960892e-01
4.591976255616037061e-01
5.788332537108615838e-01
5.873410240847586339e-01
4.636426605762734021e-01
4.622963758769753628e-01
4.619695904576924805e-01
5.317311589269381189e-01
5.335736637035566332e-01
5.290102717049197656e-01
4.356651935631181694e-01
4.396309332243104606e-01
5.423079450890962994e-01
5.453280758880018064e-01
4.184808236172347651e-01
4.241935408154380860e-01
5.450778194508079100e-01
5.676701829921457776e-01
5.107158257303531235e-01
4.933861627117284154e-01
4.905581066327296402e-01
5.182845391993881057e-01
5.171985896725332932e-01
5.054846413347311440e-01
4.092515918703309996e-01
3.853064139786652742e-01
5.775500899513640318e-01
5.880660096443782736e-01
4.447187753060667381e-01
4.421667232771647194e-01
5.219548336693687896e-01
5.282326217091980469e-01
4.392840270412664005e-01
4.517561842220662038e-01
4.478909941093310310e-01
5.804680214146866746e-01
5.852235582585314511e-01
4.553485131854315138e-01
4.541331625796052873e-01
5.919115855291124939e-01
6.005207351886265865e-01
4.626875604606622283e-01
4.706769263423538074e-01
5.332071383216290261e-01
5.543654216048393701e-01
4.430996240358447413e-01
4.469973738642153416e-01
5.377432371861889937e-01
5.383525436175430334e-01
4.326631974276934911e-01
4.412719263221925314e-01
5.517388151970641363e-01
5.520395225763309321e-01
5.475650815543648964e-01
5.089784003348528652e-01
5.243389725494058684e-01
4.865180787802571016e-01
4.939663768783260633e-01
5.173540055172940466e-01
5.140203600404926743e-01
4.821000776353838169e-01
5.041804110711585185e-01
3.698006019539164524e-01
3.762738304784163379e-01
3.848058351941203159e-01
5.598463009180714156e-01
5.842064676530638323e-01
5.856127208349805047e-01
4.570403687097694401e-01
5.097526339939412177e-01
5.106407663084604476e-01
4.574645893035127475e-01
4.689939847738255341e-01
5.753077973374173260e-01
6.034982491223853662e-01
5.866197500148210286e-01
4.595876845831717850e-01
4.538606848161547691e-01
6.137685314185552521e-01
6.126324265751589282e-01
4.733128958856067658e-01
4.732866438356397865e-01
4.680413413150997792e-01
5.472614577668724056e-01
5.450156303345081721e-01
4.497834943076874925e-01
4.493161903589070194e-01
5.231783652472209445e-01
4.079899767496080187e-01
3.970663852129246441e-01
4.217962085914711001e-01
5.489803887014460537e-01
5.747712666202499099e-01
5.190815086553074442e-01
5.288361283320777151e-01
4.830079584632930301e-01
4.925888672801909118e-01
5.117879169454762067e-01
5.116903980571195776e-01
5.172295379343552213e-01
5.014592337089602836e-01
3.878788132313808479e-01
3.966347949050396671e-01
5.875848650169641640e-01
6.055953460824745616e-01
4.569987475918305120e-01
4.637003584694848746e-01
4.955815964876119084e-01
4.503651544168115750e-01
4.607347275230174177e-01
4.531084197632754273e-01
6.013451483675401610e-01
6.094200622634071696e-01
4.497280575259596791e-01
6.192834411946376294e-01
6.223188329902004101e-01
4.689959949047373677e-01
4.859044506038813771e-01
5.192347332869539089e-01
5.325899029869867185e-01
5.443110824513184287e-01
4.513448229586042304e-01
4.491006636285977405e-01
5.233631799490875425e-01
5.140480724545338775e-01
4.070777718617554775e-01
4.225282316658016124e-01
5.781214550647951755e-01
5.819678929467675399e-01
5.309896123500077447e-01
5.207349761695185819e-01
4.822385068479330683e-01
4.871349143507933688e-01
5.092077624886679477e-01
5.111915999782379316e-01
5.005874547556864451e-01
4.970827654181678712e-01
3.429128382919399698e-01
3.386220541480906010e-01
3.777197508893051503e-01
5.979843739450122486e-01
5.936571283748381944e-01
4.708378470671533700e-01
4.763242243788874952e-01
4.936496982852130455e-01
4.963802989641236674e-01
4.542720221035657091e-01
4.570760681991025698e-01
5.757397170085701843e-01
5.766637378102758005e-01
6.063640444827467224e-01
4.493579245970465430e-01
4.538655165401813685e-01
6.132150778390620394e-01
6.522176028744700593e-01
4.732005581692177998e-01
4.699473759959736374e-01
5.400390652654623036e-01
5.489180423261179609e-01
4.565947840946863456e-01
4.543422130623367972e-01
5.155942621011291305e-01
5.093675409408636723e-01
3.871880871432126225e-01
4.065912585374098498e-01
4.005942068521793908e-01
5.699673487515818371e-01
5.683693464162730136e-01
5.977751700093286713e-01
5.307378852587630869e-01
5.258082514280222330e-01
4.819044201165733066e-01
4.847786911273837540e-01
5.097560331967136982e-01
5.079247359387769611e-01
5.021270657587906250e-01
3.301969502403057644e-01
3.433081931298975209e-01
5.502888348952608144e-01
5.566575556764877808e-01
5.914108162369207111e-01
4.787531538446230250e-01
4.853408059401991270e-01
4.979166748356337324e-01
4.861327795629217796e-01
4.554418582953088102e-01
4.518583277448016688e-01
5.821575118957188488e-01
5.906541881104042657e-01
4.438904429948880015e-01
4.521373366766001656e-01
5.453890873160091024e-01
5.109575035787683461e-01
4.734223298992947249e-01
5.423293366158834505e-01
5.446292327874996397e-01
4.654548252853250023e-01
4.574226775740038997e-01
5.155847770712034261e-01
4.894726790386990656e-01
4.242969604597943700e-01
4.494648473279148626e-01
5.527794486760030379e-01
5.910878791384409636e-01
5.186344740661207320e-01
5.178573975911237026e-01
4.765288544368815882e-01
4.911053044356017971e-01
5.029829427442106260e-01
5.210298437789165904e-01
5.014804079614123555e-01
5.018166734304697618e-01
3.174416063144208100e-01
3.117008436424847928e-01
3.272528465500523787e-01
5.759998931660070820e-01
5.896556041007919857e-01
4.960536080547071625e-01
4.961466491943969936e-01
5.923810244185776508e-01
5.887800864735257544e-01
4.612644776460573248e-01
4.562962738471076918e-01
5.385048234644579379e-01
5.540193486983807647e-01
5.613751548325959240e-01
4.525871930122709608e-01
4.482952423843927781e-01
4.921433880421983154e-01
4.133125837163744709e-01
5.737371175677710156e-01
4.288710809182149086e-01
5.131511975302078810e-01
5.114471664426614161e-01
4.850268162320942600e-01
5.119492348090707301e-01
5.128584000563920497e-01
5.045926968656201383e-01
4.996134059513936410e-01
4.919152945271981214e-01
3.282377343779424028e-01
3.384830858692791100e-01
6.076733257094334428e-01
6.159542767604715419e-01
4.964188504365988908e-01
5.890834201558582395e-01
5.671989988400381044e-01
4.584515230137225505e-01
5.057104473712784598e-01
4.432265291065392021e-01
3.514821236865182108e-01
5.337896966702696533e-01
4.928828438776617915e-01
4.880380827297666202e-01
4.839946253298887946e-01
6.399440113527718466e-02
1.824138923292137338e-02
1.984032766289074712e-01
3.153099142770959262e-01
6.007044787463792224e-01
6.100127198152469621e-01
5.456458417877246836e-01
5.134687767959922322e-01
5.420181982518122998e-01
5.012903777109996017e-01
4.579597903491006705e-01
4.462228240177431027e-01
4.954023333317125743e-01
4.603760260548406813e-01
4.572817111327030504e-01
4.365495619062940147e-01
3.438388740467639426e-01
3.740014708583409564e-01
5.799390998508470174e-01
5.105317576037414762e-01
4.873839437883904502e-01
4.821535611903136620e-01
9.825839105030717904e-03
4.910138465879995001e-02
6.369672133028748684e-01
6.660491326634161435e-01
4.738641564632937175e-01
4.404659795528954591e-01
4.037057603703466113e-01
4.679658768035879768e-01
4.741360980563171790e-01
4.791186287096632634e-01
4.743277991805336380e-01
4.419460159679943212e-01
4.377657439004393192e-01
4.173871572715457390e-01
4.046309969359503933e-01
5.603154257785218917e-01
4.810181495915903938e-01
4.778642936629191595e-01
1.787037825537322322e-01
6.644203880501030612e-01
3.145212964605599293e-01
4.924685428961290690e-01
5.046276688609858674e-01
4.968253863264648351e-01
4.430590385246655494e-01
4.190090587737436700e-01
4.789113121095759373e-01
5.065198934145742626e-01
4.740303200897677538e-01
3.997046557448311055e-01
3.713472100790873864e-01
5.683695916931197356e-01
5.557465579373683795e-01
5.442426238780373460e-01
4.697488421095497024e-01
2.307268082584417179e-01
2.752427340709891479e-01
8.212332614286459165e-02
4.954541007907836137e-01
5.306432967869808559e-01
5.012596156872478614e-01
3.820461715829011617e-01
5.062281294317845237e-01
5.067048571161192339e-01
5.259897249742938596e-01
4.740731903498693334e-01
4.748721219121103121e-01
4.653972714839115787e-01
4.049686166536967669e-01
5.813190865829330756e-01
5.829146919236756208e-01
5.795874304907048247e-01
4.096184365238006997e-01
4.146630408345844399e-01
5.757811274120313572e-01
5.663843582683797395e-01
4.697991551089404916e-01
4.674198811655357333e-01
3.205072399315321841e-01
3.276267657104960374e-01
7.969128737076812408e-02
5.780091884429725685e-02
5.050963920518234396e-01
5.188314355863857807e-01
5.047236761759609225e-01
5.108001807820183870e-01
4.115695445607303604e-01
3.944312684794486490e-01
4.986165808699345448e-01
5.156439601374397386e-01
5.095315789846439625e-01
4.858550000274953207e-01
5.495934250120930731e-01
5.776903315623201918e-01
5.942033970523968867e-01
4.962291147019507465e-01
4.781236829626005491e-01
4.690355721073001805e-01
4.656109863470492272e-01
4.644562299042772624e-01
4.721373648996444738e-01
4.978746014625680116e-01
5.681516450920092165e-01
4.038271262689982488e-01
5.706903901462834217e-01
5.629198733054840975e-01
5.430149068558415282e-01
4.789875518409755784e-01
4.724133476988496283e-01
3.422687347976373640e-01
3.430764753429718095e-01
6.694101934736619575e-02
9.351179885706031869e-02
5.092958692612830074e-01
5.134295078351415187e-01
5.024325875691607601e-01
5.168658097207984303e-01
3.653102385562019272e-01
4.907401125560114097e-01
5.060999740544901426e-01
5.000578210720341144e-01
4.972570838892720335e-01
5.130421791246935204e-01
5.004120933731971421e-01
5.666982680698551267e-01
4.769983749528119432e-01
4.676094222172447745e-01
4.611141257590917197e-01
4.698276218208084498e-01
4.797877525683280631e-01
5.051453881677642199e-01
4.849952849277019418e-01
5.601827211189031042e-01
4.250561677404089966e-01
5.700608808137256345e-01
5.727714223206831212e-01
4.752554675361632675e-01
4.845191211585813118e-01
3.387685670002570926e-01
3.383106204038444087e-01
1.211936453006205450e-01
5.050395013304387337e-01
5.134268652233100472e-01
5.140133335426165795e-01
2.831331516416779048e-01
3.939076314947506097e-01
1.938058023642035554e-01
3.858313896474772631e-01
5.636528334865793521e-01
3.311969785940763189e-01
4.792658855034925280e-01
4.922925082821489884e-01
4.861040985870940800e-01
4.878623111054080641e-01
5.030766225863824159e-01
4.974113062609851754e-01
5.991947391601324391e-01
5.862323234761248614e-01
4.985455060226869350e-01
4.817468786089316723e-01
4.611497256968060121e-01
4.552349140720338139e-01
4.609814259509246726e-01
4.730245063245983594e-01
5.023432404100226512e-01
4.748762383830248957e-01
5.659167830852247505e-01
5.653524268947631715e-01
4.354679056338671694e-01
4.262182930962576388e-01
5.561297137550452740e-01
5.856887319571552064e-01
5.504239955901003567e-01
4.871668258377612748e-01
4.923212326310127396e-01
4.866236024179748654e-01
3.363650340129429317e-01
3.403444719871560054e-01
1.631229558102490762e-01
1.919971012611816630e-01
7.565299322537223647e-02
4.147014483572008386e-02
5.933459054403867478e-02
1.123154608224837259e-01
1.314243989575212268e-01
1.254858582065578321e-01
2.409023011255919666e-01
4.574621297695400934e-01
4.571897515592464045e-01
5.030476949971171008e-01
5.033576823155799795e-01
5.025234829871136899e-01
3.723970084778017164e-01
4.354183289006646751e-01
3.517787469744652062e-01
3.939657643764731820e-01
5.804695395162190463e-01
3.678525766138018294e-01
4.897826514609272541e-01
4.886708712211587646e-01
4.811408410209374042e-01
4.737862235831658553e-01
4.981190272391780582e-01
5.221984447762789694e-01
4.961592030495007855e-01
4.991783973193361645e-01
5.525041513399940873e-01
4.878963108896436363e-01
4.547850594523431544e-01
4.428715760524656320e-01
4.493298811863318809e-01
4.853073644110894036e-01
4.930665570437091638e-01
4.806259803036587730e-01
5.387583557514414867e-01
4.367834508387948289e-01
5.597073066922173545e-01
5.635176384714316589e-01
5.643830222117126594e-01
4.909308068280631709e-01
5.172742248900423778e-01
3.506584561378817133e-01
3.525832497344038030e-01
2.453259979854160999e-01
2.658770132254900664e-01
2.036602858257117732e-01
1.272961967276319273e-01
2.054274650652731515e-01
3.178768402399705928e-01
3.338377321212731563e-01
1.520806700573029135e-01
3.208736061007007589e-01
4.297515892957094463e-01
4.523033827222707193e-01
4.380841769297191268e-01
4.502642354934608404e-01
5.116063979036939990e-01
4.248050700957565762e-01
4.552856157696775208e-01
5.072114978464212776e-01
5.177232475290800551e-01
4.968605024166705131e-01
5.037560593073305837e-01
5.063362850901491630e-01
4.925667856127406985e-01
5.878672238431471575e-01
5.727308829203866525e-01
5.070757526757506684e-01
4.953855369047716617e-01
4.418086742387785093e-01
4.570295311394576565e-01
4.252193267803785481e-01
4.996846014391573831e-01
5.014539659013382833e-01
4.924591365924749775e-01
5.452560809414187526e-01
5.462608623006406372e-01
4.517753581676616226e-01
4.377972171892976494e-01
5.616044764433114622e-01
5.580243606732995243e-01
4.987800804348544448e-01
4.978659109648536085e-01
3.265559310889372124e-01
3.272591288220713102e-01
3.318256496300794889e-01
3.010053066548686873e-01
3.056525356034545671e-01
2.646457690448976718e-01
4.706478524588524892e-01
8.088951993861681622e-01
4.596637169787577415e-01
4.642979379700722942e-01
4.473167213580949708e-01
4.707660410996907796e-01
4.609484170195734531e-01
4.465804818784225305e-01
4.472895138616910238e-01
5.144665055212497284e-01
5.708719264118820025e-01
5.108726904508874567e-01
5.068598487860712654e-01
5.256988085552816159e-01
4.999112516227352532e-01
5.041720456224361158e-01
5.202349368650440731e-01
4.797876344715917285e-01
4.507280612819750121e-01
4.876222289221542328e-01
4.277240168283869548e-01
5.061096175400867647e-01
5.064410698254884213e-01
5.003640288598297792e-01
5.270342426859228047e-01
4.501131921495357679e-01
5.424728585201041842e-01
5.691547624340558276e-01
5.445185614758261128e-01
4.989235335679404471e-01
5.126004777221422337e-01
5.011061592512583429e-01
3.328271259656291892e-01
4.032208711137614809e-01
3.441955597941281919e-01
3.615694767373053287e-01
6.043991554535430577e-01
8.096378059633165813e-01
6.720882480568860506e-01
8.879763187874231134e-01
4.479484465405375593e-01
4.550239214369789509e-01
4.744570276060950387e-01
4.133849813804866824e-01
4.269484247156743462e-01
5.248823081886078157e-01
5.105652742414752421e-01
5.097505118863900897e-01
5.001525060157913094e-01
5.655859882224049118e-01
4.975570357115985387e-01
5.067028648994279516e-01
4.806008245861760897e-01
5.120107377655537251e-01
4.719449092007236279e-01
5.113791278258313922e-01
4.939202460329973343e-01
5.063799064946277184e-01
5.518153723564682700e-01
5.393124401963337311e-01
4.658576129477870476e-01
4.822694382320806827e-01
5.305514365954235867e-01
5.618347350563037690e-01
5.360092449067235254e-01
4.867299020252089936e-01
5.060066654371093708e-01
4.920223966220840239e-01
6.082310388469841511e-01
4.443631553304122073e-01
4.459494246346663027e-01
3.618112723031946532e-01
6.690146783980949197e-01
7.517995875734390099e-01
5.633973954968146680e-01
6.910276319372852250e-01
8.365304733395572123e-01
8.662642789697097001e-01
4.672588277248329591e-01
4.682718199971335760e-01
4.611037840316389302e-01
4.549259336106350471e-01
6.301637833937497879e-01
5.166534155008496443e-01
5.267163450613195907e-01
5.000571092117646055e-01
5.928732479744174277e-01
5.682412036979681558e-01
4.986153978530958319e-01
4.936080484251779699e-01
4.981273105036073123e-01
5.297943656938294277e-01
5.075768062372553180e-01
5.131135450506901785e-01
4.720683172580016906e-01
5.144348370996006947e-01
5.418384579280282054e-01
4.905672602207898358e-01
4.839712822595586550e-01
6.795296934970564973e-01
3.744949978630116583e-01
3.510940444289539220e-01
6.981077950917187191e-01
8.056025585827590874e-01
6.446440288633428217e-01
6.967011749917466634e-01
7.494841912361407399e-01
8.054642591505704052e-01
3.512863708353670122e-01
2.255588353575329330e-01
5.075664196337594802e-01
7.311509802538439518e-01
3.984733775750717300e-01
5.201141734416716567e-01
6.041480324105314992e-01
6.627314238365259458e-01
6.886928536323149164e-01
2.961445269806020075e-01
2.831586072456382386e-01
4.969291165359785989e-01
4.804294534143627726e-01
3.448985683601510366e-01
3.314934927838778522e-01
5.071698693938330171e-01
5.081238412798789739e-01
4.742269185931330955e-01
4.846499141280350420e-01
4.858053296761326578e-01
7.854131353952267247e-01
5.160279507738702032e-01
6.137596655218064967e-01
3.830658117285887232e-01
5.779312273707059022e-01
6.969132971846490054e-01
8.489608129426664540e-01
4.275897064629515243e-01
5.370287678050919000e-01
4.912888174461520485e-01
5.016809233465766571e-01
5.307044577585765532e-01
5.426488566753334686e-01
5.613392832262794618e-01
5.903208572272863330e-01
6.268515660252709232e-01
6.676186311593841349e-01
7.300477181945158600e-01
7.998592205481559470e-01
7.570494970369083809e-01
1.678942219986495343e-01
1.517912193021159206e-01
5.965697835604322208e-01
1.943089354951947068e-01
6.050229488491600804e-01
7.171264230204644763e-01
4.590399411492117610e-01
4.597232765274500421e-01
4.623331729049100502e-01
9.186447575773249996e-01
6.120038860075356357e-01
9.460063197958291925e-02
5.350011358901819447e-01
6.586170215378145398e-01
5.030797935679245381e-01
5.744207617798610110e-01
6.722437128675670115e-01
6.629355371943292941e-01
1.805490103251628231e-01
1.332189905321963241e-01
6.477704577225683602e-01
6.816042388515529682e-01
5.606624103662705139e-01
6.172452884246317772e-01
7.131762915191178775e-01
4.516088300963453928e-01
4.330948082445530423e-01
1.082823133248973280e+00
3.702836512672649238e-01
5.138075406771283049e-01
6.727989091742012651e-01
4.302166422272590274e-01
5.119624923358706559e-01
5.911709621787507585e-01
5.864677834434842696e-01
5.590734945011678336e-01
5.778143024897243185e-01
6.341349788384619268e-01
6.934385731327455948e-01
7.020677249442192069e-01
1.620631521373904482e-01
5.805792055254926920e-01
6.596654876312081361e-01
5.504228754910458488e-01
6.080873075027862784e-01
6.989547871273656954e-01
4.128947171258857129e-01
4.104936738595933998e-01
1.278969824338425099e+00
3.770289893005533965e-01
6.879031714856779223e-01
7.361666829037799564e-01
7.281675308612741704e-01
7.648108307758839652e-01
7.086977631297244340e-01
1.683399352914166647e-01
1.926743226532203201e-01
5.722920953327029769e-01
6.548566997766929187e-01
5.269025587821156709e-01
5.860800411745106242e-01
6.417665627213464674e-01
6.993370018010356404e-01
4.096171718533191397e-01
4.064808567120294369e-01
4.122753821872335300e-01
4.595083168118763717e-01
5.974297063195485036e-01
5.821851829616732088e-01
6.346765966947631732e-01
7.064568807084655733e-01
3.549079192033671171e-01
3.301124643161046368e-01
3.698225268473245286e-01
3.818702024240804849e-01
3.539104599356027170e-01
2.079496254674285449e+00
1.772937131517501763e+00
3.792546373439117380e-01
4.184962525876438355e-01
3.630811445925836156e-01
2.439535262183804232e+00
3.837718632436997734e-01
4.114880817822491599e-01
4.078232545174660939e-01
2.874591457203855782e+00
4.185342959322749801e-01
4.448654454071886977e-01
4.117929087326610005e-01
4.412325036022726188e-01
4.205010317251585694e-01
3.426088743744616583e+00
4.579403483482299975e-01
4.763096496498859800e-01
4.406348646179755191e-01
4.572933467737474444e-01
4.683980236034913647e-01
4.707248212571285007e-01
4.545737414833975198e-01
4.185754564408716405e+00
4.513868335105516993e-01
4.654108056135417559e-01
4.638260587863360374e-01
4.708285256119600914e-01
4.707151666305318671e-01
5.418069840139630777e+00
4.373328494117439957e-01
4.558546045603959485e-01
4.656550635587178300e-01
4.708150043471422963e-01
4.649836320756265962e-01
8.405839595845820966e+00
4.385655955139384776e-01
4.620538410827887410e-01
4.555686866126240631e-01
4.629304394406575929e-01
4.563138210512549531e-01
1.082322869262902643e+01
1.695427468834373741e+01
7.158643650362467525e+00
5.565912422967151052e+00
4.990823176634087588e+00
4.630383646283836363e+00
4.357694034791887994e+00
4.132063840972795887e+00
3.935715946091090434e+00
3.759246620762908719e+00
3.597350210384462788e+00
3.446994236963855318e+00
3.306480267980739463e+00
3.174901583818166007e+00
3.051810996567089873e+00
2.937013064014862618e+00
2.830433951203892740e+00
2.732039880309668156e+00
2.641785116164648617e+00
2.559577578157045785e+00
2.485255675312873169e+00
2.418573710270195409e+00
2.359194862692681305e+00
2.306690495969847987e+00
2.260543171399607143e+00
2.220149577052969114e+00
2.184819801228756742e+00
2.153771684329092828e+00
2.126123192356128566e+00
2.100890701099771274e+00
2.077004702021885141e+00
2.053354281592737696e+00
2.028865960069429875e+00
2.002611308283717140e+00
1.973924446465147531e+00
1.942500896475859440e+00
1.908449112824373906e+00
1.872277441474134774e+00
1.834818365382437477e+00
1.797110344533916493e+00
1.760267291214803853e+00
1.725363659432487706e+00
1.693352319654961358e+00
1.665019194264545144e+00
1.640968563140407177e+00
1.621628208949142502e+00
1.607263255089664611e+00
1.597989490331628737e+00
1.593779586704155760e+00
1.594458667049232004e+00
1.599689831615747071e+00
1.608955813640808197e+00
1.621548613161854613e+00
1.636581612358029236e+00
1.653034635384708295e+00
1.669830100921577243e+00
1.685920783549823554e+00
1.700354573459236018e+00
1.712278845930662152e+00
1.720863477717282208e+00
1.725156526284989944e+00
1.723930226653908049e+00
1.715609457627837786e+00
1.698378258161297838e+00
1.670513853741029342e+00
1.630900699928842901e+00
1.579561124321370968e+00
1.517969920175974652e+00
1.448963427821195582e+00
1.376217407404019655e+00
1.303471899320002070e+00
1.233800682896484480e+00
8.991729568331896516e-01
9.312660132517024403e-01
8.724493474176796548e-01
8.368594709201402360e-01
8.369700882980902756e-01
8.287352906803405750e-01
8.273015242684197412e-01
8.324183951838960427e-01
8.435152310050106905e-01
8.595524419429266816e-01
8.790419098979127543e-01
8.999968897329915229e-01
9.198467716992464460e-01
9.354324975256771424e-01
9.429646716931178174e-01
9.377105895565767124e-01
9.131741813177759459e-01
8.595473863820372040e-01
7.669056737232797794e-01
7.652808155538387558e-01
5.558716791381409505e-01
6.493362821883087443e-01
5.120847782833619632e-01
4.946982358993927131e-01
4.848490018418856184e-01
4.801196085988793105e-01
4.630926078789982525e-01
