1.697769254127361194e+01
1.081809852756636658e+01
8.401167436741237893e+00
7.131096521405600797e+00
5.527045450813766081e+00
4.948254444413570319e+00
4.589145859833622332e+00
4.321560354940983117e+00
4.103723385146136771e+00
3.916788511446665844e+00
3.750301736249911588e+00
3.597979934486772446e+00
3.455944904337843404e+00
3.321827580314558936e+00
3.194243904157004543e+00
3.072456197288474300e+00
2.956141972126521633e+00
2.845233887215734558e+00
2.739810839494419170e+00
2.640026270456332647e+00
2.546062374553300423e+00
2.458100782762522307e+00
2.376302265946801828e+00
2.300790040516274892e+00
2.231633163210660076e+00
2.168828193367367430e+00
2.112278855065781613e+00
2.061774967581240681e+00
2.016973450380747490e+00
1.977385562380618245e+00
1.942375294918335493e+00
1.911173486289261092e+00
1.882910400537270990e+00
1.856666327529874039e+00
1.831535966765971635e+00
1.806699127743727651e+00
1.781488634360387291e+00
1.755446572710452902e+00
1.728361723926875815e+00
1.700283490718750734e+00
1.671510480240096630e+00
1.642555086187886149e+00
1.614088692875678355e+00
1.586874808405935866e+00
1.561698661789742371e+00
1.539301153969907965e+00
1.520322865739158980e+00
1.505260931558099147e+00
1.494438875456246540e+00
1.487987630977771536e+00
1.485835318087604939e+00
1.487704012092981642e+00
1.493113334436718675e+00
1.501392217246289462e+00
1.511700216877409186e+00
1.523057247230142908e+00
1.534376122610352722e+00
1.544488695756180974e+00
1.552158044070598208e+00
1.556079351364582530e+00
1.554889259895757103e+00
1.547218730418041810e+00
1.531823881070130788e+00
1.507801999872403265e+00
1.474849733716849798e+00
1.433472081500535067e+00
1.385039776609206186e+00
1.331639323650078977e+00
1.275746529991041101e+00
1.219830632934916670e+00
1.166015816108847414e+00
1.115883656604736318e+00
1.070428850343051241e+00
9.014046246526791206e-01
8.880578830375949195e-01
8.785294465826442023e-01
8.720663512202148082e-01
8.759455084169271988e-01
8.849682565250325261e-01
8.990552440675234624e-01
9.176104119111053725e-01
9.393927855464832000e-01
9.624506884621636393e-01
9.841175354392496244e-01
1.001044843691260455e+00
1.009226290561965778e+00
1.003954860886242750e+00
9.796450661258578885e-01
9.294279643392966417e-01
8.443700413359580548e-01
7.155651924375256989e-01
5.522696900453221147e-01
4.184647492372762234e-01
4.360482280514696440e-01
4.447156227378065707e-01
4.436502623243114840e-01
4.353600833148317251e-01
4.347899477184943851e-01
5.409518685238759339e+00
4.136810127005822180e-01
4.315040412219506849e-01
4.402905693063825510e-01
4.307971173803296638e-01
4.302850128428362120e-01
4.180011859509891181e+00
4.123878113336894025e-01
4.391433417280102280e-01
4.424785895040712069e-01
4.364685159170959006e-01
4.355621668770120469e-01
3.425587945402220669e+00
4.173062706127125265e-01
4.309450094654201924e-01
4.470220959933021154e-01
4.476670505983874615e-01
4.457971352218560446e-01
2.881028424306334212e+00
4.271376851244225170e-01
4.041347759033581677e-01
4.369963969323171216e-01
4.471940350698510036e-01
4.456183814833498680e-01
4.413584300615860379e-01
2.454709110014810403e+00
4.207513285460079411e-01
3.933466965793250836e-01
4.298726797746404427e-01
4.328232520988779530e-01
4.393363362799488914e-01
2.105349291659325051e+00
4.073273310396693381e-01
4.068400518679639033e-01
4.216927105413243448e-01
4.161251710199737608e-01
1.811386069871756099e+00
4.020214244234713297e-01
4.128355800628435990e-01
4.116405443958743859e-01
4.076765445096018903e-01
4.131409418061430250e-01
4.077411677948289404e-01
2.160865734920340009e-01
2.032391564490791114e-01
4.807874910789499689e-01
5.717585727459659761e-01
5.516487016018263301e-01
5.303576681461795728e-01
4.018261875695532948e-01
4.265988100747021838e-01
1.165066531074962830e+00
1.346513985647102007e+00
1.265082446123834414e-01
5.214449552003288524e-01
4.922677935926167980e-01
5.062542787157127133e-01
5.252023221095389882e-01
5.618555187244048676e-01
5.661609124038351482e-01
5.680771918049163371e-01
4.105822806424498927e-01
4.159715838872389271e-01
4.185463522460223240e-01
1.015008776502610122e+00
2.681328982090631086e-01
1.093185167707900751e-01
5.247928972777514689e-01
4.699142270796702325e-01
4.631572017502796346e-01
4.740652615451307894e-01
4.838006582346751627e-01
4.852086908155882061e-01
4.915150012669204371e-01
5.002467714843347180e-01
5.081715636439706474e-01
5.290275940613359262e-01
5.507451126792252127e-01
5.763413982533418523e-01
5.365545095335138015e-01
1.973976155902043284e-01
5.020926612607637951e-01
5.198959107706107030e-01
5.467419504728139312e-01
5.861728326007427103e-01
5.603566124424724793e-01
4.151520854135853367e-01
4.287651495582154859e-01
8.930107470631927225e-01
1.892231030326134433e-01
5.283196032014777499e-01
4.641075601412893992e-01
4.790761192461998053e-01
4.884989345560550866e-01
4.964317453644309097e-01
5.105239338413118944e-01
5.408346336384769470e-01
5.399657761335171502e-01
5.377244822831721560e-01
3.342661670397040763e-01
5.082406955112019897e-01
5.050095288855493969e-01
5.430580609277170234e-01
5.904324158641689468e-01
5.724890530772520636e-01
4.217675943431520857e-01
4.156475889842945470e-01
4.326718383497377696e-01
8.338555766980212391e-01
4.920554144687848130e-01
4.851695393942095369e-01
4.728168150770691303e-01
5.229314905479137687e-01
4.100353457884041708e-01
5.158995482458449411e-01
5.159052300453783602e-01
3.108492046990441460e-01
3.981997326072700405e-01
4.815707457458979768e-01
4.771634698699283028e-01
5.201871544115646007e-01
5.589263547681365685e-01
4.731686272534019189e-01
4.894378263294580367e-01
5.114516446526647941e-01
5.149584077204704124e-01
5.754619696592052636e-01
6.208062602865895840e-01
6.033196884015025185e-01
4.339545879655087868e-01
4.359429918813199634e-01
4.315999514963113071e-01
6.816681403452437005e-01
4.234736691245117313e-01
3.450847722955575070e-01
3.561136415818871859e-01
5.229249483257825126e-01
5.745143387890833120e-01
5.771771293601316577e-01
4.047253406728872349e-01
3.358507848074300250e-01
3.950559438073490970e-01
3.804221949135172531e-01
4.833058457383023754e-01
5.248602463970282184e-01
4.950045164721540436e-01
4.549695031213010221e-01
4.724232760626000949e-01
4.991264698700387248e-01
5.165033108925211058e-01
5.261159430250123004e-01
5.401415886824524337e-01
5.693678898280999379e-01
5.986677655300647327e-01
6.042552087299892793e-01
5.728324800692174978e-01
4.375243474955516354e-01
4.212135994294689545e-01
4.358387399530612716e-01
5.758743896997413625e-01
5.006732837275252868e-01
4.707267980864452417e-01
4.612506090412011872e-01
4.710080020138356915e-01
4.994587238354864511e-01
4.334681607777512435e-01
4.485446384682573728e-01
4.280385470824998317e-01
4.047521463620599724e-01
4.992664147537061448e-01
5.204538318953392251e-01
5.212083723871964169e-01
5.219529816744631345e-01
5.451747240558804108e-01
5.077123826004918961e-01
4.030182839592884037e-01
4.473856711632258065e-01
4.389263259821346019e-01
5.041727020514266133e-01
4.820557985920108091e-01
5.096606266915214567e-01
5.326103789878953165e-01
5.605403576355655337e-01
5.261785956094692240e-01
4.122081893337740666e-01
4.259421288114039195e-01
4.359314618424584564e-01
4.332570977895853770e-01
5.065006943709948750e-01
4.617198995329936939e-01
4.469568110827512042e-01
4.971984997117017135e-01
5.147364811006291951e-01
4.704560166944524724e-01
4.696609132184541013e-01
4.518686412632260119e-01
5.859713728570501434e-01
4.993468613738837325e-01
4.858529696371913786e-01
4.456033142641911970e-01
5.856722870228318056e-01
5.878915804740921791e-01
4.381473501056403208e-01
4.358781654288043095e-01
4.588314190299149775e-01
4.324828788210137720e-01
4.106661114609954089e-01
4.116587976965531137e-01
4.899172766197543716e-01
4.767376963856283512e-01
4.846413228181695732e-01
4.799085710732817200e-01
5.132729430894991118e-01
5.548830617973549151e-01
5.342860141478220637e-01
4.065732128010495772e-01
4.457282429407715130e-01
4.284280599774899501e-01
4.278651309290767424e-01
4.661050145887409291e-01
5.391683327109590973e-01
4.933077555021045391e-01
5.570392111018390713e-01
4.360241806777050977e-01
4.449763719932146588e-01
4.560803841101305212e-01
5.448258319339835953e-01
4.390298454513101856e-01
4.347347855410005346e-01
4.622632626720186155e-01
4.515553648465825409e-01
4.477241596408153002e-01
4.687137508880739878e-01
4.683100483897486566e-01
4.564525986005633085e-01
5.064162591843278660e-01
4.242000953364118976e-01
4.184106095519807833e-01
5.196108116801734234e-01
5.403356844468222286e-01
5.699127102993258864e-01
4.451315252540954948e-01
4.458144904894599803e-01
4.506852515954534177e-01
4.045935538468415360e-01
4.104239284801993182e-01
4.268103906360264377e-01
4.736538260116938126e-01
4.638944584093716017e-01
4.591707467706758194e-01
5.333156584531613120e-01
4.769862112551561673e-01
5.086620576101951174e-01
5.392373130642026391e-01
5.513522947836267951e-01
4.014972373116066362e-01
4.361182109149642772e-01
4.295411752423208274e-01
4.187085201109000399e-01
4.737242033668545016e-01
4.125639810941297836e-01
4.179424104675023566e-01
4.838769802978968859e-01
5.078003747349334462e-01
5.182371774381470120e-01
5.225277669429863048e-01
4.437921245302768325e-01
4.518071930017708016e-01
4.535432005914621367e-01
4.564206579067430214e-01
5.453708048221580507e-01
4.995327342862811992e-01
4.378088010003182706e-01
4.504827441919219133e-01
4.493382058350414709e-01
4.551885045414009179e-01
4.658787098072864064e-01
4.661197136032312893e-01
4.612503161183512668e-01
5.249429268766581114e-01
5.248280474164327414e-01
4.125332195369094679e-01
4.118496622932088513e-01
5.281818908271885826e-01
5.327362570996405644e-01
5.449818774604965332e-01
4.466564640185944346e-01
4.496574361020949651e-01
4.477158513135670592e-01
4.118119823159991921e-01
3.998511159792554337e-01
4.565285212904564571e-01
4.586040483370140142e-01
5.480335199858478168e-01
4.750306031952718500e-01
5.309183877734605650e-01
5.441103653202462587e-01
5.446686185393904145e-01
4.000833529799307509e-01
4.192473517827206564e-01
4.179287555650169073e-01
4.129508630452544127e-01
4.795557586988433707e-01
4.445340260919402042e-01
4.839254403069395694e-01
4.988823381457527795e-01
5.015781461377027961e-01
4.545756871745901262e-01
4.597586527884028884e-01
4.734705344891674272e-01
5.300138843015472778e-01
4.286205192701332822e-01
4.340074003725512553e-01
4.555163049261120589e-01
4.597558367921318334e-01
4.578777450299089113e-01
4.692688827918402028e-01
4.642692073758133975e-01
4.632815222316788994e-01
4.565396576694005781e-01
5.223935332894437122e-01
3.965206156665893045e-01
5.373389761796703024e-01
5.362393215264779078e-01
4.412491800854050350e-01
4.551315983481010741e-01
3.877250295532742030e-01
3.737645197173207756e-01
4.573984768930063338e-01
4.610222779040478724e-01
4.988739958999803270e-01
5.159921358750050313e-01
5.361912082097143317e-01
5.502545845891098075e-01
3.919030653461393898e-01
4.116837721655886018e-01
4.149002359861235778e-01
4.689529073206942789e-01
4.756042423060923841e-01
4.334476077401761551e-01
4.910986342473732114e-01
4.883301334199435240e-01
4.929953589611145714e-01
5.147278812178497365e-01
4.631620699390787688e-01
4.660984954550148607e-01
4.701550326278037817e-01
4.774677252893473889e-01
5.450888530306665647e-01
5.085780642458349599e-01
4.448758102339850917e-01
4.617136948455240475e-01
4.598091425082383998e-01
4.707558615070590591e-01
4.600782942969353639e-01
4.582069126929346203e-01
4.709950983924420242e-01
5.160723162363280991e-01
5.199496204409257416e-01
4.104694214693073717e-01
4.124486747848790658e-01
5.324630926807170095e-01
5.302541412503594120e-01
5.487403035160863807e-01
4.487593836804568137e-01
4.613526157533234251e-01
3.790068460085277979e-01
3.716385848067654263e-01
3.736016647357842113e-01
4.531668411326361112e-01
4.341725185621830851e-01
5.105651783736696592e-01
5.350095714580483941e-01
5.421398129289751733e-01
3.847365057003439559e-01
3.812163503006719134e-01
3.880486818519443548e-01
4.979931025218068408e-01
4.276262079992532161e-01
3.907516116543375273e-01
4.852687054005849210e-01
4.923390165330239210e-01
4.935702102786345691e-01
4.741570903770354617e-01
4.832722487432391523e-01
4.871376770089465014e-01
5.149585093668626046e-01
4.321799486074088259e-01
4.337383009849961057e-01
4.627504918947805135e-01
4.620542062042278242e-01
4.694879145830947453e-01
4.541577312791947318e-01
4.583312771919061945e-01
4.850404130861274976e-01
5.415198961344133144e-01
4.045213408116772880e-01
5.197463361209453403e-01
5.160323548519181180e-01
5.392818356938150481e-01
4.500495724553393306e-01
4.480107587504150168e-01
4.469312231627475818e-01
3.870947898509795593e-01
3.924740230143217712e-01
4.332971192840582852e-01
4.188862326602391106e-01
4.037594136430185943e-01
5.416896517564502300e-01
5.205834697557154556e-01
5.535623026413561965e-01
5.530226071099971774e-01
3.336314018136863346e-01
3.473860684402612642e-01
3.451386989308089515e-01
4.092088614612157116e-01
4.912782636077909770e-01
4.873028323665520301e-01
4.843916222906743396e-01
5.050652096056040818e-01
4.716919891225034300e-01
5.161204903752739659e-01
5.258338449729412778e-01
4.913332575892212506e-01
4.433737701508963513e-01
4.637707917946022884e-01
4.647237508290821828e-01
4.664620446950811239e-01
4.566741626101769591e-01
4.517322434375860563e-01
4.989724853383242786e-01
5.803282641464069247e-01
5.637358422309034500e-01
4.162311513799961116e-01
4.024082057221036735e-01
5.304020812797255457e-01
5.305203391432685711e-01
4.492651589943288393e-01
4.475411317475582185e-01
3.850075199356606803e-01
3.755973250920447426e-01
4.290056702340920847e-01
4.603965832458879470e-01
5.279976244694286613e-01
5.285245407493216474e-01
5.599253443878299263e-01
5.741134950017028338e-01
3.526178100573347796e-01
4.258795102050758619e-01
4.770591654626967770e-01
4.784095698921337902e-01
4.908555381711297017e-01
4.709249574987354192e-01
4.555448709986877898e-01
4.323986266433720305e-01
4.675452013380101968e-01
4.554824799701061022e-01
4.532381701470007407e-01
3.976130494163590545e-01
5.310803214621327983e-01
5.148590417262550734e-01
5.381922669794074743e-01
4.504166038002043737e-01
4.488183361802966509e-01
3.624096159750217483e-01
3.514355856867258376e-01
4.772841227520070451e-01
4.751390321415479012e-01
5.183393575470565118e-01
5.446869225389543434e-01
5.628094945734763987e-01
4.384307629623718783e-01
4.099614924262379168e-01
4.724277598992953076e-01
4.748440020629503544e-01
4.827629741775122385e-01
4.477050413758748015e-01
4.646172181549117486e-01
4.858978545352146128e-01
4.211581157440984491e-01
4.085075015838036672e-01
5.322381099530646420e-01
5.259483327078973147e-01
4.520575953028801997e-01
3.448350715060456984e-01
3.252156202810791985e-01
4.581464812994900937e-01
4.758380219225308294e-01
5.246754489469206417e-01
5.515440305108989527e-01
6.156164119673613877e-01
4.426406044301565701e-01
4.541346290135382380e-01
4.367110289645352306e-01
4.690263239566241360e-01
4.390882887329643491e-01
3.935560872729373938e-01
4.046293258115780667e-01
3.822842994054660992e-01
5.284108731715513319e-01
5.047835328939299648e-01
4.957737465521246389e-01
4.537336782065871654e-01
4.563498390894555334e-01
3.318013317089810177e-01
3.457272678317588332e-01
3.535422691747600599e-01
4.787423160599315053e-01
4.832562476036342258e-01
5.778494035973856802e-01
4.606446598417650584e-01
5.096842460250121665e-01
4.838141897912955902e-01
4.437513519507981230e-01
4.387253096293996513e-01
4.580380695607332298e-01
4.150989961134455841e-01
3.849216474766156137e-01
3.931203553245965487e-01
5.178467814398147739e-01
5.391088620199184778e-01
4.572735044253542491e-01
4.561456208483428143e-01
3.761473734882329611e-01
3.865976355418856425e-01
4.822112726380424763e-01
4.894236062847598934e-01
4.795338568428354487e-01
4.424713472294234395e-01
4.171287721789207481e-01
5.438254009511381826e-01
5.326017265245772681e-01
4.365924284261267219e-01
4.718440535067130459e-01
4.853788841805118937e-01
4.240447039060596390e-01
4.260779913806388430e-01
5.035693993429556370e-01
4.648971160613570852e-01
4.594659023418919963e-01
4.564763089137474639e-01
3.788852214717636224e-01
3.781501994467791894e-01
4.884025386217056286e-01
4.897985689821601762e-01
4.260269699593615123e-01
5.349830848915722026e-01
5.364736778714590537e-01
4.479102310049944968e-01
4.330279717886316715e-01
4.894647522906708792e-01
5.046800161443956156e-01
4.302246801137851739e-01
4.384298929887086582e-01
5.547833579468158804e-01
5.459623829665060102e-01
5.105601638274692711e-01
4.834615656529608896e-01
5.045910969802033241e-01
4.930668156541350156e-01
4.914667563175083576e-01
4.580783901179338313e-01
4.574344126859673509e-01
3.747131357011443398e-01
3.886895796445775653e-01
4.854712205393912350e-01
4.836904373796406253e-01
4.307043767021715430e-01
4.202848225459517861e-01
4.784705366920670166e-01
4.873023341938011455e-01
4.592931519780332206e-01
5.327787127888814478e-01
5.229459982014087460e-01
4.284507069930644230e-01
4.269412353472808452e-01
5.053378648235720139e-01
5.055859449722902577e-01
4.312835008228841915e-01
4.294558409525031650e-01
4.537932198119818961e-01
5.226735226608431040e-01
4.016226714116486463e-01
4.115342587525649964e-01
5.298021421032811373e-01
5.320823587210116168e-01
4.794705477576795549e-01
4.607729372527596401e-01
4.705367747667688061e-01
5.157840704759025785e-01
4.948266145169298302e-01
4.579376337637127703e-01
4.595852269624735031e-01
3.904332183802003420e-01
4.121169513358506342e-01
4.218592106356141569e-01
4.803425599133852586e-01
4.859810220753251198e-01
4.091602725477090363e-01
4.146489983837528537e-01
4.822862688361437278e-01
5.070644768779297706e-01
4.646546583044402490e-01
4.768888502434054377e-01
5.200537905809339279e-01
5.504798424288895875e-01
5.504787755664860560e-01
4.314616346266204050e-01
4.868751738808917429e-01
5.903952525051008315e-01
4.249348294233957768e-01
4.413778248248293457e-01
5.025446959314187056e-01
5.101486503122092397e-01
5.096308542845406908e-01
4.293555151396495906e-01
4.268984821947711672e-01
4.862447330179405780e-01
5.107676722397477276e-01
4.029077433790461127e-01
4.043570847783437006e-01
5.370882068402593745e-01
5.127929668533466323e-01
4.825235002046386890e-01
4.752783308700500586e-01
4.572573204362412325e-01
4.643155022469647175e-01
4.927855298941287709e-01
4.920419824248687957e-01
4.629479656240995111e-01
4.626398505244500581e-01
4.128063220908535502e-01
4.103983516970947654e-01
4.817835422064585260e-01
4.915972738422427213e-01
4.904547726910820082e-01
4.178983699741332658e-01
4.896556927026471939e-01
4.947214387135429048e-01
4.628551382729688135e-01
4.683216302475921022e-01
5.512161687612741057e-01
5.630114966655812569e-01
4.420233353840584134e-01
4.300379514758059241e-01
5.421633817614929240e-01
5.619024861850712149e-01
4.225193245111868445e-01
4.252104235707508950e-01
5.117968112323197927e-01
5.190897122822969445e-01
4.207121851519061151e-01
4.191547010911165771e-01
5.101512311846871928e-01
5.133452453789798531e-01
4.026746194236384691e-01
4.097674806877901199e-01
4.244967588309166429e-01
5.128576990860056473e-01
5.349018329746668687e-01
5.321380173801348867e-01
4.869813246746796942e-01
4.774870518526959651e-01
4.620553645539252630e-01
4.651518812325130536e-01
4.888138222378599629e-01
4.909883027419189028e-01
4.628375338574807207e-01
4.046003369925899040e-01
3.982054414452592672e-01
4.909197052840440501e-01
4.924887109894773296e-01
4.284459338183570498e-01
4.265007266073895797e-01
4.915407729883179422e-01
4.877957967308413356e-01
4.684698695522553358e-01
4.646634713201666655e-01
4.798574730712260594e-01
5.489451794069153401e-01
5.410364412668627887e-01
4.256863633456616225e-01
4.169834813396662843e-01
5.599296867408873890e-01
5.746944459951390805e-01
4.251235376011243128e-01
4.201750338514929073e-01
4.389195968041018636e-01
5.100076147569140295e-01
5.116879646425421813e-01
4.194804415118931762e-01
4.204126738138954100e-01
5.067586258763345786e-01
5.092141863568723226e-01
4.090037052889244351e-01
3.992956576665072643e-01
5.284387866831340430e-01
5.327881479718925561e-01
4.820796196093981578e-01
4.806560050378849702e-01
4.606998045702279665e-01
4.689134399618146709e-01
4.877184659854817417e-01
4.888831501380612732e-01
4.645105024675575955e-01
4.624628936154448478e-01
4.010866628842241766e-01
4.063278813800634270e-01
4.816259439688391208e-01
4.844964291832444259e-01
4.297269606467154501e-01
4.174339214596751724e-01
4.889487985850619611e-01
4.881499888480639870e-01
4.616740283349534124e-01
4.620925037288496351e-01
5.288987253747879924e-01
5.516001008129139960e-01
5.716149485703435618e-01
4.166936582897306507e-01
4.118046464542987617e-01
5.702296905910300140e-01
5.634312777600699595e-01
4.161660905050094672e-01
4.167478372624052740e-01
4.911843619889835755e-01
5.123927435165631650e-01
5.167517322457613194e-01
4.230653951176473471e-01
5.089924939338821286e-01
5.054853249723432196e-01
3.915785064770863633e-01
4.015030358360416884e-01
5.167586756055471131e-01
5.206342136165633683e-01
4.785753886535791257e-01
4.861204582621393988e-01
4.628021884383121676e-01
4.716642251534302055e-01
4.864632167059880774e-01
4.870333598667372921e-01
4.709037569895083153e-01
4.667874886315019345e-01
4.066361778461697329e-01
4.200929055783634292e-01
4.275796917000701525e-01
4.747033734349300760e-01
4.796319028524358985e-01
4.885879309884558208e-01
4.153215123659244057e-01
4.115150484545229692e-01
4.868080910769451708e-01
4.842866207492138031e-01
4.629997773124107652e-01
4.571766830994449804e-01
4.674985041532870866e-01
5.589585910871028851e-01
5.560354420162937350e-01
4.078973660158906056e-01
4.156379431354650933e-01
5.634762570156557349e-01
5.552882702429104977e-01
4.204585304378058996e-01
4.245923485919008145e-01
4.391208280829588251e-01
5.170312040087799987e-01
5.228740682665118378e-01
4.255568069510165530e-01
4.323309069758318191e-01
5.010598397596921494e-01
5.005138192228555383e-01
4.065634817102788956e-01
4.246806064905543354e-01
4.341812330507998641e-01
5.000837287485215832e-01
5.063844759372556625e-01
4.749712997073776699e-01
4.786373256187382297e-01
4.668029587079937093e-01
4.701375758075919120e-01
4.848638853603722820e-01
4.844367327731428641e-01
4.591185478293998701e-01
4.715372014251326682e-01
4.224803879341867408e-01
4.186044763355746268e-01
4.722907198867641321e-01
4.771554650819658794e-01
4.023812550569128010e-01
4.241377253055850227e-01
4.863030886203428826e-01
4.787316170949105221e-01
4.557653839984966426e-01
4.537360269370832033e-01
5.503546689333861375e-01
5.437928661814120934e-01
6.213421986578646639e-01
3.982487754279159242e-01
4.261816551782211526e-01
5.538895249493622774e-01
5.424866067216781440e-01
4.246337081556175175e-01
4.151097493729881682e-01
4.973348151078206825e-01
5.035014736763065990e-01
5.176507085811831166e-01
4.326632240537383600e-01
4.366050730081118547e-01
5.032517879624630597e-01
4.976967296461485279e-01
4.281116044534936105e-01
4.181965693861534605e-01
5.004495147858810666e-01
4.993880257077756846e-01
5.078886304908489802e-01
4.735642373535605687e-01
4.714009741446723578e-01
4.852493036483312983e-01
4.843680942508069021e-01
4.685242233383032362e-01
4.157121579628811903e-01
4.143850450403716579e-01
4.894881130922622559e-01
4.773426499064619133e-01
4.278385647501952715e-01
4.922041386649916306e-01
4.508157083799199105e-01
4.435735892384468082e-01
5.617247506599609697e-01
4.566514150091328106e-01
5.458260205128062648e-01
5.410692443440144883e-01
4.212261037056633795e-01
4.249585704430400845e-01
4.302750057669782469e-01
5.098105379180873920e-01
5.192312867648198882e-01
4.367415870183128934e-01
4.192285179333229972e-01
5.000026592326036745e-01
4.942654256215581188e-01
4.199619081004791199e-01
4.175417440657230861e-01
5.027532950121638144e-01
4.941610061814840082e-01
4.740662779415804051e-01
4.686933066310960960e-01
4.704558550523182392e-01
4.735973017614542036e-01
4.839778503112751040e-01
4.830404509739409935e-01
1.111153191659792761e+00
4.115565218287587923e-01
4.063704992789987647e-01
4.966564846436133940e-01
4.921087729293077695e-01
4.497256120122503087e-01
4.472827898722327999e-01
4.517792435475297408e-01
5.798905572114182450e-01
4.344730546170641472e-01
4.408969321420161958e-01
5.366006381725952901e-01
4.705813857558083790e-01
4.249350369598851040e-01
5.072232927500410771e-01
5.030038625454444912e-01
4.331091064466955354e-01
4.377788901114000875e-01
4.441350566268224553e-01
4.821999400552142712e-01
4.770836752802640746e-01
5.047369140062053505e-01
4.757953680237600458e-01
4.704190057027624605e-01
4.725492531748827774e-01
4.820905826778573711e-01
4.815289923298651242e-01
4.804557241471690276e-01
5.454617936236553888e+00
4.025482663585169263e-01
3.972942374988109315e-01
5.036123597826005494e-01
4.788475443699296008e-01
4.481175417057847166e-01
4.584518292935517159e-01
5.991567182807322478e-01
5.743737178262815490e-01
4.258922728875002006e-01
4.284241716516239418e-01
5.073144542682977987e-01
4.424857532047135056e-01
4.549187426396410494e-01
4.849114894299836886e-01
4.699784395413659777e-01
4.778244673919801455e-01
4.718775632320068025e-01
4.789415355818184561e-01
4.828823690463123763e-01
1.704420390102839278e+01
4.168318763232091162e-01
4.143621391170276280e-01
4.965934691400737400e-01
4.400384159021679675e-01
4.381350564687556681e-01
5.770974627823736158e-01
5.781218957063875008e-01
4.402688763092292290e-01
4.326810188290533543e-01
5.417116787892356511e-01
4.879352267483726968e-01
4.604059056567616492e-01
4.493880283917446872e-01
4.784476273913056965e-01
4.990652286966413276e-01
4.802474331965680965e-01
4.920020562382707574e-01
2.752188999876462105e+01
4.289246609613253103e-01
3.957895677073557938e-01
5.025597539993891250e-01
5.069528148342914431e-01
4.446003287032970208e-01
5.383413890111476974e-01
4.491224650245064787e-01
4.045287339482963596e-01
5.093542941179027839e-01
5.352306907728359153e-01
4.530532933538893858e-01
4.631335521345900652e-01
4.777372476912007393e-01
4.836813733228069179e-01
4.617349809537795724e-01
3.151376945532390650e+01
4.288848486854479614e-01
4.143420220669912779e-01
5.048987089879649615e-01
4.964720065518136161e-01
4.381112154719914442e-01
5.781033698025075385e-01
4.491426460943971910e-01
4.327033382393797312e-01
5.093532820718474907e-01
4.879439156783264564e-01
4.530272030701863462e-01
4.492829037453250351e-01
4.991447311538143583e-01
4.836655036528036411e-01
4.919738466985229541e-01
2.752203799486160918e+01
4.168674447708861086e-01
3.973233587856949134e-01
4.788010387927578160e-01
4.399963632973050154e-01
4.584195154593500576e-01
5.770820335469647455e-01
5.743577198501197412e-01
4.402896458326807649e-01
4.284437190782318106e-01
5.417221350524824564e-01
5.073153335983558998e-01
4.602670815934981619e-01
4.547848134540095066e-01
4.783358478356717902e-01
4.718362940151951679e-01
4.802209310481219129e-01
4.828642187891373228e-01
1.704433901902122628e+01
4.025682983353002231e-01
4.063919403539962838e-01
5.035946269098914296e-01
4.920815587826090076e-01
4.480954729004633652e-01
4.517502274336188117e-01
5.991419678116454151e-01
5.798864570153168252e-01
4.259113704033816727e-01
4.409158399747281076e-01
5.030202135986950873e-01
4.423683171823016846e-01
4.440667323316017656e-01
4.850102663281224413e-01
5.048865282197020354e-01
4.700474803938969326e-01
4.702092559613831324e-01
4.778147345284856629e-01
4.819864199876539024e-01
4.789240130187621958e-01
4.804429165290224901e-01
5.454678693395538680e+00
4.115792516459785277e-01
4.144092584623341180e-01
4.966245074649415225e-01
4.921669064395453597e-01
4.497224500336907127e-01
4.435700916311102193e-01
4.472596493797763584e-01
5.410534494157867025e-01
4.344915558362495989e-01
4.302924858245781858e-01
5.366070691712346852e-01
5.192410846521475776e-01
4.705643117256966268e-01
4.249148209232464501e-01
4.192082062809748821e-01
5.072320157987365574e-01
4.942647822592577955e-01
4.331627399614000340e-01
4.175884353201626542e-01
4.377110165336425829e-01
4.823514785722904374e-01
4.943190893770207928e-01
4.772359708325742411e-01
4.757826171957051931e-01
4.686583821257485627e-01
4.725840398296059508e-01
4.736031534633127760e-01
4.815163936173016968e-01
4.830312950119278748e-01
1.111173148599563953e+00
4.157352787566445662e-01
4.186292362616578777e-01
4.895038666461261068e-01
4.771745040896740453e-01
4.773711705877258238e-01
4.278700302121353771e-01
4.241141291420753023e-01
4.786874509722499615e-01
4.508197722631308024e-01
4.537512215921581937e-01
5.617123784780509999e-01
6.213117745852733131e-01
4.566779480975087235e-01
4.262244550908820262e-01
5.458158607516035987e-01
5.424926894679281686e-01
4.212360276015278959e-01
4.151154826589044666e-01
4.249732250986186233e-01
5.098001753876174602e-01
5.176304583895255940e-01
4.367216497636355332e-01
4.365867571868807251e-01
4.999998052615446387e-01
4.976925985196594127e-01
4.201789613007976265e-01
4.184002876228690715e-01
5.029288480117742877e-01
5.081314227726592136e-01
4.740021636079406742e-01
4.735657054583540804e-01
4.704599256980004918e-01
4.713893252781486964e-01
4.839687975147023979e-01
4.843619148344655012e-01
4.685329865415961414e-01
4.225041075783713129e-01
4.275980514549176381e-01
4.722986083343291286e-01
4.885964553533537202e-01
4.023593232338261716e-01
4.115008573205660158e-01
4.862545603461397303e-01
4.842325288564917618e-01
4.557850679642677094e-01
4.675190840695102046e-01
5.503404871193318115e-01
5.560211683150996231e-01
5.437711748342344276e-01
3.982937913873821900e-01
4.156767427501213974e-01
5.539008266425556881e-01
5.553035762878985038e-01
4.246382661973250872e-01
4.391236924916795958e-01
4.973298374916402809e-01
5.228659998911406870e-01
5.035000250723988824e-01
4.326447918677093774e-01
4.323133038334751044e-01
5.032456614507626602e-01
5.005089769647665943e-01
4.281748823366447465e-01
4.341753007782190865e-01
5.004914194728956600e-01
5.063683407174515150e-01
4.996401571226490312e-01
4.785962719583029545e-01
4.701245348450771022e-01
4.852432139134462696e-01
4.844330515668949233e-01
4.715448071120489915e-01
4.066547650521304957e-01
4.063368811378235690e-01
4.201083290494679878e-01
4.747200433230487904e-01
4.845202983599785629e-01
4.796579612890046751e-01
4.153095432492492356e-01
4.174252723514333407e-01
4.867516083763305801e-01
4.880885942261843913e-01
4.630315724909661035e-01
4.621283846854114530e-01
4.572004126513367628e-01
5.589360574183109831e-01
5.715874908708763469e-01
4.079343533240016861e-01
4.118393310381223138e-01
5.634980245959213541e-01
5.634574784024929395e-01
4.204550519886728344e-01
4.167441964362282314e-01
4.245926463589388411e-01
5.170203901900366494e-01
5.167438305022429290e-01
4.255422526638780178e-01
4.230503879207758722e-01
5.010523844785603753e-01
5.054776446150890390e-01
4.065104975846732804e-01
4.015397473234226799e-01
4.245935150924241008e-01
4.988992166408314222e-01
5.191475729809135187e-01
4.749069428075858301e-01
4.860908724854617335e-01
4.668014934397263227e-01
4.716414747215216252e-01
4.848603712171359881e-01
4.870320011067941213e-01
4.591288672455628994e-01
4.667932510953255454e-01
4.011019052446043176e-01
3.982302441247599356e-01
4.816490098458015012e-01
4.925115351211441506e-01
4.297199592726166917e-01
4.264953005505068284e-01
4.888877792389467736e-01
4.877306394120258792e-01
4.617116264767283651e-01
4.798961569321238962e-01
5.288632709712931534e-01
5.410003335598621010e-01
5.515735606938090285e-01
4.167256513210028657e-01
4.170125549369084750e-01
5.702505679682396966e-01
5.747201844844135321e-01
4.161580566764881972e-01
4.389096915074988670e-01
4.911937988937372657e-01
5.116984050172223020e-01
5.123890440660786583e-01
4.203986580043177490e-01
5.089842956098494797e-01
5.092024794802435528e-01
3.914955260106903756e-01
3.991852355724646584e-01
5.160349273897349986e-01
5.328920716600722418e-01
4.785342878747443351e-01
4.806201714307382633e-01
4.627858779619017926e-01
4.688798296230852203e-01
4.864620336330945927e-01
4.888839938003786689e-01
4.709093892018359484e-01
4.624668014005987593e-01
4.046205251873061792e-01
4.104222148178274243e-01
4.909424144899857123e-01
4.904732811364224676e-01
4.284600187445519737e-01
4.179047654481019558e-01
4.915079954674731466e-01
4.946953568253714684e-01
4.685034358241056407e-01
4.683539204142732615e-01
4.646943056397157545e-01
5.489030133799007727e-01
5.629656907899868168e-01
4.257108919768968214e-01
4.300587706871295546e-01
5.599537026714486165e-01
5.619288679853362556e-01
4.251146221839002814e-01
4.252007999475369560e-01
4.201663923539245005e-01
5.100123676171355314e-01
5.190826697440461546e-01
4.194670579277717803e-01
4.191423541622887328e-01
5.067517282926584654e-01
5.133267787032219642e-01
4.092651074039035386e-01
4.249340926998097512e-01
5.286145194047934259e-01
5.322636422129146672e-01
4.820625662523806976e-01
4.774699839978517324e-01
4.606720601438795692e-01
4.651169813707677347e-01
4.877194612998252410e-01
4.909912982856303176e-01
4.645121195800377967e-01
4.628390597755255853e-01
4.128292503126027579e-01
4.218763185758091505e-01
4.818013794779555381e-01
4.860039499075325953e-01
4.916208431247826582e-01
4.146663070218789549e-01
4.897049460428722356e-01
5.071488929938385848e-01
4.628754929481988523e-01
4.768994450633937121e-01
5.511665037245048193e-01
5.504127077679118463e-01
4.420383338597654310e-01
4.314740834729631769e-01
5.422324614041406088e-01
5.904549659334703549e-01
4.225106784652490899e-01
4.413691905935569482e-01
5.118108842914094181e-01
5.096432023285820678e-01
4.206984561366194364e-01
4.268877664508936021e-01
5.101526505855084048e-01
5.107662737432728806e-01
4.026404371568564899e-01
4.044711691544696230e-01
4.090343769915675831e-01
5.129846767490925386e-01
5.129195008389595412e-01
5.350648212290550765e-01
4.869302416890009533e-01
4.752809433768597769e-01
4.619895778343879877e-01
4.642597981508580496e-01
4.888172651639985378e-01
4.920485827109845056e-01
4.626370082992282695e-01
3.904494177207951111e-01
3.886915757139626226e-01
4.121319639410410129e-01
4.803663236963397476e-01
4.837125101407218075e-01
4.091812728285004197e-01
4.203502219591347400e-01
4.823675424541400414e-01
4.873552664846660387e-01
4.646676671802272285e-01
4.593425613711681899e-01
5.199790838883554533e-01
5.228472519852774836e-01
5.504096938416140894e-01
4.269377678967083978e-01
4.869062919396013323e-01
4.249320116531605795e-01
5.025702226076613766e-01
5.056072569529578287e-01
5.101446721314430999e-01
4.293460674767128893e-01
4.294471707982656095e-01
4.861958462222458199e-01
5.226437068254073948e-01
4.028403199572179738e-01
4.115357040400218769e-01
5.369744400285281216e-01
5.321078290444466452e-01
4.825120554046539723e-01
4.794850420768296817e-01
4.572024416628843735e-01
4.704684272482138607e-01
4.927897577216992508e-01
4.948366252743222060e-01
4.629476824247616973e-01
4.595793025839126078e-01
3.747240550450759988e-01
3.781743664192185328e-01
4.854999058440684356e-01
4.898288207029016239e-01
4.308107135972469859e-01
4.261196082991184353e-01
4.785182084232324495e-01
5.327572132833781060e-01
5.364428573928673449e-01
4.284462257448173883e-01
4.330180881160581863e-01
5.053724466125636416e-01
5.047125114565865767e-01
4.312733237256249907e-01
4.384222673826305150e-01
4.538100627412103294e-01
4.016298843775483185e-01
5.300234715012648312e-01
5.458372018605154308e-01
4.834474654728336263e-01
4.607326072072591150e-01
4.930462969091213288e-01
5.157988468525289694e-01
4.914650614726764899e-01
4.579330816568230600e-01
4.574266243354446204e-01
3.789073133294991735e-01
3.866139517016302096e-01
4.884298568554401587e-01
4.795269894334406868e-01
4.166359153441244190e-01
5.348823305487921953e-01
5.325121351554404914e-01
4.478993210185706619e-01
4.365819427205288039e-01
4.894973931600860584e-01
4.853856860969137377e-01
4.302275781643339347e-01
4.240419839095473376e-01
5.543178798637655724e-01
4.260998396751087824e-01
5.106045939161958369e-01
4.649145449225448035e-01
5.045836472406949325e-01
4.580674357857022483e-01
4.564681471921265832e-01
3.761547245497037228e-01
3.535097490135420406e-01
4.822361716547717836e-01
4.832895969508857470e-01
4.894558861555393103e-01
4.416189862563165702e-01
4.596849145342926657e-01
5.437396398054332725e-01
5.096577025153166129e-01
4.437459611739980048e-01
4.718684681826869620e-01
4.387369914114002123e-01
4.150955880980654600e-01
3.931445021321683941e-01
5.035537126482603210e-01
5.391411067019541425e-01
4.594538770431372821e-01
4.561342824521633088e-01
3.317948285654733764e-01
3.252178507165054411e-01
3.457115228218374803e-01
4.787569052613309117e-01
4.758599025333332122e-01
5.749732311553096276e-01
6.150144200953476803e-01
4.427113628977265569e-01
4.838145762079743561e-01
4.367078748579126812e-01
4.390993121390517340e-01
4.580285338152809693e-01
3.935600682510555504e-01
3.849338345768446579e-01
3.822684363163418864e-01
5.178492810526660328e-01
4.957776532161680128e-01
4.572582473180596407e-01
4.563359205317682465e-01
3.448289387535237172e-01
3.514363869015442177e-01
4.581779929275461849e-01
4.751645371394367934e-01
5.252532061437308331e-01
5.632145721931879345e-01
5.509015375587811292e-01
4.101406690530549626e-01
4.541428389046873182e-01
4.827690040818348738e-01
4.690667106243242568e-01
4.477369529596251785e-01
4.211872847459868230e-01
4.046125219852665933e-01
4.084890413655426489e-01
5.284108976930247392e-01
5.259476954383108804e-01
5.047806786798476608e-01
4.537144792933388016e-01
4.520365200986261045e-01
3.624310423086549715e-01
3.756295489516507380e-01
4.772930876672926148e-01
4.603630603352192319e-01
5.185536484865984619e-01
5.741587513434687207e-01
5.448942502169373814e-01
4.386771217029369341e-01
4.261602637909037150e-01
4.724371207498799241e-01
4.908624433649026453e-01
4.748482537110593760e-01
4.324238169702076529e-01
4.646408593237391638e-01
4.555229012458580917e-01
4.858767541477615470e-01
3.976175723660058670e-01
5.322261163760154679e-01
5.381993468606404152e-01
4.487954868279637188e-01
3.850178176538838204e-01
3.924624247035811697e-01
4.289757679913502875e-01
4.037450387141922059e-01
5.279632315808016063e-01
5.530150736041852255e-01
5.285769764325803921e-01
5.599363723430211826e-01
3.526252666669326130e-01
3.473504649089457774e-01
3.451839379945929043e-01
4.092402013430604391e-01
4.770764439668968571e-01
5.050891151849824512e-01
4.784222143541241867e-01
4.709383948002314746e-01
5.161444028136710216e-01
4.913306680625199041e-01
4.555676068071211060e-01
4.434241001680185312e-01
4.675568131020709228e-01
4.664882464586291300e-01
4.532239332319695224e-01
4.989690535685679662e-01
5.637249322072084290e-01
4.024224876532891959e-01
5.310530961320510945e-01
5.305027858191733170e-01
5.148633535244417914e-01
4.503948592900510750e-01
4.475149035029969968e-01
3.870845302360556572e-01
3.736014992630539711e-01
4.333027852020612802e-01
4.341802280326769736e-01
4.188620347037298464e-01
5.415401448900399872e-01
5.419982941679560851e-01
5.205445414544590532e-01
5.535160270338730371e-01
3.336464192845929877e-01
3.880668058894946038e-01
4.986609858465073652e-01
3.902948736660823426e-01
4.912951326097689808e-01
4.935894977697867225e-01
4.873251503395993889e-01
4.844088045641443685e-01
4.716965582224905140e-01
4.871352777739087481e-01
5.258271094726474360e-01
5.149570566425966112e-01
4.337700470171103051e-01
4.637925512252029092e-01
4.695062186591739684e-01
4.647401849064056734e-01
4.566725298397341648e-01
4.850477882798724938e-01
4.517098142924972914e-01
5.803299863410780191e-01
5.414890064978352680e-01
4.162602288286049723e-01
4.045510596708245532e-01
5.303983702047019300e-01
5.392697101779285740e-01
4.492401349193081983e-01
4.469063926528039632e-01
3.789504687788654014e-01
3.737244521743482983e-01
3.716505902407700734e-01
4.531753402759936544e-01
4.610607328654762749e-01
5.106118132028590884e-01
5.503122796254030780e-01
5.349008579640500693e-01
3.847603775057461539e-01
4.148914088362704033e-01
3.812608035335040002e-01
4.766270360249317273e-01
4.268218081025008104e-01
4.326528156242834267e-01
4.853089968466007820e-01
5.147637081773345225e-01
4.923646364668916031e-01
4.741758232785350247e-01
4.774559947217093536e-01
4.832905879233284074e-01
5.085748308274519180e-01
4.321793071750866799e-01
4.448952258561768569e-01
4.627599101478694910e-01
4.707547134833234281e-01
4.620711202466005196e-01
4.541858605060060117e-01
4.710360493854913178e-01
4.583373217127100774e-01
5.199255209568343084e-01
4.124902340888809138e-01
5.197391526956630647e-01
5.487315777289972774e-01
5.160298169729189421e-01
4.500299418016371344e-01
4.613314596426841274e-01
4.479870712405367716e-01
3.877370850261760982e-01
3.999464769281846910e-01
4.574014424542027224e-01
4.586120038238592489e-01
4.998810215293704728e-01
5.441356108184928209e-01
5.157233554689639732e-01
5.362265991529400200e-01
3.919415399897591690e-01
4.129621203732292689e-01
4.117067296366692664e-01
4.698552264781440391e-01
4.799997801318696133e-01
4.442469623479832208e-01
4.911365003261520257e-01
5.016140403986968366e-01
4.883669835388884661e-01
4.930199246262944035e-01
4.631669715453528013e-01
4.735308266578217573e-01
4.661083706962723117e-01
4.701761623478459273e-01
5.450872825316692705e-01
5.300162079035746210e-01
4.340162122007734102e-01
4.617167173080378162e-01
4.692530128161001568e-01
4.598159351945425022e-01
4.601040045837043180e-01
4.565526105272306179e-01
4.582467502715131813e-01
5.160449453672948383e-01
5.223531675064873037e-01
4.105165146883225091e-01
3.965638473443934831e-01
5.324447243870142898e-01
5.362229207504739525e-01
5.302409789268223150e-01
4.487422237960436711e-01
4.551128456010896106e-01
4.118282989134467997e-01
4.268260272460102644e-01
4.564894649071848942e-01
4.591063395900562560e-01
5.484526208431964589e-01
5.517100439266811041e-01
4.776055236986201380e-01
5.310469617009248022e-01
5.430381275438772581e-01
4.001238184731261138e-01
4.187191612560977050e-01
4.193186846968423587e-01
4.179576429017997086e-01
4.732757885600251124e-01
4.183060807890504607e-01
4.839079839200926547e-01
5.224649954330230495e-01
4.988994061271881386e-01
4.545857006985585813e-01
4.564095874646969531e-01
4.597720681735157355e-01
4.995608516492165974e-01
4.286024985083877192e-01
4.378029989317681614e-01
4.555120037013271617e-01
4.551742833342861116e-01
4.597473014396616930e-01
4.578789228356999197e-01
4.642686119080758345e-01
4.612411806176084372e-01
4.632899520012135897e-01
5.247552116700783253e-01
4.118978296760557045e-01
5.373219081595935753e-01
5.449575505696103717e-01
4.412279274226694747e-01
4.476931734944101238e-01
4.045800247551696871e-01
4.116821442812040877e-01
4.105163440182634238e-01
4.737024335843079137e-01
4.767915654165907346e-01
4.637437104628920892e-01
5.326013488713451371e-01
5.337282978266739697e-01
4.763896031373472395e-01
5.081404998300872444e-01
5.388495844969680704e-01
4.014713987121007466e-01
4.272776750627616527e-01
4.361510230709351732e-01
4.295567592251358091e-01
4.648507172564035339e-01
4.130410961547942850e-01
4.936272493046688359e-01
4.839937115923629296e-01
5.571467903670923594e-01
5.078544379512817120e-01
5.181860725598230744e-01
4.437921129593359604e-01
4.560629990920591070e-01
4.518172682670745233e-01
4.535507456555721850e-01
5.453631896264939938e-01
5.448177496237603945e-01
4.347222534127060389e-01
4.504652400295617865e-01
4.477246667104565203e-01
4.493230196587005842e-01
4.658744143650851433e-01
4.564525036740296193e-01
4.661064534079071286e-01
5.248644127302756202e-01
5.063845753720507270e-01
4.125844843884913238e-01
4.184395033386609231e-01
5.281600823987965265e-01
5.698799576809993050e-01
5.327155126044931244e-01
4.466398829062882547e-01
4.506794472727327916e-01
4.496411473435171224e-01
4.325612881855812608e-01
4.281322867968014867e-01
4.105156499237270773e-01
4.899782614488441546e-01
4.993480650228079853e-01
4.849184956246602174e-01
5.079511711823634368e-01
4.825039597940495861e-01
5.137095978724545153e-01
5.545981546723517397e-01
4.064605671591570712e-01
4.387264928799108343e-01
4.456085493988777846e-01
4.283550937298959971e-01
5.256137130105312805e-01
5.392934427604908487e-01
4.360242570129188588e-01
4.332420819130521350e-01
4.449738751225524869e-01
5.065800001248279560e-01
4.389930694214237428e-01
4.469445807968189244e-01
4.622547700701548079e-01
5.147342963421837059e-01
4.515430058268742330e-01
4.687151549453285049e-01
4.518875159018005405e-01
4.683050261670290704e-01
4.992149287846245342e-01
4.241979789682180924e-01
4.455836488729305600e-01
5.195878110573267650e-01
5.878271451885951349e-01
5.403001037825388986e-01
4.451168586139909733e-01
4.588215531457294216e-01
4.457988539887817736e-01
6.817499203675787545e-01
4.048294539852568819e-01
3.561454625602062385e-01
5.193387158142680482e-01
5.769991352253623917e-01
5.206377968578507209e-01
5.217229244711427683e-01
5.453969333772660244e-01
4.027288355929304342e-01
3.807464217214528990e-01
4.471938480931149096e-01
5.039238526891351988e-01
5.727327198932613550e-01
4.820289464991314721e-01
5.096747699219679184e-01
5.326338353595808650e-01
5.603748955846546975e-01
4.121586765460422686e-01
4.358001049510508151e-01
4.258944028982272756e-01
4.359007518373583245e-01
5.008850410945634435e-01
4.617250805241093770e-01
4.972134029189432813e-01
4.704579160924385328e-01
4.710402829929218327e-01
4.696634362650176087e-01
5.857163818269066624e-01
4.997420329229780855e-01
4.858400547886989607e-01
5.856207169848521854e-01
4.381374368871144287e-01
4.485258206019931970e-01
4.358629274457753167e-01
8.338746245156352099e-01
4.234314658841745738e-01
4.852057550301842048e-01
3.451385477123747325e-01
4.728326273201930441e-01
5.229317135801386796e-01
5.743645445853174936e-01
4.064310236755204753e-01
4.106445797363022510e-01
3.361360229583491011e-01
3.942508685809017477e-01
5.111975610549176485e-01
4.826109983053620822e-01
5.237294992029755125e-01
4.934178033238725836e-01
4.535908488509358683e-01
4.723353595066003274e-01
4.992288859339992224e-01
5.167259902713169373e-01
5.263050943363128953e-01
5.402253585062170016e-01
5.693628488016000411e-01
5.986210200892645439e-01
6.040641043987167169e-01
4.375701963986497467e-01
3.982160266519429448e-01
4.211743068955302038e-01
5.758470452275517015e-01
5.589566913503276613e-01
4.707400433878743407e-01
4.894659033744476750e-01
4.612631469634898562e-01
6.036107153977497974e-01
4.334602241907558606e-01
4.315862520221105947e-01
8.930185411020903352e-01
4.920949299613358585e-01
5.238243591646744024e-01
5.164605805699359342e-01
3.108895991287214389e-01
1.891991539418526047e-01
4.813362551445820592e-01
5.379028855764016459e-01
4.771070666054875731e-01
5.202164826182996693e-01
4.731787072559617280e-01
3.342685415124076465e-01
5.106384016644329726e-01
5.717102654417719476e-01
5.148038368718372837e-01
5.755766526525503135e-01
6.214210973345138944e-01
4.339521560041205706e-01
4.326847170959449707e-01
4.359282990142084868e-01
1.015009661574554078e+00
1.093109727930599157e-01
5.281885566686720379e-01
5.365673059083436724e-01
4.640970208964861343e-01
4.791036504110274818e-01
4.884935523668536006e-01
4.964339560161072362e-01
5.105197746639406065e-01
5.408703330719998315e-01
5.400580985546025170e-01
1.974140299979282309e-01
5.082687546552002722e-01
5.603848665446421462e-01
5.050665453218233791e-01
5.431507561574832055e-01
5.901560076705489877e-01
4.217474448409931909e-01
4.287675993411900754e-01
4.156709712928467471e-01
1.165061976253727760e+00
2.681532010810557254e-01
5.248602097785346476e-01
4.700519976326091864e-01
4.632570904710359150e-01
4.741445111118584577e-01
4.838724820541599470e-01
4.852400602482566105e-01
4.915222052767229122e-01
5.002546848953129954e-01
5.081868743538292543e-01
5.290392987167146233e-01
5.507579331309304660e-01
5.763900677909790105e-01
1.265100533551890005e-01
5.020992330491855782e-01
5.680585957794788143e-01
5.199042143029390939e-01
5.467473791084469514e-01
5.861784728390229127e-01
4.151576218478243985e-01
4.185702858340672461e-01
1.346504706519731087e+00
2.032581674116923920e-01
5.213396775118964710e-01
5.303059697933185657e-01
4.921876844574685772e-01
5.061963364125466880e-01
5.251953926214913970e-01
5.618734236148474892e-01
5.661457633225982500e-01
4.104967855618044115e-01
4.268815572748379528e-01
4.159537115381534145e-01
2.160775706418604225e-01
4.807648667885732752e-01
5.717834187539878599e-01
5.516490456514361318e-01
4.020312925908304802e-01
4.077259986866806352e-01
4.076681095491713203e-01
4.115972706552578630e-01
4.132124895818565236e-01
2.105327664639713436e+00
1.811368471760322452e+00
4.020008799334663929e-01
4.160958927227446091e-01
4.128195695005218435e-01
2.454683269635449694e+00
4.072960412994356960e-01
4.392996608754322629e-01
4.068162460099625233e-01
4.216685103756863673e-01
2.880997926678412036e+00
4.207370993783425828e-01
4.413482465521366693e-01
3.933317538788913548e-01
4.298565240522690956e-01
4.327967757574022190e-01
3.425551923755053352e+00
4.271422265152767794e-01
4.457991843629743878e-01
4.041515171837637421e-01
4.370076267670119363e-01
4.471888741951107749e-01
4.456009847658845002e-01
4.179968557277456753e+00
4.173067461536092426e-01
4.355616480375718025e-01
4.309437145561674232e-01
4.470155626923930647e-01
4.476637344399614915e-01
5.409463794281391458e+00
4.123907403972202901e-01
4.302913720012844223e-01
4.391477893044538616e-01
4.424840308820611745e-01
4.364687320551928762e-01
8.401084216868216714e+00
4.136817764105398254e-01
4.347915439449593356e-01
4.315124410977790870e-01
4.403042663230604670e-01
4.308035149820005349e-01
1.081799302489029557e+01
1.697752748414601598e+01
7.131026650240967157e+00
5.526991043681953819e+00
4.948205641278151212e+00
4.589100483863949087e+00
4.321517176446150188e+00
4.103681195858309927e+00
3.916745858217955067e+00
3.750256855837163616e+00
3.597930809773517424e+00
3.455889428067296709e+00
3.321763806428020604e+00
3.194170344906108294e+00
3.072372103892076822e+00
2.956047530608547191e+00
2.845130276005896519e+00
2.739700129217023328e+00
2.639911188183999169e+00
2.545945989630019390e+00
2.457986186699542497e+00
2.376192310563604693e+00
2.300687171711190082e+00
2.231539354363623051e+00
2.168744955305798694e+00
2.112207287441348669e+00
2.061715821074971533e+00
2.016927185322944016e+00
1.977352407906102227e+00
1.942355323749030749e+00
1.911166716592490600e+00
1.882916917069619833e+00
1.856686386629603058e+00
1.831570028404757133e+00
1.806747759654334429e+00
1.781552267735442507e+00
1.755525149112950434e+00
1.728454334030274486e+00
1.700388135237593579e+00
1.671624060812997303e+00
1.642673663033869635e+00
1.614207955657898541e+00
1.586990635701546637e+00
1.561807621376571253e+00
1.539400825943036955e+00
1.520411935499258238e+00
1.505339070864620377e+00
1.494506481221624661e+00
1.488045510743982058e+00
1.485884400470979028e+00
1.487745131959988143e+00
1.493147110368259645e+00
1.501419013321383611e+00
1.511720166212568328e+00
1.523070310267592209e+00
1.534382155774451029e+00
1.544487512827194431e+00
1.552149461575638600e+00
1.556063219102291839e+00
1.554865486475386360e+00
1.547187318443734361e+00
1.531784984192660515e+00
1.507756003179155702e+00
1.474797342786828835e+00
1.433414391274275168e+00
1.384978287593878976e+00
1.331575884104706287e+00
1.275683204576769869e+00
1.219769520403042318e+00
1.165958850952707015e+00
1.115832429018199345e+00
1.070384469556141971e+00
8.880511887142403804e-01
9.013957062737124604e-01
8.785240810322564320e-01
8.759417581849062717e-01
8.720622012163120607e-01
8.849649443018035022e-01
8.990524044827853389e-01
9.176079943183790277e-01
9.393906106961175118e-01
9.624484442738990841e-01
9.841148052687245240e-01
1.001041155430114404e+00
1.009221170503302512e+00
1.003947870260216035e+00
9.796357853516348690e-01
9.294158784565698106e-01
8.443542650686034490e-01
7.155456423269292987e-01
4.184672880909625636e-01
5.522604381549929276e-01
4.360543399869433179e-01
4.447230827802956532e-01
4.436604674605110210e-01
4.353637268788746462e-01
