1.780172218253379413e+01
1.128182464523344564e+01
8.740249286127646400e+00
7.358919018000741552e+00
5.635387155686160554e+00
4.996447078198231750e+00
4.594116975139971970e+00
4.292295821561946667e+00
4.046468339132005099e+00
3.836618321455330882e+00
3.651669025486836251e+00
3.484894067105280602e+00
3.331994409231862075e+00
3.190150557627997596e+00
3.057501834248440353e+00
2.932835497757676269e+00
2.815386769808125855e+00
2.704701428349918224e+00
2.600536441103708629e+00
2.502785559504963508e+00
2.411422251053457089e+00
2.326454931319846153e+00
2.247890785814094627e+00
2.175705370213563583e+00
2.109816051053102992e+00
2.050058392232318560e+00
1.996165873296478432e+00
1.947754779199554642e+00
1.904317481438658310e+00
1.865228173853686000e+00
1.829764814947201002e+00
1.797149015449736043e+00
1.766601801867164312e+00
1.737408328576231176e+00
1.708980368150637918e+00
1.680903874140385446e+00
1.652961556085810413e+00
1.625127006348135561e+00
1.597535203133401804e+00
1.570440743168129982e+00
1.544177063701455355e+00
1.519126479012959274e+00
1.495703896802444977e+00
1.474349892635898662e+00
1.455524402710289378e+00
1.439691919587623437e+00
1.427291985577678002e+00
1.418692998460960197e+00
1.414130998838412090e+00
1.413637482362903208e+00
1.416962124596408579e+00
1.423499300306920068e+00
1.432232810198204920e+00
1.441720797642887186e+00
1.450148668395626839e+00
1.455474896202153534e+00
1.455675821716219787e+00
1.449060148129847736e+00
1.434583540963200843e+00
1.412070984563911447e+00
1.382269604221028958e+00
1.346707942740713371e+00
1.307404754367086808e+00
1.266516642251701352e+00
1.226018610092958872e+00
1.187480095778213673e+00
1.151954538881504453e+00
1.119966627596317377e+00
1.091568666643977004e+00
1.066442103974453381e+00
1.044030090373574193e+00
1.023691245527988070e+00
1.004860163818244834e+00
9.267819664592812368e-01
9.257687225439790168e-01
9.304386809328711871e-01
9.579910316933664127e-01
9.800094478073130277e-01
1.005557602485607882e+00
1.031749943984725526e+00
1.054292327156107323e+00
1.067366383898896487e+00
1.063728496455694561e+00
1.035052103285624581e+00
9.723465006313981585e-01
8.659989742731882822e-01
7.110777962931521534e-01
5.337390242083306369e-01
4.261603782478266544e-01
4.416049885129227914e-01
4.440270195103641071e-01
4.466082849735178995e-01
4.467445904710477533e-01
5.595626300908868700e+00
4.369842819075013263e-01
4.280497039896768996e-01
4.420099128419129886e-01
4.444537809054201483e-01
4.528032872227142347e-01
4.316177061382650670e+00
4.354601939902967289e-01
4.291265146532780572e-01
4.423405437641451665e-01
4.442711775311619093e-01
4.426193030720073085e-01
3.540688706768945870e+00
4.359679145887125906e-01
4.242119707500563441e-01
4.415300997899486157e-01
4.392268465885387219e-01
4.386879959048290423e-01
4.400918867346091390e-01
2.987025444460516876e+00
4.276390193191521583e-01
4.371474959398912175e-01
4.444186277614607938e-01
4.440766542998760835e-01
4.487618832336063290e-01
2.557545295162766408e+00
4.339960980640197863e-01
4.261748638056770955e-01
4.414527374496319823e-01
4.439924075357954969e-01
4.357284173587931408e-01
4.362229171193759969e-01
2.207859937475665557e+00
4.236732927354684985e-01
4.365894500376403808e-01
4.346039925639098023e-01
4.375988863657083172e-01
1.914284459138554162e+00
4.224524017572134360e-01
4.321404324070250436e-01
4.521148642615274160e-01
4.230288158416486977e-01
4.247265985183306669e-01
4.468717805877812088e-01
3.747969878761081564e-01
3.810310536024797412e-01
4.714744690184113352e-01
4.689096597544924472e-01
4.756234662928623402e-01
5.075913341513843546e-01
4.842917607879904662e-01
4.216099011721607392e-01
4.149956901804179865e-01
4.450905151887836753e-01
1.253188192078455554e+00
1.444452443127583363e+00
4.592874589839869848e-01
4.570478963051055055e-01
4.665948734745746229e-01
3.839461491944752281e-01
4.308414026473870173e-01
4.042833380366107066e-01
4.744494110474967719e-01
4.663287771103911683e-01
4.733938544822818284e-01
4.836997444107158928e-01
4.979841579105716565e-01
4.925373716995172790e-01
4.243771902996971712e-01
4.287938377553671132e-01
4.308259720035770290e-01
1.083544614491795732e+00
3.598471204293778869e-01
4.304640986085432885e-01
4.604806160658308500e-01
4.835661554595522826e-01
4.793052982539133255e-01
4.585879914559509718e-01
4.500535710863376448e-01
4.521744092817252536e-01
4.563955022174138176e-01
4.599828134203307606e-01
4.631256867086490092e-01
4.647203525560277271e-01
4.691769757645285477e-01
4.645545806871187455e-01
4.647025143584426754e-01
4.333338027502319223e-01
4.453335239126914313e-01
4.719304078954179027e-01
4.688168865602428403e-01
4.740311026915070003e-01
4.977987642870267959e-01
4.923508875009737773e-01
4.257245283054924001e-01
4.284579594540101066e-01
4.271219872767686998e-01
9.401897130579217610e-01
4.476815380363577401e-01
4.325423886374314963e-01
4.408775363825588323e-01
4.410227247486770419e-01
4.563540957267849807e-01
4.549585104672160818e-01
4.545652852242329511e-01
4.550513453588719281e-01
4.563213823076455733e-01
4.580321255736023445e-01
4.602064207328480094e-01
4.629018845005941629e-01
4.679335465637412539e-01
4.652840476902057598e-01
4.746081982807743849e-01
4.320534104162301881e-01
4.362196690687579759e-01
4.475445893201114855e-01
4.836887456102777483e-01
4.748836766683577904e-01
4.776697475602239562e-01
4.956807683911269580e-01
4.865483232015618831e-01
4.263591615887561415e-01
4.394558116602266251e-01
7.631963007102454677e-01
4.186571531215779185e-01
4.144742467532651631e-01
3.898319427227968648e-01
4.343246060959236043e-01
4.404255451934371290e-01
4.632907991968476802e-01
4.592925457883204610e-01
4.581438347208613426e-01
4.625210150793355179e-01
4.617141436620586514e-01
4.690332680046405134e-01
4.326607705122786363e-01
4.416425522508801160e-01
4.332621318712265857e-01
4.856543217980192617e-01
4.745171202022172574e-01
4.751821485749400664e-01
4.991716113294587531e-01
4.997987504011453530e-01
4.273383381366611111e-01
4.196454271267551217e-01
4.476195296616491959e-01
4.349483247043128276e-01
3.688434541004025902e-01
2.991619077072900645e-01
3.549283133194841566e-01
3.717900385312420397e-01
4.604126431325489821e-01
4.845467536229489669e-01
4.741842076944498552e-01
4.661640506242693549e-01
4.675829721386293714e-01
4.612028854058534688e-01
4.656172245869728554e-01
4.282505379055124850e-01
4.435541072217557002e-01
4.672670187520362450e-01
4.681570536240796665e-01
4.389745129513215049e-01
4.424746695078351499e-01
4.309978400568296175e-01
4.807568430059480091e-01
4.709976845267765388e-01
4.900273527034908483e-01
4.957810275809809708e-01
4.783958382017228228e-01
4.253898591783422112e-01
4.290536444974951680e-01
4.459894606888205049e-01
4.522762396536916252e-01
4.435353998196492897e-01
4.462823416870895232e-01
4.518812743223362682e-01
4.591154573449995890e-01
4.689558314520632099e-01
4.922173371800817043e-01
3.625331746866649052e-01
4.711816881868776674e-01
4.794512224647984877e-01
4.917654413037544914e-01
4.587884828531696990e-01
4.598231282169488177e-01
4.601721248502222417e-01
4.602839657654914651e-01
4.609449255066032647e-01
4.637930853880975479e-01
4.678309712192619263e-01
4.689402897457253805e-01
4.730546272887188319e-01
4.338350651605695774e-01
4.395315226148662768e-01
4.426440053795294149e-01
4.481270439074059864e-01
4.837307720313611115e-01
4.258746117876527904e-01
4.385711299474601144e-01
4.653174893578861937e-01
4.618492381287891413e-01
4.661191240749962827e-01
4.735786771391200523e-01
4.394272982636776570e-01
4.440769945941153152e-01
4.256074628856535425e-01
4.819009047767557341e-01
4.780313999185483720e-01
4.281109658252847949e-01
4.330941905980233431e-01
4.398546483704202092e-01
4.469452369278550385e-01
4.454343422287084242e-01
4.379149564275924833e-01
4.614112181592360806e-01
4.791362249240972981e-01
4.546882556442283785e-01
4.655767203428912704e-01
4.770917540582352290e-01
4.545936437821359588e-01
4.539699916647523814e-01
4.554105606848973253e-01
4.635979030437489823e-01
4.612086774111582299e-01
4.623752435621841794e-01
4.647752741361631523e-01
4.804619444916169435e-01
4.977867761432543392e-01
4.962223156480204400e-01
4.338571250904568188e-01
4.445100059657256519e-01
4.416347564788262181e-01
4.403178644773228512e-01
4.987605515780101362e-01
4.180672575188258966e-01
4.155607463943786772e-01
4.626871613905304548e-01
4.656045871031863626e-01
4.815922335890268080e-01
4.412376225231936511e-01
4.444772351714977865e-01
4.256731808789779303e-01
5.276619735449408211e-01
4.612108456974141624e-01
4.281478926265772089e-01
4.219732764751011334e-01
4.931229013452286813e-01
5.087170390220778771e-01
4.294046865835478566e-01
4.344214305742694626e-01
4.337845006655044466e-01
4.456875857435163013e-01
4.405315880066790202e-01
4.519371734974310661e-01
4.524072299648347339e-01
4.665347791795242949e-01
4.609030804192452702e-01
4.600659989213861656e-01
4.663932471047811390e-01
4.730052247886579742e-01
5.040600032862000424e-01
4.466161089059672018e-01
4.515044799527049846e-01
4.513984829776870322e-01
4.697434734006647461e-01
5.056883288292388645e-01
4.068753073006421417e-01
4.062264501789289439e-01
4.710044589650014268e-01
4.744015088473143016e-01
4.783511131483494938e-01
4.370565467486386413e-01
4.447789264566978096e-01
4.572234701552512215e-01
5.051391992646269147e-01
4.657267036900852308e-01
4.234873011360883455e-01
4.610496662422243208e-01
4.645812276881767233e-01
4.836478352379467993e-01
4.423189296994158304e-01
4.450908758646273111e-01
4.284190769928484244e-01
5.066817437696942150e-01
4.173972717808743238e-01
4.790612534207339124e-01
4.897755998689498624e-01
4.973450086151687266e-01
4.319727255472314287e-01
4.362164988977879632e-01
4.220496950317190743e-01
4.348950228051648992e-01
4.320568470285831020e-01
4.646515229095179444e-01
4.674428548022462326e-01
4.662792084207312282e-01
4.591303476076405987e-01
4.643229086712560294e-01
4.724369665131445961e-01
4.823656217335378082e-01
4.446142474787554977e-01
4.496529373540096852e-01
4.489820711639885831e-01
4.629148806293132967e-01
5.400007137327967888e-01
4.694833937769120058e-01
4.292960910272849429e-01
4.639131185244284028e-01
4.702312382417880299e-01
4.737416587115086397e-01
4.949256633594571464e-01
4.366476007961162531e-01
4.397334878126663016e-01
4.418868886725945688e-01
4.544558410490547318e-01
4.793186943842025483e-01
4.275638057419617888e-01
4.249940009104463123e-01
4.600978788865681679e-01
4.637018374116659292e-01
4.843100089188883683e-01
4.424580622679502584e-01
4.452829722242667709e-01
4.318151696186201538e-01
5.086590656296599011e-01
4.808309645451714354e-01
4.049575863372891216e-01
4.220877989730082991e-01
4.955768616102033119e-01
4.921041086509968521e-01
4.940954844476775354e-01
4.328255746022460770e-01
4.411480668228407453e-01
4.398121663566539330e-01
4.353449833785885681e-01
4.421584229508053743e-01
4.643124074325655215e-01
4.694159878558207821e-01
4.587566328136111204e-01
4.618935532907613717e-01
4.707637051322438038e-01
4.649116023993534186e-01
4.451714794130266495e-01
4.486335531084137407e-01
4.487397538536581076e-01
4.440075196003775426e-01
4.923619007317579510e-01
4.388080643636876332e-01
4.674061778862257377e-01
4.710826353082663287e-01
4.717562255743820709e-01
4.884514144785643275e-01
4.362854538172430408e-01
4.393059994760695752e-01
4.488346036669310646e-01
4.429004056470413619e-01
4.427127590928191525e-01
4.828499096679830793e-01
4.833212065754687314e-01
4.230833729851607439e-01
4.594276179872403554e-01
4.632622325841975197e-01
4.831864396626991409e-01
4.421817673389560888e-01
4.437879363535707222e-01
4.474295693288006803e-01
4.814658212657666470e-01
4.230780985565528729e-01
4.926527679918858982e-01
4.940968387930101957e-01
4.867233863802694627e-01
4.322750907270269671e-01
4.254324214082140232e-01
4.374886133449030767e-01
4.387678612680264156e-01
4.425991517425547084e-01
4.652046412328508240e-01
4.676787301268421349e-01
4.696464557187198241e-01
4.647384662595168137e-01
4.780237033741859820e-01
4.813850486861715461e-01
4.475444733809167408e-01
4.490421018533097830e-01
4.592680746169046091e-01
4.852465456794316512e-01
4.862843611691785584e-01
4.394014547927636016e-01
4.365816650708410629e-01
4.642876992688567128e-01
4.737122925751100500e-01
4.752801836674584446e-01
4.399176550963551091e-01
4.450260149493591166e-01
4.534121214676483103e-01
4.675885708481226644e-01
4.348313331237139701e-01
4.593161759435007707e-01
4.625313596644111680e-01
4.824407330687852657e-01
4.366320657929106952e-01
4.463729625686972957e-01
4.628761387971966901e-01
4.990442777585139544e-01
4.946305195603765692e-01
4.190514046961416050e-01
4.187755864607687339e-01
4.913651236638424957e-01
4.925412529630015523e-01
5.050256884699471094e-01
4.315153290702901656e-01
4.456608392702507415e-01
4.340596529316074759e-01
4.362752612940470898e-01
4.634980395257453090e-01
4.669595743257938802e-01
4.686948653352174254e-01
4.711203784197925959e-01
4.751131094265698684e-01
4.932298103812491896e-01
4.475795591431085407e-01
4.510502388345571934e-01
4.700649933880594600e-01
4.599067280410035208e-01
4.478716942796156508e-01
4.702085101297184266e-01
4.664962148599753333e-01
4.729557629254301787e-01
4.874180591276302543e-01
4.504840038702506155e-01
4.670504867983523156e-01
4.438628526064029023e-01
4.231315893001092454e-01
4.591060318488985326e-01
4.613400219158524940e-01
4.804811800209228267e-01
4.422191741389985276e-01
4.478673734307965781e-01
4.626759861401360530e-01
4.365291919954614741e-01
4.312237885922817204e-01
4.870989977541591021e-01
4.877582983059506327e-01
5.138390509711913134e-01
4.347161197246109388e-01
4.364707659574336707e-01
4.326378116332239565e-01
4.285333739286840693e-01
4.606465173360200227e-01
4.667288087658048590e-01
4.658439240662736180e-01
4.659732051779476025e-01
4.733422498342791385e-01
4.717882702496115632e-01
4.583038096407044404e-01
4.423853411101434374e-01
4.468247783517512173e-01
4.632374096871814673e-01
4.700310410927929228e-01
4.705114387119965769e-01
4.731496949357142934e-01
4.221638025797308513e-01
4.595572854907085114e-01
4.574242194637632153e-01
4.778533967923822012e-01
4.614377907867578399e-01
4.268188127499542572e-01
4.177501687611102632e-01
4.860053863686256137e-01
4.854276104501504263e-01
5.004647825552613893e-01
4.353379009233907526e-01
4.339215326782508986e-01
4.315023492986123643e-01
4.379735884778960808e-01
4.357060056240303902e-01
4.392931682706149310e-01
4.669859135493279467e-01
4.661800213922042690e-01
4.708097715874018929e-01
4.635083469112809551e-01
4.731486235387359907e-01
4.846396841991882920e-01
4.313079984697539837e-01
4.665702451041431331e-01
4.680140884210529095e-01
4.880437214855603556e-01
4.361741573224421908e-01
4.618547764919581633e-01
4.657039422838314957e-01
4.749458338036516292e-01
4.394760710101164869e-01
4.931239175837294209e-01
4.906005795462406449e-01
4.356290037376688296e-01
4.344435161625324060e-01
4.402421063346203534e-01
4.444071989427534897e-01
4.672459869871571914e-01
4.674810653570516394e-01
4.612992500603566026e-01
4.699564245062386458e-01
4.730667568244096843e-01
4.612807182923998051e-01
4.599265621406399829e-01
4.614115337518691629e-01
4.688611589212749453e-01
4.697365504729956731e-01
4.416723597888933539e-01
4.343791640760183426e-01
4.335365415903876807e-01
4.582909960908562730e-01
4.485622735496674895e-01
4.921095678872728363e-01
4.857034823691047665e-01
5.000760326661272126e-01
4.351745514863690212e-01
4.369394791696805114e-01
4.370435151637639959e-01
4.355831943475435564e-01
4.643793285085238143e-01
4.663452381908603228e-01
4.731336332071855444e-01
4.664095893681161620e-01
4.718337890220749009e-01
4.901648053791700654e-01
4.584049083700753591e-01
4.662470162642368687e-01
4.382647464904624868e-01
4.465039205259576649e-01
5.013535306762615384e-01
4.661291643681382268e-01
4.524348070883732476e-01
4.643973260435766415e-01
4.909548054854748211e-01
4.885295790019242301e-01
4.927674809391791033e-01
4.404181503561335198e-01
4.346469574146443748e-01
4.318163226172430647e-01
4.625507121134089239e-01
4.660414969297040355e-01
4.688927358421786651e-01
4.802018279853147442e-01
4.709768523875164092e-01
4.570652302872946771e-01
4.659229773720496848e-01
4.639252039989143483e-01
4.409932661166193757e-01
4.249853074883864212e-01
5.007355703809648340e-01
4.986174379649273014e-01
4.761690586723759666e-01
4.485700299483240672e-01
4.494549006702704408e-01
4.662109794475405855e-01
4.663461325998077278e-01
4.623751877476574013e-01
4.814585113512132586e-01
4.404935018790158141e-01
4.444365365489510444e-01
4.337945236483768952e-01
4.324560077042032824e-01
4.643469366418642164e-01
4.685211534771751007e-01
4.652144840765956024e-01
4.370316293890293968e-01
4.366964621178827111e-01
4.651767800646510187e-01
4.714474700303837307e-01
4.298776057137382312e-01
4.302030863955379481e-01
4.836615212729852287e-01
4.876530573689256687e-01
4.491511512269174000e-01
4.462576412242479917e-01
4.528322106482254861e-01
4.329986743828884155e-01
4.348942727795375163e-01
4.585534442352647289e-01
4.637990975649236569e-01
4.660572840844373621e-01
4.417726781820720539e-01
4.462154347329101989e-01
4.479526996705227582e-01
4.356137183147207326e-01
4.371232415821864614e-01
4.451151479489172114e-01
4.675570375677973178e-01
4.688873262514668405e-01
4.355354051573779306e-01
4.263074362530099859e-01
4.618046529040650272e-01
4.657113097110945898e-01
4.336272692787850325e-01
4.805322833763803758e-01
4.775253457224999387e-01
4.542398969751976767e-01
4.473246580219157886e-01
4.656138797535700480e-01
4.529749047546403617e-01
4.409458822992116112e-01
4.460634580428984308e-01
4.625571789132606471e-01
4.686378036327444874e-01
4.622828415810043001e-01
4.632108612748323528e-01
4.409558604614602917e-01
4.919972986628920464e-01
4.810967776482057978e-01
4.690261770420830478e-01
4.484736744666355523e-01
4.497197455316952475e-01
4.372846216820406307e-01
4.410004593828460995e-01
4.643094994430174705e-01
4.696161428676747240e-01
4.252710517794300316e-01
4.277640849348888219e-01
4.707191260056109439e-01
5.298317525659423932e-01
4.615387806614776323e-01
4.625639590683663371e-01
4.613575657778674621e-01
4.801090972907525178e-01
4.424346558764634119e-01
4.296689991185645985e-01
4.538241231704006617e-01
4.861123929817591782e-01
4.173347603397219441e-01
4.372277400844806206e-01
4.758231094399798522e-01
4.740588123734124637e-01
4.488144595936710002e-01
4.435483700486213543e-01
4.593106603983837521e-01
4.591390319831137878e-01
4.307518987709500480e-01
4.387481017004578043e-01
4.668467036580605245e-01
4.661367447675147657e-01
4.473203081990159147e-01
4.517790359993684168e-01
4.641327493596840714e-01
4.853251543596360240e-01
4.824761730933427306e-01
4.520574003838391253e-01
4.502686588393646772e-01
4.336715778138384159e-01
4.363490945159351764e-01
4.625707070680546984e-01
4.667899351432596156e-01
4.264120297354032085e-01
4.256135408113944640e-01
4.910221108200169549e-01
5.041234606545567098e-01
4.561387396558150287e-01
4.530853296228918303e-01
4.688159229141200535e-01
4.624339776409611691e-01
4.666228262530660587e-01
4.720975512104851335e-01
4.328509108229557367e-01
4.660918901570130224e-01
4.799618766300895456e-01
4.301219077289761827e-01
4.290530548405903644e-01
4.361295418235558441e-01
4.673882962484551262e-01
4.778493088542592471e-01
4.741670910494940605e-01
4.437541261410266058e-01
4.486766028335296141e-01
4.585397209448521805e-01
4.591177714440021207e-01
4.391787223459737710e-01
4.400654925276596408e-01
4.441413166665700851e-01
4.668772320467363679e-01
4.624884781652819354e-01
4.538709808163082227e-01
4.477391054418835559e-01
4.491404824948450614e-01
4.603702729106876057e-01
4.800580713559610135e-01
4.816912406845261230e-01
4.528350163832594588e-01
4.521426926500712318e-01
4.336946744680388321e-01
4.323514398259134528e-01
4.622337880540821620e-01
4.679212547934749611e-01
4.680315665701121897e-01
4.257034696212169123e-01
4.913858601665282433e-01
4.925932178990169441e-01
4.539099114431519033e-01
4.557357844526246926e-01
4.567491425950787609e-01
4.685349927122389735e-01
4.742635327793265354e-01
4.373756325982379178e-01
4.393338862901212116e-01
4.769157364128103760e-01
4.782489654436668514e-01
4.264481598374147420e-01
4.262081843117498936e-01
4.711254567067442722e-01
4.811670328638179561e-01
4.467527056131833652e-01
4.635172895063172649e-01
4.426728904795253494e-01
4.493964245982189354e-01
4.615960006762648837e-01
4.651197587010865719e-01
4.463987643390264215e-01
4.476048231921959109e-01
4.536992899374712174e-01
4.605282566393039123e-01
4.797305167117516533e-01
4.832976579563625363e-01
4.486681636085961822e-01
4.550727727018328839e-01
4.359423651869918093e-01
4.358557573868035995e-01
4.412450713202505925e-01
4.624814824630827936e-01
4.718910745653003280e-01
4.345630807763249948e-01
4.305696946535197411e-01
4.910568699757225652e-01
4.889101369420785215e-01
4.545346677133942359e-01
4.561969563086531454e-01
4.676493864901609676e-01
4.723523623785118031e-01
4.908860310947044114e-01
4.451680472286784762e-01
4.369739690833129853e-01
4.740026684478622077e-01
4.748682976840189474e-01
4.295409331448133416e-01
4.322248422237378596e-01
4.407222310970005941e-01
4.705823639831859806e-01
4.776761024322627724e-01
4.480841568492054949e-01
4.468374499169138203e-01
4.606491978050515357e-01
4.631260286313346741e-01
4.433079160083143733e-01
4.435622101246292637e-01
4.575152572351179892e-01
4.638846613368771132e-01
4.441370573551927659e-01
4.477072146817318021e-01
4.550424093458433350e-01
4.572830949630113384e-01
4.836112106302613012e-01
4.885717055065834091e-01
4.480977019888210955e-01
4.557886469488718340e-01
4.397308616529770342e-01
4.409977538468022318e-01
4.633925782228701662e-01
4.643501892821966237e-01
4.324099355465813033e-01
4.244460657480987331e-01
4.868654464607373167e-01
4.806543419273862083e-01
4.542719865558927927e-01
4.529952498182159282e-01
4.571879678750004339e-01
4.646548485940708018e-01
4.631473303945308206e-01
4.952316714893437721e-01
4.356594391395552934e-01
4.485190911928661484e-01
4.738409973312814327e-01
4.687515931952358494e-01
4.345753136422722540e-01
4.292898846241836597e-01
4.632387002734200676e-01
4.712704160459157410e-01
4.513029503470002424e-01
4.456694607136795772e-01
4.617371656682333070e-01
4.646602911995417751e-01
4.422096043823688372e-01
4.401457293055640041e-01
4.570228434900358572e-01
4.632020506931430193e-01
4.624983542869972597e-01
4.490384534403052408e-01
4.614154149479872125e-01
4.870532862165277699e-01
4.836091805879539907e-01
4.506893253684962630e-01
4.564634494908750284e-01
4.341331034537946887e-01
4.342733804724795976e-01
4.581516705794551614e-01
4.626330998548157658e-01
4.634624850133833851e-01
4.297390219747464490e-01
4.288895319577127330e-01
4.803277620167863415e-01
4.711490056391047232e-01
4.528828851128379185e-01
4.521263048954884400e-01
4.696450900356127223e-01
4.561257298237679780e-01
4.278902144929980222e-01
4.548494463010286371e-01
4.828767665782306429e-01
4.303850411569704049e-01
4.260159229253732693e-01
4.707015788468662532e-01
4.647952606078435411e-01
4.831923244662584271e-01
4.482876250945189156e-01
4.443478756435819688e-01
4.627160826408376337e-01
4.621705761910316346e-01
4.419553803277792015e-01
4.364003040507022924e-01
4.602026476779256248e-01
4.667233573822401893e-01
4.466942773028191871e-01
4.487309694840147523e-01
4.602186605750387405e-01
4.576800044579616977e-01
4.827336031179826348e-01
4.808379201225642663e-01
4.545819631206031719e-01
4.339272419736890374e-01
4.299008180832757375e-01
4.577020159362371610e-01
4.746838551272378748e-01
4.185275064856900928e-01
4.427015087607708566e-01
4.799605526210176110e-01
4.785311154362119623e-01
4.537627371480784100e-01
4.527700218750508876e-01
4.545546435094243165e-01
4.648844236238010574e-01
4.796632372324206584e-01
4.798764194864292287e-01
4.356959254936113579e-01
4.344331293074129574e-01
4.388448500892415671e-01
4.623601967571636107e-01
4.662392918567080380e-01
4.712744952610356530e-01
4.405081917114480050e-01
4.522091759448088610e-01
4.666460518489654596e-01
4.574674338132473927e-01
4.427083940752539748e-01
4.397588443537615577e-01
4.698955119800988234e-01
4.654642063446313704e-01
4.445131211792116566e-01
4.488650435946653361e-01
4.663391329978436306e-01
4.589660356433151733e-01
4.821190062568195267e-01
4.778520943241411079e-01
1.120970455722639647e+00
4.289663210389199066e-01
4.266909207339673604e-01
4.600537030906173275e-01
4.374923338604486123e-01
4.717721774201733553e-01
4.519344870775630629e-01
4.539626943134940085e-01
4.934710363475602324e-01
4.713983717362014159e-01
4.398184294642696890e-01
4.452368325806665972e-01
4.619866686894503194e-01
4.397015006971543016e-01
4.669909278581941825e-01
4.652391051832722724e-01
4.426403206641507659e-01
4.454088757956413125e-01
4.479458413786032711e-01
4.589574552361438964e-01
4.507153513374574927e-01
4.347409658219251183e-01
4.404675538462003437e-01
4.632442847379333872e-01
4.557133450110466000e-01
4.786816935085886349e-01
4.710788555761526997e-01
4.715689138068861475e-01
5.511863517334756324e+00
4.281515086491352595e-01
4.240192367820293518e-01
4.979466055404626057e-01
4.780171569986327307e-01
4.524454615518807010e-01
4.513447740646352457e-01
4.739046269884551466e-01
4.346588784351158585e-01
4.386394937853625442e-01
4.549438078294247290e-01
4.413911665736048873e-01
4.508453611223122715e-01
4.641174911559721727e-01
4.556725946610660216e-01
4.633024777276268380e-01
4.660653688257284100e-01
4.696502604137389736e-01
1.715480820865350253e+01
4.240315274066421836e-01
4.202919981659353210e-01
4.210957650550510856e-01
4.632748068821712084e-01
4.846010382909043956e-01
4.534199813933839085e-01
4.478950459112714944e-01
4.917937742018840264e-01
4.643518491953853022e-01
4.453486036190953956e-01
4.371286353863456098e-01
4.937785626611793655e-01
4.578551208908314130e-01
4.477431850112429945e-01
4.184609027483846000e-01
4.639869343178198435e-01
4.570835619774586966e-01
4.658970438532559211e-01
4.819748844388719866e-01
2.758971507823577696e+01
3.751542920459407515e-01
4.705957569230607151e-01
4.648261221766119000e-01
4.304954270146421069e-01
4.752946053778762114e-01
4.897461881720326926e-01
4.369199860031330873e-01
4.411172835187417984e-01
4.656503588468620114e-01
4.483123932429857739e-01
4.533135748284359834e-01
4.666222450064162475e-01
4.663125284075610444e-01
4.640416653147840798e-01
3.151646058975401843e+01
4.217008378981196293e-01
4.837394102722364364e-01
4.643375192224964421e-01
4.473576629112511749e-01
4.797553262090104020e-01
4.646951549554717009e-01
4.341627914774097152e-01
4.367952773762185936e-01
4.578731596042006635e-01
4.195265681626673682e-01
4.533187112387511708e-01
4.571244570142257713e-01
4.663233702118181334e-01
4.820877880249326286e-01
2.758946378086353945e+01
4.249736868338711004e-01
4.249553937305960427e-01
4.203718649976967980e-01
4.629326833701672417e-01
4.778296849263639623e-01
4.528574939285926471e-01
4.508552175479004220e-01
4.920157513444093356e-01
4.743039594803547532e-01
4.449991035177062737e-01
4.383248124979276517e-01
4.938101749743572522e-01
4.549789711836704775e-01
4.478901742294950639e-01
4.510948944668956573e-01
4.640310929761493619e-01
4.633439257267346068e-01
4.660147516631124587e-01
4.697117921917646211e-01
1.715457701158781489e+01
4.290459540588196785e-01
4.276325675474394461e-01
4.976722875222712728e-01
4.713520885639684299e-01
4.520341694304249036e-01
4.536415907035111772e-01
4.718566900231610517e-01
4.343722206554178622e-01
4.449716284143236944e-01
4.652944915804926307e-01
4.413409281311423404e-01
4.478790357431102764e-01
4.640606063557790595e-01
4.506478838562972267e-01
4.555808718885859254e-01
4.406587107228843725e-01
4.556809011175949053e-01
4.661704742358184217e-01
4.716142757628460913e-01
5.511767403445365865e+00
4.299387915945186989e-01
4.307238614483692718e-01
4.597868357683508322e-01
4.740128093177157220e-01
4.372685321542992831e-01
4.427701490318158850e-01
4.785118253236956831e-01
4.517735224391422055e-01
4.550219780184422969e-01
4.938851235272261886e-01
4.802429675841161094e-01
4.395822864928756735e-01
4.386477023379029561e-01
4.621198142211898063e-01
4.713819786207758544e-01
4.397322807655580368e-01
4.521920873210789615e-01
4.670383060702067990e-01
4.575155648826668142e-01
4.426428384113534342e-01
4.396863324256924388e-01
4.453457670145195002e-01
4.588975020375200553e-01
4.654021064721072798e-01
4.348924031907921983e-01
4.488597118175908784e-01
4.635564424231310432e-01
4.589831302730288387e-01
4.787111381755904671e-01
4.778853247194440046e-01
4.711246517848303728e-01
1.120946674485143513e+00
4.347467573931501073e-01
4.350508466548829167e-01
4.572530581396229699e-01
4.627700043380991168e-01
4.187631214802846058e-01
4.289730789281067658e-01
4.798333584716782396e-01
4.695757308194499213e-01
4.537968280163537371e-01
4.520933408069983672e-01
4.533329623312959411e-01
4.649359694726711845e-01
4.561087741716174371e-01
4.546127343946019805e-01
4.798956857767749939e-01
4.830157298383004338e-01
4.356430743203054679e-01
4.260093133709807467e-01
4.342913715523351037e-01
4.626184281340069981e-01
4.834614612912628284e-01
4.664536428217545549e-01
4.404744684405960120e-01
4.443157992841825776e-01
4.666919881374443357e-01
4.622051667052280433e-01
4.426387802344635136e-01
4.364071900732829357e-01
4.698502229057420210e-01
4.666597182646139985e-01
4.444313273595342784e-01
4.487646685352713050e-01
4.663974480423616065e-01
4.575869004885007585e-01
4.821410226363335716e-01
4.808583528175353616e-01
4.545326406189429957e-01
4.348280304930156603e-01
4.416321570017696096e-01
4.567559498378120364e-01
4.630722678530873049e-01
4.617927028871987027e-01
4.297195946713373571e-01
4.243766132995595020e-01
4.802800468200485451e-01
4.807294506776004783e-01
4.529325685801595669e-01
4.574455709512766366e-01
4.698035383028612011e-01
4.954804782530185525e-01
4.273412082244029131e-01
4.481254964411453545e-01
4.688753386818015900e-01
4.303878785428031373e-01
4.293330186755539568e-01
4.708660366929652286e-01
4.714723798688933987e-01
4.650572484402835105e-01
4.482618708066156699e-01
4.456471633054177039e-01
4.627423518697462712e-01
4.646787908820383950e-01
4.418914330143439151e-01
4.400836686732523262e-01
4.601963761397732666e-01
4.624569728415821590e-01
4.467274188298954729e-01
4.492488770535146836e-01
4.601683957995022500e-01
4.613628373462230758e-01
4.827470144071138169e-01
4.836217948896874286e-01
4.564075824860362451e-01
4.402811749026408483e-01
4.415613274096522600e-01
4.623070708216781011e-01
4.708965915668384961e-01
4.322205709830240217e-01
4.304036396813485932e-01
4.869897954811296947e-01
4.890704474835486093e-01
4.547048831449876927e-01
4.565772459625744850e-01
4.533181134842363402e-01
4.649006896632118524e-01
4.912714562062319712e-01
4.634658537480507157e-01
4.354031768861734153e-01
4.366788561060330198e-01
4.739202248366921610e-01
4.748526900248145055e-01
4.346995038360735863e-01
4.408965415982696312e-01
4.633985244025917716e-01
4.778053169332400762e-01
4.512951282537354114e-01
4.468333906675242551e-01
4.617525723731043530e-01
4.631328063352150859e-01
4.421751195168889259e-01
4.435538063819739474e-01
4.569909259362950893e-01
4.638617314963353055e-01
4.631194374700459138e-01
4.488808575532680645e-01
4.574293373712799426e-01
4.870562071960962136e-01
4.885741795946635935e-01
4.506420706762034878e-01
4.557433285359822062e-01
4.359838250799529802e-01
4.323661700231962168e-01
4.361283007600884609e-01
4.614767230197422965e-01
4.673015600410391213e-01
4.344423467585258880e-01
4.254320839790899367e-01
4.912948249306334780e-01
4.927997323893409387e-01
4.549862944813373722e-01
4.574193871271660661e-01
4.678030816230627220e-01
4.746775189516628801e-01
4.725996802339233471e-01
4.449723479030566198e-01
4.390691062816268753e-01
4.739161613120142502e-01
4.781190226352897144e-01
4.297684834745379434e-01
4.264591225370102379e-01
4.323883067153475035e-01
4.706531652006246680e-01
4.811842363173718939e-01
4.481129775057999254e-01
4.467619650084164729e-01
4.606396693636967687e-01
4.635220330521056531e-01
4.432314935446409199e-01
4.492998830435440127e-01
4.575215644133192039e-01
4.651275678329400143e-01
4.454430240752790260e-01
4.481058186682371214e-01
4.552200105813155040e-01
4.608311099599116112e-01
4.836067630256212779e-01
4.832875465333866805e-01
4.480541551014979307e-01
4.550308213984088912e-01
4.334997104584946137e-01
4.361580341549047279e-01
4.616959271795812447e-01
4.662697400866622210e-01
4.672289188404890603e-01
4.252186473174472403e-01
4.918200429793553319e-01
5.044045824501541819e-01
4.544491730381983174e-01
4.693220992083264043e-01
4.563752910968584264e-01
4.687025529331679818e-01
4.721418331728627904e-01
4.370556349299346000e-01
4.327975755052139717e-01
4.767047709571763381e-01
4.797277136370452499e-01
4.267230975040656737e-01
4.364432648892039301e-01
4.711472619935746509e-01
4.740936880374887474e-01
4.486920301608544603e-01
4.591042982148609841e-01
4.425458388164218992e-01
4.439238328143370049e-01
4.616154406177891412e-01
4.625328175713167012e-01
4.464358651813470913e-01
4.475897287642667810e-01
4.539764952893074468e-01
4.606795233205905893e-01
4.797129057423951126e-01
4.816692875178018030e-01
4.486317899306280776e-01
4.521081329439341490e-01
4.333180644217276001e-01
4.405047198694120869e-01
4.622915645112868344e-01
4.694576310414169673e-01
4.259243452148510078e-01
4.272300669462762990e-01
4.919687344541514018e-01
5.291825491377143420e-01
4.565530405434634620e-01
4.618587357196070609e-01
4.536203448891240608e-01
4.625524253644827666e-01
4.800956064365032305e-01
4.667883280627367348e-01
4.297340646959416643e-01
4.658446626676750468e-01
4.858517566205934890e-01
4.305251592487861489e-01
4.376049639406169312e-01
4.294339639734587877e-01
4.671817933953222313e-01
4.738445616902365320e-01
4.777489636929903583e-01
4.437567382346363498e-01
4.435721344047260928e-01
4.585234913595845341e-01
4.591165759533210045e-01
4.389823469285414337e-01
4.386002689929692777e-01
4.398992817802913069e-01
4.669205413375691061e-01
4.661696775496877443e-01
4.536698871979500947e-01
4.471168779450770403e-01
4.495327277710174929e-01
4.644394951963120577e-01
4.800303474100429124e-01
4.824304504245501835e-01
4.528076389619822839e-01
4.502449900717140352e-01
4.366236298458229803e-01
4.440659656639768249e-01
4.642329746287397474e-01
4.689201026687601637e-01
4.245902466351893501e-01
4.256153613920228285e-01
4.708428539630347132e-01
4.623623597459727841e-01
4.655646067813936084e-01
4.613209396779477944e-01
4.425933913703432587e-01
4.338102962555751563e-01
4.537188607543523045e-01
4.174075787714114361e-01
4.755804949326100095e-01
4.771665041365673599e-01
4.488410451305985260e-01
4.473585703098172939e-01
4.592832342724146866e-01
4.529394505521830427e-01
4.305200085201772997e-01
4.458896072061189209e-01
4.669139042122363303e-01
4.623486443630892562e-01
4.406656539670397166e-01
4.520165981366071617e-01
4.811515019675646765e-01
4.852722282656281028e-01
4.689279383280497981e-01
4.520429655023181503e-01
4.497037948745761793e-01
4.347531501330679782e-01
4.339420202820606920e-01
4.361617833337328443e-01
4.676375114111779863e-01
4.654351663455821297e-01
4.348726108982974847e-01
4.362586156464910991e-01
4.615136362024586103e-01
4.711240786990227858e-01
4.304591689543774136e-01
4.803515922631895751e-01
4.874233905685526058e-01
4.542824040212716241e-01
4.491999719128559887e-01
4.655649932845510319e-01
4.527339373649428844e-01
4.414691345609855211e-01
4.356383985497524480e-01
4.626536559784800162e-01
4.638948639911552041e-01
4.686967764787708934e-01
4.630104706952147819e-01
4.415272288613353302e-01
4.918760118854906827e-01
4.484668478505615119e-01
4.479474075959791191e-01
4.325265848872456020e-01
4.308994460034604179e-01
4.649391617244532648e-01
4.667348058066632666e-01
4.688691174230367742e-01
4.366501808746172664e-01
4.706105125024160896e-01
4.647286875329579847e-01
4.633950070171027336e-01
4.301374518616923881e-01
4.251320276327669179e-01
4.832200342267727322e-01
4.758684747503027501e-01
4.494790522384755627e-01
4.462383140252986213e-01
4.335342200286384506e-01
4.586202991384901173e-01
4.664269575014298730e-01
4.658745319094478310e-01
4.811984081275352820e-01
4.462200118447312014e-01
4.444377580488640400e-01
4.331117009242371196e-01
4.337733904302956134e-01
4.636008226417347444e-01
4.675393179242089414e-01
4.681894580255659410e-01
4.902548079469676856e-01
4.801144829277297910e-01
4.562635266212732854e-01
4.653933475761041771e-01
4.654889272092055386e-01
4.410709585957733325e-01
4.465492521251612779e-01
5.005177679700356652e-01
5.011398890789793281e-01
4.982832654764746683e-01
4.485991164831946709e-01
4.524883920441651330e-01
4.661346278944328847e-01
4.643244851495405001e-01
4.622920005162382551e-01
4.927316013294246733e-01
4.404906373489374527e-01
4.404144120480855684e-01
4.353222107354797199e-01
4.425082530248683477e-01
4.654968048343886000e-01
4.687277835417311689e-01
4.719984423993344724e-01
4.718639185236358502e-01
4.652578781161056942e-01
4.712257375362402523e-01
4.574569616435519293e-01
4.589373482377828717e-01
4.381965207126633510e-01
4.693343687839467426e-01
4.344274585180117332e-01
4.661493151966033532e-01
4.582829700863829681e-01
4.484639333081243961e-01
4.909213390186243919e-01
5.000394237974148393e-01
4.885118458708320732e-01
4.369531450221396107e-01
4.381039145695478920e-01
4.365376545028963884e-01
4.684718045250869101e-01
4.672275443336720846e-01
4.589959492392791662e-01
4.826757617614727547e-01
4.684776268709368030e-01
4.609141187717157861e-01
4.315488876519905648e-01
4.608481673880671647e-01
4.876899017279758830e-01
4.685073042956414135e-01
4.418650643806714129e-01
4.363746567584456115e-01
4.335099704235825802e-01
4.748656777925915340e-01
4.393520017091408492e-01
4.920747910640569378e-01
4.905675216695367102e-01
4.856691725645950752e-01
4.351908250485264640e-01
4.344330625199771534e-01
4.355681708761887094e-01
4.264228265792573969e-01
4.335822052075146704e-01
4.684342130901530399e-01
4.674168387050990359e-01
4.700295957726974838e-01
4.711437746663386106e-01
4.622396360011593597e-01
4.714365756298516397e-01
4.490923437994628342e-01
4.662082552509196898e-01
4.726791942305795247e-01
4.676229307041606664e-01
4.223871095401298681e-01
4.617776521032370129e-01
4.777609684603087437e-01
4.656365683794488342e-01
4.176468443265377584e-01
4.930927289373919220e-01
5.004289708236219214e-01
4.356386815050323769e-01
4.315205360690627101e-01
4.301574183917384331e-01
4.336882071458316168e-01
4.626084510410983230e-01
4.694206158356303282e-01
4.680334453668388295e-01
4.679148528407170993e-01
4.951355502640520934e-01
4.738244335683661768e-01
4.590037929562339469e-01
4.698011293802811794e-01
4.621161878143634771e-01
4.488877833048244836e-01
4.513525056571018323e-01
4.629206160158939598e-01
4.872329511937220636e-01
4.697713657399168463e-01
4.701809416380866025e-01
4.232314713542062456e-01
4.594641721303764914e-01
4.804275509225420238e-01
4.573375435031530878e-01
4.614966497993997496e-01
4.627251055167976856e-01
4.365557495173652547e-01
4.267092791633921856e-01
4.311273692198345775e-01
4.859661795117377614e-01
5.137996355767062706e-01
4.853955998638477265e-01
4.353593984759541735e-01
4.364967058731268335e-01
4.339238242796853995e-01
4.314074164705043457e-01
4.400508340087099235e-01
4.658111493831751937e-01
4.686687920764767701e-01
4.696453326301830988e-01
4.813822016967796991e-01
4.725134278279946032e-01
4.770876755068791386e-01
4.473815624168755445e-01
4.589336743044797884e-01
4.506973011364484583e-01
4.884501813234697343e-01
4.391108201691023560e-01
4.701195516900466553e-01
4.752451093380328784e-01
4.663528542736291582e-01
4.728002966429512011e-01
4.506020362987432915e-01
4.535919708327490474e-01
4.670490684227704414e-01
4.675741017786694820e-01
4.439043829240191252e-01
4.348584774407064368e-01
4.590250135893756411e-01
4.823810268779386567e-01
4.612607942772005698e-01
4.422139341469547014e-01
4.628876152361342533e-01
4.478649458891408308e-01
4.948469598037216755e-01
4.187214613154685572e-01
4.870534445592575312e-01
5.049863805140812900e-01
4.877206918013164971e-01
4.347492171880193990e-01
4.456876797252271039e-01
4.368611270287034998e-01
4.435287019536311437e-01
4.675929635298395892e-01
4.715255148551356634e-01
4.687925623017640819e-01
4.637255085531815646e-01
4.642053952557376739e-01
4.777263163122854039e-01
4.475103229110098946e-01
4.439085382396798507e-01
4.489961718486916720e-01
4.869995074898179621e-01
4.944794820122310752e-01
4.412194681352888392e-01
4.407932368899494247e-01
4.643147609705640111e-01
4.885239647008822184e-01
4.737163583368473874e-01
4.400791664059574559e-01
4.429632819805450761e-01
4.453011212707110311e-01
4.832466474323996453e-01
4.230438483241690806e-01
4.592422903948247259e-01
4.831451808949960847e-01
4.624674528042682087e-01
4.366422888952074532e-01
4.474535755653075708e-01
4.463986581560162592e-01
4.992571671537386901e-01
4.816342313680719855e-01
4.190110094420984033e-01
4.230515373822039127e-01
4.913166727824347380e-01
4.866858154248528412e-01
4.924982196221572850e-01
4.315359133108572220e-01
4.374886243710733313e-01
4.468140581309658632e-01
4.386792601658066615e-01
4.376231352177226142e-01
4.667725765252276338e-01
4.686627360839269452e-01
4.591115939377186650e-01
4.821031442957519064e-01
4.615948190706926635e-01
4.697354896578809780e-01
4.454629663133177209e-01
4.633113444994038654e-01
4.488762274575386346e-01
4.488804521726261765e-01
4.719794043866599176e-01
4.309659665655415917e-01
4.676256439978196400e-01
4.951099785715051271e-01
4.712414903726906967e-01
4.718477854396503357e-01
4.366456838339288771e-01
4.548369129564140412e-01
4.396501269120811073e-01
4.492786978807992715e-01
4.431567763092525980e-01
4.828203127926848359e-01
4.794400247985277641e-01
4.248010399090540457e-01
4.593273761023609070e-01
4.843972234612003991e-01
4.632052701961113517e-01
4.421862043938920017e-01
4.318404641541761513e-01
4.438000007573914552e-01
4.810354673678321480e-01
4.221763284468555977e-01
4.926050360089048175e-01
4.940519205269793268e-01
4.940502584105478934e-01
4.322960029351238798e-01
4.411864510389838512e-01
4.254484326224863278e-01
4.356538143757102688e-01
4.490321622484957365e-01
4.723156372046805607e-01
4.758867201050748785e-01
4.695975902847621675e-01
4.575548349387099090e-01
5.024060560549495902e-01
4.638901428313704223e-01
4.723062085571651525e-01
4.449992226461673694e-01
4.702432444498915176e-01
4.504193181439339333e-01
4.498487996612207107e-01
5.427507457413125458e-01
5.067623258077977866e-01
4.073238559611352949e-01
4.645597379237640934e-01
4.789008763278451153e-01
4.706439694202660395e-01
4.739459273521526850e-01
4.368928422418201230e-01
4.574977042560057217e-01
4.400513371439157551e-01
4.423571580842815543e-01
4.661974803004848011e-01
4.273684201057884047e-01
4.232807188482619609e-01
4.600474593847863614e-01
4.836168350485668399e-01
4.636507363869060705e-01
4.424540748985414385e-01
4.284338008326393221e-01
4.452850773711178878e-01
5.087404790972946955e-01
5.066570189005927816e-01
4.051147758317054648e-01
4.175539690032112339e-01
4.955276435690703085e-01
4.973040661972545351e-01
4.920552689285433989e-01
4.328367351101525262e-01
4.220621109821092176e-01
4.415870386953794635e-01
4.347145222440169654e-01
4.363873118795486006e-01
4.755200673889988239e-01
4.918392332000585676e-01
4.571049424411554041e-01
4.569121609118196869e-01
4.613064174350231528e-01
4.675741186000039740e-01
4.721181451623609471e-01
4.483746687534089226e-01
4.660357874641053999e-01
4.521942400026089381e-01
4.525757368201240860e-01
4.964254874672315854e-01
4.078596005460078389e-01
4.713987430536908385e-01
4.748862654877227252e-01
4.372153760799093458e-01
4.404686200954925912e-01
4.450387967017180313e-01
5.054003735442733625e-01
4.989891112884357049e-01
4.154168664428961044e-01
4.610060840903691393e-01
4.815688991853912526e-01
4.645415539833464558e-01
4.422873025451218854e-01
4.256959741509847017e-01
4.450824785646529391e-01
4.611751543717361734e-01
4.220566282252202761e-01
4.789624752167006005e-01
5.086488425994026841e-01
4.897103176840562067e-01
4.319994111053939712e-01
4.338048015374187383e-01
4.362421852938065392e-01
4.470305454205076301e-01
4.464174320130991913e-01
4.439625635203362508e-01
4.389178812346766767e-01
4.054307688915679275e-01
5.312585347765585997e-01
5.470453647572696143e-01
4.796093466068084288e-01
4.741803747650426004e-01
4.586465863511331453e-01
5.032247522087456293e-01
4.602213323975810622e-01
4.617563115852417188e-01
4.732083005270379394e-01
4.628701764425739995e-01
4.649078784134368925e-01
4.804506180495224377e-01
4.981378883975421390e-01
4.338582207418331116e-01
4.481943044935292053e-01
4.445869145992032423e-01
4.417657920347203837e-01
4.840906973134981306e-01
4.179104763940090783e-01
4.381867436521972858e-01
4.626877401955779012e-01
4.736086251352929488e-01
4.655774955254590730e-01
4.411913985321949117e-01
4.256443947580318965e-01
4.444605619518270379e-01
5.273070940398744133e-01
4.778192251553448067e-01
4.282003830815470091e-01
4.930855177883345375e-01
4.294352967199751014e-01
4.398791900612755157e-01
4.344559996343135277e-01
4.555585864963907494e-01
4.374492503562073531e-01
4.446577152576663972e-01
3.994133856752639100e-01
4.910001673127616373e-01
3.393167387143928293e-01
3.333510534694167915e-01
4.659682182019347918e-01
4.965049570344818308e-01
4.631338195809870939e-01
4.703540584071604913e-01
4.630368451082507719e-01
4.617742116773707051e-01
4.611009339786109051e-01
4.613314208304526987e-01
4.638398293266827177e-01
4.676069250379294440e-01
4.689586244425205108e-01
4.337184455179433629e-01
4.670700067138425782e-01
4.394447324080292816e-01
4.425748952000245207e-01
4.683670179904117492e-01
4.260988714328456939e-01
4.651005595905275403e-01
4.617232906235552714e-01
4.661567504170473497e-01
4.393870732570888116e-01
4.310127558740545206e-01
4.440534261676942762e-01
4.815708396283195358e-01
4.783625139003800930e-01
4.281476889250197537e-01
4.460208210143973284e-01
4.331366229734746054e-01
7.652882619290219957e-01
3.754587466895537018e-01
4.187955482685780662e-01
2.739139408018305133e-01
3.838913057266150064e-01
3.284274463758084517e-01
4.715182679420575340e-01
4.996712864966640910e-01
4.787846872497745765e-01
4.674205717857919384e-01
4.670839197086045780e-01
4.633876654400396755e-01
4.280516943284484177e-01
4.555745184588681496e-01
4.432715507590531678e-01
4.692409017795223791e-01
4.388845004190956578e-01
4.332835925060001259e-01
4.424368695741693891e-01
4.807288623492159130e-01
4.997869076166921998e-01
4.709729442975174041e-01
4.900128174734521003e-01
4.956528449614915344e-01
4.254295083903920638e-01
4.477042544761959397e-01
4.290978100304829734e-01
9.421243875007415669e-01
4.180949521319469731e-01
4.337457935476785598e-01
4.403838528016861820e-01
4.399713681823784195e-01
4.592189559539535115e-01
4.745812695543791815e-01
4.580364968460761133e-01
4.624290427905559109e-01
4.617087054132992252e-01
4.326333424416414775e-01
4.476143124012811336e-01
4.415792024577925301e-01
4.856265897942650400e-01
4.865201591286943961e-01
4.744859334816363683e-01
4.751577049380778517e-01
4.991554615868776246e-01
4.273649986885641461e-01
4.395389647518897491e-01
4.196799970424234805e-01
1.084547292044846012e+00
4.470541896373079749e-01
3.595919951394206393e-01
4.318492503414798622e-01
4.401807824546463133e-01
4.562273777284296394e-01
4.646750160603315694e-01
4.546185958459087462e-01
4.540899717822239334e-01
4.546523598625458740e-01
4.561625498223600417e-01
4.580485126466558587e-01
4.602612082663670723e-01
4.629405773493460718e-01
4.679583225265813162e-01
4.652800992617738274e-01
4.320327840979407141e-01
4.452830103965901287e-01
4.362350553710468426e-01
4.836508210817486164e-01
4.923024199145438207e-01
4.748324819942917885e-01
4.776307511669826700e-01
4.956514622912596146e-01
4.263821914651118594e-01
4.271949951115736610e-01
1.253846304981852677e+00
4.565712857531362134e-01
4.288576594378400442e-01
4.658078592975428145e-01
4.610718432675762757e-01
4.899329169027650810e-01
4.887144361852036045e-01
4.634160809013988525e-01
4.500140975591603865e-01
4.506732120517186191e-01
4.553612110250113698e-01
4.596181156789286848e-01
4.631310644326477322e-01
4.648131213367656667e-01
4.692857009536584578e-01
4.646213012759054517e-01
4.333475224303121598e-01
4.043279408258160790e-01
4.718895035438322449e-01
4.924736052580733769e-01
4.687632065602044262e-01
4.739841995045006029e-01
4.977551615381740069e-01
4.257085422698353994e-01
4.308785451544315248e-01
4.285249677115496869e-01
1.444843239037788551e+00
4.587661633555791263e-01
3.839784019312307284e-01
3.810450980129293508e-01
4.308514756584459482e-01
4.740978282369888719e-01
4.847424377519114480e-01
4.662628745263601160e-01
4.733920717837644676e-01
4.836287813725211882e-01
4.979319028337435005e-01
4.244339353833894712e-01
4.450922572350609063e-01
4.288507297984021083e-01
3.747665236795276189e-01
4.714368472008788613e-01
4.688163509978269805e-01
4.755446677648491050e-01
5.078265592843601572e-01
4.216504849156992862e-01
4.469574683411777771e-01
4.150454679567504579e-01
4.230503125932092989e-01
4.521757807418663178e-01
4.247682506024983429e-01
2.207736459729885858e+00
1.914298149537026372e+00
4.224680319033581322e-01
4.375944333905392725e-01
4.321583897203165048e-01
2.557308157603405796e+00
4.236632712685949320e-01
4.362160770888608985e-01
4.366195003943025288e-01
4.346404504932816493e-01
2.986685866116065569e+00
4.340073821498532936e-01
4.487777037407634229e-01
4.261802820849120987e-01
4.414896684268215243e-01
4.440429772193502655e-01
4.357450468255459897e-01
3.540238318300727993e+00
4.276445002844382337e-01
4.401144400706690218e-01
4.371880630169091009e-01
4.444841849325337213e-01
4.441356962577488465e-01
4.315572203714861388e+00
4.360105675439232553e-01
4.427630557824298596e-01
4.242313204014210859e-01
4.415916989537512771e-01
4.393104549726842278e-01
4.387390125754062065e-01
5.594736225594390433e+00
4.355100462220534152e-01
4.529123553337772723e-01
4.291583442384959701e-01
4.424118788723188644e-01
4.443615948994047438e-01
8.738584489624766860e+00
4.370297847134135827e-01
4.468877935228741660e-01
4.280764145285382849e-01
4.420789604559832164e-01
4.445494327324923112e-01
1.127947902779947675e+01
1.779772364428448483e+01
7.357646418350441309e+00
5.634686732302798262e+00
4.996078544553181011e+00
4.594030788477706295e+00
4.292467434666281889e+00
4.046871151181380633e+00
3.837214873479837696e+00
3.652409034864368742e+00
3.485716695875237026e+00
3.332833709359095842e+00
3.190942793937722843e+00
3.058192999163364956e+00
2.933387278394904207e+00
2.815779683116582000e+00
2.704934682991321004e+00
2.600624999811294913e+00
2.502755530349674018e+00
2.411305945183880972e+00
2.326286708042374141e+00
2.247704330844570997e+00
2.175532523248192351e+00
2.109686862930009621e+00
2.050001811391556572e+00
1.996210333496796441e+00
1.947927966023772051e+00
1.904644695884996297e+00
1.865729017473033435e+00
1.830448418028281843e+00
1.798008675121025357e+00
1.767610522209819290e+00
1.738517069616869914e+00
1.710120514842566442e+00
1.681994418363899069e+00
1.653919988553069542e+00
1.625881521705130339e+00
1.598035182224946782e+00
1.570662937794980563e+00
1.544126286302536677e+00
1.518831275793099955e+00
1.495208965747418572e+00
1.473707489773275148e+00
1.454786675448284550e+00
1.438905336756098441e+00
1.426494194881718469e+00
1.417911813010980904e+00
1.413384894014075854e+00
1.412936929673540121e+00
1.416311195732073980e+00
1.422897142863676079e+00
1.431674766197967186e+00
1.441199089863171690e+00
1.449652730231709263e+00
1.454991584731581300e+00
1.455189915695409786e+00
1.448555614541745307e+00
1.434045922047920696e+00
1.411490809519374778e+00
1.381646039089630129e+00
1.346051291533302274e+00
1.306736381220898746e+00
1.265865659641199015e+00
1.225416020369614722e+00
1.186952268032686053e+00
1.151518233062844843e+00
1.119627045120647590e+00
1.091320668666684535e+00
1.066273553083509018e+00
1.043925779362280259e+00
1.023636130144705447e+00
1.004841282456387930e+00
9.258265949854432852e-01
9.268374980931306517e-01
9.304984986188419294e-01
9.800770788017202362e-01
9.580555383644080436e-01
1.005628711160319044e+00
1.031824469242237807e+00
1.054369575027856776e+00
1.067444784911750100e+00
1.063805295966086861e+00
1.035122937385562603e+00
9.724048118348450620e-01
8.660352842638685544e-01
7.110826111724852794e-01
5.337178591402309547e-01
4.261743131035427012e-01
4.416606179288589118e-01
4.441087305433837895e-01
4.467059916413800846e-01
