1.676875490339186214e+01
1.079111916938209781e+01
8.389098885382315629e+00
7.245951071907584584e+00
5.722697510287714451e+00
5.188271914173511412e+00
4.853903699537249317e+00
4.596790804998411417e+00
4.378371108885506402e+00
4.182498201621553946e+00
4.001330028389056714e+00
3.831095486897641678e+00
3.670176741796540743e+00
3.518066885258444909e+00
3.374783741136319293e+00
3.240567967572943964e+00
3.115752179699122770e+00
3.000709780794072135e+00
2.895819100379212419e+00
2.801412352696858843e+00
2.717708606668234328e+00
2.644745919466117368e+00
2.582329139249569749e+00
2.530002876619057428e+00
2.487051097650733400e+00
2.452519307208656851e+00
2.425251894974293609e+00
2.403934396029628662e+00
2.387128574386952362e+00
2.373290018734054208e+00
2.360766036029215975e+00
2.347785900197340681e+00
2.332471376438369326e+00
2.312904477183087781e+00
2.287282350200863679e+00
2.254161032605322745e+00
2.212745493617406467e+00
2.163140668287165891e+00
2.106462325900844146e+00
2.044736052150698313e+00
1.980583023899768591e+00
1.916772225389303363e+00
1.855770201313117651e+00
1.799417293556537789e+00
1.748809437072543771e+00
1.704394205490854075e+00
1.666226972179450261e+00
1.634293459243302937e+00
1.608793080357870942e+00
1.590293295879426916e+00
1.579705587653253529e+00
1.578088787198456133e+00
1.586338307141180737e+00
1.604853025174395098e+00
1.633276465159927859e+00
1.670387695308370501e+00
1.714177737403231871e+00
1.762097113983581043e+00
1.811408154877048649e+00
1.859535240070329110e+00
1.904294243830099820e+00
1.943911050324752310e+00
1.976806121613321254e+00
2.001210833002766698e+00
2.014767019416928484e+00
2.014317368955030219e+00
1.996090852851810205e+00
1.956390228742187043e+00
1.892681075035662408e+00
1.804712143340037489e+00
1.695104173210440157e+00
1.568894015884505277e+00
1.431856944632148965e+00
1.139393992160536051e+00
1.137218078625482409e+00
1.109768761820800531e+00
9.849870677245837758e-01
8.711049673287866169e-01
8.258838242567348997e-01
7.903296702959639042e-01
7.549764381186939710e-01
7.069533734502096989e-01
6.625425276770267047e-01
6.327269026934009277e-01
6.200789913305397860e-01
6.091536563670550963e-01
5.881025776625835588e-01
5.684209454165818354e-01
5.754067107366463985e-01
5.986582901742456553e-01
6.053788650450537823e-01
5.998534172542882015e-01
5.935870411795952650e-01
6.116004150051675969e-01
6.328051291813537871e-01
6.421130705930473415e-01
6.393814581244325890e-01
6.332986769863713228e-01
6.170280669889671721e-01
5.913202768202039383e-01
5.640813913255073864e-01
5.489071391875799399e-01
5.526038986982502177e-01
5.574331816429930475e-01
5.456998242421444711e-01
5.844610116698988334e-01
5.433408389122539539e+00
5.720839569800362234e-01
5.568900484386657412e-01
5.413547967077038114e-01
5.417506380432859370e-01
5.919859561979744500e-01
4.193658787637053464e+00
5.969814610548737077e-01
5.523122042063680626e-01
5.164385152791381994e-01
5.284641145443482735e-01
5.699952707791395845e-01
3.415285795944518643e+00
6.060559394138923528e-01
5.643395934331471020e-01
5.251214545626569086e-01
5.004514662677702619e-01
5.782256070019385907e-01
2.841057637885296749e+00
5.822860601625543531e-01
6.091394841369293101e-01
5.808087017763967630e-01
5.824311768200493011e-01
5.975789338856499766e-01
6.117871842332640586e-01
5.669040386153808564e-01
4.939376426458998992e-01
4.899496590277099828e-01
2.381702515299407352e+00
4.160531953597663146e-01
3.723283653832542561e-01
4.050140957943993425e-01
4.383015318534312921e-01
4.148929425185945985e-01
1.997702965986683177e+00
3.384111519282861913e-01
2.001539115422108217e-01
1.177785738623838979e-01
5.332760867083707196e-02
1.144891673068081789e-02
-2.871759657141134247e-03
-1.582100662327498965e-03
5.879836940633803174e-06
5.559063835517284637e-04
1.670134038026183765e+00
-5.058022549580365012e-05
-3.681149059354841234e-03
5.185619675649504323e-01
3.035020815487573520e-01
7.707386887205548431e-01
7.341694769632703954e-01
1.012004206938010187e+00
1.372523449282373242e+00
1.278922429141211348e+00
3.442111874431104390e-02
4.673064769651637945e-02
9.768121504907346653e-01
6.970646752576989957e-01
1.093891756312235009e+00
1.085334850706839438e+00
1.164601651066053289e+00
1.262511170469951205e+00
1.177060867520935306e+00
2.273015990852670087e-01
1.271774221634468960e+00
5.567516655528124137e-01
4.537518094525419543e-01
1.015753957216398939e+00
1.296143656560576840e+00
1.177791784922449736e+00
3.112281657138398216e-01
9.830860459151770092e-01
1.161164919888055813e+00
4.352742427376595225e-01
1.675662186192002912e-01
1.156991330831225184e+00
7.708308798298668663e-01
4.574765420300500041e-01
4.519717123386007840e-01
6.913016910769274048e-01
8.503698626134472693e-01
9.086458040388907254e-01
9.643118967053294632e-01
1.024036951822321573e+00
9.380943242218097167e-01
2.453535563217267568e-01
2.308324284302675500e-01
8.411362399513045984e-01
5.438445544041491386e-01
8.903047449954659687e-01
1.147164661347719772e+00
1.085061543158840625e+00
4.444015554017299308e-01
5.959130440679801799e-01
8.610509062676298120e-01
7.540339170390065737e-01
7.006047899335915430e-01
7.746072156072524306e-01
1.459789762979784855e-01
7.227590444513141144e-01
5.372284931609624392e-01
7.173969573017870971e-01
1.025124254881385921e+00
1.040240048200471223e+00
9.887237696162488598e-01
2.023999439164277658e-01
7.576667085660091505e-01
7.283651001404938263e-01
9.028960878179748129e-01
6.145553080373393762e-01
5.943026773954939168e-01
7.961210242785343727e-01
4.280978053390032678e-01
5.968320233029142940e-01
7.503986397698442223e-01
8.976085016109774939e-01
9.847627530590056244e-01
1.110484389442402797e+00
1.051550846133111561e+00
5.297106464097013356e-01
1.894070785750477937e-01
9.614380064238323698e-01
9.097074421447693959e-01
8.557604650003159952e-01
9.840273986760704750e-01
9.278350879424724917e-01
7.910453830229875472e-01
6.709743292442625906e-01
5.591712801458391668e-01
4.990578098390016093e-01
6.013041327400537872e-01
8.860033770720645574e-01
1.073583639977868431e+00
1.144763430853446451e+00
1.246562039581330605e+00
1.285821045727065792e+00
1.179506023087907085e+00
2.065474658923612261e-01
6.023993148899094985e-01
2.448813644163974901e-01
2.467682565777214732e-01
9.025218236606638023e-01
7.894205052858532801e-01
6.433744375008371152e-01
6.025646671611766259e-01
6.207020793623372334e-01
7.931364503132593002e-01
5.022982885358269201e-01
4.900005021108176373e-01
4.936430289649060277e-01
9.654622535603927247e-01
5.885949696499525041e-01
5.210902867436697505e-01
8.689893728007939133e-01
1.134829663546517375e+00
1.246639833666422392e+00
1.087806732210212290e+00
1.094703245827255977e-01
8.528571833059986895e-01
7.099760579107741165e-01
7.012045819613865749e-01
2.291900485953319577e-01
1.920601551660301165e-01
6.351877894555381099e-01
6.296448672240921862e-01
1.827942000334344397e-01
5.529618989569495824e-01
4.594306934757239613e-01
6.147121325291787786e-01
6.586674110204804311e-01
6.568898006540951906e-01
8.531053785791022914e-01
5.098068533168693683e-01
5.091716882044546866e-01
7.606161431087575808e-01
5.318700720583483532e-01
8.388251359534414364e-01
1.200476182501605704e+00
1.250368964158498297e+00
3.193096374011682448e-01
5.975664712705702764e-01
2.832340903267512311e-01
5.666322100837671849e-01
3.138191326237834700e-01
4.685939339379003865e-01
7.310716332253990313e-01
7.578860973471202023e-01
7.507612555855073255e-01
4.914526295849718229e-01
4.956550388993197775e-01
5.174462708152973711e-01
1.090773038908872117e+00
8.254879894716991018e-01
7.628709022437065723e-01
7.381927279142540543e-01
4.022037480939733012e-01
5.207597769871424864e-01
5.552114529845455504e-01
6.241597214183680631e-01
3.117049070485683471e-01
5.773189891650368777e-01
6.035147662385934586e-01
2.675089611982551796e-01
2.873425728190576178e-01
3.084841633509375347e-01
3.088895826574872827e-01
4.626113404359426529e-01
6.388270032957126254e-01
4.957183650748702708e-01
2.011682031974627027e-01
1.769819451525767029e-01
2.099634738021659564e-01
7.228426680432372686e-01
6.612175158533465380e-01
6.552033282650119306e-01
6.486192003211199708e-01
7.704055986246345356e-01
4.965666697536877394e-01
4.966993667155832903e-01
5.013456742247663911e-01
5.031882644692673434e-01
5.214050534949562499e-01
5.319079676327630457e-01
5.387325574386520044e-01
5.541736200347504582e-01
7.131562867688386875e-01
5.920125766560255798e-01
5.945904468437501755e-01
5.835640028787854039e-01
5.930233234112297636e-01
6.121540168461887532e-01
6.088189159758246038e-01
4.601766776245450608e-01
5.739645551059339157e-01
3.802628478325381089e-01
4.515991248093797483e-01
6.783331527303211317e-01
5.981754814618249760e-01
6.160125957375562900e-01
4.967400273778478925e-01
5.293901124405543390e-01
5.599029044249760334e-01
2.289094163698975337e-01
2.694034301292040356e-01
3.279495321945565256e-01
4.549744926111404797e-01
4.890253271771445309e-01
7.310235654493817403e-01
7.675752588639953577e-01
8.012107966979818974e-01
6.763609702164681270e-01
4.565901917621066897e-01
4.856915848283066550e-01
4.909813079478013709e-01
5.168215362846227956e-01
5.262415942181337680e-01
4.897012365452772520e-01
5.314429230970920681e-01
5.012097064653069367e-01
4.410197018163344307e-01
5.305076777927354437e-01
5.279210895118815472e-01
5.391388048273935141e-01
5.222300175871975592e-01
5.174997709803924595e-01
7.335925404798334659e-01
1.892266376582551757e-01
2.848706953569979938e-01
1.581406389667211754e-01
2.973364073186342549e-01
4.737918784393551075e-01
5.128755294253672936e-01
6.048483352211798669e-01
5.915739484934119385e-01
6.295739910944705420e-01
5.876573002136136203e-01
5.428400606541529116e-01
4.464928581595758450e-01
4.431430063995818180e-01
4.754959174596140592e-01
5.893303395799696087e-01
5.854921676430411281e-01
5.912702707828709769e-01
4.991287847161079982e-01
4.780567762075906280e-01
6.590760274790908868e-01
5.263381312493324860e-01
5.423794792042360147e-01
5.937325374691707625e-01
7.227837755319043156e-01
7.012342237676848500e-01
7.122240016428023068e-01
6.577616589623710430e-01
2.795721216706350543e-01
4.635909017635126972e-01
3.642208146834332583e-01
3.334197435970318590e-01
3.689602092215490403e-01
4.775262320992563203e-01
4.880150310796594892e-01
4.780667911108885670e-01
5.013841105679112120e-01
5.097981010006050751e-01
5.025822152964267708e-01
4.525233996977845452e-01
4.561151176982894406e-01
4.514561845947693275e-01
6.053731414473343397e-01
4.441198871359589573e-01
5.322526325591216967e-01
5.110628477257920244e-01
4.739861305419696968e-01
5.225856860566151507e-01
5.981764908489558552e-01
5.819273321806767152e-01
5.702086424318354441e-01
5.995679579454822328e-01
6.781757191226747139e-01
5.415830799434605547e-01
5.325839442160053006e-01
4.571009483593747036e-01
4.296651951387812640e-01
4.574105449320174377e-01
5.852841310206602365e-01
5.785834089395236468e-01
5.574202650767593470e-01
5.632503567042467241e-01
5.907626670562799998e-01
6.387077269301151272e-01
5.974511395541075576e-01
6.401925747374082043e-01
6.527148438724292845e-01
7.334522271794791104e-01
7.145367258883095207e-01
1.219159043812040322e-02
2.128617000905281553e-01
2.170081306403533195e-01
3.857497250295837676e-01
5.352132719385932491e-01
5.394932399503929998e-01
4.702626839320741547e-01
4.308345858887182578e-01
4.334286296698489638e-01
4.942157072353512981e-01
4.841988589701294865e-01
3.650662433600398993e-01
2.902329834023393840e-01
4.895796620133250343e-01
5.374691892141920668e-01
5.376918668132831813e-01
5.242847931291667596e-01
5.559615247763968204e-01
5.698577353740239548e-01
5.621587456999274091e-01
5.553597928532679751e-01
6.701997295848725056e-01
6.367545829559116966e-01
4.981579217688437144e-01
4.565432863464692903e-01
4.328903108505073316e-01
4.645919707739308846e-01
5.009471377871791420e-01
5.346726590128393353e-01
5.313320884934336075e-01
5.696624267272429876e-01
6.755662528403606482e-01
6.809342677119430975e-01
6.167571366874174954e-01
5.678630789177353533e-01
6.371266105774479049e-01
6.631781385437334198e-01
6.937719308215738456e-01
6.923058704529493346e-01
7.213171234020373523e-01
7.522080800593472505e-01
5.128413050174548266e-02
8.301171896101874892e-02
3.460991561495366797e-01
4.985100334371955766e-01
5.384606289902179599e-01
5.302143069127491781e-01
5.420567664183828516e-01
5.561215571728146401e-01
4.753512295805660259e-01
5.423355304666025445e-01
5.393155292291373915e-01
5.494442648072618285e-01
5.762536315469835024e-01
5.504749069852048482e-01
5.493287359366697542e-01
5.236925652924615537e-01
7.163516495111841298e-01
5.281251046701338492e-01
5.149301581657685922e-01
5.128434079852562943e-01
5.083939246198168060e-01
5.337506439512670342e-01
5.411895520162157691e-01
5.414805686659086570e-01
5.667655133533561207e-01
7.282213023976290556e-01
4.580947839841356117e-01
6.551624199678065530e-01
6.470693452682071412e-01
6.564421948904596293e-01
7.382730350609547632e-01
7.136821392899799221e-01
-5.312214791389368038e-06
-1.639626400902683594e-04
-4.650638143326854063e-05
9.483021710850071673e-02
9.844687536405080652e-02
3.723373438763454835e-01
2.967149450126102539e-01
5.526124220832917544e-01
5.532783535429240951e-01
5.637518823438970594e-01
5.736463051033369176e-01
5.048329220708214216e-01
5.052723759965130901e-01
5.616271137545008063e-01
5.606921653308252207e-01
5.626135791861565094e-01
5.018299633096672263e-01
4.332334345046734980e-01
4.288914325518712323e-01
6.925818943519893578e-01
5.458279049441620012e-01
5.425308782374460570e-01
5.219925454247480445e-01
5.310319144664730207e-01
5.533583916886389842e-01
5.280990473780421413e-01
5.240585956826804281e-01
5.229445351490999983e-01
8.448158385264612491e-01
3.918753154139933415e-01
6.613959760602863280e-01
6.577334988282805828e-01
6.887445585878336773e-01
7.191886172002045496e-01
-2.087572425029909483e-03
1.285016580595153921e-03
-1.776862477234911241e-03
7.910873837535291331e-02
6.984389030892859673e-02
2.034768158269067984e-01
5.649114907303761646e-01
5.681870519505047845e-01
5.868261993029123547e-01
5.110276609092549993e-01
5.556981074790695585e-01
5.646120291529320712e-01
5.670714639435281423e-01
3.413363238068543581e-01
3.242966953329465829e-01
5.486795673922493233e-01
5.360135962927196074e-01
3.744047269055085780e-01
3.447571309830704256e-01
4.213877474873606865e-01
4.028957094809257899e-01
8.143590357840538863e-01
5.608359119098389467e-01
3.638665826723659347e-01
3.388917804447105220e-01
6.328215623540991430e-01
6.485597011385388910e-01
6.490204475574953280e-01
7.256020426147493652e-01
3.274850197202268665e-01
4.672311876481384518e-02
-4.857073169712778499e-03
2.743903049341353192e-02
2.058375422807442456e-01
1.656578387433549626e-01
5.688428234673039707e-01
5.772995791096847684e-01
5.938615473321000593e-01
5.303724001299758850e-01
5.279963419453306273e-01
5.505173411804969996e-01
3.571586303846004395e-01
3.170796172332420171e-01
5.464635862624526164e-01
5.418203171108109117e-01
1.328578745660833615e-01
4.491653669180508124e-01
3.659468527379425851e-01
5.835859177818816246e-01
5.244098334457919508e-01
1.067670721864805855e-02
8.313001347788361028e-03
1.400100424081559547e-01
5.633500712353022299e-01
3.912457065668058509e-01
3.931437089664712170e-01
5.383638977745413001e-01
5.294972757174039035e-01
2.423828454291701018e-01
5.660313310874631743e-01
1.341106527930193970e-01
3.955721882685339086e-01
2.867350529927049640e-01
8.401969835102379713e-02
1.204117912075220679e-03
1.234161958783001022e-03
1.687056057792186980e-01
3.550567370989841098e-01
4.733678779830380878e-01
4.928903142613814126e-01
5.001090585950365153e-01
4.420776533705672029e-01
5.740931305734437995e-01
5.997348764977272761e-01
2.059761605308148558e-01
3.952695736211587763e-01
3.854051227165739002e-01
2.077529081655474508e-01
2.169372185409454978e-01
2.316362369628615081e-01
6.216745893236386199e-04
7.346005093474725633e-01
7.554268597843722954e-01
5.499012381930363791e-01
5.295144792611241602e-01
5.568575791570857803e-01
5.250182292324809818e-01
5.097546388748160906e-01
6.232797448963612874e-01
5.284987848924520559e-01
3.833215664511351872e-01
3.870916203153406121e-01
2.170219269985086685e-01
2.526962484467062398e-01
4.882067671990431568e-01
6.778886522282317898e-04
8.348999066084398235e-01
8.081477856007301952e-01
5.196173134038826191e-01
8.585373501892669124e-01
8.464810886898546105e-01
5.132984779170023382e-01
5.493003776569650443e-01
5.351186940368631850e-01
5.418244605726429963e-01
3.870878853711155476e-01
3.650707741177649512e-01
4.554244502705801501e-01
5.875231948139505445e-01
6.192010851666465143e-01
3.391781472186669285e-04
2.905502300442732583e-02
2.512575356822190249e-03
1.368189750152256356e-01
3.402629523849502458e-01
4.285520286518751387e-01
7.460347834861882355e-01
7.317117062350902978e-01
5.360522923347531554e-01
5.845611020206729069e-01
5.244209007387695687e-01
5.213409041430395741e-01
5.209045672865670884e-01
7.722394283999217679e-01
7.526031295017658884e-01
5.482367395603555682e-01
5.755458674603498581e-01
5.820505551835897240e-01
5.728225354448330808e-01
5.652870487608891992e-01
6.699363500563763063e-01
6.702731170724324228e-01
5.650640853308240841e-01
4.890244390572009991e-01
4.992012637193024571e-01
4.646222719224910036e-01
4.107832881873452746e-01
4.781205195612155401e-01
5.685068760555435086e-01
6.240535692919748634e-01
3.329114529139557965e-01
5.515643788743390674e-01
2.621194500284068085e-01
4.158953906732902883e-01
4.800567126537822471e-01
6.269866539172770370e-01
6.259914370752510671e-01
7.199307612905945022e-05
-2.228968704242707073e-04
-3.115873460902699918e-05
-6.591655610678004776e-04
4.203948208487988114e-01
3.956002924619356209e-01
4.153139887102272332e-01
7.150491343095025654e-01
6.969916216645621887e-01
6.043481580023666311e-01
5.974528856893204232e-01
5.782716364268037923e-01
6.038922498955375806e-01
4.624392365395892379e-01
5.096811056531806994e-01
7.314866186907141854e-01
7.086641557002287817e-01
5.797555808735832539e-01
5.716756127142589294e-01
5.718923873967936000e-01
5.880034408638079579e-01
5.297636028179191214e-01
5.271798326400544132e-01
5.323494296179186458e-01
6.512798302404532169e-01
6.439478416619514034e-01
5.774030168681419939e-01
5.778194615642150422e-01
4.764279004507111503e-01
4.791191496477471556e-01
4.801232389102551013e-01
5.319809042992539316e-01
5.627618141434269639e-01
5.629521089897379094e-01
7.410793582346386632e-01
6.305082488966378129e-01
6.332764658938281332e-01
5.497690933890307941e-01
6.070955002662871136e-01
5.249736993375967442e-01
5.222995783992293584e-01
6.205834558329603734e-01
-4.100125362918543094e-06
1.023100069763799378e-04
2.845930580077880557e-06
3.978003621616248431e-01
4.068817092510025324e-01
6.794175640201920441e-01
7.085618633751249451e-01
7.125594731298467988e-01
6.127210197919658041e-01
6.078452146027100156e-01
6.092851966839049060e-01
6.207400520716981340e-01
4.782144687898187141e-01
4.899637570965565403e-01
5.055341870055130027e-01
6.879828319899292666e-01
6.835256630340499351e-01
6.812419880518382209e-01
5.756191289245116138e-01
5.714606685888689031e-01
5.971159770487581842e-01
6.104605138229258765e-01
5.327142035723833047e-01
5.565299604132005751e-01
6.405784371260383470e-01
6.474441658864241722e-01
6.466228984043953520e-01
5.783474301147736307e-01
5.721811293732304016e-01
5.323157688113578923e-01
5.605999366432902198e-01
5.177479353422270725e-01
5.007292139447424573e-01
7.581398999960584639e-01
6.917648029902321305e-01
6.453382123414105331e-01
6.355829918290798464e-01
6.300486987772164760e-01
6.030432225214880093e-01
6.036508655774461829e-01
5.058354517601804101e-01
5.084538312271981164e-01
6.424877245073923326e-01
6.718496614099002118e-01
-8.855239099397189839e-06
4.102769965919979001e-01
4.384893039327351638e-01
4.690351141172138250e-01
7.110971535335807170e-01
7.018450950735164451e-01
5.802845281656241472e-01
6.437017246149960847e-01
6.459936670699911732e-01
5.059398767988746437e-01
5.190554711364627760e-01
7.049178738446398862e-01
7.286603754971379132e-01
5.497687577094438893e-01
6.328351689508620037e-01
6.342802318398942374e-01
5.446865049704259221e-01
5.629967091651245648e-01
6.558529199379922181e-01
6.748046629052560919e-01
5.776005322304993417e-01
5.715148983889539736e-01
5.808787418311104345e-01
5.843783812091027929e-01
4.447475607924235574e-01
4.540002900417026144e-01
6.525950645397190497e-01
6.704906190061347138e-01
6.306573170443962040e-01
5.887054577956444268e-01
5.849172148088072065e-01
5.117939379447804527e-01
5.202286402470491788e-01
6.837294459935323587e-01
6.750576551325080388e-01
4.798501593793727538e-01
5.004893364411756584e-01
5.226840973904516296e-01
6.635337111371190089e-01
6.363964285005633270e-01
6.418893980771640528e-01
5.840908335923750139e-01
5.901825337697356177e-01
6.416260295094229349e-01
6.334063298358983962e-01
5.244725376038135156e-01
5.265559845809096862e-01
5.499005731175031775e-01
6.974839569029211983e-01
6.604909784757536650e-01
5.521451424255313656e-01
5.393831248694713754e-01
6.329651195403068753e-01
6.278817042594639908e-01
5.602712548225141642e-01
5.513383124491979537e-01
5.736082907971568057e-01
6.580492027977024039e-01
6.393917522337252413e-01
5.675700104951145741e-01
5.580952573726781774e-01
5.888703002269360942e-01
5.907327942603115556e-01
4.578866651193492787e-01
4.885691866633056213e-01
5.089736480036605171e-01
6.388462715271006065e-01
6.360840239420751940e-01
6.417000148984219887e-01
6.338840188054354341e-01
6.270349946271839281e-01
5.655589532440901124e-01
5.772492436725492615e-01
5.264984426390796335e-01
5.343507084211612801e-01
6.480929294704627086e-01
6.530828146711334936e-01
5.208697138671614102e-01
5.272718423645725849e-01
6.164786183450079449e-01
6.030448834512019962e-01
6.031998498082375981e-01
6.065054836850797271e-01
6.195505409319743695e-01
6.141916356330414661e-01
5.414821532953528749e-01
5.412635455012019259e-01
6.462877076608082305e-01
6.309442078030739198e-01
6.569649340134641191e-01
5.441231616610523458e-01
5.533370247264173258e-01
6.202838806512528391e-01
6.173761849921526323e-01
5.611114272201117581e-01
5.491685430534939405e-01
6.185068193803600067e-01
6.203507573274821274e-01
6.318818868804608746e-01
5.521487161346617656e-01
5.538459562928006452e-01
5.915994533352475493e-01
5.917766455428863370e-01
5.142142533928037995e-01
5.234045168415044635e-01
5.352919623084361200e-01
6.337808750530607993e-01
6.001066782615727124e-01
6.251098447536732605e-01
6.727041503521361543e-01
5.590513403144995452e-01
5.601423165940495608e-01
5.447672322594353522e-01
5.580994025762233690e-01
6.181028628910011369e-01
5.218004769628312722e-01
5.255276128388725043e-01
5.795255681011939330e-01
5.644707054597241092e-01
5.973122885670425486e-01
6.074685941511516196e-01
6.359902494615738977e-01
6.466129077829996241e-01
5.382679167822367328e-01
5.291536332348484306e-01
5.310196842135070927e-01
6.172693877176440580e-01
6.130896493595242580e-01
6.304278987491844788e-01
5.548702996985810376e-01
5.765503730122321091e-01
6.543459226771896065e-01
5.596183914340330245e-01
5.449304521176098204e-01
5.514306961634027893e-01
5.999512384816541033e-01
5.919064789382175729e-01
5.884030001481769245e-01
5.587674211289992421e-01
5.565003348475833223e-01
6.037040598104383982e-01
6.019591296819176707e-01
5.349159228772663033e-01
5.367591346440570010e-01
5.783657205238692534e-01
5.409980773418849864e-01
5.678643681386764674e-01
6.495086891025486642e-01
6.597715079155740403e-01
5.500944211609799517e-01
5.463276832557807383e-01
5.704875070571079343e-01
5.839262083186309571e-01
6.394084890775795227e-01
5.879108225256418629e-01
5.282178940287385327e-01
5.307174558865900282e-01
5.403983519799657742e-01
5.806011874967618169e-01
5.770201300885694495e-01
6.336589309293025885e-01
6.155462361198338339e-01
6.437938795327764474e-01
6.610763574191067526e-01
5.312662509513349507e-01
5.331527747553391761e-01
6.409127389589981405e-01
6.532252161906029198e-01
5.802381164996676111e-01
5.842298924826370143e-01
6.538534305340287789e-01
6.871265081516410023e-01
5.575931285534043713e-01
5.570500726572558126e-01
5.989350272186705348e-01
6.453747148250956744e-01
5.565465088934513638e-01
5.726000078401070059e-01
6.213754494663038530e-01
6.176294401478399365e-01
5.424638722138435121e-01
6.079746422834947372e-01
6.107690298686841990e-01
5.373834918652394821e-01
5.334449170219064396e-01
5.664123173998631966e-01
6.561485649892020433e-01
6.719389312132214576e-01
5.527551632007401405e-01
5.998295915507668719e-01
6.101265387114658267e-01
8.643755798768437693e-01
5.421760873817466075e-01
5.306587016411495883e-01
5.923573717352119683e-01
5.974584866080381307e-01
6.783696849358751280e-01
6.730117690438557343e-01
5.364899669221807610e-01
5.300665560628211592e-01
6.222944374720550398e-01
5.717223822718480175e-01
6.980088661311204534e-01
6.796162944722873300e-01
5.559947715866485618e-01
5.399123630891793368e-01
6.200027399808198947e-01
5.879822984663111152e-01
5.333157423696247568e-01
6.328692039053571694e-01
6.307424952380380478e-01
5.533151257246976540e-01
4.441975803862378003e-01
5.376369443663094883e-01
5.398504942459954048e-01
5.577615614836733959e-01
7.674695644191161792e-01
7.731993496822143763e-01
5.460524768508074889e-01
5.482158674112791452e-01
6.169489629149514931e-01
6.190572177927882169e-01
5.081213671811435795e+00
4.889069469551304281e-01
4.320580368181484165e-01
6.619338595361015098e-01
6.398923984312139268e-01
4.946061526559443755e-01
4.262531731790483169e-01
6.884044766785090141e-01
6.653983747328611198e-01
5.188577934538992631e-01
4.053227877909467147e-01
6.453175676216063028e-01
2.433596834304620760e-01
1.945634909497953036e-01
4.701277009419406183e-01
5.309219130480195004e-01
5.604352200723239363e-01
5.372594423997859581e-01
6.185935232349775159e-01
5.989066868214946160e-01
1.666453684655716927e+01
2.850991675427853034e-01
2.813677532649404567e-01
6.431833595726609287e-01
6.488206765740832660e-01
2.866848789182547264e-01
2.696951284094357693e-01
6.566193074620426673e-01
6.744571617056640545e-01
2.871260843493635972e-01
2.197133674969539707e-01
6.784717736065205562e-01
6.070498594227131672e-01
3.140317967106460301e-02
5.029799715822483863e-01
4.667492958172668183e-01
6.140935006035431742e-01
6.018904626562113780e-01
2.733905331027085239e+01
1.826305123945541342e-01
5.950006127117600796e-01
1.590043993734393812e-01
6.401283396262502645e-01
9.499075461699112155e-02
5.962803661222652041e-01
6.187079325807990360e-01
-1.982596449747621187e-03
3.565056425361136094e-01
6.050763042066675812e-01
4.203995209685935652e-01
3.150989573662852550e+01
2.813809824203187260e-01
6.490391462899640640e-01
2.697003495395483563e-01
6.744600429391006680e-01
2.197124671738097945e-01
5.962804661148028984e-01
6.070550003287163987e-01
3.139261769097079907e-02
4.667901514707305521e-01
6.050668894167773315e-01
6.018819582187426853e-01
2.733931597953149151e+01
2.851390758795764868e-01
4.320862946233724466e-01
6.434328546279380889e-01
6.398794754047215649e-01
2.866825830611269277e-01
4.262555525280643520e-01
6.566224263370423753e-01
6.654118603753889083e-01
2.871300351264793327e-01
4.053260721337026973e-01
6.784831060353804233e-01
6.453180556524119593e-01
1.945463980069203347e-01
5.034755769253346225e-01
5.378834409429348318e-01
6.140884037793616912e-01
5.988997265808704284e-01
1.666478458325166656e+01
4.889463196163806868e-01
5.306916519091773310e-01
6.619451326008757297e-01
6.730425398022918948e-01
4.945996207332640782e-01
5.300677521834527006e-01
6.884180415199635528e-01
6.796252552373801548e-01
5.188684028103548451e-01
5.399218637207062743e-01
6.307373546545684828e-01
2.433647299190670188e-01
4.442017568055878773e-01
4.701104456837992274e-01
5.578226457014053841e-01
5.309134455472539482e-01
7.735391720361641799e-01
5.608250390319282630e-01
5.485971083321508068e-01
6.185879532474175546e-01
6.190514280667939184e-01
5.081338256310813151e+00
5.422130201912912506e-01
5.404349281230955704e-01
5.923308914027707317e-01
5.770060397392060558e-01
5.974446685000015522e-01
6.155376311097765507e-01
6.783650767454201258e-01
6.610810521885739366e-01
5.364930630736410855e-01
5.331588610653372751e-01
6.222985169419225082e-01
6.532334250983184987e-01
5.717040651650172611e-01
5.842119941189422017e-01
6.980140235351023348e-01
6.871343247775805185e-01
5.559988981669452546e-01
5.570447248749654801e-01
6.199740259054423719e-01
6.453522603184689288e-01
5.879695976623771081e-01
5.333205036910314556e-01
5.726132200055406019e-01
6.328590677391537911e-01
6.176276351320437730e-01
5.533763584360462673e-01
6.108064151586329871e-01
5.376487346932661282e-01
5.664073984073919599e-01
5.399069376153066147e-01
7.678223635415367676e-01
6.709041769309436187e-01
5.460849053861017710e-01
5.526690954360832242e-01
6.169445370562248732e-01
6.101224461059480131e-01
8.644251541791870830e-01
5.282252475900792721e-01
5.255445568918645227e-01
5.307504599666549305e-01
5.805877896328197618e-01
5.972867669614869701e-01
6.335996284830648362e-01
6.359081962692915146e-01
6.437600892478823056e-01
6.465747837155449984e-01
5.312749884394352140e-01
5.310358283365610443e-01
6.409243822093552145e-01
6.304391675365831338e-01
5.802219862545461293e-01
5.765391441372350601e-01
6.538453412531820552e-01
6.543363832475697084e-01
5.575754435534220343e-01
5.513794533969094136e-01
5.989092787901820758e-01
5.883750145396279274e-01
5.565651890577091310e-01
5.565237571288969010e-01
6.213734344010523047e-01
6.019679195428513374e-01
5.424264237898395180e-01
5.367146621926525141e-01
6.079790353401155478e-01
5.373712881365499960e-01
5.678331263564986298e-01
5.334326362273766886e-01
6.549868321489895617e-01
6.592422980068308735e-01
5.457428113927916824e-01
5.998257849455548296e-01
5.839237231111971127e-01
5.879087701918018771e-01
5.217944728272820853e-01
5.272562050416645940e-01
5.794952295081452487e-01
6.030192721633961250e-01
5.644453703278911050e-01
6.074488616084779968e-01
6.065190051015300066e-01
6.142093078501602577e-01
5.382755718857257232e-01
5.412804298695536032e-01
5.291762651239775295e-01
6.172861197733531258e-01
6.569839473805477725e-01
6.131016917920019127e-01
5.548636235509996073e-01
5.533278735023716699e-01
6.173838171655101625e-01
5.595819790493374857e-01
5.491391092660580231e-01
5.448744521047721445e-01
5.999180379828071841e-01
6.318314842799753750e-01
5.918755197149333513e-01
5.587907850302750168e-01
5.538645181529702199e-01
6.037134314236611843e-01
5.917943224328190421e-01
5.348784301987805634e-01
5.353322802793422097e-01
5.783560804606929784e-01
6.000875054844418965e-01
5.409477314787872748e-01
6.492722364920147093e-01
6.730397250725622671e-01
5.494747375199662276e-01
5.594634688214725760e-01
5.704850945595880685e-01
5.580985411643453187e-01
6.394010767418039087e-01
6.180932713695785896e-01
5.208494947760413663e-01
5.226591715409856231e-01
6.164427286215951041e-01
6.418512666757223428e-01
6.032201181008960411e-01
5.901994044939854467e-01
6.195733913546922489e-01
6.334485744561623166e-01
5.414941221486384570e-01
5.499099854959492717e-01
6.462944686318954357e-01
6.604981831993304020e-01
6.309622837706225784e-01
5.441128026894496150e-01
5.393688932291230698e-01
6.202948536964590920e-01
6.278938885140391557e-01
5.611301766120948553e-01
5.736455373693576387e-01
6.184356403333165497e-01
6.393260891662170264e-01
6.203035047448463013e-01
5.521624676123699782e-01
5.581015097235437761e-01
5.916180445260266207e-01
5.907541040084172135e-01
5.142398404317745086e-01
5.089961487228098491e-01
5.233739521295364128e-01
6.337441185244220287e-01
6.417535165495412697e-01
6.258852543311248517e-01
6.278463841717663030e-01
5.584460852283950061e-01
5.770282523994857415e-01
5.447659191183994443e-01
5.343504946336814498e-01
6.530844644668930554e-01
4.798084453735849686e-01
4.689894026565795682e-01
5.004577742084505010e-01
6.635122743605857965e-01
7.018218895375896160e-01
6.363621725119330552e-01
5.840781426539476406e-01
5.802739244941015340e-01
6.416653235712805881e-01
6.460142392313359405e-01
5.244897893371569531e-01
5.190867367753527750e-01
5.265687846035530528e-01
6.974873822188591976e-01
7.286571934008498896e-01
5.521227342717047737e-01
5.497444084953220234e-01
6.329765594482652524e-01
6.342814019984659435e-01
5.603200174610961648e-01
5.630456920992533698e-01
5.513823551920409294e-01
6.581235835682901492e-01
6.752880689559329630e-01
5.675707776916952829e-01
5.715108286880995481e-01
5.888906961512215821e-01
5.843953808414910078e-01
4.578730578200508328e-01
4.539805668031753338e-01
4.885745329087962663e-01
6.388628632529926854e-01
6.705170823596627860e-01
6.361532013917832185e-01
6.345221817237763906e-01
6.312467212840937592e-01
5.654550825124672331e-01
5.849189873145670404e-01
5.264976799798400942e-01
5.202280661502348691e-01
6.480972057566227740e-01
6.750512377108859319e-01
-8.854886824635636581e-06
-4.099970075428123168e-06
2.846293112446200616e-06
4.102454404462168025e-01
4.068507702514676527e-01
4.384508819449692840e-01
7.110695511507884037e-01
7.125409069920376481e-01
6.078183010676380116e-01
6.436989243322676080e-01
6.207029513131809839e-01
5.059636106159002278e-01
5.055356550885760081e-01
7.049098980595803754e-01
6.812267881329933106e-01
5.714517267576562087e-01
6.328288968557185257e-01
6.104447407493425182e-01
5.447272145764731066e-01
5.565693877277125834e-01
6.565763011252340187e-01
6.465915408005838971e-01
5.775923876543873625e-01
5.721725163828219607e-01
5.808936792239179914e-01
5.606059912785904542e-01
4.447247476008805989e-01
5.007014969292733486e-01
6.525656463312148325e-01
6.452975855060389954e-01
6.301176728784860792e-01
5.888773274499295995e-01
6.038768724587356695e-01
5.117928946453214056e-01
5.084521453751935649e-01
6.837222702641331251e-01
6.718444488599709663e-01
7.199030904753956034e-05
1.023056964785934843e-04
-3.118139651068630293e-05
3.977752073496622076e-01
4.152927814529242534e-01
6.794598921557627458e-01
6.970558099343480141e-01
7.085489713994541638e-01
6.126917973219124791e-01
5.974456519044208935e-01
6.092335309676960575e-01
6.038295204004504591e-01
4.782348273855270837e-01
5.097134981079899374e-01
4.899847921088413272e-01
6.879833550156574384e-01
7.086676920056795836e-01
6.835106242010535738e-01
5.756088431527632832e-01
5.716736908723386579e-01
5.970928440174522178e-01
5.879770751230405379e-01
5.327486579763685004e-01
5.323753556011097121e-01
6.404757848047114566e-01
6.438610255827817985e-01
6.474010710274796798e-01
5.783395415471742629e-01
5.778141065500337348e-01
5.323215451691986067e-01
4.791204286318839767e-01
5.177112917245133561e-01
5.627354849576874374e-01
7.581283236581258800e-01
7.410695570730279069e-01
6.917495006215641506e-01
6.356506537706558824e-01
6.331332667457325591e-01
6.032943308342890720e-01
6.073444773594034451e-01
5.058339889051507443e-01
5.223001220437226699e-01
6.424720684955491645e-01
6.205752758637514965e-01
3.391660217969256585e-04
-2.229105136602652201e-04
-6.590101197977579978e-04
2.512683058008567932e-03
4.203792210104843052e-01
4.285405569115642854e-01
3.955812885220093555e-01
7.151097715001493160e-01
7.317824964994839032e-01
6.043429796361434736e-01
5.845858262493108803e-01
5.782568516343912224e-01
5.213705368087682146e-01
4.624275850744691829e-01
5.209424517740506300e-01
7.314879881018826469e-01
7.526002622026127797e-01
5.797544511471299788e-01
5.755516461826506447e-01
5.718648257261197410e-01
5.727879881627940817e-01
5.297561470934246675e-01
5.652623616680424457e-01
5.272023742926841283e-01
6.512029435070499916e-01
6.701835223188448154e-01
5.774076108356396286e-01
5.650675933321430700e-01
4.764404444164577201e-01
4.801170664317533365e-01
4.992104096794813817e-01
5.319667051627946508e-01
4.646388963209635570e-01
5.629647107404985862e-01
4.781032214142670322e-01
6.303302127044878578e-01
6.238254970631423868e-01
5.499130982541856616e-01
5.516899161551813702e-01
5.249752350951363278e-01
4.800563155563611351e-01
6.259959810424386983e-01
6.778212225309609984e-04
2.905459628639305708e-02
1.368158055089070957e-01
3.402536851326954936e-01
7.460954076346001385e-01
8.081897684683204686e-01
5.361712192782769337e-01
5.196993975026305002e-01
5.244182387994394956e-01
7.722300069671150791e-01
8.464670601067321165e-01
5.482511352322184672e-01
5.133075078081988929e-01
5.820182784737670811e-01
6.698503574881445877e-01
5.492489446060637714e-01
5.418369356486021360e-01
4.890398671936152519e-01
4.107771111150448351e-01
3.650747807592403249e-01
5.682694951119072746e-01
4.553173906117822800e-01
3.329496476367744262e-01
2.621082166821849246e-01
4.158793880711788016e-01
6.269920772159945921e-01
6.191556097919338475e-01
6.216465367849152409e-04
8.349368584313768826e-01
7.554158569198248241e-01
5.296963951850329755e-01
8.585224052217165225e-01
5.568581863739001658e-01
5.097711976832686176e-01
5.284880292952698344e-01
5.351379546413828070e-01
3.833180337551930217e-01
3.870933327693425463e-01
3.870970922799997216e-01
2.526912049825054685e-01
5.874395167986770083e-01
4.881976994083538912e-01
1.232999233556615051e-03
7.346292318972162949e-01
3.550327765792881674e-01
5.499581858705623327e-01
4.733620955850610379e-01
5.001480975874166290e-01
5.250359961433040956e-01
4.420731021785130888e-01
6.232940541474776275e-01
5.997426376741840093e-01
2.059703963267948967e-01
3.854138348703423089e-01
2.170247134679691992e-01
2.169388054984635883e-01
2.316618165425319842e-01
1.200147781540854752e-03
8.310581632879997585e-03
1.686956332471918341e-01
1.399995457827771517e-01
3.932714385198320395e-01
4.929285851677761010e-01
5.295466222230746922e-01
2.423708448573399510e-01
5.740935668328663866e-01
5.660361286979089801e-01
1.341093166677179427e-01
3.952907909651003915e-01
3.955869676872239005e-01
2.077411109846855897e-01
2.867498122116188264e-01
8.403634542132995544e-02
2.744158453915393481e-02
1.656467093338116203e-01
5.628961785247706961e-01
5.932837467424431077e-01
3.913717004320820814e-01
5.384165435498798891e-01
5.280495943893689370e-01
3.170607934491951330e-01
5.418090762330756149e-01
1.328641958320979644e-01
3.659534164342895801e-01
5.244331573110442291e-01
1.068109439250568109e-02
6.985291652426316167e-02
2.058186316966807428e-01
2.034587009325893869e-01
5.686562115237631110e-01
5.864792817232562516e-01
5.774433498816190502e-01
5.304308459144360111e-01
5.110969667443820974e-01
5.504895378360945557e-01
5.670315712270914688e-01
3.571451271364780022e-01
5.464328005207159666e-01
5.486493703736853300e-01
3.446920865148577762e-01
4.491660136339962195e-01
4.029023383344674247e-01
5.608091742171364968e-01
3.389086422225916495e-01
5.835824385308667761e-01
6.490272860254727716e-01
-4.857192078003265932e-03
7.911638985564939386e-02
9.844142947111722552e-02
2.967052547674265406e-01
5.648615951580022720e-01
5.733789544345808675e-01
5.680187575794005683e-01
5.053372647613048052e-01
5.556810760622332701e-01
5.625901655381290167e-01
5.645891801803539778e-01
3.413166720312910130e-01
4.288866789621026965e-01
3.242882335867353083e-01
5.458638584103102653e-01
5.425081913318002824e-01
5.358963898083103361e-01
5.533841738518152642e-01
3.742413267979153302e-01
4.213947649549533714e-01
5.229472406497430725e-01
8.143366043594152393e-01
8.447985885324169608e-01
3.638752741428215587e-01
3.918867686375374637e-01
6.328514605057871112e-01
6.577628942722218985e-01
6.485653740815986446e-01
7.256063938485382003e-01
7.191863657104310414e-01
3.275133343282671805e-01
4.673125789290184101e-02
1.286718638888690929e-03
-1.777230085971157145e-03
9.478926974550000439e-02
8.292631343893393236e-02
3.723230462078249703e-01
3.460943330831600107e-01
5.526082104084882873e-01
5.560100900328034390e-01
5.532521118250007808e-01
5.637100168663322641e-01
5.048720282266665471e-01
4.753900376973549391e-01
5.615878716385556135e-01
5.762252653298730598e-01
5.606585989428288785e-01
5.018144712857641743e-01
5.236953484565004535e-01
4.332249861646327860e-01
6.926178611402915575e-01
7.163874414345752228e-01
5.149229198006600727e-01
5.219584179778197219e-01
5.337105847692579230e-01
5.311043658015206503e-01
5.281002004978982978e-01
5.667628615871103115e-01
5.240630170648074015e-01
7.281984624133072126e-01
4.581049395055649676e-01
6.614349548188847017e-01
6.565119086916962887e-01
6.887179363447623048e-01
7.136574752882155481e-01
-2.087979704687501718e-03
-1.640014072207033290e-04
-4.651767454941603471e-05
5.122414574669643256e-02
1.211329181473176295e-02
2.170241008516665404e-01
4.986092226866369881e-01
4.942761598100918197e-01
5.384819841850920774e-01
5.302524197912306114e-01
5.421002810539115035e-01
4.895876316633102632e-01
5.423083582269697667e-01
5.559328183591049077e-01
5.392887584147275648e-01
5.494116401778592618e-01
5.504591331891468542e-01
5.553725341896907919e-01
5.493162517779468512e-01
6.367794024496161720e-01
5.281198543468380580e-01
4.981553843814530147e-01
5.128906374284435410e-01
5.010008115509276827e-01
5.083965149331304278e-01
5.411859573809437718e-01
5.696489502263887283e-01
5.414796237179999583e-01
6.809076598594479002e-01
5.678540845281756511e-01
6.552005026482129457e-01
6.937957990845281531e-01
6.471289940680863273e-01
7.382795613800025025e-01
7.522306683689168327e-01
-5.313129621025680119e-06
2.793333840367329679e-01
2.128851061170662640e-01
3.858013789370197677e-01
5.353173633478404136e-01
5.394557334771717949e-01
4.701136271335950578e-01
4.308228454485912295e-01
4.335446835394718978e-01
4.841938805404350510e-01
5.025582446240587364e-01
4.526783341778694014e-01
3.651239050358370819e-01
4.514620659181118878e-01
2.902750220509100476e-01
4.442085344312595163e-01
5.322548111688967243e-01
5.374384599009524033e-01
5.225505684679569995e-01
5.376715562950432625e-01
5.242629975559337518e-01
5.698435759192407302e-01
5.995465469351314303e-01
5.621483778748423976e-01
6.702151913427246699e-01
6.781831451597887250e-01
5.325960098444050272e-01
4.565654834835529141e-01
4.574273911964751305e-01
4.329146596374562894e-01
4.646287751343032846e-01
5.346734511985391514e-01
5.632713166037481844e-01
5.313222166185006534e-01
6.755293326016106326e-01
5.907805873423778165e-01
6.167050954517646622e-01
6.386544346396142435e-01
6.371507288366115018e-01
6.527236420374450399e-01
6.632104863731776989e-01
6.922990950739350557e-01
7.145044172632168955e-01
7.213166861291092635e-01
6.581532587561319536e-01
6.763746917355842880e-01
4.635890991087678326e-01
4.909690266629264110e-01
3.642247360564009884e-01
3.334070948100367748e-01
3.689094941434855057e-01
4.775144813694591761e-01
5.262944194495008388e-01
4.880019091866324987e-01
5.174980756074495369e-01
4.780686596574131308e-01
5.013783775482273386e-01
5.097641618052684009e-01
4.525633410621797692e-01
6.054571035202815921e-01
7.336856956069105484e-01
2.848500914963301711e-01
5.110302085787246096e-01
5.128299245222551761e-01
4.739565178647704990e-01
5.981682670124989221e-01
6.295602377539971650e-01
5.819138327395855237e-01
5.701953683362930292e-01
5.876428111880348526e-01
5.415948113945077136e-01
5.428552929108197977e-01
4.571093973452970971e-01
4.755022107291634881e-01
4.296771698058435285e-01
5.852971408949928511e-01
5.912930522290685831e-01
5.786007317094002955e-01
5.574456538045987619e-01
4.781189852216314318e-01
6.591064162826603123e-01
5.974705525453463117e-01
5.937371148354733119e-01
6.402054278126769749e-01
7.334600868047090882e-01
7.122370311887531447e-01
8.017281484801118685e-01
7.709508594956140382e-01
4.565706702171212217e-01
5.013361048049643776e-01
4.856648863531793925e-01
5.169259272804246352e-01
4.900631753866124818e-01
5.317607423332439964e-01
5.013810611717953725e-01
4.412772917893185154e-01
5.034460197598201736e-01
5.304737799073010462e-01
5.541585682373239008e-01
5.278980956322100182e-01
5.391594151905809706e-01
5.222404775917952602e-01
7.132656096559618630e-01
1.891906729008158428e-01
1.581038761131667580e-01
2.972868554975698907e-01
4.737362745839812095e-01
6.048493449566977320e-01
5.930306589815521612e-01
5.915700016956664253e-01
6.088114336659873338e-01
5.739838297866233230e-01
4.464956145946157307e-01
4.516004911541344202e-01
4.431487251152706475e-01
5.892988954236952903e-01
6.159772717003769715e-01
5.854993301064038702e-01
4.991544976913345755e-01
4.967467066093336769e-01
5.599779233161038539e-01
5.263479434667065471e-01
4.890412532736251316e-01
5.423708886047240441e-01
7.227810927884675829e-01
7.675833864897088077e-01
7.012193675489033495e-01
6.486402434849632970e-01
7.505142997146820871e-01
4.965504364454099706e-01
5.175037117830995070e-01
4.966747983909637898e-01
7.386601783606562277e-01
5.214701008210719246e-01
5.552743001193768402e-01
5.319756963477788592e-01
5.387515322890790159e-01
6.242950171926583414e-01
5.920196603516356681e-01
5.773023058374916472e-01
5.945966211870621354e-01
5.835787418103308699e-01
6.121423754262326211e-01
6.034988869847007775e-01
4.601886308981597007e-01
2.873623063918718801e-01
3.802656680602842787e-01
3.088913490120689387e-01
6.783151216143100681e-01
6.388119815679419444e-01
5.981261303095478654e-01
4.956863271167559759e-01
5.294562775165770896e-01
2.288981436954263260e-01
1.769514490969975318e-01
2.693309938839059670e-01
2.098902350060290745e-01
3.279104777400628223e-01
4.549729880486222400e-01
7.310318585915915879e-01
6.551825731238908324e-01
8.530857745352836696e-01
4.914305502210620791e-01
5.091271842166364969e-01
4.956001437430858636e-01
1.088281257894793796e+00
1.249693843765096846e+00
8.240185384304943295e-01
7.632908631931791810e-01
4.022536489996668130e-01
3.193083530431828354e-01
5.208506471931025894e-01
5.973132316769721450e-01
3.117014079722550957e-01
2.832265619952893387e-01
5.666063374067372704e-01
2.675076311257386652e-01
3.084831221023066616e-01
4.626112736159597727e-01
3.138047559567991862e-01
4.686903955219372531e-01
2.011226525550930122e-01
7.228084194747406155e-01
7.578639171394383478e-01
6.612094219999838929e-01
7.931782988798125045e-01
5.098461230869646421e-01
4.937017156971907905e-01
7.591855303214891659e-01
1.087437291925867466e+00
5.327223513518014597e-01
8.395350606658423809e-01
1.200818986873767980e+00
1.094576444057507869e-01
7.005509688057987017e-01
1.920654314922610462e-01
6.296360416457460474e-01
1.827953882615309666e-01
4.598087314905096590e-01
7.310477112054778459e-01
6.568862694942617653e-01
7.961692021918448381e-01
5.022129665998668058e-01
4.279723787728618722e-01
4.900166208677690372e-01
9.675411039094027332e-01
1.052586758624081575e+00
5.895438301553731497e-01
5.202963701583319667e-01
8.688653690881462666e-01
1.135017652184478809e+00
1.246540162662196582e+00
1.893896712437553864e-01
8.597667789791637594e-01
1.181730105969458489e+00
7.105612100665991138e-01
2.292050693448166865e-01
2.065620154027361099e-01
6.351664396351059949e-01
6.023908857895901026e-01
2.467739235855117563e-01
5.532032827044387480e-01
6.434394416156927754e-01
6.146654352951573808e-01
6.206545568429452375e-01
6.586675365402827609e-01
8.611036383687366014e-01
7.007536016399086298e-01
5.971437956201052222e-01
7.746624278903884164e-01
7.490603390103619530e-01
8.978046786846538563e-01
9.848549669989984379e-01
1.110758462105867261e+00
5.296291205102894306e-01
9.613125536106460478e-01
9.096375833627675656e-01
8.556715992382827318e-01
9.839353128669381388e-01
9.277687441907315202e-01
7.909728939149339721e-01
6.709019737219680257e-01
5.591014635209895500e-01
4.989794215719568493e-01
6.011821282466238703e-01
8.857858609119549920e-01
1.073213104119991046e+00
1.144039006588569274e+00
1.245243038562679372e+00
1.286364237392914278e+00
1.459913398829202347e-01
9.887107800242976863e-01
2.448895167302168330e-01
2.023987676274930092e-01
9.040967903515658710e-01
9.042450244244173430e-01
7.893532987147670044e-01
6.025312890535066135e-01
5.942823636333153248e-01
9.831396872880178162e-01
7.540101390818815252e-01
1.675740296449782230e-01
7.227905911986425291e-01
9.381115882420409946e-01
5.372097765835963656e-01
7.173810718019999477e-01
1.025117000745382256e+00
1.040248884037354493e+00
2.308342348860717985e-01
7.559730998965618065e-01
1.083417511574176428e+00
7.302778613739825397e-01
6.145421842173111049e-01
5.959120923442122741e-01
1.161214678884432638e+00
4.352760411476123137e-01
6.970528673067634129e-01
1.157009002809249454e+00
1.177045693231574930e+00
7.708628457527849642e-01
4.574896751296997910e-01
4.519549065191055814e-01
6.912739193585382136e-01
8.503595554197371786e-01
9.086430546383044149e-01
9.643129611019141123e-01
1.024056170042672242e+00
2.453544566348891398e-01
2.273040992466862642e-01
8.409858613247291892e-01
1.177769230230106601e+00
5.437978619482005671e-01
8.903525832940765161e-01
1.145816137390158751e+00
4.443910053004237470e-01
3.112559060325849059e-01
9.768007952990880316e-01
1.093881763188607303e+00
1.085326288822984209e+00
1.164592351117719415e+00
1.262508690045207160e+00
3.035184037850617300e-01
1.271759893432498734e+00
1.278984957950628498e+00
5.567672505331621169e-01
4.538819251454315196e-01
1.015861738268250436e+00
1.296121364494460471e+00
4.674349139878035408e-02
5.185774832427078040e-01
7.707305423637073050e-01
7.342296978824679465e-01
1.012064787334781668e+00
1.372564237930381292e+00
3.443082484300034191e-02
-3.681865843337349051e-03
1.997727629999975552e+00
1.670167215057502430e+00
-5.059818080975101378e-05
5.561312257407920179e-04
2.381720028642968501e+00
3.384172467628894787e-01
4.149316748706993185e-01
2.001565744707924088e-01
1.177851747547535854e-01
5.333589078350550738e-02
1.145441796692074979e-02
-2.872236771922804556e-03
-1.582403472973891194e-03
5.841144675600063792e-06
2.841069544827921955e+00
4.161283158253227255e-01
4.903277591255099099e-01
3.724111190328269760e-01
4.050930485824461025e-01
4.383472954352473083e-01
3.415293710892431278e+00
5.821885381780789182e-01
5.781301605147086686e-01
6.091555979952921751e-01
5.807653713202174384e-01
5.823922091263763479e-01
5.976347376256537780e-01
6.119582874383341364e-01
5.671353601218460661e-01
4.941695922001572150e-01
4.193664863352155159e+00
6.060814323921858149e-01
5.700085083017667476e-01
5.643562343609319631e-01
5.250820961773265960e-01
5.003171266783675852e-01
5.433417165440858732e+00
5.969953168167640989e-01
5.920003930217084820e-01
5.523131838337771438e-01
5.164105454822632835e-01
5.284162832468306537e-01
8.389125383704646666e+00
5.720946238718858101e-01
5.844691027120286764e-01
5.569010087445670498e-01
5.413569368656250269e-01
5.417431425512183596e-01
1.079115867484850888e+01
1.676884842335620363e+01
7.245951833726892666e+00
5.722677128481512554e+00
5.188239585398358500e+00
4.853862046693563137e+00
4.596739943884332824e+00
4.378309497019412966e+00
4.182423374444714348e+00
4.001239535129359481e+00
3.830987941702778787e+00
3.670052733216655039e+00
3.517929466162995400e+00
3.374638332504947158e+00
3.240421701885128680e+00
3.115612890955626213e+00
3.000584935908597206e+00
2.895714932063154112e+00
2.801333332401438447e+00
2.717657258646712926e+00
2.644722886027910391e+00
2.582333386597980063e+00
2.530031963448772903e+00
2.487101477770405467e+00
2.452586669984258894e+00
2.425331549889808702e+00
2.404021686992920515e+00
2.387219283623670751e+00
2.373380706304180077e+00
2.360854266754812691e+00
2.347870331536439537e+00
2.332551708314596350e+00
2.312981287830721655e+00
2.287356855511896381e+00
2.254234810667611111e+00
2.212820214259875851e+00
2.163217861801021602e+00
2.106543215595771734e+00
2.044821461041534505e+00
1.980673347604972490e+00
1.916867445664134584e+00
1.855869903732813242e+00
1.799520653290309191e+00
1.748915149211206499e+00
1.704500358424247075e+00
1.666330889910518254e+00
1.634391566327488166e+00
1.608880864841184088e+00
1.590365452546265823e+00
1.579756406918685796e+00
1.578112808192887462e+00
1.586331178795573171e+00
1.604812430236410625e+00
1.633202887355507782e+00
1.670284788443188173e+00
1.714052120496177167e+00
1.761957569240447441e+00
1.811264395664068161e+00
1.859396559304469232e+00
1.904168378460540101e+00
1.943803494939693399e+00
1.976719951232531747e+00
2.001146937138965853e+00
2.014724567571835490e+00
2.014294332460484060e+00
1.996084469297366715e+00
1.956397370103419853e+00
1.892698535768737367e+00
1.804736885874246299e+00
1.695133560246777193e+00
1.568926041614729927e+00
1.431890461479674581e+00
1.137254582636747058e+00
1.139417187444826451e+00
1.109934287862800462e+00
8.711243574274784018e-01
9.850178369017883462e-01
8.258986723109738026e-01
7.903451997922021910e-01
7.549929056757579415e-01
7.069725817146461644e-01
6.625653620988529724e-01
6.327509074364018327e-01
6.200974651534150173e-01
6.091605221309488449e-01
5.880997352279782042e-01
5.684135754463061074e-01
5.753991278458556735e-01
5.986565337477510740e-01
6.053896976194723667e-01
5.998759032513667488e-01
5.936107121147969901e-01
6.116182368778387834e-01
6.328154647757190387e-01
6.421173863675911919e-01
6.393881357552719802e-01
6.333080059592886002e-01
6.170382270849419371e-01
5.913287760589802655e-01
5.640873071933434346e-01
5.489159670715623163e-01
5.526120497895057326e-01
5.574414082172371998e-01
5.457064843268393250e-01
