1.773865853093967004e+01
1.125037186665278099e+01
8.716969835634412078e+00
7.349124971211031365e+00
5.636945536488666697e+00
5.004042394885380496e+00
4.606035557629774679e+00
4.307589397384039565e+00
4.064469415996170731e+00
3.856778127097926223e+00
3.673496123896568655e+00
3.507933851263492553e+00
3.355828299018345007e+00
3.214403078973090189e+00
3.081848514898920754e+00
2.957007839240026748e+00
2.839173016014262085e+00
2.727943414543340772e+00
2.623123545874086471e+00
2.524646922721792475e+00
2.432518234157212245e+00
2.346768500035782523e+00
2.267419228394714548e+00
2.194452610589626040e+00
2.127785830545777745e+00
2.067248801096165600e+00
2.012566081340690261e+00
1.963345209922667589e+00
1.919074838129927407e+00
1.879136311525513303e+00
1.842831165359740009e+00
1.809424122370271615e+00
1.778197065817610945e+00
1.748505416765061771e+00
1.719826191946050242e+00
1.691788211403891129e+00
1.664179588502337159e+00
1.636934207773800498e+00
1.610104769617395792e+00
1.583832811083494940e+00
1.558324955720586491e+00
1.533840263548790661e+00
1.510687863461930958e+00
1.489229210897848432e+00
1.469876896551411960e+00
1.453082441770731092e+00
1.439308323970970749e+00
1.428983186847801123e+00
1.422442350211511775e+00
1.419857575511282555e+00
1.421160926576639394e+00
1.425968871105920854e+00
1.433516195815194072e+00
1.442615657670777152e+00
1.451666988338654818e+00
1.458742868627352696e+00
1.461772144499576820e+00
1.458815871876940173e+00
1.448392535726695129e+00
1.429771190756888410e+00
1.403139609117450393e+00
1.369584732542824090e+00
1.330886200026088373e+00
1.289188622814137597e+00
1.246650729987136774e+00
1.205157513533452907e+00
1.166140144753939234e+00
1.130504929189806829e+00
1.098646922920330615e+00
1.070519869120974743e+00
1.045743083763027492e+00
1.023735333112698376e+00
1.003867320082145076e+00
9.204227386807221079e-01
9.169759773927916857e-01
9.187818258917079817e-01
9.403301760226900896e-01
9.600039858528757186e-01
9.844174858126828465e-01
1.011482859243500343e+00
1.037874298255240690e+00
1.058838161419535906e+00
1.068137278656407840e+00
1.058216673310476308e+00
1.020574648237666970e+00
9.461099771879757370e-01
8.250380118933613449e-01
6.550225918287589932e-01
4.765800597123371896e-01
4.256047141451545501e-01
4.445726843152188468e-01
4.459838814739982560e-01
4.445825408511354104e-01
4.560069933189768721e-01
5.583422010312547812e+00
4.365291660920302408e-01
4.342144868613456721e-01
4.443542225502226106e-01
4.430079462124345002e-01
4.535631368194241175e-01
4.306366409959410113e+00
4.342786251867563063e-01
4.330557063904253989e-01
4.442241022332186207e-01
4.445853272982213111e-01
4.479402879345922850e-01
3.530883364887633658e+00
4.327210815549042411e-01
4.282633145470575720e-01
4.421975282936353446e-01
4.454758917878827162e-01
4.364686489657043089e-01
4.356463118447839733e-01
2.976324467649375638e+00
4.216832989491819395e-01
4.361961422946991074e-01
4.437331124291559181e-01
4.427287255244717334e-01
4.429137393630672714e-01
2.545564617680461605e+00
4.292498444402309543e-01
4.203556762925355628e-01
4.391536903041582951e-01
4.368025659155546081e-01
4.305672696654820886e-01
4.309210949294338677e-01
2.194488606978749701e+00
4.137418519665867489e-01
4.336927062080969675e-01
4.304971362687380343e-01
4.190288246275666872e-01
1.899604445420021381e+00
4.170253404824997290e-01
4.279820472862535530e-01
4.431813623127341950e-01
4.189440862571378599e-01
4.231510506404735916e-01
4.364187257049885749e-01
4.429280287597667232e-01
3.262066401653664904e-01
4.723686824536881823e-01
4.788550273468599738e-01
4.993327165890657504e-01
4.855110745432257846e-01
4.207924278328340484e-01
4.259887823806237095e-01
4.179995160828151590e-01
1.236710917963312895e+00
1.428097656870088938e+00
4.341227045196843770e-01
4.748058661607667541e-01
4.668573639002351339e-01
4.739944279378007219e-01
4.827353832579925896e-01
4.997002260071328195e-01
4.862449810287283736e-01
4.225515665065691095e-01
4.230655508062890480e-01
1.067909342963181851e+00
3.153049091430633055e-01
3.497155407531289395e-01
4.556058580591970109e-01
4.444176950128400083e-01
4.546249079820855465e-01
4.518973516778692634e-01
4.545432195738660086e-01
4.586208095543398144e-01
4.610516964143943630e-01
4.620525601496653367e-01
4.638226713386302547e-01
4.670952541164203331e-01
4.696543766395874231e-01
4.736843208265077432e-01
4.797298444402334772e-01
4.709265666236082670e-01
4.722709051867459706e-01
4.360594528601136610e-01
4.364438593753869333e-01
4.351984430957371308e-01
4.745571056166123514e-01
4.758846958635512547e-01
4.794845206101980284e-01
4.972259056838215785e-01
4.869196721371585324e-01
4.871143204523428194e-01
4.227822114549943389e-01
4.189447241785779763e-01
4.494903699474441239e-01
9.197994130174176330e-01
3.753089364652605342e-01
4.487799087183548252e-01
4.249925795673222262e-01
4.631500469057482361e-01
4.587408112045394670e-01
4.598888338266755027e-01
4.653101976443628773e-01
4.607696245281738268e-01
4.601553477812560522e-01
4.616851940269418031e-01
4.653526616418651174e-01
4.689982554295192840e-01
4.815116767223348582e-01
4.739245366415195115e-01
4.317884848121387176e-01
4.571220251657992506e-01
4.686292457392954303e-01
4.782426916178524334e-01
4.939455697810892221e-01
4.918692181571799327e-01
5.040146446832801663e-01
4.212805036470589903e-01
4.250984326649749900e-01
4.367038207225866220e-01
7.667515960301950484e-01
4.397749899785561856e-01
4.242782548236108120e-01
6.097694350995719326e-01
6.432160974869481906e-01
4.223446475999080851e-01
4.442289394037507999e-01
4.652122923452286507e-01
4.684395827457713546e-01
4.626159958984867315e-01
4.661367582097382667e-01
4.680740128696680991e-01
4.951927509251851656e-01
5.146908413376336533e-01
4.378950954975526777e-01
4.382326378687696478e-01
4.623516814016772614e-01
4.724356726444544075e-01
4.806321194820220577e-01
5.012492601255247315e-01
4.983599617042312468e-01
4.278415790029416743e-01
4.319114179180459923e-01
4.217152294923490752e-01
4.609774909127400955e-01
5.034691752506522677e-01
5.077598970792488453e-01
4.563665355330828732e-01
4.107721800055948447e-01
5.333757264397639419e-01
4.765615973431353569e-01
4.645965532722067803e-01
4.343683219557707975e-01
4.423934729695682133e-01
4.578006079921073113e-01
4.703930495613768969e-01
4.667653323812493982e-01
4.608598631202782125e-01
4.273604899706892057e-01
4.332853413375067908e-01
4.395652474010318111e-01
4.406141956174809415e-01
5.715760023904487008e-01
4.386761700471719094e-01
4.419928178794965135e-01
4.624157338187830368e-01
4.915639324988139158e-01
4.728569823751835322e-01
4.892076925970543222e-01
5.139948470743999076e-01
5.075438573218358229e-01
4.303647771675359612e-01
4.324333100283135334e-01
4.274734621609319607e-01
4.471673194141002616e-01
4.421020226765378092e-01
4.490284915256338993e-01
4.989214103015399693e-01
4.237743266309228485e-01
4.629616464998155823e-01
4.569025841805848254e-01
4.796537377792672308e-01
4.975913353608572010e-01
5.505443248113901511e-01
4.303759756209032394e-01
3.810597037947506815e-01
4.479812638405880065e-01
4.536580433843243609e-01
4.512309658521420630e-01
4.526956021809940833e-01
4.563722170910477494e-01
4.600784937381435236e-01
4.646407762861824997e-01
4.684682194417029710e-01
4.794600520444080027e-01
4.707060329438491619e-01
4.256460071019387281e-01
4.422774452008968460e-01
4.440302819972534731e-01
5.813086641534634946e-01
4.643174593261660821e-01
3.940609661680782305e-01
4.007656352749411899e-01
4.502028987189657383e-01
4.624002250391281987e-01
4.620677177167626937e-01
4.679695659563160581e-01
4.420007118230195875e-01
4.443421176308673948e-01
4.527523480411442258e-01
4.569191892487928786e-01
4.307896493386693115e-01
4.325591322959340124e-01
4.429377817419150598e-01
4.401619810542992117e-01
4.507877701200706522e-01
4.660185827601787123e-01
4.661722408926364247e-01
4.816448531527654509e-01
4.617441464904492032e-01
4.696525824667590610e-01
4.749434732001657777e-01
4.718783745377127525e-01
4.971175285007700118e-01
4.113736559971483131e-01
4.428356339071727876e-01
4.423669244176838822e-01
4.425087526881442135e-01
4.639501249554864315e-01
4.599673184561765549e-01
4.631942473262752324e-01
4.715400226794837502e-01
4.819185339887087083e-01
4.753063095072982414e-01
4.330525519201484097e-01
4.299533550626641332e-01
4.355336816862382388e-01
4.551448210825916330e-01
4.859961122129442535e-01
4.224867240765633469e-01
4.618821114028412445e-01
4.666492111542497878e-01
4.633731862501467846e-01
4.422830848990846331e-01
4.445882974320983783e-01
4.527138138730063543e-01
5.174540275354467811e-01
4.647139506067279879e-01
4.196002846363451333e-01
5.064789580685307158e-01
5.243922442672764861e-01
4.316686929915071746e-01
4.314717469402097882e-01
4.464182956840766492e-01
4.312301149959859026e-01
4.346585968434266145e-01
4.388154321558898063e-01
4.647396945285378056e-01
4.711293956043701714e-01
4.579000970724368957e-01
4.675863733491321117e-01
4.846919554702319721e-01
4.782388143230535404e-01
4.398739525286273766e-01
4.453736169786888799e-01
4.620005285294606079e-01
4.783909311474296988e-01
4.578182019714011619e-01
4.376896575112791954e-01
4.861287512763792784e-01
4.869033486641163866e-01
4.278904207214501154e-01
4.369829687218453329e-01
4.393976514520190335e-01
4.356990501771954016e-01
5.134825363708347412e-01
4.228605022690301030e-01
4.196497768205059709e-01
4.647794473889930722e-01
4.670228736809208248e-01
4.652666371937099199e-01
4.423749935791255194e-01
4.455651267037125107e-01
4.546528657483570601e-01
5.014497869101531835e-01
4.697696658041686235e-01
4.158326302763687421e-01
4.269107609373403722e-01
4.906911597936295388e-01
4.961314066568431880e-01
5.049229270332845632e-01
4.313834920111451754e-01
4.238422176046543477e-01
4.585558029780331668e-01
4.363144316035259540e-01
4.346774755872457874e-01
4.642137800798200598e-01
4.700740072792958246e-01
4.775302792899357995e-01
4.623637441134731407e-01
4.730966642136003042e-01
4.868483270396257723e-01
5.123185056801768944e-01
4.392013311389888486e-01
4.413238801054262250e-01
4.452824691557158432e-01
4.616548102116522778e-01
4.933698786334270170e-01
4.527247866103364937e-01
4.434408509511906793e-01
4.352619540549718113e-01
4.651083770163981779e-01
4.646783126495157012e-01
4.765080778035464260e-01
4.779456835239279111e-01
4.271746885003523952e-01
4.397398186200346948e-01
4.405985082015789756e-01
4.391343012219562914e-01
5.226704565240343214e-01
4.796719970216288265e-01
4.221495325200466664e-01
4.652517312195107446e-01
4.663826412601595472e-01
4.678376522873021193e-01
4.425274169785421430e-01
4.456448480947240998e-01
4.563243618654240774e-01
4.868883129364279805e-01
4.200953366128695188e-01
4.221757544453615951e-01
4.947081538167131254e-01
4.977216922224083628e-01
4.951926739541434030e-01
4.299619716238292644e-01
4.362756067013252026e-01
4.349478606004710812e-01
4.278242720566354240e-01
4.254790354855715884e-01
4.680827691718244532e-01
4.731899790590482491e-01
4.679415972742441143e-01
4.668705386913478694e-01
4.759119308431728479e-01
4.875401473768536387e-01
4.996982640038384327e-01
4.387678769368131282e-01
4.428710600355268978e-01
4.450495599413301084e-01
4.593424249636028356e-01
4.677257782640139583e-01
4.376099252834119713e-01
4.716801049139530133e-01
4.671406450178666181e-01
4.777226503012519943e-01
4.815482525887073706e-01
4.260624109879713184e-01
4.386217430804274509e-01
4.395393960206316342e-01
4.573455901753904485e-01
4.882082285192310134e-01
4.329031578911662903e-01
4.169866486726355181e-01
4.643391336536494829e-01
4.646524270568911374e-01
4.681485824757948833e-01
4.421345402249395318e-01
4.457403127180074587e-01
4.680467136685999563e-01
4.933365754408686188e-01
4.817482153358592090e-01
4.222718237134266972e-01
4.940687572481343159e-01
4.965278791897772548e-01
5.105424987138514892e-01
4.323101865636365115e-01
4.513678985094599638e-01
4.289078266787494931e-01
4.276372369844540500e-01
4.695322845689923752e-01
4.732032824681515759e-01
4.728418782806590448e-01
4.796114212056975523e-01
4.812360710387335039e-01
4.981567981525880096e-01
4.417306631438425724e-01
4.447934976028571907e-01
4.650546169349009107e-01
4.557864099517271450e-01
4.513188951178027097e-01
4.356727206288896759e-01
4.669651785781445685e-01
4.699911480062590741e-01
4.735357947880095564e-01
4.931927655591470949e-01
4.281489725047407657e-01
4.377797658723469598e-01
4.401792462572229336e-01
4.454579796318755558e-01
5.050231033671881420e-01
4.884965774192508992e-01
4.177927053874649355e-01
4.634905987141094696e-01
4.643113024403187072e-01
4.707369797144907442e-01
4.413518876672321012e-01
4.491625973389377080e-01
4.475766267306974799e-01
4.470951295974904260e-01
4.696095594951631425e-01
4.282441583791674611e-01
4.211231001181022782e-01
4.906305417774394773e-01
4.933976646930036125e-01
5.199236295256874918e-01
4.329917529566910672e-01
4.344841790124985836e-01
4.320548978540010299e-01
4.278448048156445749e-01
4.328350843041729457e-01
4.410073104461698645e-01
4.661127819170667874e-01
4.713337948320585058e-01
4.676599038135859088e-01
4.813456040491015386e-01
4.824189299649395135e-01
4.401968123644850461e-01
4.444389952880901107e-01
4.754464631672152275e-01
4.611751871915376055e-01
4.513901039873410848e-01
4.406613138092969062e-01
4.658891229953433522e-01
4.744812066464004774e-01
4.745447689282012993e-01
4.524344429841791748e-01
4.286664634896126813e-01
4.619419497109734096e-01
4.630690699311652003e-01
4.727129117925479851e-01
4.496023082876589583e-01
4.510926830292731893e-01
4.790012200734537484e-01
4.414669504345153928e-01
4.217821693208572698e-01
4.898610236632144899e-01
4.888812904005125914e-01
5.069456207827350847e-01
4.294765919327487302e-01
4.323785930403123978e-01
4.323255067937399332e-01
4.284388749067943869e-01
4.649646759641353211e-01
4.696028700888177365e-01
4.780577218041816012e-01
4.734689465168264166e-01
4.917791980504455096e-01
5.054979077104084784e-01
4.416964612083690844e-01
4.445437899832592188e-01
4.738214864715474817e-01
4.680640747064552243e-01
4.739277394429109447e-01
4.886414946352927724e-01
4.320993841852685535e-01
4.139766176965408717e-01
4.620603428721675732e-01
4.607015579366227076e-01
4.757946697659798940e-01
4.526622366943259812e-01
4.311735001535006440e-01
4.976853766830461878e-01
4.962202421526272222e-01
4.351970873401812545e-01
4.307879878543818264e-01
4.284529384256776652e-01
4.294050706197675149e-01
4.642948814399902591e-01
4.710979743831440469e-01
4.704810757917780029e-01
4.778217505079656591e-01
4.859937617353529138e-01
4.889058715175660930e-01
5.003895244151403965e-01
4.522196847141495835e-01
4.392120638157083201e-01
4.706635123227104756e-01
4.718185681457038316e-01
4.744403093581218145e-01
4.304215899498952669e-01
4.592357000454563298e-01
4.626251591519894846e-01
4.640665431971257582e-01
4.436134744843949207e-01
3.921214714044737870e-01
4.978520086625080054e-01
4.907565059036570476e-01
5.049858742139219370e-01
4.369514173520690492e-01
4.323342359261724277e-01
4.268977440571448123e-01
4.275949843853758536e-01
4.683242195849661171e-01
4.747409931749796974e-01
4.776105603953662571e-01
4.927168386997262672e-01
5.062617836481643208e-01
4.568329267339896749e-01
4.675681057297734200e-01
4.689088950418156543e-01
4.683347035194150854e-01
4.612606645966040309e-01
4.477242609707680066e-01
4.280736937023484900e-01
4.395103583587900431e-01
4.597858063259281924e-01
4.518660204920252332e-01
4.877211114088864652e-01
4.877464589369346903e-01
4.956666303228815518e-01
4.331493476788390584e-01
4.325964775053943723e-01
4.289828803393698209e-01
4.337525087628851250e-01
4.402061815828077762e-01
4.690206451838665469e-01
4.666807854599982486e-01
4.750677039222307996e-01
4.805790487743679673e-01
4.816726879430236474e-01
4.686697157221058618e-01
4.710083013405794716e-01
4.452392696473956302e-01
4.572620458939534727e-01
4.520186991731452442e-01
4.384624069015486403e-01
4.650182376303108600e-01
4.847909183490596852e-01
4.795508617981571464e-01
4.336943425373155914e-01
4.360973809281907254e-01
4.346514632092104979e-01
4.371912179382237418e-01
4.679834038226792781e-01
4.671120094584040872e-01
4.833330020622106371e-01
4.730773301945052078e-01
4.697219759693405661e-01
4.692555009491611862e-01
4.710005196025453533e-01
4.250523271415665993e-01
4.681806112697143862e-01
5.038720894420967156e-01
4.508089369652722445e-01
4.376737756127538348e-01
4.713150361373418251e-01
4.780878401174276648e-01
4.861050555830471187e-01
4.742949031107548952e-01
4.384173591087298094e-01
4.379123536947964190e-01
4.291889710087976040e-01
4.293828758518815070e-01
4.637935572256140504e-01
4.689253837520052648e-01
3.893854063029150159e-01
4.691439037653109545e-01
4.772638797863997251e-01
4.720001561851324134e-01
4.566599160472866736e-01
4.383386692327012613e-01
4.696627775792469595e-01
4.796689543827150626e-01
4.413238436636064965e-01
4.445835473295955409e-01
4.467862814551196160e-01
4.416107048211847519e-01
4.691639773080850118e-01
4.663522684951270647e-01
4.566196557240754239e-01
4.398154783278903635e-01
4.393254165759002960e-01
4.392420101431059876e-01
4.265579264437646678e-01
4.281716524027034954e-01
4.683647801977710579e-01
4.712476123195972200e-01
4.665179014960121884e-01
4.459462990945961547e-01
4.299120104766372963e-01
4.775904846179588326e-01
4.839431934280730707e-01
4.332540445859428546e-01
4.769350531413950045e-01
4.841413608637440413e-01
4.792600094182354886e-01
4.464556772712888200e-01
4.423030737280670976e-01
4.692512175158139454e-01
4.571129741028583937e-01
4.437926335778121234e-01
4.321548571579760245e-01
4.433077472954868314e-01
4.656777241287464730e-01
4.675564006845510656e-01
4.715417484753565702e-01
4.494076092716250415e-01
4.742081403673042983e-01
4.843843731480415027e-01
5.156684996836374824e-01
4.428354802483987496e-01
4.433529629030665276e-01
4.310766552224957748e-01
4.309502790597689592e-01
4.365956998423172752e-01
4.720522294599815982e-01
4.704572853696151746e-01
4.278237411472209928e-01
4.849225414525848432e-01
4.694442999536886374e-01
4.612408873681063670e-01
4.624647948478839421e-01
4.621411456948654184e-01
4.665319046822452576e-01
4.804179136476922629e-01
4.837650080017310561e-01
4.460954420239527374e-01
4.356431028358022650e-01
4.992192498105220699e-01
4.857397574152071962e-01
4.507827639961537458e-01
4.239209827800448083e-01
4.335637292112538010e-01
4.816622114540947686e-01
4.840536108345152022e-01
4.447006184335261514e-01
4.364277649785728297e-01
4.613909468182875728e-01
4.646070985176091739e-01
4.408323038465970511e-01
4.390985574327426200e-01
4.679770542293884006e-01
4.759346014799674673e-01
4.690727518996243850e-01
4.507690790186215102e-01
4.408996610281788464e-01
4.604374773349400041e-01
4.800498665393227449e-01
4.978526017813764137e-01
4.473022762533476193e-01
4.367136840797664621e-01
4.405168391582622855e-01
4.647732757107516099e-01
4.703406393471844527e-01
4.374291377546212223e-01
4.276872742700878471e-01
4.759894368605633308e-01
4.668994628463601360e-01
4.551905150029075808e-01
4.715972917988203172e-01
4.801599817442679941e-01
4.899244671848364541e-01
4.351256439750378346e-01
4.292936695799007829e-01
4.842925541913616905e-01
4.834739937052013881e-01
4.150611724508783684e-01
4.262087294906650725e-01
4.768672572235865825e-01
4.791121621563085298e-01
4.389162321923590904e-01
4.357258204644325339e-01
4.626354031101208020e-01
4.622569300059397590e-01
4.317983599665317085e-01
4.333769237743841374e-01
4.735975448273492261e-01
4.760611006281388891e-01
4.572142919103584502e-01
4.507278976107195745e-01
4.465581195244315849e-01
4.586556837630548222e-01
4.889308263375619634e-01
4.907093382673755610e-01
4.503492510572925656e-01
4.500958325399351811e-01
4.306060723869151730e-01
4.301229063101084660e-01
4.630015535925979253e-01
4.705430625815483769e-01
4.283915269082504418e-01
4.229867675669560234e-01
4.727503848511651618e-01
4.716963060327101775e-01
4.559684577400376360e-01
4.570003297680482746e-01
4.594024318160097597e-01
4.729507668070123128e-01
4.733708907783450437e-01
5.042273264310933589e-01
4.295438255269515837e-01
4.898555038733618527e-01
4.277184186720333625e-01
4.313553644476286753e-01
4.343813931736547063e-01
4.664641669499085541e-01
4.798975178781131889e-01
4.782188456990333902e-01
4.318827714862406020e-01
4.358386055893234690e-01
4.662526314451915788e-01
4.651559416811705261e-01
4.403099975597252747e-01
4.405672122357108811e-01
4.422291248846960121e-01
4.733361105174697658e-01
4.717846548573803034e-01
4.506814022453294877e-01
4.489998479071983795e-01
4.539369335316293386e-01
4.593720787108353520e-01
4.890720149968465491e-01
4.827912496895273575e-01
4.525682183626141830e-01
4.515001421144723692e-01
4.291187793800518291e-01
4.247231754608916665e-01
4.652769480855460937e-01
4.685700951161602124e-01
4.731103897961756455e-01
4.248599917281288274e-01
4.270619983028695610e-01
4.805901526945456359e-01
4.577795496550259857e-01
4.594435278385909927e-01
4.792516313415575713e-01
4.756841991081194876e-01
4.955641923088944800e-01
4.296762762990525286e-01
4.341154889684833429e-01
4.886258147716873168e-01
4.866996054200966038e-01
4.262861609511917060e-01
4.230521804946691389e-01
4.735120474194313145e-01
4.857180655131045910e-01
4.318248208241661779e-01
4.335311941659694135e-01
4.722375148772816056e-01
4.459176916359648413e-01
4.466162240529653604e-01
4.675936021482902105e-01
4.733213605312581729e-01
4.480660586053730188e-01
4.492929749840534615e-01
4.553856567143356182e-01
4.589099432069472240e-01
4.832229230730178404e-01
4.756435690722653487e-01
4.765891791507678721e-01
4.521480381776231128e-01
4.528107586674652296e-01
4.286996227770407675e-01
4.280895664267909684e-01
4.750988517734989758e-01
4.694422602846224368e-01
4.319431019911668113e-01
4.754204126250329288e-01
4.741664225067959704e-01
4.564450668275992218e-01
4.545959381000925781e-01
4.585985348207683443e-01
4.852702966863211564e-01
4.854364796904561685e-01
4.860270577622620713e-01
4.453410610895653376e-01
4.383051543501619296e-01
4.874310482797730160e-01
4.854362481888040981e-01
4.320077933710360085e-01
4.311764141582107301e-01
4.353485821691283619e-01
4.736125628615741046e-01
4.781589335810580432e-01
4.376964882722061412e-01
4.671920241604650137e-01
4.693983045359830797e-01
4.447033594544683166e-01
4.436222390565041640e-01
4.632077888323778425e-01
4.692393199408591564e-01
4.449733532618144194e-01
4.468652471231900347e-01
4.586735422824840813e-01
4.586748020309515672e-01
4.713040093468507941e-01
4.727091355923508376e-01
4.515158836061945458e-01
4.561237537392248687e-01
4.297743986414401252e-01
4.351228067593629900e-01
4.406632138757646810e-01
4.635680017678796561e-01
4.683158965358767412e-01
4.353484371490504157e-01
4.269527402024365648e-01
4.816306663968143442e-01
4.749372062155532426e-01
4.559829222527613246e-01
4.556072451089303033e-01
4.782231442553229739e-01
4.735837723152122591e-01
4.277736485976761371e-01
4.261738226224003334e-01
4.857399159799952737e-01
4.752135899107528538e-01
4.352591596720531419e-01
4.370027092697945648e-01
4.646278445514535060e-01
4.653169985492576211e-01
4.801857606499221331e-01
4.395961507742895957e-01
4.362394884406196605e-01
4.741652195325996022e-01
4.719446709603292711e-01
4.422542316085646963e-01
4.386751043096789315e-01
4.637191893044494972e-01
4.685073169723307784e-01
4.725667373494547019e-01
4.477012962381772265e-01
4.618939842606822888e-01
4.683507480436402970e-01
4.693043408913020187e-01
4.552003950189055792e-01
4.347283009131492904e-01
4.369448333754709646e-01
4.637097282206366633e-01
4.533953468807546128e-01
5.004774451102875776e-01
4.396802577284738556e-01
4.403443468078283574e-01
4.807598804005738247e-01
4.673385331885268057e-01
4.558585718634095008e-01
4.532132392952311073e-01
4.580016995188188611e-01
4.603659140188616772e-01
4.867904154460284127e-01
4.274368077706181546e-01
4.285813124126530704e-01
4.736894069282869268e-01
4.626981502312386141e-01
4.397344648513633047e-01
4.307928667290847891e-01
4.721957844377032143e-01
4.706200540146702749e-01
4.407173498703654824e-01
4.358234948223265737e-01
4.613629507421621589e-01
4.801400232334820939e-01
4.516368818924885176e-01
4.499172898243721241e-01
4.633548103446804012e-01
4.647480015967158651e-01
4.681912266554782431e-01
4.679034909165345479e-01
1.137731345303961916e+00
4.321036173058317442e-01
4.351436843838849544e-01
4.437645633662927191e-01
4.140143755269749537e-01
4.797847084716408972e-01
4.796472745385899072e-01
4.530489233297741447e-01
4.561822390997652965e-01
4.859358129694603678e-01
4.815214713585337925e-01
4.211955660487229913e-01
4.227829982019704058e-01
4.829840811047553251e-01
4.582807360913811467e-01
4.200203814615226516e-01
4.772673029009490420e-01
4.662336500151560981e-01
4.388690402989456896e-01
4.392342020017344084e-01
4.693876988403407613e-01
4.533514166736541950e-01
4.336562621200243384e-01
4.421348245728531912e-01
4.637887642614917372e-01
4.635394986383375993e-01
4.660486221160826115e-01
4.672977272260248061e-01
5.533627509027326141e+00
4.275550253283317836e-01
4.278746932905173050e-01
4.747890511353888288e-01
4.546008610706946396e-01
4.519981059853901417e-01
5.053666401883571968e-01
4.760936057352107564e-01
4.240867641803287014e-01
4.202708136136932837e-01
4.255271425857466427e-01
4.750677659577903778e-01
4.396057676042474105e-01
4.405862664439519349e-01
4.452159579071509055e-01
4.671801781483992388e-01
4.600920479626537940e-01
4.619729661695286538e-01
4.668531575777280507e-01
4.687255572265902059e-01
4.688622946534222180e-01
1.717247415389373799e+01
4.378399797887725375e-01
4.323084329357708144e-01
5.008040807115919923e-01
4.715502792105626950e-01
4.542185588987378009e-01
4.536415902676838585e-01
4.890489384737213285e-01
4.079134008732775984e-01
4.260065722001509236e-01
4.943088345247724225e-01
4.640770516765523879e-01
4.293738317357532197e-01
4.403525102041039307e-01
4.610411603112550827e-01
4.708955060917749957e-01
4.664885917503157620e-01
2.759643819709067003e+01
4.418661154579281991e-01
4.327377210388557160e-01
4.675558355035890346e-01
4.580724937483794945e-01
4.412769403388421829e-01
4.987355074371699892e-01
4.988016210130830075e-01
4.280403648803129957e-01
4.771184998748629891e-01
4.905947587375875663e-01
4.424633383276658782e-01
4.866018909185493846e-01
4.717101902449644113e-01
4.706451708292021530e-01
4.598554439495290413e-01
3.151563601444279783e+01
4.418880086151275588e-01
4.324473043048354670e-01
4.680018780150206892e-01
4.581624982803980117e-01
4.537527487830896877e-01
4.993438188544493395e-01
4.898165275965304932e-01
4.251567199466809721e-01
4.771915159786044858e-01
4.642542914541359922e-01
4.401926154468310259e-01
4.864260920011965195e-01
4.609317302818032314e-01
4.706521055283757193e-01
4.666997949132608570e-01
2.759537381309176851e+01
4.380523188470519802e-01
4.280484410714864296e-01
4.961379718069598987e-01
4.701321383923479091e-01
4.544464989492953966e-01
4.523081717478192321e-01
4.769314528236193729e-01
4.070541004036206112e-01
4.245836925854974964e-01
4.944952223607826935e-01
4.752961781734257318e-01
4.292313205191158887e-01
4.450038061671497958e-01
4.667796821133920471e-01
4.711324931262048099e-01
4.689118227350116408e-01
1.717148885099506117e+01
4.278240031129137977e-01
4.354257098157255923e-01
4.758325766175640070e-01
4.550433060475163050e-01
4.567979498891586720e-01
5.062112088739247895e-01
4.822654154000512450e-01
4.234583542957473523e-01
4.220000746856770735e-01
4.194587523141850016e-01
4.664797291390935796e-01
4.394379978852837043e-01
4.390496186443280657e-01
4.404000129545417863e-01
4.671912019106213010e-01
4.533695062171739787e-01
4.602857245601354452e-01
4.425116224240669416e-01
4.618602579124782559e-01
4.633692397496427806e-01
4.688688457035279922e-01
4.673826561376737687e-01
5.533173460492771589e+00
4.323415385910676090e-01
4.372213013674801640e-01
4.444548159807626964e-01
5.002108108768558159e-01
4.157993890670767523e-01
4.433036065914271462e-01
4.758660589811777308e-01
4.643429844992555400e-01
4.537586759577968976e-01
4.589085370176463341e-01
4.866690379675092104e-01
4.874684548126129169e-01
4.207245628670858717e-01
4.281969517357865906e-01
4.836150210289094087e-01
4.633105170672702777e-01
4.584878067634053367e-01
4.199326921452078420e-01
4.306579141455050275e-01
4.775150698270931859e-01
4.708319163295147103e-01
4.387130175538709320e-01
4.356985119245162519e-01
4.693916753356556226e-01
4.801590675468544456e-01
4.340534481943510992e-01
4.502281144516883105e-01
4.639525892367162285e-01
4.646835026866745766e-01
4.661142574889848844e-01
4.679482355483534084e-01
1.137578484026840364e+00
4.350126722265831303e-01
4.409311893593976794e-01
4.638526303259750128e-01
4.684948994127885458e-01
4.532588220405487922e-01
4.371225748362255747e-01
4.291630738454700889e-01
4.782157013513922417e-01
4.735910523824622964e-01
4.568912655557631486e-01
4.565748998134813164e-01
4.540778640343862693e-01
4.599170676218966025e-01
4.734956416207596330e-01
4.256343746075134105e-01
4.759334966756296748e-01
4.271799386231191487e-01
4.368552329094697595e-01
4.743114185529398452e-01
4.808599137861482853e-01
4.395663207213795776e-01
4.360758106642439458e-01
4.723821348114659591e-01
4.720992327177090941e-01
4.405885185687736239e-01
4.385922775428320319e-01
4.614109546331075506e-01
4.725949825976484275e-01
4.517623664679311646e-01
4.481047575252649073e-01
4.634323864143576333e-01
4.619515287466620101e-01
4.682364555166552145e-01
4.693272843227683233e-01
4.551183042183759020e-01
4.299986417479754186e-01
4.282632564427943933e-01
4.353782914829517070e-01
4.637998144841559700e-01
4.696723534985354220e-01
4.364705657207742506e-01
4.328359893303575512e-01
4.814858400414577244e-01
4.745387392678888649e-01
4.571302512429073484e-01
4.600675286979642453e-01
4.781514168709750101e-01
4.860620644365943877e-01
4.257667168010759728e-01
4.365094135408477682e-01
4.863711937178581968e-01
4.858663489933870983e-01
4.351951656351576991e-01
4.354872614651673635e-01
4.652585708687463906e-01
4.787931335071042294e-01
4.660982148296226035e-01
4.394649303496993564e-01
4.375747259906823672e-01
4.742749883757371165e-01
4.694942182366247940e-01
4.421176016119631735e-01
4.434776246966230517e-01
4.637045193209883287e-01
4.692119137267026230e-01
4.685251589966674124e-01
4.470329664817260240e-01
4.589288902240964974e-01
4.683704263871205087e-01
4.727092744342205055e-01
4.560362600179688752e-01
4.288857666894608789e-01
4.249513751380026849e-01
4.753049713431548029e-01
4.732857351694644832e-01
4.263205489976157336e-01
4.772615367318745472e-01
4.824867747905765558e-01
4.580460385678180035e-01
4.609237164647435048e-01
4.561249968505491914e-01
4.852574022463531089e-01
4.953133224152334035e-01
4.854970776271710919e-01
4.447093076695157188e-01
4.334263679157087101e-01
4.875552548927804541e-01
4.867353172592320254e-01
4.324615594369929927e-01
4.235550401926059250e-01
4.313417103018887255e-01
4.740968093055091259e-01
4.860821331628792930e-01
4.334669000104595105e-01
4.672313111047502465e-01
4.722726194304875946e-01
4.446377057855950277e-01
4.465613182848464646e-01
4.631676251411476763e-01
4.732636266956584681e-01
4.451179623648160999e-01
4.493475883623794243e-01
4.589314307763671108e-01
4.592373056366070294e-01
4.713034250283639204e-01
4.765715032110444671e-01
4.514361729686506841e-01
4.527558130279266679e-01
4.293322342664381841e-01
4.303533642042093321e-01
4.655061555303867116e-01
4.707993185413610893e-01
4.687792966228778169e-01
4.241862576567193566e-01
4.206472739483578804e-01
4.750943029583694632e-01
4.593255707899124296e-01
4.612724010202325364e-01
4.788905350321493448e-01
5.037165367285834083e-01
4.754769703108558954e-01
4.286155200944009591e-01
4.883059969989163029e-01
4.895381744655781797e-01
4.269484327195516293e-01
4.351588993231737534e-01
4.738332619494635134e-01
4.782447744683122060e-01
4.317673450889935038e-01
4.358298945123915136e-01
4.651320399439225484e-01
4.457475744353033287e-01
4.421478650756253126e-01
4.675301715789206836e-01
4.717078926332855526e-01
4.480955655785045511e-01
4.489932190113226640e-01
4.557041936975789742e-01
4.595238566639186506e-01
4.831975427178726301e-01
4.827622643388969625e-01
4.756288512804177637e-01
4.520978319268043610e-01
4.514533719245993337e-01
4.308633980293219423e-01
4.407938366326676904e-01
4.632636457306823496e-01
4.706014764615666923e-01
4.255240424385381970e-01
4.237314441515085961e-01
4.742420645239996957e-01
4.708630995598791502e-01
4.576468101484115758e-01
4.731492034630083721e-01
4.588459269101261007e-01
4.721801847350534653e-01
4.891990091335712831e-01
4.728145359522535895e-01
4.284456417873898082e-01
4.290774076374340162e-01
4.829461204890703185e-01
4.285773955144799308e-01
4.271318900479390557e-01
4.321741663194889616e-01
4.661994658299100647e-01
4.787586585357542224e-01
4.799026832782347651e-01
4.318719332639395780e-01
4.357674861417421552e-01
4.662235371323478761e-01
4.621719452541834805e-01
4.403235397963111142e-01
4.334155174582721148e-01
4.405098982261559382e-01
4.732637873724401811e-01
4.759933546132526505e-01
4.506550374260699376e-01
4.507214773834060662e-01
4.540239505424316091e-01
4.589620821170131149e-01
4.890132444137924583e-01
4.906453752822355630e-01
4.525339456839847507e-01
4.500629519073931495e-01
4.369770904476210638e-01
4.367809964946392509e-01
4.650074950456953293e-01
4.706851637248554709e-01
4.327452435978610401e-01
4.229266981455561125e-01
4.799759146167084101e-01
4.728044152311566273e-01
4.565173929132603781e-01
4.631721825335986531e-01
4.792909147338011433e-01
4.826956345055966602e-01
4.353501930036710599e-01
4.360460457289701552e-01
4.837349511069662378e-01
4.852071331922990227e-01
4.160762234372694102e-01
4.346271485857928774e-01
4.763792465872737636e-01
4.834338047556903106e-01
4.389748375494530452e-01
4.365218611068458210e-01
4.625386625295606624e-01
4.644844185001519854e-01
4.318278478679753452e-01
4.392556141924902069e-01
4.734991938400330280e-01
4.689206331775437331e-01
4.572301104359117740e-01
4.508184117891922416e-01
4.471959477666330729e-01
4.609402450671629126e-01
4.888112634495678788e-01
4.977406743968097458e-01
4.503431599769823768e-01
4.472969870993341868e-01
4.312612354024455419e-01
4.283586941766271972e-01
4.311632068104895854e-01
4.722640133920912864e-01
4.666962511040640971e-01
4.244736614500920768e-01
4.878039956821772494e-01
4.630204039735203447e-01
4.634987030830505228e-01
4.651765557451648658e-01
4.825558348287136701e-01
4.793912289676786065e-01
4.465355974879772205e-01
4.337588829105250565e-01
4.986158797892943917e-01
4.508906688357193215e-01
4.247347735867108565e-01
4.809590323293648217e-01
4.783805432681993985e-01
4.448286314994331914e-01
4.424551517859275362e-01
4.612567533915286067e-01
4.569546108870307655e-01
4.408134932518351090e-01
4.432182811326316196e-01
4.677791695825079810e-01
4.673650782835119255e-01
4.757925166134011064e-01
4.494422748826942260e-01
4.411760565024078207e-01
4.846825452833592451e-01
4.799510238703255660e-01
5.155664118257196060e-01
4.433653319346319566e-01
4.267392328345901986e-01
4.295905851199042225e-01
4.685853117971165438e-01
4.691600283461715981e-01
4.714654365501045885e-01
4.404346179139955741e-01
3.851603174464684476e-01
4.762124456633721747e-01
4.705662959385874533e-01
4.392606500386869173e-01
4.759114778939312340e-01
4.785893192850806388e-01
4.833305513188422831e-01
4.466618599480356999e-01
4.415145806060915001e-01
4.690724819330881479e-01
4.466614054876691942e-01
4.438280825323614454e-01
4.416096278375247208e-01
4.322535974910602374e-01
4.654673933801786179e-01
4.661356161921714758e-01
4.716213119166532408e-01
4.397393868692243690e-01
4.742163004111890068e-01
4.428558308549959688e-01
4.392716294392558507e-01
4.294211236947095833e-01
4.374633998386265876e-01
4.640773867243789264e-01
4.673808794554917267e-01
4.662647516884711463e-01
4.673326258563094693e-01
4.691690335717276228e-01
4.758352932727899498e-01
4.576306467012511425e-01
4.259219327337687155e-01
4.684574916847472625e-01
5.025184327905647397e-01
4.379082720306829990e-01
4.445224575527979560e-01
4.689670053870444999e-01
4.779348961415443853e-01
4.564436673709239556e-01
4.742142046098638541e-01
4.393591443110043682e-01
4.379587767779505314e-01
4.349504773031163118e-01
4.405381786761373153e-01
4.682469214433736537e-01
4.669366568012345842e-01
4.812723928009675078e-01
4.813623818573093405e-01
4.705668748310227190e-01
4.673598528072598346e-01
4.689049703811989933e-01
4.455283583927069913e-01
4.671271988376553552e-01
4.460607844702675906e-01
4.511795651517768180e-01
4.386805017077333169e-01
4.710824459907834161e-01
4.648654695798181136e-01
4.858543643346321939e-01
4.793564470557907797e-01
4.384612383126412771e-01
4.361616700040786276e-01
4.293100353540125758e-01
4.279044059292437252e-01
4.340883915655409653e-01
4.692408381177164967e-01
4.749606064129093808e-01
4.725665346524229316e-01
5.003045404978201383e-01
4.775281973220568688e-01
4.660024317522873938e-01
4.645983226022732393e-01
4.606399075772049656e-01
4.283636775637771898e-01
4.520828017440750024e-01
4.597808157048670075e-01
4.517466446437897187e-01
4.846345235134926210e-01
4.955411341273107673e-01
4.337534005978442297e-01
4.326692638772598465e-01
4.271583550702677812e-01
4.296766829883223449e-01
4.685682605408576507e-01
4.707725664463495718e-01
4.682907655177336870e-01
4.885507299983306018e-01
4.865095845504411876e-01
4.551272196617782151e-01
4.401264649961215691e-01
4.677452143033363763e-01
4.736613901093046364e-01
4.673738728123562058e-01
4.482039071422287968e-01
4.309362300599427487e-01
4.394336368914140700e-01
4.638238231222600039e-01
3.920664408315809868e-01
4.875944375968060407e-01
5.048678993250584890e-01
4.876320407159586701e-01
4.332238196580260881e-01
4.325570085907488038e-01
4.286812939240991494e-01
4.286655256167984374e-01
4.644677651237391069e-01
4.697421739279249442e-01
4.713261278649502617e-01
4.663677520292117684e-01
4.965721127953821590e-01
4.766530376964353555e-01
4.798796731756518330e-01
4.551372559914556581e-01
4.480294185093369741e-01
4.697606505428818524e-01
4.878992726490156695e-01
4.709258344382199479e-01
4.141639455976078299e-01
4.588538346502683551e-01
4.754332016911244074e-01
4.623539358805762167e-01
4.435117513760181707e-01
4.310217916978102970e-01
4.977300319266983464e-01
4.960972332833155085e-01
4.906351581511224080e-01
4.370369309851643846e-01
4.308714800573764103e-01
4.325577616730015840e-01
4.412284099631815781e-01
4.653536942629796225e-01
4.718981532983511085e-01
4.840003840691615156e-01
4.887141638923717113e-01
4.749317028558226461e-01
4.852566419477928883e-01
4.435033156263629706e-01
4.755337963713393012e-01
4.633129968155506040e-01
4.464055461132123703e-01
4.732790123653973779e-01
4.740884021306070450e-01
4.674327410448212983e-01
4.732334857248134408e-01
4.322630283359328307e-01
4.288702486920815682e-01
4.616794954247858129e-01
4.724148432655524421e-01
4.603443079095181356e-01
4.528545406293985054e-01
4.512580220082036409e-01
4.416112614850352114e-01
4.216414173832850332e-01
4.975617354830682015e-01
5.068041796824463985e-01
4.352824181188926778e-01
4.324561334911217192e-01
4.280193413558397442e-01
4.277682438821737154e-01
4.330397547848420237e-01
4.664062215450920368e-01
4.733142053978048325e-01
4.753085073239258218e-01
5.042477053083314065e-01
4.878606054208559639e-01
4.415491545808815088e-01
4.656265290949959668e-01
4.441850470935781448e-01
4.838275656460032659e-01
4.694659926548145346e-01
4.450443588492726810e-01
4.655938474221596457e-01
4.925639125555860698e-01
4.741468093156807617e-01
4.524931658380548227e-01
4.456861433102136116e-01
4.886089075187833308e-01
4.178787503615529753e-01
4.616530030411169494e-01
4.704965134877328592e-01
4.627662174322705879e-01
4.496829249770690207e-01
4.471189514828048384e-01
4.794951503756810229e-01
4.699406020505638715e-01
4.210524114979485311e-01
4.897294177012341820e-01
5.197881058741982141e-01
4.887550234480372846e-01
4.295592076472170007e-01
4.321418626780026417e-01
4.290235440146843438e-01
4.256265972723250468e-01
4.697299613946260277e-01
4.681974872959319134e-01
4.678790712877113900e-01
4.961567784482804888e-01
4.781944410653669597e-01
4.861815559413069643e-01
4.422960602562976407e-01
4.597348276781718646e-01
4.451416603636820790e-01
4.738448342204348851e-01
4.600959718294458933e-01
4.461585087442603847e-01
4.671985556385708227e-01
4.818530766951490962e-01
4.700745744519342351e-01
4.733364167843203130e-01
4.285290649265203755e-01
4.578955065681845626e-01
4.380697150603763967e-01
4.404181116114222472e-01
5.052321164345778826e-01
4.885005781975211847e-01
4.167671540403142250e-01
4.632917243754803849e-01
4.680001434468152866e-01
4.640995911958503140e-01
4.415637348809582363e-01
4.682717418668006504e-01
4.492901715150693920e-01
4.476030793796960117e-01
4.819484158624421921e-01
4.281435883731909420e-01
4.222496882390033845e-01
4.904924301306878287e-01
5.104066155372464220e-01
4.932691952189947604e-01
4.331174768102807326e-01
4.514629432851084978e-01
4.345739877060704193e-01
4.279958635068890627e-01
4.349250275445931124e-01
4.683410244918571053e-01
4.703560432647059253e-01
4.734371567088284660e-01
4.640324979813443274e-01
5.107524077079607094e-01
4.728425143342148695e-01
4.841015652249392454e-01
4.413111342126095349e-01
4.647682309846226101e-01
4.444314324371810843e-01
4.462807348644922678e-01
4.573098031803570218e-01
4.407699950525283406e-01
4.716263777960206238e-01
4.779929113028978938e-01
4.673749478387626555e-01
4.779495095265229310e-01
4.266580522205997705e-01
4.399508477997431943e-01
4.392537530403051727e-01
4.402205076836492870e-01
4.802674733557044662e-01
4.326565230152745190e-01
4.218105460819435160e-01
4.641798980364146288e-01
4.679147508617677587e-01
4.645098200254652587e-01
4.423145320436333017e-01
4.564999365708521384e-01
4.459865905336146685e-01
4.935069216998901886e-01
4.870369071675079153e-01
4.222458968648790112e-01
4.939363481455073535e-01
4.950630186018986079e-01
4.963998725916546895e-01
4.323782959595264819e-01
4.350904313859219608e-01
4.366172106020239641e-01
4.391853672707464185e-01
4.645079764687983781e-01
4.714152368441358321e-01
4.766277146933430853e-01
4.777631368493740482e-01
4.602474855380653818e-01
4.718083284487474827e-01
4.857279717093273552e-01
4.445181426336513031e-01
4.689442208299071657e-01
4.452435204322685025e-01
4.495616471663124170e-01
4.972618992846776220e-01
4.818411359747520328e-01
4.479301575515234890e-01
4.411483460584478267e-01
4.661608243224930614e-01
4.874407390326695455e-01
4.660469621984266730e-01
4.768698959842166962e-01
4.275951492157614164e-01
4.361576865044314300e-01
4.404747034000494610e-01
4.415015246929011039e-01
5.232930048960499070e-01
5.140928712081513918e-01
4.191871965845874182e-01
4.652288358408068758e-01
4.652629655208022075e-01
4.663090372535538264e-01
4.426386752216375231e-01
4.547505963942897189e-01
4.458228523805768950e-01
4.698522981549588806e-01
4.201503071633565511e-01
4.270525953116140472e-01
4.945846544409969181e-01
5.047957599592494127e-01
4.975978943116596831e-01
4.300768777215204786e-01
4.586852470647578839e-01
4.363889644159708592e-01
4.316663285867123889e-01
4.512670580246959107e-01
4.350371190461520543e-01
4.649391107685184599e-01
4.819985824019370479e-01
4.589638059631256928e-01
4.978278586622737478e-01
4.683319962223776445e-01
4.849788541776600681e-01
4.476512511048252319e-01
4.502352664999833554e-01
4.450138519693662698e-01
4.527175568424404162e-01
4.768487435552772324e-01
4.601439492341285464e-01
4.865583906485633769e-01
4.280343069232120379e-01
4.553169232824275103e-01
4.373232484193640968e-01
4.398707953199030851e-01
4.869920531146302300e-01
4.224176778180099290e-01
4.219709099860745050e-01
4.648548112174070157e-01
4.634525200159630431e-01
4.670532038495153193e-01
4.423965070085938978e-01
4.527487158041405557e-01
4.456536608963873602e-01
5.015407750954641308e-01
5.176702862739235300e-01
4.159552548642984071e-01
4.197246940037259733e-01
4.905343476887286114e-01
5.242382757962658069e-01
4.959969082194151113e-01
4.315100721400668138e-01
4.465616995819933766e-01
4.239641944678173568e-01
4.436098291855187226e-01
4.496532356069636305e-01
4.406735612027377624e-01
4.670902421410528249e-01
4.639457524310748315e-01
4.668457682050302093e-01
4.622400729591797930e-01
4.978685930510360902e-01
4.702415567704785748e-01
4.752886887469159882e-01
4.722497551474083011e-01
4.556688268753129045e-01
5.237611764974892115e-01
4.575699739912695296e-01
4.654471887167322963e-01
4.716824044679182037e-01
4.629573563952898985e-01
4.651515751938971044e-01
4.720349428911473910e-01
4.823814263376292599e-01
4.328682750355455910e-01
4.437204676458301189e-01
4.299300361441570906e-01
4.355934257247823793e-01
4.654611868541850828e-01
4.005982455622494331e-01
4.620056402156031972e-01
4.680830619952628391e-01
4.667481248282125406e-01
4.422277902454302967e-01
4.527253074265189525e-01
4.445888065323981286e-01
4.568994409017008151e-01
4.646745312287928198e-01
5.063351837188814208e-01
4.317989827693061722e-01
4.326995791602865626e-01
4.316032299562270191e-01
4.474317719719069775e-01
4.615131474433786241e-01
4.426908611938876748e-01
4.988445789112131989e-01
5.076620482283265012e-01
4.294730442438493001e-01
4.568031402982559719e-01
4.582284103158922317e-01
4.798551233918770809e-01
3.620635416183494715e-01
3.501367333903829815e-01
4.220749821938770130e-01
4.978196415314887768e-01
4.642326420141392185e-01
4.680356231404232958e-01
4.648351881589313228e-01
4.642778601627399193e-01
4.632356503143673088e-01
4.630058488110883053e-01
4.654998076986205935e-01
4.685945238670237156e-01
4.795235331519259181e-01
4.253138591023442605e-01
4.400883850034100764e-01
4.419286032807810405e-01
5.825766407681647330e-01
5.724810439507904691e-01
3.939629237641714132e-01
4.501881162931050118e-01
4.624964564338018835e-01
4.621752473284254648e-01
4.418797968613860649e-01
4.623132635525199485e-01
4.442640461057817958e-01
5.075491920994671391e-01
4.309265988608130815e-01
4.276165341965346145e-01
7.674340743337012549e-01
5.033437314501286730e-01
4.012216140239363571e-01
4.134917133440622061e-01
3.099854465444122353e-01
3.853669156016609199e-01
3.290393419037420109e-01
4.597447675966985781e-01
4.821083030298766725e-01
4.755791230785260115e-01
4.728733995210162577e-01
4.751929275463863678e-01
4.707193663905347436e-01
4.265000430461390879e-01
4.641827941319229267e-01
4.326990708707342814e-01
4.389384928512318762e-01
5.150316942458810221e-01
4.384538825894466751e-01
4.621839455139687969e-01
4.418235508823817881e-01
4.915474973920436197e-01
4.983247897130547166e-01
4.727884333711519504e-01
4.891484992434573242e-01
5.139417177937419812e-01
4.305073364121522750e-01
4.218689179731824335e-01
4.325753328383585283e-01
9.204217865658964604e-01
4.128411970481577487e-01
4.221227101210756616e-01
4.626836073950047479e-01
4.435238665645072631e-01
4.686021704315875280e-01
4.740418450495670344e-01
4.628144790960421195e-01
4.661930926922659979e-01
4.680516998401945683e-01
4.953569992430759683e-01
4.376796553884941821e-01
4.567960387145396650e-01
4.379832618102781905e-01
4.723975750927976169e-01
5.039714928336832545e-01
4.805915981885686694e-01
5.011829772149464235e-01
4.279427422948503534e-01
4.368657747885878462e-01
4.320666516445124672e-01
1.068434417039217266e+00
3.762208769161513588e-01
3.503943631335499354e-01
4.493410055325308128e-01
4.245052598441335090e-01
4.599659617374152742e-01
4.729775002635522307e-01
4.613393579971018510e-01
4.666865668372933706e-01
4.618045595722660712e-01
4.607774343955763907e-01
4.620056634527328621e-01
4.655049396977846698e-01
4.690863045256643549e-01
4.815892886336826106e-01
4.315643026788231751e-01
4.349753220554194444e-01
4.686412926685970537e-01
4.871180314672857725e-01
4.782427389493407732e-01
4.939229283589872121e-01
4.918286048795858512e-01
4.214294577807316533e-01
4.496872578463386727e-01
4.252372659587583259e-01
1.237147093960135225e+00
3.157285490604826994e-01
4.583966576719586405e-01
4.457795662110956569e-01
4.463097739117454221e-01
4.385685646371627611e-01
4.489655756121825325e-01
4.612727209308971621e-01
4.658830903541646418e-01
4.653491916828980668e-01
4.653529198579417492e-01
4.677323340520461170e-01
4.699628739699887592e-01
4.739114735545655877e-01
4.799133673420177271e-01
4.715898490304494817e-01
4.359817988187407178e-01
4.341324043940084643e-01
4.362257848959489870e-01
4.746021426694771450e-01
4.862378736654981992e-01
4.759626118922115068e-01
4.795162770561222643e-01
4.972084540157265531e-01
4.869045319322867216e-01
4.229214633771661846e-01
4.232263043187564078e-01
4.190908529566886309e-01
1.428442102382752266e+00
3.263147342826413499e-01
4.749590914507095807e-01
4.855783539204566734e-01
4.670085961456350021e-01
4.740922614607068208e-01
4.827574166534817635e-01
4.996889890331899231e-01
4.227205633412210450e-01
4.180994917726189031e-01
4.429940666781158609e-01
4.724587850932094324e-01
4.789219583044501682e-01
4.994424235217494457e-01
4.209284412066124914e-01
4.365373848341926877e-01
4.261472582160038547e-01
4.190506421323442199e-01
4.432819463725658493e-01
4.232780511129537460e-01
2.194505960531440092e+00
1.899742453983190416e+00
4.171058710663209657e-01
4.191149250561983508e-01
4.281017084108740822e-01
2.545446893209156958e+00
4.137974504675492327e-01
4.310011725241330582e-01
4.338006676180176102e-01
4.306039220212092844e-01
2.976055377248175926e+00
4.293055824690347744e-01
4.429737714836520790e-01
4.204081640120131413e-01
4.392573514821847547e-01
4.369443089613940234e-01
4.306459452954649048e-01
3.530444211850035874e+00
4.217068497168278696e-01
4.356806386810642695e-01
4.362642060581654602e-01
4.438519009844205110e-01
4.428502541641436974e-01
4.305733459862816304e+00
4.327314870554904158e-01
4.479504630313743130e-01
4.282875746448332466e-01
4.422427979442615786e-01
4.455327940498692296e-01
4.365033414923515376e-01
5.582559770998972937e+00
4.342700617359751547e-01
4.535524132391018926e-01
4.330570818501963126e-01
4.442243570150391507e-01
4.445841988277809964e-01
8.715754546002555614e+00
4.365118412147341309e-01
4.559839204936556034e-01
4.341954394128935135e-01
4.443141295634981391e-01
4.429659310819956675e-01
1.124882422344504995e+01
1.773675593897557334e+01
7.347686164982055956e+00
5.635487465127888562e+00
5.002511884618737525e+00
4.604443984359418707e+00
4.305949389747747880e+00
4.062790929398669704e+00
3.855068710872378013e+00
3.671761527377475964e+00
3.506178444765636115e+00
3.354055243773865769e+00
3.212614267528891787e+00
3.080044359273020227e+00
2.955187037296042263e+00
2.837332467544204651e+00
2.726078484021733583e+00
2.621228880463050359e+00
2.522718033504442570e+00
2.430554030121750309e+00
2.344774910093666342e+00
2.265413925026926290e+00
2.192470617677071854e+00
2.125885416941639239e+00
2.065516516550244930e+00
2.011119138768457493e+00
1.962328839944161407e+00
1.918652082810602177e+00
1.879468448015418680e+00
1.844048949545192162e+00
1.811593300209167312e+00
1.781285340304568088e+00
1.752360697034825110e+00
1.724175630664881442e+00
1.696263209670105132e+00
1.668364415690983149e+00
1.640427922888958889e+00
1.612581271775320513e+00
1.585084404529787383e+00
1.558280501422693254e+00
1.532557120041527332e+00
1.508323928722815177e+00
1.486005058710666127e+00
1.466037813910628484e+00
1.448867309071462550e+00
1.434928532181920735e+00
1.424611606094669414e+00
1.418210430070704131e+00
1.415857955317908701e+00
1.417453084200174018e+00
1.422585903658395212e+00
1.430471479182984007e+00
1.439908689680897025e+00
1.449288102170246395e+00
1.456676688572280609e+00
1.459999677440044330e+00
1.457315092516194843e+00
1.447137418766223815e+00
1.428729548495959234e+00
1.402270790909505793e+00
1.368838866289869172e+00
1.330206605493808647e+00
1.288517926648044876e+00
1.245939392280961844e+00
1.204371952508841659e+00
1.165267449014316892e+00
1.129552501160980826e+00
1.097637515205833081e+00
1.069484154534883213e+00
1.044712367667867348e+00
1.022736325261566437e+00
1.002919662020975045e+00
9.165233379752182330e-01
9.199004614147464620e-01
9.183967739783001072e-01
9.598064965392922865e-01
9.400730037524038796e-01
9.842763187293656069e-01
1.011394051550194462e+00
1.037833022915066739e+00
1.058838455134581968e+00
1.068171887222513439e+00
1.058277206922409563e+00
1.020652293255194909e+00
9.461969877257243589e-01
8.251298868760005290e-01
6.551173141579986758e-01
4.766665171058538375e-01
4.255966465559612444e-01
4.445441531124765810e-01
4.459195652404441268e-01
4.445175494501076852e-01
