1.690191206570883864e+01
1.077728316153231525e+01
8.371619329287256051e+00
7.113376468111689555e+00
5.520616777816449883e+00
4.946678999916455766e+00
4.590093300854397818e+00
4.323701019038199256e+00
4.106299441387103677e+00
3.919477409249360722e+00
3.753125887200389865e+00
3.601209718658269221e+00
3.459993761499375875e+00
3.327152965221866765e+00
3.201270045487786930e+00
3.081528455611490358e+00
2.967512939603470734e+00
2.859073058284876456e+00
2.756225772264834895e+00
2.659083998263468196e+00
2.567803670969060370e+00
2.482544357338814844e+00
2.403439335446178937e+00
2.330571376281453944e+00
2.263950984635831443e+00
2.203494925766654955e+00
2.149004583400797586e+00
2.100145966990963231e+00
2.056435697636818105e+00
2.017239414238693129e+00
1.981789745841364914e+00
1.949229121386610419e+00
1.918677496530126092e+00
1.889317137944741543e+00
1.860478395717114264e+00
1.831705860229005056e+00
1.802786980008752371e+00
1.773735745554865906e+00
1.744738818187433482e+00
1.716084023639011136e+00
1.688095619014466031e+00
1.661095357782334192e+00
1.635396072823675162e+00
1.611320965427000651e+00
1.589232380603523787e+00
1.569551373462198862e+00
1.552753582690565626e+00
1.539335329941182273e+00
1.529753155566128786e+00
1.524347447268041611e+00
1.523265056087712344e+00
1.526396761130002444e+00
1.533343634065759575e+00
1.543422004102716460e+00
1.555709613815806192e+00
1.569125698810788005e+00
1.582526573184093843e+00
1.594789552202385163e+00
1.604857020461067263e+00
1.611723746042212024e+00
1.614374616264252715e+00
1.611710432531066939e+00
1.602522751269900514e+00
1.585578168601026405e+00
1.559836400999313089e+00
1.524760270566495324e+00
1.480608202904883930e+00
1.428574472644331017e+00
1.370688624318477933e+00
1.309488996025431451e+00
1.247587823687547726e+00
1.187284274019940078e+00
1.130337963579222560e+00
8.976261776864836728e-01
8.779557182715607144e-01
8.634812749140619026e-01
8.500404984084145577e-01
8.512240372977283309e-01
8.577740883503165437e-01
8.695653011007068445e-01
8.861099944369135173e-01
9.063997170645217150e-01
9.288018297840542337e-01
9.510319326393824602e-01
9.701895251964649525e-01
9.828058936929928713e-01
9.848244067169988902e-01
9.714200843565344856e-01
9.365418158525554704e-01
8.720663389839273805e-01
7.665933026622162583e-01
5.285008495282477181e-01
4.569481653499853357e-01
4.460468068197514513e-01
4.517756451068695167e-01
4.542676081672345489e-01
4.515322439573640767e-01
4.605690011292283836e-01
5.394267917609376184e+00
4.308927693888207067e-01
4.270448293267776196e-01
4.480197281249497787e-01
4.468627075630597356e-01
4.518914946955551737e-01
4.169181401504970630e+00
4.310809873571038731e-01
4.329659247764247043e-01
4.514385103698018153e-01
4.513506082832481336e-01
4.596765977710901008e-01
3.416189751673641251e+00
4.333857881265827938e-01
4.279349218237793462e-01
4.499448161842232174e-01
4.555928653172878762e-01
4.465452049774789600e-01
4.389611189960864746e-01
2.871526414289671703e+00
4.244773678477661294e-01
4.275128421507533583e-01
4.476275848225283460e-01
4.514376207711414679e-01
4.416257383921560198e-01
4.366657720729760772e-01
2.443968470588855357e+00
4.135676919831438592e-01
4.046420620297215831e-01
4.328025713476836844e-01
4.235234717066632126e-01
4.132167527241604188e-01
2.092383722673507140e+00
3.957805690289325495e-01
4.109478707360366134e-01
4.264182008257743628e-01
1.795322813624575797e+00
3.993165569143929949e-01
3.943677486104452679e-01
4.221072683660914704e-01
3.973710276202178093e-01
3.881083526832716513e-01
4.090660410159818183e-01
2.224426240953330247e-01
1.963110676275409139e-01
5.192855571498261602e-01
5.866436061616564501e-01
5.825779661102893359e-01
5.863746789068846610e-01
5.789597748840655811e-01
4.074062122384669027e-01
4.101176567045715649e-01
4.076119734752494117e-01
1.137589737528423184e+00
1.322690392658928182e+00
1.234092856868821142e-01
4.807353082728208493e-01
5.103055915091150307e-01
5.485849990365870843e-01
5.847165496125694695e-01
6.159575167097307569e-01
5.979065204473457129e-01
4.065702505260616051e-01
4.343787723904964926e-01
9.846767997876748613e-01
1.698111918457909375e-01
1.214271168763202957e-01
4.428408943133272935e-01
5.633357283360785894e-01
4.997186960478414708e-01
4.712329558132644647e-01
4.338549185144253140e-01
4.526926303053489531e-01
4.930550206862049367e-01
5.184274042861317655e-01
5.293734777211003273e-01
5.370067297476494028e-01
5.612978487123481131e-01
5.930671314392609306e-01
6.324073507296125163e-01
5.839023360205060076e-01
1.539936091564897969e-01
5.067068409891436476e-01
5.214304871464178204e-01
5.607281479938557300e-01
6.213832329892059470e-01
5.967786755052724157e-01
4.189064607552117625e-01
4.257815346574564397e-01
4.210549634450330148e-01
8.620853694507293330e-01
1.536045265911267221e-01
5.794890674311551360e-01
4.720195220605887254e-01
4.937571037915432504e-01
5.195280874508662050e-01
5.370999666019857788e-01
5.809686598355137122e-01
6.050426783454315727e-01
5.803096168361032703e-01
1.749431559784373202e-01
2.423728207390651590e-01
5.597194959786386814e-01
5.161934929508689152e-01
5.564416815929579263e-01
6.168643805205104025e-01
5.951194275021425284e-01
4.266844510084913944e-01
4.468950723552064797e-01
7.878698099457215331e-01
5.955660861090532610e-01
4.539529278916243360e-01
6.864050471189712122e-01
4.787536782591795270e-01
3.096774403912498919e-01
6.092805371442986395e-01
6.057679347194782071e-01
6.409235693094316177e-01
6.884807366476851653e-01
7.257892373977459233e-01
6.518024920310100390e-01
3.047194130351782992e-01
3.725546087740502776e-01
5.147268762306211887e-01
5.247075329187980142e-01
5.242524955336260728e-01
3.390289876352249876e-01
4.540871627791021048e-01
5.161458053188507922e-01
5.118290836009070643e-01
5.654562016574563588e-01
5.488873625290652258e-01
4.349496434009572088e-01
4.392848379329102881e-01
4.438773529008752661e-01
6.764237835522480813e-01
4.952419964261414176e-01
5.579280045384769071e-01
5.467710658996560724e-01
5.040146352617281833e-01
5.568699634374133511e-01
5.476006533478806615e-01
3.816471380140767367e-01
4.704024978400435653e-01
4.693254609810169065e-01
6.508739044685852848e-01
4.622184247732660234e-01
4.105381767764172407e-01
5.024626622487998739e-01
5.508861192385274830e-01
5.449514622873352643e-01
5.367086676532271117e-01
5.515560567317514540e-01
5.824724753644960895e-01
6.328609092205115250e-01
6.871496411628323919e-01
6.448676616169204401e-01
4.778988252214304011e-01
4.260445931669864517e-01
4.290784165688877883e-01
6.305782021373521617e-01
5.154367598344422596e-01
4.497878063033912133e-01
4.599839593378929337e-01
4.868467192433769686e-01
4.425000377180337008e-01
4.487366639684383651e-01
4.461438558792032993e-01
4.428319436476495508e-01
4.712919934856397708e-01
4.644136512462250233e-01
5.453691801498776748e-01
4.562549781972874974e-01
5.075451606202707744e-01
5.538064454393262226e-01
6.116017279549788022e-01
5.690316238779472569e-01
4.033797490272175712e-01
4.033043317535153771e-01
4.391891752014868699e-01
5.754161313737595762e-01
4.705370628825477630e-01
5.037653657341442104e-01
4.741661126275652505e-01
4.864714747928379768e-01
4.238876462861989047e-01
4.456349247770408084e-01
4.462722088898136152e-01
5.875848079583427808e-01
4.908900148467892355e-01
4.729821051133197840e-01
4.655809166873181026e-01
4.992968967593416907e-01
5.197764615147155709e-01
4.582699686278138285e-01
4.695881146680344620e-01
4.544925459956444813e-01
5.496962969131192756e-01
4.764295383864880495e-01
4.521719258353151250e-01
5.433348493051816108e-01
5.635672680653427413e-01
4.475972954376751800e-01
4.692435790752865765e-01
4.187741220557743560e-01
4.090810612030965632e-01
4.089352376906576492e-01
4.623956202893364509e-01
4.338984756940474918e-01
4.322928321345796410e-01
5.318127300215406139e-01
4.907400859060643827e-01
5.375896070883444677e-01
5.923221562997744716e-01
5.633741999634950259e-01
4.205238456132326941e-01
4.331227691394181067e-01
4.427827614787723798e-01
4.479067686126139702e-01
4.742609266930693512e-01
4.484360074277179420e-01
5.150089767982760636e-01
4.856604295093865931e-01
5.555159057143995716e-01
5.490644663905684952e-01
4.475859637454149831e-01
4.532653644919983349e-01
4.714310124293906723e-01
5.432669198767756669e-01
4.628040562746234543e-01
4.528577655144698233e-01
4.734918526738094990e-01
4.575313402071601865e-01
4.644324033956040987e-01
4.689941682976292991e-01
4.701939358551542880e-01
4.620398523424266712e-01
5.388320686247043412e-01
4.982413529419286724e-01
4.388705188506369370e-01
4.266322282112959829e-01
5.365393509768057179e-01
5.419303174748095753e-01
5.464607977057794885e-01
4.535148173842009078e-01
4.569223693395738639e-01
4.725299129619930927e-01
3.827327759581632960e-01
3.809450420345795729e-01
4.206246721080962869e-01
4.236586529390016787e-01
5.403180065274265642e-01
4.577561020115227253e-01
5.337947663621345207e-01
5.594589594332792792e-01
5.687932789930495447e-01
4.181197840882362460e-01
4.282125411124793612e-01
4.383140047557451680e-01
4.359439746988929554e-01
4.670865994047538883e-01
4.476330015910115478e-01
4.236769320066726685e-01
5.003420931544781958e-01
5.246129955092765362e-01
5.363951787012999350e-01
4.569125653346786109e-01
4.623790037729261226e-01
4.653536046730772369e-01
4.743187614761606441e-01
5.574750686527034649e-01
5.208243817707888246e-01
4.495137183476154430e-01
4.498717700157002786e-01
4.345957171445749556e-01
4.455941266895770969e-01
4.704425829110735480e-01
4.696289535022055150e-01
4.608407050537541294e-01
5.226719996274018509e-01
4.266260088622996771e-01
5.380846561775480819e-01
5.424501777160811722e-01
5.626210189870164413e-01
4.588948098263296305e-01
4.633110076891726048e-01
4.617460769532026887e-01
3.793336262924036917e-01
3.754758417795278636e-01
3.827958183970447403e-01
4.119649980054470584e-01
4.045324058537290157e-01
4.356415799032732350e-01
4.881570002038290168e-01
5.501365821433640280e-01
5.511763603684178836e-01
4.143228160265717830e-01
4.066678357076507488e-01
4.320027182906337471e-01
4.311616398050127641e-01
5.009020579059701994e-01
4.048566149635091649e-01
4.934643681081039013e-01
4.931488284528253163e-01
4.914557439187404730e-01
4.708241223999596881e-01
4.696841386896530302e-01
4.908320937431697728e-01
5.463400371570186209e-01
4.558709651217657255e-01
4.410057273383853893e-01
4.476039719807974326e-01
4.510546760723845860e-01
4.549103111274283018e-01
4.695421234183304038e-01
4.661385542316968666e-01
4.653629790157310930e-01
5.423155685054640296e-01
5.151101030834444039e-01
4.286710888106952666e-01
4.145237671427379200e-01
5.323873398694828341e-01
5.345374885039477775e-01
5.701251109468565836e-01
4.590443129170753145e-01
4.751695508418020131e-01
3.833121668953745620e-01
3.870680278009317465e-01
3.846358363211929698e-01
3.481357778268010517e-01
3.425660875579158993e-01
5.426005997368994471e-01
5.113882813481872569e-01
5.291890449131337881e-01
5.274332590713405322e-01
3.972080832309763943e-01
3.937480618797938314e-01
3.915185591496144202e-01
5.535654605527463579e-01
4.139784125084030042e-01
4.898674283779180794e-01
4.829749788762456864e-01
4.841938416689313684e-01
5.008456359403172797e-01
4.771904650017523841e-01
4.785830369576050125e-01
4.829290463534362532e-01
4.805586743659224225e-01
5.464637121390875096e-01
5.222778154204942291e-01
4.446246834018934280e-01
4.558835492934940614e-01
4.605746169759965536e-01
4.606085752551401513e-01
4.628629219909583536e-01
4.644392849873773543e-01
4.618123445538511729e-01
4.786289985970284544e-01
5.187608624323789552e-01
4.187325284232298883e-01
5.456257623553463221e-01
5.408292096045583808e-01
4.565383225765546338e-01
4.648943657476584668e-01
3.745215750022319878e-01
3.654094979855644909e-01
3.072323944564461229e-01
2.600754424361238493e-01
5.149474000491613968e-01
5.099374463461197049e-01
5.284989258684249513e-01
5.461575427665361637e-01
3.884051207523535054e-01
3.474885445161760567e-01
3.561980782903485521e-01
5.537020391395059971e-01
4.626130175222670782e-01
3.870125257868911595e-01
4.826606057096306523e-01
4.877537493040307592e-01
4.872708274149939456e-01
4.874164088170359066e-01
4.876993333840640155e-01
4.937403864567175282e-01
5.053013325165239822e-01
4.555860270456175143e-01
4.404946282848518635e-01
4.631854695558557666e-01
4.626753169053326453e-01
4.640292324922445366e-01
4.584958442372187859e-01
4.621648025399354154e-01
4.885166105862333019e-01
5.299486156549727545e-01
5.365792242600790907e-01
4.033843529192631117e-01
4.068046181506946857e-01
5.424638048347972807e-01
5.424445836529447895e-01
5.559743391881104557e-01
4.590564421923274963e-01
4.581942316141894844e-01
4.569951397610110266e-01
3.560004252176030559e-01
3.392365619729545978e-01
2.100322421151578633e-01
5.756724751321314060e-02
7.070235140021592646e-02
5.076538900386401432e-01
5.181239114729019324e-01
5.318014066522765981e-01
5.479657423358257340e-01
3.498447926306780253e-01
2.694171449753534064e-01
3.846449761077520013e-01
3.417704731915595651e-01
4.819080104206563964e-01
4.803098175076273013e-01
5.041138469116680509e-01
4.918508540525708406e-01
4.658690734704747927e-01
5.222620236012689432e-01
5.337341972831877168e-01
5.174097779593167523e-01
4.527738237958008338e-01
4.633693016443197199e-01
4.609488869740993033e-01
4.599924597723645814e-01
4.644732318304884422e-01
5.050203915402536881e-01
5.454011006511600979e-01
4.102806393149713293e-01
5.336963537392174217e-01
5.235202247039759671e-01
5.419120705215952905e-01
4.568190138561581959e-01
4.547249949996595708e-01
3.308370958492768965e-01
3.072238780277259940e-01
3.372620493774395323e-01
5.070467119698821579e-01
5.336565522029221853e-01
5.431622654929783023e-01
3.865037133800531821e-01
4.751134713070067628e-01
4.771765681427980188e-01
4.891767305960983414e-01
4.613529158068201408e-01
4.756928446313893888e-01
4.549704399444849945e-01
4.641854859449506820e-01
4.628882490622509005e-01
4.404710776560852303e-01
4.318821734519430744e-01
5.377240579349021887e-01
4.036480266568976960e-01
3.826905823179569954e-01
5.467089112688475749e-01
5.422987269740456862e-01
4.606465688360017463e-01
4.535580306996958577e-01
2.984058652045491478e-01
2.390151382459118068e-01
4.520039985681338912e-01
5.056477829606144114e-01
5.294957595332665523e-01
5.231813977542885130e-01
5.428118702570915444e-01
5.425754736919035093e-01
4.091618501071639935e-01
4.068164200164502975e-01
4.735463282992885548e-01
4.741799054446570461e-01
4.768064718972570559e-01
4.589133464106190941e-01
4.683023792889807746e-01
4.741471504558535388e-01
3.990973558866091064e-01
4.112147856928408118e-01
5.496661559332814972e-01
5.235574905304722915e-01
5.353469744095058491e-01
4.591369653529024375e-01
2.223325189147821179e-01
2.524359471704579194e-01
4.804059337389227080e-01
4.669584167819392784e-01
5.341367398854045545e-01
5.352934465829677357e-01
5.170712745256620391e-01
4.060943910138210544e-01
4.527528933263560429e-01
4.532236520281872627e-01
4.512780827341623113e-01
4.126493634355373752e-01
4.284265120109857494e-01
3.907445018522317515e-01
5.274295982015820838e-01
5.273104012371916394e-01
4.592835180179118959e-01
4.628623343554255087e-01
2.573194891713673216e-01
3.012499062576418085e-01
3.133049909385597909e-01
4.718845138224619373e-01
4.938324889319388178e-01
4.872313287914064039e-01
5.188618794202474183e-01
5.248839830411998753e-01
4.846100300263554428e-01
4.522650910403729352e-01
4.512610505243744852e-01
4.151517614213290908e-01
4.645791942426082954e-01
4.229283548645598745e-01
3.884080680334718316e-01
5.495642479287037308e-01
5.035346814053371922e-01
4.633593945550967264e-01
4.618604064698570433e-01
3.110697379770335780e-01
3.161756513015572256e-01
4.892689680165783761e-01
5.069666271016270986e-01
5.027614203568617768e-01
4.742842996227791819e-01
4.343946967734004794e-01
5.234278349026207922e-01
5.643281001730269253e-01
5.632923338965061255e-01
4.468213145867181435e-01
4.524156700351749105e-01
4.821726658148651201e-01
4.356129531147025502e-01
4.374542048860596832e-01
4.123821387798858873e-01
3.968917933418103505e-01
5.330015502188213405e-01
4.644103804090183307e-01
4.661280769350227282e-01
4.632956767889673255e-01
3.146073903855275411e-01
3.465167642765423217e-01
3.572703982355027175e-01
5.086123125199861761e-01
5.193002160820296975e-01
4.428278930000014157e-01
5.769330460456857379e-01
5.705883225147693194e-01
4.480535655021805619e-01
4.445912584083161478e-01
5.120935054993167590e-01
5.107556229100675971e-01
4.475111099835164530e-01
5.613033053829191710e-01
5.103297976710950978e-01
5.108227653609741514e-01
5.055845556781635164e-01
5.069195961942545292e-01
4.994426761816361804e-01
4.651570769236290648e-01
4.651795470044872149e-01
3.765850948230030637e-01
3.846714811600789319e-01
5.192882713652898774e-01
5.117730966611983012e-01
4.454701582959018080e-01
4.308637861554671100e-01
4.688515660204504165e-01
4.844016156102795012e-01
4.523222135483225270e-01
5.686190654465120842e-01
5.756666928108389314e-01
4.369736831079448214e-01
4.253882810217897714e-01
5.195688410587323558e-01
5.178506764484579472e-01
4.504961354423153708e-01
4.438232780649254416e-01
4.035999520641953553e-01
5.100113913612972505e-01
3.920622553961646273e-01
3.873268063061290900e-01
5.683642969928700550e-01
5.644642954236496202e-01
5.337930786360006730e-01
4.848741088785104014e-01
4.646201779227714379e-01
4.664741020147583073e-01
5.132353540607116349e-01
5.180124969036306037e-01
4.670894595639445979e-01
4.681570472339468547e-01
3.781092595492023256e-01
3.837058681137586191e-01
5.068246562460969606e-01
5.023957497088636925e-01
4.265553637327180736e-01
4.212416424003092574e-01
4.752485659446916699e-01
4.898172728891622141e-01
4.634968841516789451e-01
4.784006703038657937e-01
5.679292140455475257e-01
5.653692752686717560e-01
4.248752605774837043e-01
5.684255825451868249e-01
5.414346183722217321e-01
4.743703093485476252e-01
4.367291641780112199e-01
4.403195315415311950e-01
5.204748394260848565e-01
5.093392084425641952e-01
4.420475592221415617e-01
4.387382029896685354e-01
4.958740827762109782e-01
4.959781967817993298e-01
4.995541342618919356e-01
3.992044218993648363e-01
4.085173182452402352e-01
5.390496695383968362e-01
5.452389643286632559e-01
4.857550774909999425e-01
4.866264589022161746e-01
4.494337915115424464e-01
4.576297784278242631e-01
5.080030213669919359e-01
5.104389606571265725e-01
4.662717143480903381e-01
4.704326232007602360e-01
3.874178937147561563e-01
4.059164272152830932e-01
4.194553016915762989e-01
4.949602945792134778e-01
5.094771330499788808e-01
5.094639876672747425e-01
4.182180621765773099e-01
4.164275684003239109e-01
4.787965304027883007e-01
4.900713538954404869e-01
4.601018895470496695e-01
4.622232926535871367e-01
5.513647888194946889e-01
5.516710898996569634e-01
4.257915553975643030e-01
4.317978976132061941e-01
5.255223713781265182e-01
5.242769337556552056e-01
4.370466275729375516e-01
4.440598087941453054e-01
5.031895592035423581e-01
5.265912151476838110e-01
5.255704119940929342e-01
4.394342227469141271e-01
4.355301064264210376e-01
5.082021241584741000e-01
3.836559756397655008e-01
3.979701401653378268e-01
5.404072495794083331e-01
5.086736421065132241e-01
4.957021512086317583e-01
4.862101024380371395e-01
4.573813832274123969e-01
4.635776154763844858e-01
5.039009755901593390e-01
5.049006081823251835e-01
4.700376306981700059e-01
4.186677347621035050e-01
4.144615658806907188e-01
5.187928232786483962e-01
5.246873762775583483e-01
4.131389265628635510e-01
4.896479502410297502e-01
4.977680356215273827e-01
4.633468136280465832e-01
4.627625247705487443e-01
4.797365049848091312e-01
5.493745492248047757e-01
5.725525003370429689e-01
5.877273123204046490e-01
4.411294481681639068e-01
4.313934933132167471e-01
5.268606296465461192e-01
5.277502075314648433e-01
4.309441186984817040e-01
4.307812448058037091e-01
4.432045811808129065e-01
5.224054271786817694e-01
5.317576845803928531e-01
4.322816055887611086e-01
4.254443504501589923e-01
5.056090230161373045e-01
5.120667786222119489e-01
3.987853144402803696e-01
4.160073102400323464e-01
4.290604514886918741e-01
5.079843476067407160e-01
5.335828151667744157e-01
5.326385842788003977e-01
4.897530419922624390e-01
4.882780004703932697e-01
4.592565876135586977e-01
4.690721308866421801e-01
5.008258621293790736e-01
5.018832076362701455e-01
4.709065923475480031e-01
4.656015894648577458e-01
4.065373468150192404e-01
4.000315212741083482e-01
5.175775619105800196e-01
5.242469101346191040e-01
4.209122846356803116e-01
4.186220711783061321e-01
4.956930517035480488e-01
4.996034605132758655e-01
4.607757511688153618e-01
4.642271510123762157e-01
5.742843933205613594e-01
5.722067851059688959e-01
4.309387343379841306e-01
4.262722755363039795e-01
5.464016218185487883e-01
5.460169257058234971e-01
4.332682585729112912e-01
4.279142282535838282e-01
5.159005406639081137e-01
5.143476761133956021e-01
4.252504535577385503e-01
4.266809814496108078e-01
5.086547485084574882e-01
5.102013129115493539e-01
4.157824772763994980e-01
4.113504927132227151e-01
5.266613884969101322e-01
5.342395833075530565e-01
4.860929621177478288e-01
4.872852034492073936e-01
4.631477264360548962e-01
4.733469254055880371e-01
4.976575819315113280e-01
4.981958523890880342e-01
4.800070107335556724e-01
4.749714342803040279e-01
3.926936561124728664e-01
3.936633855544362515e-01
5.050243147858801684e-01
5.228121825543903256e-01
5.240704657848744841e-01
4.176032777573568944e-01
4.104860873617170447e-01
5.029278553002689556e-01
5.001571143470550096e-01
4.665643611817602010e-01
4.598329234200962956e-01
4.700663709208349750e-01
5.520727061778363254e-01
5.750522580680713647e-01
6.030894839386984341e-01
4.264889979543798337e-01
4.259192989726217626e-01
5.809175996555454580e-01
4.223789826453646090e-01
4.254676444810411295e-01
4.354514575127607090e-01
5.053152951899183565e-01
5.153914872866701691e-01
5.304765165743433597e-01
4.188780566116340198e-01
4.206160631286167129e-01
5.131001040492397802e-01
5.107172523730660885e-01
4.024425427027540914e-01
4.140250774595766736e-01
5.121242698294454776e-01
5.106522241821699337e-01
4.800125394777300936e-01
4.845702495327649517e-01
4.691748446749601786e-01
4.726888389991570905e-01
4.938874648688268976e-01
4.929340499595372682e-01
4.624278783612724708e-01
4.764319262248939979e-01
3.967296108491565332e-01
4.061483220258350069e-01
4.122377344933405019e-01
5.234947336933684081e-01
5.559691815610335874e-01
4.074838506434049767e-01
4.157235790292445610e-01
5.062044389924097443e-01
4.979645793299786183e-01
4.586877019867882654e-01
4.529104941757436942e-01
5.836464176225406586e-01
5.962143588321104914e-01
4.208068498993726148e-01
4.388290339256999961e-01
5.797187153602836318e-01
5.834027134091779310e-01
4.342396761801553540e-01
4.245974219281948847e-01
5.179929334239999905e-01
5.165066705338752229e-01
4.197358787873755048e-01
5.089212882583894482e-01
5.060171272765939809e-01
4.184783406263351546e-01
4.365940638473921331e-01
4.400959150982808321e-01
4.933078411662093488e-01
5.068600955403697039e-01
5.136717728276666284e-01
4.769276561344460985e-01
4.739498668984286622e-01
4.931999234560570100e-01
4.912267237521932284e-01
4.730406447938589332e-01
4.185980044082907026e-01
4.196943428654092423e-01
5.269864006389702871e-01
4.784130648351733184e-01
3.828442986798037961e-01
5.140740650948847357e-01
5.100497998530932886e-01
4.513322409210774322e-01
4.407182724502183846e-01
6.043432501608017038e-01
5.259966040111038188e-01
4.284044228895790840e-01
5.885423795670259306e-01
5.763204820471986567e-01
4.220009500085573628e-01
4.200569035438784238e-01
5.093762797701053557e-01
5.047060845777253668e-01
5.554914147930426482e-01
4.197528184405222018e-01
4.138864134515072291e-01
5.096984497321894736e-01
5.023878974244704310e-01
4.365461662193257930e-01
4.314646580584498570e-01
5.067566894888603235e-01
5.085008901768628409e-01
4.780883408422259007e-01
4.710427917210876503e-01
4.733251204201220919e-01
4.762608097689760567e-01
4.923027763945402313e-01
4.902673461354586926e-01
1.108648137769418174e+00
4.125809954623498310e-01
4.091176994766564379e-01
5.135355951110450734e-01
4.462666429709887805e-01
4.393395977953503118e-01
5.796514230468794437e-01
5.627164886265535459e-01
4.281430161512648214e-01
4.319992558044700726e-01
4.395466091904298156e-01
5.178936536778017130e-01
4.663215167068338052e-01
4.158583104383380968e-01
5.050243225318474805e-01
4.991565268899846863e-01
4.335817702583749100e-01
4.391574020454659388e-01
4.882976749149550155e-01
4.879038083107812285e-01
4.983707442575118218e-01
4.777985210206000533e-01
4.750872725734788249e-01
4.745319116105166657e-01
4.801149029812443181e-01
4.900701920336162365e-01
4.879081726031063715e-01
5.446686341360789996e+00
4.043762147272998431e-01
4.095749985277307159e-01
5.407281087317896695e-01
5.178593615695241681e-01
4.404619240850529693e-01
4.362282139468934838e-01
4.382259718039939744e-01
6.046341265425900779e-01
4.313358372289137210e-01
4.420727239236203476e-01
5.229736227385284320e-01
5.223668298248520525e-01
4.392584211238888536e-01
4.389158836614011627e-01
4.652349849665270431e-01
4.863095498498981040e-01
4.738389796237875151e-01
4.803156029847515107e-01
4.770340145942700283e-01
4.912245646754896944e-01
4.889861817329199112e-01
1.703106823297360606e+01
4.123528402347560462e-01
3.704004116149124948e-01
5.203139466240479516e-01
5.399106932170072426e-01
4.301255096764927677e-01
4.359847332163342415e-01
6.113879955971531777e-01
5.560438821046002067e-01
4.511133593277533160e-01
4.205736119921712479e-01
4.969794879006895205e-01
4.779238497567367960e-01
4.447376421315932249e-01
4.928698380832277626e-01
4.857095073223276493e-01
4.909925993078833040e-01
4.911889499324063602e-01
2.751401228745870142e+01
3.711019755978445245e-01
3.855548000019911048e-01
5.039486692933866641e-01
3.986833474280632172e-01
6.175553875752997079e-01
6.444626568911563380e-01
4.143948849137980006e-01
4.299835154632489220e-01
5.577991120001125624e-01
5.647036982338473621e-01
4.399896013030247244e-01
4.623465453903712330e-01
4.833830603294382855e-01
4.934852286590921677e-01
4.884670601399021539e-01
3.151337609778306970e+01
3.710895980122396187e-01
3.703725166012914460e-01
5.397041482777416022e-01
4.360320932649344172e-01
6.175625719983279804e-01
5.560489127559626876e-01
4.143921117378239205e-01
4.205594473575406389e-01
5.577838826850813891e-01
4.969595422995718437e-01
4.400161085012648798e-01
4.447653798530857294e-01
4.857444199192275103e-01
4.934853424838681057e-01
4.911938791995983933e-01
2.751389537131436924e+01
4.123403120134302435e-01
4.095794206759216238e-01
5.203920649572971735e-01
5.179861587647378585e-01
4.301778376918666269e-01
4.382522883849422346e-01
6.113907463800036801e-01
6.046409834762008773e-01
4.510974102701610922e-01
4.420525328039512925e-01
5.223552392785307807e-01
4.779423396631562460e-01
4.652629105569235923e-01
4.926784819377653113e-01
4.768879038170566464e-01
4.909953347545919500e-01
4.889909037334407849e-01
1.703096550792961139e+01
4.043770867689825410e-01
4.091137617192261988e-01
5.408718195479564894e-01
5.136495157839181536e-01
4.405072213754877564e-01
4.393782266140875969e-01
4.362634301029557071e-01
5.627366835739462392e-01
4.313153806065871398e-01
4.395306671081516403e-01
5.229587333066538779e-01
4.991375331430397133e-01
4.392658088987334564e-01
4.391771093848388929e-01
4.389290886796659574e-01
4.863314473935795856e-01
4.983585511476615326e-01
4.739226230085389346e-01
4.748395640349994395e-01
4.802326910887022016e-01
4.799941495432898941e-01
4.912295759437055875e-01
4.879136070833859362e-01
5.446644018231283191e+00
4.125774617652157028e-01
4.196894388461822056e-01
5.101388669581875535e-01
4.462947390561875505e-01
4.407519310806051194e-01
5.796723622930148867e-01
5.763325579066125304e-01
4.281341121501361924e-01
4.200492433357365107e-01
4.319833143130488162e-01
5.178879187813767437e-01
5.554866077439845062e-01
4.663331692109703441e-01
4.158853349828251500e-01
4.139157407704608382e-01
5.050064160199638774e-01
5.023761569599591859e-01
4.335934004145907683e-01
4.314306697136927049e-01
4.883002051232636642e-01
5.085099871646487912e-01
4.878973523340312535e-01
4.778119987177553707e-01
4.710374905369679732e-01
4.745640858258719508e-01
4.762883510010725852e-01
4.900758468454578520e-01
4.902724689861742702e-01
1.108636883989441602e+00
4.185892867517831406e-01
4.122175888554116541e-01
5.270060772796280046e-01
5.560104102298967232e-01
4.783254890782837054e-01
3.828078213854071432e-01
4.156645190244960819e-01
5.141623974679715436e-01
4.980140218165899912e-01
4.513439143753461558e-01
4.529142496843275856e-01
6.043566963939029923e-01
5.962255170849851682e-01
5.259786623117446158e-01
4.283572862996967157e-01
4.387635095475443947e-01
5.885479287264623327e-01
5.834020338335509370e-01
4.219925055055356866e-01
4.245871309726138021e-01
5.093729488222538127e-01
5.165123294928434250e-01
5.046905857427032016e-01
4.197770429744814291e-01
4.197602759041485498e-01
5.096900770388623769e-01
5.060163102456768369e-01
4.365610225399103594e-01
4.401209443020228096e-01
5.067712579145725593e-01
5.136867733826263605e-01
4.780035874655002570e-01
4.769981803080792226e-01
4.733281693843439109e-01
4.739367225923100113e-01
4.923078791558949674e-01
4.912314623981788864e-01
4.730347123400300835e-01
3.967208196701613732e-01
3.936504482537470651e-01
4.061321891841888077e-01
5.234456696012799171e-01
5.240279705937237464e-01
4.074161792369156432e-01
4.104215504058921216e-01
5.062405638552618381e-01
5.001672677268087508e-01
4.586777734880425061e-01
4.700318020692623167e-01
5.836527569765057599e-01
6.030892222924485457e-01
4.207420733418503755e-01
4.258588334651044471e-01
5.796969898603170357e-01
5.808966580608333485e-01
4.342298551376997384e-01
4.354450022219094607e-01
5.179958699827303947e-01
5.304767136461587818e-01
4.206354356620184420e-01
5.089249855626467589e-01
5.107267689210839290e-01
4.184623350425638599e-01
4.140391091286970138e-01
4.365840922031156701e-01
4.933043840676379355e-01
5.106550998257988194e-01
5.068742570522836166e-01
4.845610566252928075e-01
4.726619591190945879e-01
4.932047576674037925e-01
4.929388087267100316e-01
4.764238523763061339e-01
3.926833866496427516e-01
4.000251982980397303e-01
5.050112730598836919e-01
5.242342480574430086e-01
5.227735082996254334e-01
4.175682364147949577e-01
4.186037157526638630e-01
5.029140593321024255e-01
4.995765935578582728e-01
4.665239564816982543e-01
4.641887506687209508e-01
4.598028356439272102e-01
5.520755647093004148e-01
5.722082296449213512e-01
5.750520691843276078e-01
4.264318373107633953e-01
4.262192474464855385e-01
5.459660553481964218e-01
4.223828800187929278e-01
4.279197610860790424e-01
4.254625389914324374e-01
5.053074414737805942e-01
5.143541219736508241e-01
5.153991024995208114e-01
4.188974550112855577e-01
4.266931700518467041e-01
5.131196224890952617e-01
5.102202216410682833e-01
4.025277438608797498e-01
4.114786432601730826e-01
5.121266352519019405e-01
5.342387529443733962e-01
4.799491406509143188e-01
4.872681690456481252e-01
4.691620846662527544e-01
4.733328645865329531e-01
4.938924127386826735e-01
4.982009479028013943e-01
4.624240817921093649e-01
4.749666124990046812e-01
4.065331418562456167e-01
4.144573423769710718e-01
5.175589585329348763e-01
5.246667702228980934e-01
4.209236902080380482e-01
4.131504793736684999e-01
4.956515908314399477e-01
4.977179624234107647e-01
4.607292677633095801e-01
4.796817423939090386e-01
5.742957466977773873e-01
5.877508102172135374e-01
4.308892448375454820e-01
4.313493714366677390e-01
5.463508737215276856e-01
5.276892201694951545e-01
4.332741527004578819e-01
4.432157203569279114e-01
5.159050463354999394e-01
5.317532922867357348e-01
4.252613331989228418e-01
4.254490671591797391e-01
5.086907152832784718e-01
5.120985538988369612e-01
4.151965671607988906e-01
4.284719310102874656e-01
5.266571412129527063e-01
5.326630898296933481e-01
4.860808283623006543e-01
4.882449847577165492e-01
4.631478062656280703e-01
4.690714670519426921e-01
4.976628401470313268e-01
5.018886045241273131e-01
4.800031207759378749e-01
4.655962447087425016e-01
4.186536384218315643e-01
4.194235735067028403e-01
5.187875082654067604e-01
5.094437719893724070e-01
4.164720843658452631e-01
4.895988644669787559e-01
4.900273022563023106e-01
4.633176411786719684e-01
4.621991755074801866e-01
4.627059075673331523e-01
5.494443041082756052e-01
5.517435522356267663e-01
5.725774901387500337e-01
4.410941603822848833e-01
4.317666762928908386e-01
5.267997488478547430e-01
5.242160480950857071e-01
4.309575037311200729e-01
4.440718305204185423e-01
4.307945070079864380e-01
5.223992013899337872e-01
5.255421187501351232e-01
4.322834751296619760e-01
4.355268688696615209e-01
5.056511579675050383e-01
5.082557074379759898e-01
3.993751709253171023e-01
3.985587674182877183e-01
4.161379701594961622e-01
5.081011223732805338e-01
5.086054295569640837e-01
5.336230053068652390e-01
4.897299685406611425e-01
4.861772990423637864e-01
4.592713645443281534e-01
4.635872675305703905e-01
5.008313986105060733e-01
5.049066869722041995e-01
4.709017791498730232e-01
4.700332608596575756e-01
3.873970926574076268e-01
3.836827524090498653e-01
4.058883953833366531e-01
4.949575061686056765e-01
5.024026174281019941e-01
5.094492336679595779e-01
4.182636392255062452e-01
4.213213196090935253e-01
4.787434557626205067e-01
4.897783347243308549e-01
4.601137322915722638e-01
4.784240788836380820e-01
5.514506054899528387e-01
5.654559619896961653e-01
4.257808462115827419e-01
4.248626118819152642e-01
5.254658124295515931e-01
5.413691868462022772e-01
4.370533800469094676e-01
4.403230595594734842e-01
5.031758946321581716e-01
5.093463700445709508e-01
5.265623767123167598e-01
4.394283863996228390e-01
4.387286150738806123e-01
4.960373225849870615e-01
3.838228281930901598e-01
4.086220992064374391e-01
5.406445194670420618e-01
5.454682716290509825e-01
4.956284638566539336e-01
4.865999054345243602e-01
4.573767704000232248e-01
4.576330069184089688e-01
5.039078015076985384e-01
5.104457588179288630e-01
4.704276392698132359e-01
3.781005488974490403e-01
3.846643300798407994e-01
5.068205919912861512e-01
5.117703945159769452e-01
4.266539327097241263e-01
4.309790070510170490e-01
4.751534676859717199e-01
4.843176656880820996e-01
4.635187359174740007e-01
4.523161786692152520e-01
5.679890821410470414e-01
5.757095299379262343e-01
4.253911533473921369e-01
5.683574114907881114e-01
4.743348791176824064e-01
4.367315795080286001e-01
5.204638343328621408e-01
5.178302616140303405e-01
4.420336432383940029e-01
4.438053571980705159e-01
4.959346476969903605e-01
4.995603161234732914e-01
5.100780503461720405e-01
3.990586743705208383e-01
3.872572288783239780e-01
5.388411486957451757e-01
5.335920086023812070e-01
4.857058174095169600e-01
4.848496839959381965e-01
4.494410189863924932e-01
4.664780985410519887e-01
5.080086136122882179e-01
5.180207381032743141e-01
4.662714339145266340e-01
4.681522095974732789e-01
3.765727114324318725e-01
3.572392409564482674e-01
5.192978863257742272e-01
5.193072091963321091e-01
4.455922716682530482e-01
4.429468643027005270e-01
4.688355511238637141e-01
5.687398324360499746e-01
5.707660935213758613e-01
4.369755838983117591e-01
4.445944281304148871e-01
5.195631121122634699e-01
5.107359279046637113e-01
4.504729236489420918e-01
4.474912013310794467e-01
4.036326796203966172e-01
3.920279991294994271e-01
5.683725254139105898e-01
5.613168265573813542e-01
5.645105457326837772e-01
5.108389385358879098e-01
4.646401397041733383e-01
5.069527132334011865e-01
5.132509526167177150e-01
4.994530807944043693e-01
4.670870880504868206e-01
4.651750937937645936e-01
3.146095184337009965e-01
3.161898670120701360e-01
3.465014862109461746e-01
5.086219382023097202e-01
5.027227017419050314e-01
4.345274782890471976e-01
5.770725186440016641e-01
5.634090941744419601e-01
4.480597564345850659e-01
4.468255978455102917e-01
5.120698273546604451e-01
4.821272696149583870e-01
4.374255911508171946e-01
3.968774459819672251e-01
5.103533489788717459e-01
4.644050227829688571e-01
5.055658751351225222e-01
4.651499890104970336e-01
4.632917037672963367e-01
3.110763935374472600e-01
3.132964646696795308e-01
4.892822893573081644e-01
4.938638815010534255e-01
5.069352383760601377e-01
4.743885435659106475e-01
4.873067469929457940e-01
5.234169790372634745e-01
5.248587690958377294e-01
5.644482822142750100e-01
4.522612559228461060e-01
4.523709985654698618e-01
4.150992031286697692e-01
4.355895839395037550e-01
4.229044829289542728e-01
4.123614778487766364e-01
3.883894446982275039e-01
5.329347746783001938e-01
5.035517651335944533e-01
4.661210861250025261e-01
4.618550305579675053e-01
2.573206026425056137e-01
2.524073487068818622e-01
3.012395523026283328e-01
4.718771875271149385e-01
4.669599883868834067e-01
5.171481195386842256e-01
5.188694078516691288e-01
4.059132332653239694e-01
4.846043368169871135e-01
4.532178688777098730e-01
4.512209777204920225e-01
4.512373423992095400e-01
4.645600256377629411e-01
4.126246286734758240e-01
3.907346144111890074e-01
5.495374306528961750e-01
5.272913373965554262e-01
4.633528757526140240e-01
4.628579149998432452e-01
2.223239100919137679e-01
2.390209094483285168e-01
4.804368277083898020e-01
5.056587867593733687e-01
5.342694834282705196e-01
5.425481020414177902e-01
5.353550819280746831e-01
4.066011407277819178e-01
4.527520912363979799e-01
4.768047733636821550e-01
4.588470060392483285e-01
3.990932551004937601e-01
4.284229670634635001e-01
4.112210274513208863e-01
5.274258347074728404e-01
5.353559107455608812e-01
4.592815836555594333e-01
4.591366619990894793e-01
2.983986865821607881e-01
3.072353944219844424e-01
4.519897422801390507e-01
3.372378211604870613e-01
5.296159939485468593e-01
5.432516774816180671e-01
5.232474934698482238e-01
5.428391864024135760e-01
4.089326936242435595e-01
3.864039933273923366e-01
4.735317597156127323e-01
4.891594432624520317e-01
4.741708193274987160e-01
4.548910824828110711e-01
4.683112241229905881e-01
4.404852437386732600e-01
4.741641853508076765e-01
3.826743743606737524e-01
5.496043089129908354e-01
5.422694679599782130e-01
5.235541453465574202e-01
4.535521366692186196e-01
3.308166384221202239e-01
3.392190959006958773e-01
7.069483435071509392e-02
5.070641143408001206e-01
5.479320863944093789e-01
5.337063448734561399e-01
3.422059257522301334e-01
4.750755411547192275e-01
5.040917600419106970e-01
4.771594441234350836e-01
4.613634261848568174e-01
5.222394935304969232e-01
5.174291046388285187e-01
4.756012715810556957e-01
4.526925991243219149e-01
4.641890900226571803e-01
4.609633830541147170e-01
4.628923142034376825e-01
4.318794210847065607e-01
5.050449208596119455e-01
5.377352975630370624e-01
5.454315618851226510e-01
4.036207096578978137e-01
4.102642616675993281e-01
5.466974344626335247e-01
5.419028879728875481e-01
4.606440393705337200e-01
4.547211689127155232e-01
3.559139483423986450e-01
3.653022465406257635e-01
2.099232445165293004e-01
2.599298208225906959e-01
5.748377907350155774e-02
5.075758816346048752e-01
5.461885840349504084e-01
5.181583894579988581e-01
5.318167188072564500e-01
3.495629170561869170e-01
3.559415736903536187e-01
2.691310287790887879e-01
4.616565529449651595e-01
3.858651346448874753e-01
3.881526745561664771e-01
4.818651475447862098e-01
4.873705209556418172e-01
4.802848170695925289e-01
4.918036106111978167e-01
4.937033618559284465e-01
4.658256355767615431e-01
5.337630613220868403e-01
5.053323802092235528e-01
4.404377843075276688e-01
4.633669322334530993e-01
4.640292136644678100e-01
4.600057585405645799e-01
4.885324310313866603e-01
4.644865943045403123e-01
5.366129782435464790e-01
4.067734352210407578e-01
5.336817429428203363e-01
5.559636504476228591e-01
5.235211300780783228e-01
4.568167692905142907e-01
4.569925645843018747e-01
3.744478661533203745e-01
3.870362060075622224e-01
3.071611561853582750e-01
3.425222451114782185e-01
5.147184324356190999e-01
5.273533354938366724e-01
5.099055215522224627e-01
5.284512771761130656e-01
3.882720226386037754e-01
3.914208770929435977e-01
3.473003978473463427e-01
5.518232034094942007e-01
5.517041357914723720e-01
4.151971465315164034e-01
4.825978761620082769e-01
5.008053494608832867e-01
4.877120281667122192e-01
4.872398229443382633e-01
4.876715786885095771e-01
4.805172357012380546e-01
5.222973216586086487e-01
4.555245212295531698e-01
4.445824220245544467e-01
4.631850555206759590e-01
4.628519543541637637e-01
4.626771525900809090e-01
4.585048577107906365e-01
4.786402465203017931e-01
4.621735729104181623e-01
5.299742236599362943e-01
5.187975559731112796e-01
4.033384318833304061e-01
4.187007715351532267e-01
5.424615995309098881e-01
5.408234444506797578e-01
5.424358557338871956e-01
4.590548618447755080e-01
4.648850394152074239e-01
4.581910858474985693e-01
3.833036728116998582e-01
3.827648134253782142e-01
3.845447442144586669e-01
4.044700992876817391e-01
3.480829008948124748e-01
5.428396974777952577e-01
5.510716695728652414e-01
5.113819912671151435e-01
5.290057101884392265e-01
3.971179617360324765e-01
4.310803214637330960e-01
3.936688348240370838e-01
5.001348478672993370e-01
4.050554326201489808e-01
4.898259823213476083e-01
4.914255977407372966e-01
4.829213428325408453e-01
4.841594750167781958e-01
4.771700341100063580e-01
4.908530669073777331e-01
4.785559731734121414e-01
4.829085546142858343e-01
5.464924594675033553e-01
5.463398089076787478e-01
4.409845198173801828e-01
4.558869191364411377e-01
4.549057684804294066e-01
4.605734724318522044e-01
4.606092239457216242e-01
4.644503030900743457e-01
4.653716508725174172e-01
4.618224553356743978e-01
5.151587953457097413e-01
4.145211227029804713e-01
5.456168673766693678e-01
5.701050815590587018e-01
4.565340723004691625e-01
4.751665677528182918e-01
3.793821277873435927e-01
3.809269401157092116e-01
3.753827901804097089e-01
4.119281982422783872e-01
4.235261814020420679e-01
4.351282675373818187e-01
5.609671210282066722e-01
4.885641454265018946e-01
5.497643807021033169e-01
4.142249794555534770e-01
4.359209497552939960e-01
4.066114072252814959e-01
4.318998765417227381e-01
4.684318300312550476e-01
4.230134714231403303e-01
4.934216006423205458e-01
5.363793286487318346e-01
4.931163449829125689e-01
4.708170231707263231e-01
4.742945434370444135e-01
4.696653016849649531e-01
5.207968724151746942e-01
4.558531388686792862e-01
4.495170529256851122e-01
4.476046663358307365e-01
4.455992210912587681e-01
4.510503443161353876e-01
4.695558359743117194e-01
4.608484507460391399e-01
4.661523236906753853e-01
5.423599902694032915e-01
5.227115725583327821e-01
4.286802122280542471e-01
4.266466652097667400e-01
5.323685299368844381e-01
5.626159522837044236e-01
5.345245402339520169e-01
4.590448971801244227e-01
4.617437416667282135e-01
3.826412339574048471e-01
4.089098062252606303e-01
4.201925113877741369e-01
4.319337742093802279e-01
5.378297957015519826e-01
5.621429906113573072e-01
4.563935432389440439e-01
5.333024411486197991e-01
5.592661164287210385e-01
4.180187946428596257e-01
4.477628184307923531e-01
4.281408530970742254e-01
4.381851257954228474e-01
4.514384894296721851e-01
4.467477690891350495e-01
4.852810642874631486e-01
5.001612184167045783e-01
5.488047750436150229e-01
5.245833800035799577e-01
4.569250670938299064e-01
4.714310282744904046e-01
4.623802531424455742e-01
4.653579061504812819e-01
5.574733747093671976e-01
5.432384176623588079e-01
4.528736099148660821e-01
4.498701122852148959e-01
4.644495953961580437e-01
4.345889899200149342e-01
4.704593459130194111e-01
4.620486453684381489e-01
4.696457868855429818e-01
4.982544802952579843e-01
4.266396956706868249e-01
5.380613664386507677e-01
5.464620424423317635e-01
5.424350253170994174e-01
4.588910553083817567e-01
4.725374077477117463e-01
4.633083173855410131e-01
4.185207756533925183e-01
4.426997324437164094e-01
4.088751846582316940e-01
4.623652406136001258e-01
4.644243406324551349e-01
4.335622040314532355e-01
5.297235925108129129e-01
5.672752387956782050e-01
4.901680870045043714e-01
5.411224255697085761e-01
5.923333006964700553e-01
4.204238205681883334e-01
4.390596779922389947e-01
4.330319001283982061e-01
4.426088954390335894e-01
4.758930011867869569e-01
4.879601289469913672e-01
5.148908296098200221e-01
5.552368087840953148e-01
4.476091368416771354e-01
4.462704613819504784e-01
4.532837947781477861e-01
4.907647528611731036e-01
4.628084553879840968e-01
4.656076283325837339e-01
4.734871755437219942e-01
5.197910846613895686e-01
4.575299013942902282e-01
4.690150037016110884e-01
4.545122483195059848e-01
4.702146675741890047e-01
5.388085592344380448e-01
5.496548541916531638e-01
4.388851999359608125e-01
4.521937969769998511e-01
5.365243419670824299e-01
5.635743383064468759e-01
5.419135764156377544e-01
4.535160364868059957e-01
4.692434165062835949e-01
4.569186564728158761e-01
6.762333583328495878e-01
4.712161944416451420e-01
5.466251851529712047e-01
5.469135556962722022e-01
5.489637051470629414e-01
4.631032766482319762e-01
5.095600806010377459e-01
5.527982383171292646e-01
6.096126827961361183e-01
4.033206791784190726e-01
4.691623870103321936e-01
4.031863027772483177e-01
5.743338104117912124e-01
6.443510693765570618e-01
4.704215197703593421e-01
5.040734552961064763e-01
4.753182270578566460e-01
4.238580081936419441e-01
4.291208507785947424e-01
4.456255849396053015e-01
5.875020109059397866e-01
6.304387538329856433e-01
4.729987673864724518e-01
4.993218354919616297e-01
4.582749044716284970e-01
4.599981545447502929e-01
4.696041267171077727e-01
4.867876478907405824e-01
4.764452944729438144e-01
5.433313049269878903e-01
4.476000902855619135e-01
4.461412736033602000e-01
7.876446371708478722e-01
4.951271904753729025e-01
4.539152284536716042e-01
5.577058065799960218e-01
6.861842623839097266e-01
5.033211129800901906e-01
5.559216967639630802e-01
3.817543206720128701e-01
3.096502796864818996e-01
4.702674552734369406e-01
6.511072846503191958e-01
6.524351284222973391e-01
4.647077616834773828e-01
4.114253778418835994e-01
5.025898921624073479e-01
5.508586908493610101e-01
5.449206668511081819e-01
5.367827253030713619e-01
5.516653976358876221e-01
5.825560271736344164e-01
6.328938766756214696e-01
6.868226266797230473e-01
4.779293255179325461e-01
3.725602968838707119e-01
4.260955271779126585e-01
5.242196348888595869e-01
5.154692511924935383e-01
4.541247081345233250e-01
4.498074205222282740e-01
5.489210732096174716e-01
4.425010432232172053e-01
4.438841476887038229e-01
4.487405644800400717e-01
8.619536537137617582e-01
5.954444860317490429e-01
4.788932822980604964e-01
6.093869870683572554e-01
6.058177386049338198e-01
6.410995056794740465e-01
6.883720571311998659e-01
7.254200967611678097e-01
3.048057811761100133e-01
1.535980247450100256e-01
5.145830900917400808e-01
5.803462286937496328e-01
5.248341865592670574e-01
3.390880163439955464e-01
2.423634846331667314e-01
5.147343627673975908e-01
5.946607858876373776e-01
5.115464890792943420e-01
5.658117258119151893e-01
4.349376299949097024e-01
4.468792497165295363e-01
4.392867929972676944e-01
9.845767044772295584e-01
1.214369846199918890e-01
5.792909668105601373e-01
5.839701458574566573e-01
4.719835208337730403e-01
4.937940498348590834e-01
5.195035634509982403e-01
5.370931981960731516e-01
5.809640921318018902e-01
6.050469838007362933e-01
1.749411881692300441e-01
1.539896121282445518e-01
5.597467221686784900e-01
5.968844059588881423e-01
5.160333559765039046e-01
5.563864362346561121e-01
6.170907242707986962e-01
4.267111785879866281e-01
4.211121773183939543e-01
1.137514962460858703e+00
1.698234808064469359e-01
4.425786088471547197e-01
5.630444589204731676e-01
4.994852413194725282e-01
4.709346207303396481e-01
4.337736565923968057e-01
4.528486123856970691e-01
4.932368008155456063e-01
5.184730624492381867e-01
5.293221166482200424e-01
5.369465472800857286e-01
5.612835399434550343e-01
5.930640339055336385e-01
6.324010715225514279e-01
1.234073153794629785e-01
5.066712898569266654e-01
5.979309934330979681e-01
5.214339876259906914e-01
5.607751492367845092e-01
6.214871192415725165e-01
4.189020708033446838e-01
4.343762930211484963e-01
4.257679276061464013e-01
1.322635650741207147e+00
1.963570751658504920e-01
4.807111183138909061e-01
5.789536220168753911e-01
5.103206118604997066e-01
5.485940363340172654e-01
5.847410668111193699e-01
6.159512873612451589e-01
4.065171667585103510e-01
4.077067333884191735e-01
2.224895898719836673e-01
5.192409113921290231e-01
5.866880250202756164e-01
5.826421409642015270e-01
5.863244294743071849e-01
4.075080323527331960e-01
4.088360011278430184e-01
4.102034142684069518e-01
3.973794250267613792e-01
4.220974110526792833e-01
3.880415819743154304e-01
2.092380529500286634e+00
1.795302695710061514e+00
3.993108412244264493e-01
4.264083764205375826e-01
3.943758134168869889e-01
2.443983037762584853e+00
3.957693995979448820e-01
4.131931014758913334e-01
4.109410160730411765e-01
2.871560665395822554e+00
4.135608866087712165e-01
4.366271355468531734e-01
4.046481657261657983e-01
4.327700420137098880e-01
4.234896226556100762e-01
3.416247500567523243e+00
4.245293458642782625e-01
4.390181070471597669e-01
4.275655394105534191e-01
4.476413227956649310e-01
4.513840234743291546e-01
4.415641127081432193e-01
4.169270221086125439e+00
4.333745367332921816e-01
4.596741649872769231e-01
4.279236996939113080e-01
4.499755716023257635e-01
4.556576979195045007e-01
4.466064309814040123e-01
5.394404814109825530e+00
4.310570953659097482e-01
4.518774452163616395e-01
4.329534252627156299e-01
4.514568437481686347e-01
4.513785252276753535e-01
8.371862881097699827e+00
4.308744510441767095e-01
4.605545003567962370e-01
4.270306577929020575e-01
4.480203796304574326e-01
4.468647620900349504e-01
1.077762669277504060e+01
1.690244085400341589e+01
7.113609028546759028e+00
5.520794615647046655e+00
4.946828011556899440e+00
4.590215678545938260e+00
4.323795372501850309e+00
4.106363675769136634e+00
3.919509857376640483e+00
3.753126053920706084e+00
3.601178859929031084e+00
3.459935251812414236e+00
3.327072360182337984e+00
3.201174780820823074e+00
3.081427207888821407e+00
2.967414767076096194e+00
2.858986499210402599e+00
2.756158076713592031e+00
2.659040611679435617e+00
2.567788003901755989e+00
2.482557802852015438e+00
2.403481457499696106e+00
2.330640190608155304e+00
2.264043273728177486e+00
2.203606553624533948e+00
2.149130792731638540e+00
2.100281650142655998e+00
2.056575636782638217e+00
2.017378490213402653e+00
1.981923119149743062e+00
1.949352390825361159e+00
1.918786837903709852e+00
1.889409417682147652e+00
1.860551246083894883e+00
1.831757700885590978e+00
1.802816979594677349e+00
1.773743735203644922e+00
1.744725187498904706e+00
1.716049636508688581e+00
1.688041774071063594e+00
1.661023789030185993e+00
1.635308954589650199e+00
1.611220870127137328e+00
1.589122149564167641e+00
1.569433896835326747e+00
1.552631527665743860e+00
1.539210886449466020e+00
1.529627872650829890e+00
1.524222211495768642e+00
1.523140225930381231e+00
1.526272430817026571e+00
1.533219966853268446e+00
1.543299554680914065e+00
1.555589557368995290e+00
1.569009903056928668e+00
1.582417488047950904e+00
1.594689940572403541e+00
1.604769596967295042e+00
1.611650812612901218e+00
1.614317774890771329e+00
1.611670421724405555e+00
1.602499408825735383e+00
1.585570488726520955e+00
1.559842642338843177e+00
1.524778085399552729e+00
1.480634786149146009e+00
1.428606753092687365e+00
1.370723521659921174e+00
1.309523739863570180e+00
1.247620287118404780e+00
1.187313238555074424e+00
1.130363226856763381e+00
8.779811370195532705e-01
8.976507824417727655e-01
8.635063612582516424e-01
8.512410316887253359e-01
8.500611920181934122e-01
8.577867480811914858e-01
8.695732219898834048e-01
8.861129217575851591e-01
9.063974801984137075e-01
9.287943183323182916e-01
9.510191131939460529e-01
9.701714804423516858e-01
9.827828616301258480e-01
9.847968050422789554e-01
9.713885143200764460e-01
9.365070433552482587e-01
8.720292341282191995e-01
7.665552040188121641e-01
4.569215527464434712e-01
5.314340414024464332e-01
4.460343005915711201e-01
4.517662566323489837e-01
4.542659278358854857e-01
4.515297017674230751e-01
