1.758966223873336787e+01
1.116684222870017251e+01
8.656161933772601458e+00
7.308523215335383405e+00
5.618163113739856662e+00
4.996316898534448825e+00
4.606291924270190741e+00
4.314207048481307538e+00
4.076337362099596184e+00
3.873007675919275528e+00
3.693317680826930793e+00
3.530657626638592284e+00
3.380831260965732721e+00
3.241125055735550209e+00
3.109789967753831430e+00
2.985726993464383749e+00
2.868282546556659707e+00
2.757107587877649646e+00
2.652056463615255488e+00
2.553112004064194362e+00
2.460328711964937742e+00
2.373788571192652075e+00
2.293565485403324722e+00
2.219695339112079058e+00
2.152149582397992589e+00
2.090811315357492539e+00
2.035454188368560402e+00
1.985725988730256297e+00
1.941140310048593332e+00
1.901080723872821565e+00
1.864821734340762482e+00
1.831568870415885009e+00
1.800516364621930432e+00
1.770915658810726656e+00
1.742143149631298238e+00
1.713753366471124862e+00
1.685505865495430244e+00
1.657360569395305294e+00
1.629445051895189511e+00
1.602005022727951644e+00
1.575352967961767714e+00
1.549828251207415963e+00
1.525775932944964275e+00
1.503543676231335002e+00
1.483489317894133963e+00
1.465988146600635478e+00
1.451429342210757589e+00
1.440194600918601076e+00
1.432616940750422563e+00
1.428922188513532587e+00
1.429158571460218408e+00
1.433121279477822307e+00
1.440280078638283001e+00
1.449720782567122113e+00
1.460116658402785594e+00
1.469752444478466202e+00
1.476626839676451253e+00
1.478651367166591069e+00
1.473938049110811610e+00
1.461127954709542154e+00
1.439674606388508193e+00
1.409986676738888445e+00
1.373370479054548010e+00
1.331783586440793421e+00
1.287479492488809552e+00
1.242651695566260983e+00
1.199163505118632678e+00
1.158398722072788711e+00
1.121221039779497941e+00
1.088007433050009132e+00
1.058723307370030620e+00
1.033022109329726712e+00
1.010364967606789621e+00
9.176458681493758762e-01
9.113155959745203871e-01
9.096113744633490539e-01
9.232401872519371278e-01
9.393278459272894620e-01
9.611997514190252501e-01
9.875895108654283439e-01
1.016197977064249969e+00
1.043481397766408136e+00
1.064497394290389476e+00
1.072890173485442578e+00
1.061097683242226752e+00
1.020762050127728582e+00
9.431091298986128413e-01
8.188894768543126812e-01
6.462677800263063599e-01
4.651599527213279295e-01
4.169969908398805658e-01
4.401788416657000935e-01
4.429804686706347860e-01
4.404882303227184437e-01
4.469863978138014504e-01
5.550372077280783856e+00
4.273145343527173790e-01
4.255623288594155285e-01
4.417733183055523871e-01
4.393333701611083497e-01
4.445884082362479561e-01
4.282317690620412343e+00
4.264022008829478350e-01
4.267701011991079096e-01
4.429421921405712892e-01
4.426406233857388961e-01
4.535541776492613697e-01
3.510559737124225865e+00
4.276592806185315898e-01
4.223903554282982808e-01
4.420992050234833215e-01
4.463114926055893883e-01
4.354681653095386906e-01
4.344859559900188239e-01
2.957537415921962065e+00
4.176408517089973405e-01
4.341165393906045722e-01
4.454906304580495968e-01
4.454366070928340027e-01
4.466408060537625513e-01
2.527230344566670173e+00
4.299632649604746004e-01
4.115551817616510122e-01
4.404682980006554005e-01
4.437128033711678077e-01
4.297107680639288274e-01
4.294229091838766554e-01
2.176104937205073142e+00
4.141174681671456748e-01
4.331976271435744041e-01
4.280622882714748556e-01
4.224468297471644651e-01
1.881085234556007402e+00
4.166844681751576407e-01
4.244844514215032616e-01
4.258125390566693813e-01
4.148854379563977623e-01
4.235808629605362641e-01
4.134772479122786337e-01
4.123448037205021399e-01
2.539994814423591207e-01
4.861881482705773250e-01
4.840331566117326290e-01
4.994196675641869865e-01
4.968739276390398141e-01
5.023426713797097820e-01
4.170037030862602245e-01
4.180733689695974586e-01
4.177277161935243899e-01
1.221793286017146984e+00
1.410755195035951370e+00
4.742119205239550550e-01
4.518452937277016024e-01
5.337368067797880755e-01
3.363582331295050798e-01
4.754816428507652182e-01
4.791166386239817943e-01
4.847838111607690181e-01
5.064803914481681435e-01
4.979530263179293148e-01
4.104825505874957758e-01
4.374052735641850709e-01
1.057882980259306827e+00
2.755457188703379079e-01
5.143975676635127448e-01
4.416862756583747607e-01
4.545148506184944481e-01
4.536100839456370659e-01
4.586610750382283941e-01
4.631410233674260746e-01
4.656846587815657856e-01
4.682560104404560608e-01
4.699295107424054097e-01
4.735100526654913433e-01
4.785840904635416670e-01
4.862173643792203070e-01
4.818282346876857636e-01
4.762519227427124968e-01
4.298714396835701668e-01
4.465209895061513778e-01
4.971170157431521464e-01
4.724772192468300602e-01
4.842252420303169713e-01
4.983075131182319040e-01
5.160167459478818275e-01
5.180402141999453924e-01
4.156176170524196190e-01
4.197358622134757522e-01
4.284059630942754215e-01
9.174417185304102329e-01
4.697808043425666935e-01
4.333602495791881726e-01
4.300543156100406494e-01
4.644041638020497964e-01
4.614789129093549991e-01
4.555617700471462639e-01
4.620267402391208811e-01
4.645181829970731480e-01
4.677816279084482387e-01
4.732370760204508420e-01
4.786094755602427475e-01
4.910538973889658210e-01
4.841659227812364352e-01
4.587725929489624432e-01
4.474842785711320992e-01
4.802500976729717208e-01
4.841580668584293257e-01
4.961859787450940140e-01
5.197536913891098731e-01
5.152905600460231383e-01
4.221127145233508071e-01
4.248952103144421621e-01
4.184868501669505303e-01
7.974697167602148307e-01
4.702004746801435320e-01
4.069953356074045292e-01
5.294595156404362513e-01
3.992401155300793758e-01
4.174804833693529504e-01
4.445624343928438749e-01
4.700153126829720862e-01
4.656195942178655289e-01
4.719214526973937174e-01
4.697644290534654932e-01
4.867423418771731902e-01
4.450103395457696287e-01
4.498588721054289641e-01
4.681980346871347787e-01
4.791339853588620912e-01
4.853487411712881228e-01
5.039503067885144905e-01
5.105015182059643442e-01
5.176773270960012274e-01
4.240731970949075391e-01
4.357811023140125140e-01
5.162186227486754708e-01
4.662241838951915462e-01
4.905014119489028435e-01
4.972209096819606433e-01
4.282274384019481572e-01
4.167730637353228018e-01
4.343098081786959108e-01
5.464938777450204510e-01
4.927015655133806793e-01
4.646485818817573943e-01
4.608585834276024973e-01
4.724871602605579257e-01
4.830896086664291378e-01
4.926004814629538764e-01
4.750126725330417465e-01
4.169215280750377395e-01
4.368228576362413462e-01
4.323313921582421226e-01
4.321694367992745534e-01
4.806549943066266151e-01
4.473659388653220548e-01
4.434080766176908273e-01
4.752676804150013923e-01
4.842802277186681326e-01
4.855917006667923030e-01
5.239196684648906865e-01
5.393335159562473446e-01
4.238945682495099399e-01
4.167356480362592874e-01
4.464284277624430142e-01
4.348921881385844346e-01
4.341132994760849573e-01
4.627678255304637500e-01
4.543950122947576498e-01
4.962870206984291155e-01
4.760521350821715902e-01
5.129017028257224498e-01
4.625548474382973341e-01
4.722869020452449274e-01
4.526121498997467407e-01
4.906619481590807630e-01
5.162545254244499393e-01
4.658214593557378769e-01
4.618576062074279953e-01
4.632179849238157732e-01
4.653400126007431470e-01
4.696678829102379216e-01
4.771279512849385673e-01
4.858882000661615130e-01
5.045206520317575549e-01
4.890035400442910296e-01
4.243040722042301649e-01
4.356959909359315319e-01
4.556683960119231602e-01
5.271177967721968338e-01
4.089370277601888648e-01
4.187854092996795563e-01
4.693020161311958760e-01
4.569547970294646766e-01
4.621216547794310681e-01
4.462032551872515684e-01
4.498237904081939798e-01
4.678271913993276576e-01
5.316949683590146414e-01
4.843331880878690154e-01
4.237075958243503027e-01
4.296546798105849163e-01
4.440505088815709378e-01
4.267290134173939986e-01
4.316272248991036009e-01
4.435286492711760231e-01
5.106506683564489002e-01
4.763102040901099898e-01
4.738919016285367825e-01
4.725295694175584149e-01
4.787481686548864523e-01
4.817955806313926059e-01
4.875379303858104474e-01
4.717296609032794463e-01
4.777620610454536565e-01
4.467834788521701239e-01
4.452106838043308756e-01
4.439257369333010073e-01
4.486532260867120980e-01
4.743045005433219052e-01
4.677416460549225774e-01
4.727933082349490834e-01
4.847619913035169370e-01
4.822224120163209893e-01
4.255289402226206108e-01
4.368731578445821939e-01
4.402433495506880567e-01
4.262842102323695648e-01
5.253458647446850316e-01
5.155634587139668046e-01
4.142534251364432540e-01
4.074908642253697866e-01
4.621615971305516046e-01
4.668876817391470202e-01
4.668027471544678453e-01
4.482089897352382057e-01
4.496505296491660197e-01
4.700431971719735702e-01
4.749735844989586564e-01
3.911133721966989496e-01
4.218271624384423713e-01
4.968161511207869752e-01
5.181104321280486369e-01
5.314344358127859325e-01
4.294280164131780153e-01
4.325562790782538358e-01
4.359155232926134049e-01
4.332914885310119590e-01
4.289312093050654529e-01
4.628691820928262923e-01
4.661106859595681162e-01
4.520787828089518068e-01
4.693415403235280947e-01
5.053053693991415019e-01
5.063494908242507364e-01
4.353967926700217927e-01
4.484653738104470988e-01
4.461620207741878730e-01
4.504499219205039262e-01
4.730502548518715211e-01
4.622854661493963624e-01
4.332124678320429245e-01
4.760304759778242190e-01
4.866571640392096665e-01
5.001592829069937407e-01
4.264270626385998630e-01
4.435322529669917246e-01
4.379613518036624131e-01
4.828407436928840446e-01
4.119397902356256580e-01
4.655297218033693230e-01
4.680621028082876944e-01
4.675081133983464698e-01
4.470855751310028880e-01
4.498253107637885106e-01
4.722049523832379525e-01
5.230328698175369384e-01
4.093769387073900590e-01
4.058206397776762397e-01
5.116985341774613616e-01
5.107566100652195518e-01
5.205237002897514786e-01
4.321957899841384343e-01
4.376460509833880463e-01
4.307651701703893443e-01
4.189889983666448270e-01
4.222221900178029230e-01
4.228143190962670439e-01
4.786827807669741253e-01
4.669941624293658666e-01
4.711108629548182436e-01
4.800225706089845112e-01
4.866423817135098195e-01
4.936659179965912081e-01
5.152962758415762234e-01
4.349338196177366944e-01
4.463841052546403954e-01
4.445526838005799952e-01
4.395038818940156800e-01
4.815467912013601248e-01
4.404401255618199951e-01
4.213184860258648579e-01
4.673609114713007107e-01
4.753380991495956276e-01
4.820103170741389387e-01
5.035089823684935073e-01
4.340845657137382685e-01
4.296956044059494495e-01
4.461923822022495489e-01
4.367423970768600228e-01
4.363040892125011894e-01
5.151903410632040492e-01
4.214928843545193149e-01
4.174328302688810055e-01
4.675899037150467730e-01
4.680520583545743074e-01
4.686621376415854856e-01
4.466765619053427172e-01
4.505372178052503007e-01
4.716146965225855858e-01
5.282072365499221878e-01
5.013711183017949269e-01
3.976944170422887503e-01
5.102535600971352947e-01
5.112489215547625365e-01
5.135326116520463335e-01
4.303190431365927493e-01
4.553494152864737132e-01
4.304486173667756432e-01
4.366393948839196182e-01
4.632659434894691453e-01
4.732014120226268328e-01
4.775380477221511932e-01
4.890165424186975751e-01
5.045249371764666257e-01
5.165914228900723160e-01
4.361395488540462662e-01
4.451917055756565711e-01
4.643290517757059921e-01
4.817552321868409648e-01
4.812237635984647488e-01
4.296179037549068824e-01
4.726805562197420874e-01
4.792019955995974190e-01
4.797024044657052233e-01
4.906372165932783025e-01
4.325248785707219712e-01
4.471773295025359696e-01
4.447903350444048498e-01
4.446442849676573994e-01
5.161543898509028949e-01
4.977500612253577539e-01
4.250373162378516811e-01
4.676689462472347070e-01
4.681986296504163647e-01
4.680512315865871242e-01
4.469460285659721532e-01
4.522187698415801593e-01
4.686543153258364569e-01
5.020149285909664139e-01
4.123577204954327891e-01
4.029379662329816703e-01
5.046374208442588882e-01
5.090275580031085045e-01
5.290393749159009174e-01
4.321826570999855455e-01
4.359886183033161444e-01
4.276657301445374593e-01
4.274841411801633684e-01
4.260988738025982547e-01
4.710247827621281136e-01
4.760129544121541323e-01
4.761764697538560243e-01
4.817453544783721342e-01
4.986508093947318865e-01
5.036099769920774349e-01
5.070187590962900170e-01
4.376914056981662804e-01
4.415961767714240427e-01
4.587195391176387416e-01
4.632270673408513950e-01
4.302780236592383400e-01
4.699758970282940096e-01
4.801780769446267749e-01
4.780514886000496455e-01
4.450805871873749209e-01
4.459052648540763886e-01
4.770061560349727059e-01
5.029077361296506732e-01
4.376685547696077538e-01
4.155632593972488076e-01
4.675923666106151511e-01
4.683014458727328688e-01
4.557531679276081715e-01
4.496499966694180728e-01
4.522629422299792590e-01
4.543981042878946219e-01
4.630691481991511815e-01
4.975526481989981931e-01
5.175954215438161032e-01
4.063361737142406893e-01
4.975775252269443172e-01
4.980725377014213473e-01
5.308211151002961703e-01
4.322986765550118626e-01
4.370726813410559242e-01
4.234754164890388028e-01
4.189556357068957571e-01
4.747754107466440887e-01
4.761667556770314280e-01
4.851224858641904891e-01
5.032323225940247280e-01
5.021164015486314636e-01
4.401414461945667989e-01
4.361477134885655693e-01
4.699305384857432322e-01
5.157946450358272816e-01
4.445987631509406568e-01
4.254173087440342171e-01
4.144032993595054282e-01
4.737747390262448399e-01
4.724449213164398365e-01
4.772913073984613730e-01
4.933048320484320071e-01
4.444969420610423438e-01
5.001116860165923939e-01
4.154922387054710287e-01
4.681018018413615756e-01
4.694694557045865912e-01
4.600754716107685605e-01
4.487321253675672361e-01
4.619054295553411960e-01
4.912027777682383411e-01
5.022216836460786649e-01
4.227832171223257496e-01
4.093256110513990853e-01
5.099342830620802181e-01
5.057345285481238406e-01
4.354991832103788374e-01
4.401808322174295407e-01
4.221897841070442747e-01
4.236804398968471164e-01
4.241892352284454826e-01
4.698382602579933010e-01
4.753155130926485228e-01
4.908327672630282135e-01
4.886285019735124857e-01
5.041209940374035137e-01
5.250375900376230698e-01
3.899758177720403229e-01
4.519428869790970693e-01
4.677030215373421118e-01
4.759492658210398019e-01
4.770704323469266428e-01
4.304140700344997184e-01
4.690906979679181910e-01
4.671447029900248626e-01
4.744939508587897592e-01
4.951011741694935631e-01
4.137564828570559072e-01
5.070995365728045989e-01
5.078767759298338236e-01
5.119783732045206648e-01
4.414795836954348296e-01
4.386350428295431869e-01
4.314046471010777317e-01
4.378757709155440825e-01
4.664513243944136689e-01
4.717156499417821114e-01
4.854147664445993549e-01
5.010675380752800390e-01
5.069411906139030810e-01
4.411322102737793571e-01
4.402677187840254858e-01
4.744604304429987929e-01
4.708728524030031393e-01
4.733553548479918494e-01
4.781233927262261152e-01
4.378876858885854539e-01
4.097050789581518915e-01
4.655348264733478736e-01
4.697595725421300772e-01
4.709590019160001528e-01
4.232574001678409137e-01
5.035798616978141018e-01
4.900998546597121752e-01
5.129734523027720261e-01
4.456449691302475369e-01
4.411762148066009637e-01
4.304963059298809736e-01
4.269200146225770598e-01
4.679231559902590210e-01
4.753456470240691178e-01
4.743559807163618691e-01
5.059251886456404002e-01
4.910899891572813036e-01
4.995130634731937413e-01
5.239389808195727971e-01
4.406584610949545455e-01
4.697896512201825692e-01
4.651517400664020307e-01
4.683755780618564235e-01
4.373407991336096812e-01
4.523383856223138766e-01
4.557071466729083475e-01
4.246114402630854490e-01
4.053832230736458264e-01
5.053669743583941720e-01
5.053733731871755674e-01
4.396940730537784447e-01
4.441812181012024241e-01
4.237357156589017793e-01
4.230033898756255240e-01
4.718470990535578724e-01
4.774116817730055251e-01
4.820820062186255694e-01
4.793816728895523016e-01
5.206412118760889163e-01
4.850156432373493032e-01
4.826410246210817157e-01
3.927119547439045788e-01
4.481094798176356586e-01
4.466930599703421434e-01
4.400888565453656143e-01
4.233193193481204486e-01
4.704694405907938193e-01
5.131616699253184199e-01
4.874929343800906145e-01
5.028033511838126968e-01
4.438900460682321247e-01
4.455377230739371863e-01
4.174184090121563773e-01
4.219854275516730091e-01
4.736037933587887716e-01
4.738758636397872870e-01
4.953058005506980610e-01
3.769307525076966980e-01
4.806455881172680966e-01
4.822844645090256233e-01
4.205593891934468753e-01
4.205404979646119035e-01
4.602669567753024382e-01
4.924989725840873134e-01
4.565134144262385507e-01
4.398237679583346660e-01
4.930265857364194426e-01
4.819179498320814159e-01
4.580763449548492794e-01
4.467649766160803337e-01
4.455443915576695058e-01
4.237032236319337453e-01
4.296740843435390977e-01
4.365723461954495455e-01
4.709021152889199535e-01
4.700257185429966844e-01
4.264624734920838267e-01
4.835960004049971728e-01
4.819930962269284302e-01
4.189650716634510941e-01
4.865640623874137316e-01
4.811158957315428975e-01
4.409960343950409811e-01
4.398021193738347878e-01
4.527444221157614357e-01
4.517608008126994257e-01
4.500146980443168188e-01
4.873127498475884889e-01
4.878412489194016155e-01
4.888484685251583417e-01
4.515562237474278762e-01
4.464903092479540203e-01
4.464831055865691178e-01
4.324148479786182886e-01
4.350879498978407200e-01
4.665175915328013678e-01
4.724702862091549327e-01
4.724452160179132831e-01
4.204871226239968451e-01
4.254015573943527029e-01
4.798680667307843595e-01
4.920971637109828878e-01
4.871017458695476310e-01
4.239787298365580437e-01
4.221140815900085719e-01
4.824479821534510826e-01
4.783648064341546324e-01
4.442237907406118014e-01
4.658218607786417387e-01
4.686363283724686579e-01
4.241639764218447239e-01
4.328547180644394254e-01
4.844436019553143846e-01
4.783205638074086719e-01
4.680001546122279921e-01
4.564655322803740090e-01
4.673291724473445652e-01
4.793436672759055495e-01
5.105232255517866413e-01
4.838077414570954859e-01
4.502043630548573927e-01
4.515085982114902530e-01
4.249735025123680954e-01
4.255308022902880571e-01
4.741906126287223633e-01
4.729933317362163825e-01
4.235018519107070500e-01
4.237573350178095999e-01
4.643282561524453844e-01
4.668122705782381532e-01
4.670819785218781606e-01
4.742797506901420546e-01
4.670290672652417929e-01
4.929582795185609712e-01
5.012250952781820423e-01
4.234973835058428171e-01
4.732383297374113118e-01
4.901671412516543924e-01
4.107701861912492203e-01
4.423904050592998294e-01
4.760081000131314855e-01
4.893441142696509649e-01
4.868917472335574925e-01
4.498421964977786791e-01
4.436274536581690242e-01
4.686228950395548987e-01
4.689265194538084214e-01
4.209284841615358874e-01
4.310039527703925510e-01
4.440462808387687921e-01
4.802233561551274010e-01
4.711274312243859952e-01
4.556730612884595799e-01
4.480507740302566710e-01
4.650492754386958971e-01
4.875103283066455351e-01
4.786844799180491328e-01
4.521722736291949873e-01
4.538894949748760732e-01
4.201627927476377922e-01
4.223122790932557491e-01
4.735137602233845944e-01
4.728990048641426025e-01
4.268722913875326874e-01
4.710498602705554538e-01
4.756747340365860555e-01
4.685568132563315280e-01
4.776082364827553550e-01
4.779175634103094428e-01
4.982303509232211547e-01
5.063948094801222766e-01
4.362938293502515719e-01
4.277064771767243312e-01
4.910880021910223325e-01
4.884765386443522539e-01
4.217380238148178973e-01
4.173729194397075570e-01
4.311853599455007791e-01
4.819257731533573286e-01
4.898575251887350435e-01
4.481588766746179564e-01
4.394617716649281691e-01
4.700689590653938654e-01
4.703418804596564695e-01
4.361974430739222752e-01
4.325012696705783366e-01
4.761212089312640838e-01
4.804878561297333261e-01
4.794912885986972184e-01
4.614836051736304068e-01
4.542757021560090425e-01
4.537685602997479917e-01
4.627191153145128744e-01
4.815006852899355039e-01
4.866285492666380108e-01
4.550730715613265920e-01
4.253559973484508094e-01
4.259792161176949588e-01
4.313095839618763527e-01
4.676353631836275837e-01
4.719218229237016060e-01
4.382887998326078782e-01
4.301585200982961377e-01
4.708903646099653617e-01
4.720504681557097237e-01
4.663625260780530080e-01
4.616453840968332556e-01
4.703012550209841880e-01
4.997507421668444527e-01
5.075730380408643994e-01
4.265159504845218996e-01
4.210946749510180998e-01
4.875656921037286873e-01
4.918111548390319276e-01
4.180164395071463423e-01
4.195572417074454052e-01
4.806692609112385717e-01
4.859016824302270221e-01
4.422666999040634206e-01
4.396132419124959556e-01
4.679986019333310376e-01
4.679638597315255444e-01
4.304203296361641118e-01
4.331523638537390641e-01
4.851313086381041639e-01
4.807722607090266775e-01
4.607398568302431552e-01
4.551638288575888813e-01
4.578737404509123921e-01
4.634620973799473131e-01
4.807684856245308391e-01
4.840915367045994233e-01
4.584969921544402305e-01
4.563402445472680147e-01
4.346483955950759537e-01
4.367279557206039664e-01
4.612996396943044308e-01
4.667717625222168043e-01
4.277125349343108285e-01
4.215738597448792646e-01
4.740935415733695257e-01
4.714598919501190588e-01
4.633647812189076731e-01
4.672632481285952100e-01
4.937547957771205032e-01
4.947149548139160857e-01
5.286203216170863861e-01
4.203667825975737071e-01
4.211970742005853863e-01
4.873135522184290358e-01
4.880083480557967923e-01
4.211624403375681669e-01
4.271799036448433173e-01
4.384796342297233585e-01
4.702294624815364088e-01
4.826281983498959538e-01
4.818734327528703121e-01
4.407726416513715884e-01
4.382214579245580777e-01
4.720725248463345514e-01
4.707374410393155295e-01
4.293746080248296848e-01
4.304701327398456345e-01
4.823810198479319133e-01
4.847358060636789978e-01
4.525136950188414775e-01
4.556508988052961895e-01
4.576790793150279368e-01
4.642015323494592116e-01
4.803384561373591488e-01
4.823611859561325876e-01
4.587570212104840617e-01
4.591333899579060351e-01
4.276183470317736490e-01
4.252228209321643471e-01
4.658438080738195874e-01
4.617152173777596125e-01
4.666229162371856587e-01
4.233625825593596015e-01
4.208005927660031231e-01
4.813586694870011229e-01
4.620724218444313136e-01
4.587565163416003067e-01
4.658431182498178336e-01
4.994911971965656505e-01
4.948189315543546907e-01
5.232126408404621509e-01
4.181997444106601569e-01
4.304794211410531979e-01
5.064392641382053917e-01
4.272349963885472279e-01
4.220906484355345101e-01
4.759000289346722590e-01
4.918567547354692482e-01
4.330796932514811570e-01
4.397453685396843781e-01
4.781918482163433626e-01
4.336462573036694579e-01
4.406917973261772481e-01
4.440957018439306569e-01
4.737969349894296522e-01
4.805250302600764800e-01
4.499874549133523471e-01
4.534408191775133878e-01
4.617718416889941557e-01
4.617726571825314097e-01
4.800145535115429851e-01
4.813204103500162145e-01
4.561845973664962473e-01
4.605162618064332913e-01
4.234623023801005748e-01
4.207560829320649565e-01
4.592197557966784527e-01
4.586039332905877397e-01
4.140782539550569297e-01
4.250006612024758157e-01
4.804671956034095581e-01
4.763237938658348991e-01
4.595207599835397505e-01
4.571276019038463811e-01
5.144469859204371387e-01
5.097622273102291324e-01
4.223976825860211726e-01
4.715015217142269899e-01
5.041741496770788533e-01
5.069989572477856532e-01
4.176641762652780754e-01
4.247975197477949494e-01
4.738182521948056114e-01
4.771737445562733160e-01
4.307281907833326873e-01
4.366670384885880662e-01
4.749060089979561528e-01
4.753803865018209618e-01
4.473305794636391886e-01
4.415867327819475441e-01
4.697588182346058572e-01
4.739127508104128417e-01
4.514077090828522154e-01
4.650007660204220628e-01
4.805406575683071613e-01
4.810443744133862665e-01
4.595602270707547787e-01
4.176880720960280957e-01
4.143061163628126709e-01
4.569890734932848808e-01
4.600866056499214873e-01
4.883072887310210275e-01
4.143099356241576325e-01
4.171576132946032134e-01
4.874595274701790104e-01
4.765536375191333773e-01
4.601985624875832848e-01
4.556339507474493900e-01
4.606965274757759410e-01
5.049984319788769493e-01
5.184009888657826748e-01
5.106344268234235262e-01
4.268488868201271158e-01
4.320148967531264872e-01
4.413754157424238933e-01
4.737960607403283730e-01
4.718318741268284766e-01
4.922105921299271269e-01
4.309606983181960005e-01
4.341268248726197210e-01
4.804090932021216065e-01
4.764922947005447718e-01
4.415755923207371203e-01
4.394354549417914813e-01
4.691346366264096401e-01
4.687565691623847841e-01
4.852325236027342226e-01
4.557427612155540153e-01
4.550001102260020081e-01
4.674346773521263487e-01
4.675292663069633425e-01
4.833413712184751465e-01
4.825214571947409326e-01
1.142442916402438113e+00
4.163875646475623249e-01
4.166396096963828621e-01
4.192357134635139593e-01
4.248476137715300749e-01
4.816455760719685619e-01
4.695947427974712651e-01
4.555977278477090220e-01
4.589143153903683658e-01
5.069671333737629793e-01
4.978302362025738281e-01
4.345265542158788796e-01
4.344706943592385739e-01
4.705244975052313428e-01
4.552388297370268400e-01
4.763507865048345336e-01
4.700836641471816679e-01
4.390547914851505307e-01
4.430143219018093381e-01
4.699081457973410259e-01
4.735510830552643324e-01
4.486140430885461328e-01
4.471659800580451427e-01
4.679548907232387034e-01
4.672463192976475943e-01
4.821079921331924978e-01
4.798652897242794979e-01
5.534242200828310310e+00
4.115381107565679875e-01
4.203784395548703645e-01
4.697821703460539067e-01
4.552827831167109429e-01
4.519905773294256024e-01
5.059868643435573299e-01
4.288216771054792487e-01
4.313855323227404059e-01
4.783652519425686256e-01
4.712728907925304855e-01
4.385272593270586050e-01
4.431633133290451276e-01
4.714416126194894141e-01
4.504703298014368085e-01
4.716828360198672132e-01
4.630594405806565672e-01
4.809500168055508840e-01
4.809706262724678383e-01
1.716558034516651787e+01
3.976446675366726580e-01
4.088520027606722396e-01
5.039232839761407234e-01
4.638491489079144547e-01
4.577867540436526550e-01
4.556109990142648836e-01
5.572346191709469654e-01
4.917266313202736661e-01
4.337491838022782820e-01
4.381247349346403808e-01
4.676575788283138801e-01
4.485675527171293919e-01
4.429255990226421136e-01
4.696410845714583671e-01
4.856225148621223786e-01
4.696872866975638772e-01
2.759040812274659160e+01
3.780429290331447367e-01
4.789201788223969025e-01
4.544547301534375139e-01
4.548443620488225037e-01
5.215441336196326994e-01
5.232431943220374748e-01
4.457857491204810230e-01
4.073086896071824170e-01
4.970622450046172092e-01
4.927734683980023456e-01
4.536161685357291140e-01
4.003912203293464311e-01
4.786615811159623535e-01
4.866834098391957797e-01
4.842442256238499998e-01
4.637896663795005869e-01
3.151470128543319404e+01
4.088629425032579423e-01
4.634482965783397468e-01
4.542864440948986560e-01
4.553432933645243375e-01
5.215403451161292336e-01
4.914357861647565273e-01
4.461610469525910116e-01
4.385657010601605732e-01
4.970977877665400113e-01
4.677202801385170194e-01
4.535223957672965267e-01
4.428150605894147773e-01
4.787070765979277165e-01
4.697299830839880008e-01
4.836385730556664875e-01
4.693439795602147857e-01
2.759001621329937848e+01
3.976595089792240856e-01
4.203386655814143058e-01
5.034097770996116550e-01
4.692212742596385544e-01
4.575296178734333807e-01
4.517678902270783059e-01
5.567680832870950391e-01
5.055223819883152281e-01
4.341699786391744476e-01
4.317816318286542554e-01
4.713432685722346305e-01
4.484356058129982947e-01
4.430370698719680589e-01
4.631831698767261973e-01
4.856173195446069624e-01
4.807375024966915045e-01
1.716524321347853288e+01
4.115455114132419157e-01
4.192480591918766319e-01
4.691054108951348556e-01
4.550820730278048454e-01
4.587332643458214565e-01
4.974153711556746349e-01
4.291811520170494276e-01
4.348230636990904618e-01
4.784408711695660177e-01
4.701531270493253256e-01
4.384115510450110054e-01
4.429021086508537763e-01
4.714918242585934283e-01
4.736545319926610542e-01
4.505188811623608847e-01
4.470045438091104772e-01
4.717276897131223445e-01
4.672422143531801964e-01
4.806641463262645853e-01
4.796663405934111779e-01
5.534085185470992485e+00
4.164936546011159813e-01
4.143771609760192320e-01
4.166703943849153768e-01
4.248934928760925711e-01
4.882207259120168175e-01
4.173175872165115763e-01
4.811996137006335772e-01
4.762381745410144140e-01
4.554281094557429688e-01
4.605848315208432853e-01
5.065211328115775125e-01
5.102999530291537633e-01
4.348650286686854827e-01
4.416802234521534087e-01
4.703944432311303880e-01
4.920973982874826680e-01
4.550513250756623718e-01
4.339268228408247330e-01
4.764165164509645556e-01
4.765496519505858508e-01
4.389706399342189203e-01
4.393665297294431782e-01
4.700031483939303700e-01
4.853079577835302527e-01
4.485595059007935204e-01
4.549373662479861413e-01
4.682174777026054113e-01
4.676285437122800759e-01
4.819787528475476535e-01
4.824173129973126084e-01
1.142375615740419681e+00
4.177903712212894249e-01
4.209080548010475931e-01
4.568738640743287838e-01
4.585043357081026172e-01
4.600214962707943056e-01
4.145309369581734460e-01
4.252521950953317420e-01
4.872664075609451362e-01
4.761980554510332198e-01
4.602015810247051530e-01
4.571784061323882487e-01
4.555501340208154004e-01
5.050858090791355837e-01
5.097733985634506082e-01
4.719940902070086097e-01
5.181499006656473671e-01
5.067895043967494129e-01
4.270253517213456473e-01
4.249684193871377524e-01
4.323005570722629476e-01
4.735535540779379771e-01
4.769279701491021539e-01
4.716736136308136706e-01
4.307443802657213716e-01
4.364475583714204632e-01
4.804498066673872358e-01
4.754138102314726666e-01
4.415008664125465443e-01
4.415876719650450033e-01
4.692248780687451326e-01
4.739779535908913433e-01
4.688462604185602012e-01
4.555295419219925757e-01
4.514344346045693901e-01
4.676610159430494296e-01
4.651440500817434764e-01
4.832464041396140608e-01
4.809541424881601523e-01
4.596071207062091823e-01
4.235726572155065206e-01
4.253323798723840365e-01
4.591197650221420234e-01
4.665177013140923146e-01
4.143148270158394930e-01
4.209239442979310075e-01
4.805727142132557028e-01
4.814607532959802039e-01
4.595828510631155828e-01
4.659328419948874922e-01
5.142881906221861144e-01
5.229528884226574137e-01
4.230570336833776590e-01
4.312112553770388601e-01
5.042416755012516516e-01
5.065150418239391383e-01
4.177769577234647924e-01
4.222298902419452382e-01
4.735789420174415509e-01
4.916073807346910685e-01
4.305057818632389011e-01
4.395258168469731164e-01
4.748981185686781958e-01
4.781777095582407378e-01
4.471661580593980223e-01
4.439767431861003644e-01
4.698343791179513396e-01
4.805763773333204814e-01
4.534081178942949708e-01
4.618554952792921497e-01
4.804556222076858396e-01
4.812431474284370458e-01
4.605900487833766710e-01
4.277325612647934761e-01
4.368258566771534013e-01
4.657495012232262810e-01
4.666880897231072689e-01
4.616205598824975609e-01
4.234128712010515883e-01
4.214773088182413030e-01
4.718581705807700644e-01
4.622487038662613235e-01
4.674913952040416487e-01
4.588618519457295930e-01
4.993873623968717035e-01
5.284995250889999996e-01
4.946379480556103991e-01
4.189045974081952450e-01
4.217911031530521826e-01
4.883516437099300056e-01
4.273449649312309195e-01
4.384464680856549057e-01
4.756707117776330374e-01
4.817334346853075489e-01
4.328648558986479267e-01
4.380189029515595411e-01
4.706541945982631869e-01
4.336767680979383699e-01
4.304879334344008379e-01
4.407116700658833541e-01
4.738489930596491706e-01
4.847729104579219794e-01
4.499155664279042011e-01
4.556333867507357804e-01
4.618565259795068267e-01
4.641968691100644695e-01
4.799414665739501484e-01
4.822942099417971140e-01
4.562431766629806984e-01
4.591698857446137039e-01
4.347235620549301238e-01
4.312999721511187601e-01
4.612129406210235261e-01
4.718359763093089576e-01
4.274866145030412623e-01
4.298265458688467211e-01
4.745433304955319898e-01
4.726198313787250416e-01
4.636211195233908566e-01
4.705816737805865735e-01
4.935928679906456118e-01
5.075161557268741408e-01
4.946082539704557135e-01
4.209404834734941647e-01
4.215528399019601302e-01
4.877019721253376128e-01
4.923428798284616992e-01
4.197711382302301564e-01
4.179071170705689342e-01
4.269902839396980676e-01
4.701706757464757525e-01
4.858587451810453817e-01
4.824904726433006941e-01
4.405786906412740844e-01
4.394423352288527318e-01
4.719831720216014492e-01
4.678200752989108424e-01
4.295137535276784546e-01
4.333190568342581428e-01
4.824011242326603499e-01
4.807513876123373220e-01
4.525031679595119538e-01
4.552014325429808439e-01
4.576611276095979841e-01
4.634074121037640159e-01
4.802737449326090480e-01
4.840321885901488486e-01
4.588031729292328387e-01
4.563949441630699155e-01
4.253435397805386264e-01
4.223184661606756984e-01
4.260068272157381819e-01
4.675730794092533560e-01
4.728469989013990293e-01
4.378293425796833671e-01
4.263768505859071301e-01
4.714440088507105830e-01
4.761630861316493712e-01
4.666717336735183297e-01
4.779293910749665142e-01
4.619762928602780261e-01
4.995679355534216604e-01
5.061007061802703655e-01
4.269168402824882746e-01
4.280107140853746106e-01
4.880920463515432406e-01
4.891034083444046332e-01
4.173123386020468617e-01
4.309331117401416500e-01
4.806618923279892264e-01
4.898947252457650503e-01
4.421095572489738279e-01
4.393227288609292125e-01
4.678461855108245193e-01
4.701729233886529080e-01
4.304555713264733852e-01
4.325573507854872934e-01
4.851154665445019942e-01
4.794286106200464359e-01
4.608032242738859807e-01
4.543618643047955263e-01
4.577888429705621598e-01
4.626187129485408445e-01
4.807117431970275301e-01
4.865788913845868202e-01
4.585661843984146224e-01
4.551388493274253211e-01
4.201754121463732727e-01
4.255596092947502851e-01
4.734626895985897255e-01
4.729413750237918546e-01
4.230667387438842852e-01
4.715149798193898345e-01
4.673268936892079894e-01
4.687120277838453530e-01
4.671043398404166047e-01
4.775869328980336670e-01
5.009030670195632196e-01
4.980237484484758559e-01
4.364514984157881194e-01
4.236155060400093597e-01
4.917865994511482208e-01
4.908068979862102443e-01
4.215527700131270206e-01
4.422368602865538456e-01
4.172495246691776960e-01
4.820003455642642431e-01
4.871137753600097708e-01
4.480371029175930220e-01
4.435198053616065117e-01
4.698900859592187174e-01
4.687427954931394081e-01
4.363584389042210465e-01
4.443431905863742259e-01
4.760683657915276701e-01
4.709849545595271025e-01
4.804132262709203682e-01
4.615995029432363728e-01
4.558349732996828663e-01
4.536475343524333792e-01
4.649339970865371541e-01
4.814536206464294366e-01
4.786388460252212762e-01
4.539449500758077627e-01
4.249925840271765454e-01
4.350925302861493038e-01
4.741574068915869744e-01
4.724265102871869071e-01
4.226777745549066267e-01
4.246525599194604927e-01
4.648203019943100700e-01
4.671845460074289247e-01
4.743516871293986803e-01
4.925690588461376085e-01
4.866325679702374618e-01
4.220065765690189097e-01
4.737154608480083628e-01
4.108732041019117487e-01
4.764756481476610794e-01
4.788368759677183450e-01
4.895653739494913448e-01
4.497717940832973160e-01
4.441611950717606616e-01
4.684244218713599084e-01
4.683937244162700853e-01
4.211259771121552142e-01
4.330946719992406213e-01
4.310186885224057685e-01
4.801378285062281592e-01
4.782780329168360711e-01
4.567087315612660126e-01
4.479715485429110466e-01
4.792369135945340752e-01
4.874657323829743039e-01
4.837898068837094279e-01
4.522407826880452397e-01
4.515642863966500276e-01
4.324067747646262450e-01
4.365111688985437999e-01
4.665225692275471459e-01
4.700254375791014794e-01
4.724369361793308575e-01
4.197170380406243240e-01
4.256918251130781816e-01
4.793028564608809994e-01
4.814696870889346725e-01
4.917396845685969020e-01
4.238680716984768448e-01
4.187834008971204058e-01
4.829871072913225483e-01
4.816471779756578142e-01
4.397901577016635755e-01
4.655160930925106300e-01
4.516578041785561659e-01
4.241659242260838458e-01
4.499426057270480839e-01
4.842990958026396342e-01
4.876725795405220110e-01
4.682659305514266790e-01
4.517340423172374053e-01
4.672512659816852598e-01
5.104847043674171081e-01
4.502564093261248179e-01
4.465323263294690426e-01
4.236695225940098619e-01
4.219272081073540126e-01
4.296268595675984958e-01
4.709254301874192250e-01
4.738942708407333226e-01
3.765898620860984036e-01
4.831497366347661804e-01
4.818913073961142435e-01
4.203954676339389240e-01
4.871118207223213425e-01
4.931608858965764175e-01
4.409916672553909067e-01
4.398572362720620244e-01
4.526457420059756820e-01
4.871793091418231136e-01
4.817915655565428446e-01
4.890053764051301433e-01
4.582249162590030234e-01
4.465289834187561868e-01
4.455839048265580193e-01
4.173560987260256927e-01
4.229635028216797710e-01
4.736414494685362020e-01
4.774619235373410153e-01
4.949626490665235967e-01
5.204881527579734435e-01
4.802924014994622293e-01
4.820054853052943011e-01
4.204186838547153138e-01
3.924315939501827888e-01
4.608643576363432581e-01
4.471808432446906512e-01
4.565676282410364162e-01
4.233349262558256387e-01
4.927520311972723444e-01
4.703280273250655119e-01
5.028410252125132818e-01
4.468011773214629612e-01
4.455741228035743351e-01
4.236717829378320310e-01
4.268453048158951102e-01
4.718824987782818114e-01
4.744110596258533930e-01
4.818111315255870220e-01
5.236171245755181225e-01
4.795315759022096280e-01
4.841643298091223291e-01
4.677395173848079568e-01
4.684765683568719585e-01
4.488239393240903707e-01
4.380643022391703667e-01
4.400818406253826365e-01
4.557085153979195669e-01
4.053438490144919415e-01
5.131597664806779591e-01
5.053711970484203730e-01
4.874913656581925103e-01
4.439233487633742481e-01
4.442106798604094631e-01
4.304015481305833446e-01
4.377483314412978221e-01
4.680197598706899442e-01
4.718085110202418497e-01
4.753931619846898937e-01
5.064662493006639732e-01
5.076717585698057311e-01
4.911138401234894646e-01
4.991704120839040026e-01
4.359910487927217693e-01
4.350757147647739131e-01
4.653703528058571459e-01
4.785693761702309312e-01
4.102197116874385929e-01
4.523408390722585271e-01
4.710095005798843881e-01
4.246101759928090358e-01
4.232317252061322255e-01
5.053712461636411524e-01
5.130016037789624228e-01
4.397209702660562214e-01
4.411978482210915375e-01
4.312745628997228242e-01
4.240540702006839746e-01
4.665633119085173530e-01
4.754273817716704320e-01
4.832714518689099625e-01
5.251231305673036420e-01
5.013594443591884442e-01
4.338501625430569719e-01
4.437524038479873645e-01
4.748026182290273067e-01
4.773853786366386576e-01
4.712014829356763190e-01
4.737545218402905434e-01
4.385518197451471756e-01
4.311995635443268138e-01
4.655592109391644140e-01
4.745308958357383755e-01
4.698096984448579816e-01
4.137122350749277144e-01
5.036089278348827580e-01
5.120154257955026322e-01
4.901254814777412094e-01
4.456682690276380088e-01
4.386550439195316398e-01
4.220640477734879936e-01
4.188591184024374470e-01
4.235716573900252246e-01
4.699521206939998863e-01
4.762874737811808035e-01
4.924967981816383289e-01
5.037578918128161609e-01
4.895290684952552374e-01
5.054435234303829017e-01
3.908914004167012846e-01
4.708767978206303551e-01
4.472103519970190288e-01
4.138821930387874271e-01
4.681731924551938429e-01
4.937303307000884822e-01
4.763251751465980011e-01
4.161886882960220690e-01
4.691035144596071293e-01
4.601269745627712404e-01
4.671691201733552123e-01
4.949492682338005878e-01
4.910724172491957029e-01
5.020661657473358686e-01
4.092398636752310748e-01
5.071509912954040855e-01
5.057921655943906636e-01
5.079299552788359984e-01
4.414963256398826141e-01
4.401972879435593899e-01
4.233590274464330561e-01
4.259787669002622623e-01
4.748899803424541655e-01
4.763028431108887184e-01
4.823615287333003487e-01
5.030065066761439940e-01
5.033264492918538835e-01
4.397157843854781478e-01
4.587027116491039780e-01
4.365154446596606341e-01
5.173093111026266788e-01
4.634376093380765949e-01
4.291129186752225544e-01
4.342739223997973408e-01
4.741514559553643426e-01
4.784115749341944501e-01
4.728720963809638356e-01
4.776623510787082472e-01
4.446094920292049113e-01
4.775055781331016269e-01
4.998937542769034126e-01
5.026021445111782393e-01
4.160296883056071593e-01
4.680977045433861727e-01
4.557502825151947823e-01
4.694706846093281150e-01
4.487072065914558539e-01
4.630057874155231179e-01
4.618660604964584526e-01
5.174534170034653657e-01
4.226354259905877320e-01
4.061932941904141114e-01
5.100014739305056555e-01
5.309083629462891807e-01
4.355112624852838232e-01
4.370820355340673813e-01
4.273633738159711148e-01
4.364897161937006942e-01
4.712055527935821164e-01
4.733912344412358197e-01
4.761385911259587989e-01
4.786910974174722888e-01
5.140389378647483021e-01
4.960534534550020136e-01
5.005066352427484100e-01
4.373783246069516406e-01
4.645963312855365124e-01
4.413476896187684129e-01
4.797040489745378333e-01
4.322807740364685292e-01
4.704218974181715307e-01
4.909742801795729528e-01
4.805225693950589960e-01
4.453540328640935297e-01
4.447495090081517444e-01
4.463908717807053561e-01
4.973550306033573398e-01
4.380155006830571685e-01
4.250046994805370959e-01
4.675642552419053133e-01
4.680269921979483549e-01
4.682864702853380967e-01
4.495512184342282946e-01
4.685751092505415771e-01
4.522091020982746956e-01
4.543676350647111173e-01
4.974501286115771692e-01
5.019019648041438408e-01
4.027143186554616450e-01
4.976785766173782433e-01
5.291348618648633595e-01
4.981515815465519248e-01
4.323071995765599973e-01
4.276709897761619694e-01
4.302996148293545264e-01
4.227037691043289969e-01
4.634580679088853850e-01
4.671983327669185782e-01
4.773385333133997599e-01
5.150020175583099880e-01
4.883569837152398896e-01
5.022183795096853975e-01
4.358434883092239809e-01
4.386550211022669510e-01
4.449511674733404587e-01
4.796320960906076403e-01
4.794191899017898328e-01
4.237943365183587940e-01
4.732887731685691546e-01
5.040359721021222539e-01
4.796159562017082711e-01
4.800238724390881173e-01
4.326087662425492919e-01
4.363661485520169969e-01
4.473283168692060441e-01
4.448995484252903920e-01
5.159055162288830321e-01
5.150662259383416153e-01
4.173761489458358009e-01
4.676198759448167430e-01
4.686160252003953586e-01
4.681617812148788360e-01
4.468783470045970541e-01
4.715454075715632687e-01
4.521244148609653846e-01
5.014503652533588429e-01
4.120992378079191831e-01
3.975525866324695068e-01
5.047624143851233702e-01
5.136331590349885179e-01
5.091295406286394654e-01
4.321894124523385505e-01
4.553563711819836879e-01
4.359974056639793760e-01
4.189931463873917128e-01
4.290582330073040573e-01
4.221372393246860533e-01
4.787495342591766012e-01
4.660789535627956059e-01
4.715210766658330388e-01
5.068676410151118361e-01
4.805143781835771177e-01
4.867363177232355564e-01
4.934480069411635861e-01
4.315247776512597389e-01
4.497334568752368589e-01
4.461451379801595896e-01
4.439957859355169734e-01
4.727849459318276271e-01
4.427260832677941682e-01
4.344408616332899320e-01
4.677789337511678025e-01
5.005866947314461246e-01
4.757536672365214603e-01
4.824410164383202693e-01
4.341272464104848905e-01
4.379620471154921924e-01
4.297632767124373032e-01
4.463177912201723441e-01
4.368148615731752837e-01
4.832435615177133048e-01
4.213760056604607396e-01
4.117215983500779330e-01
4.675271270204375273e-01
4.674437790293297645e-01
4.679978914514938970e-01
4.466295683253684867e-01
4.721507583152055321e-01
4.504744461697131053e-01
5.284230361378990937e-01
5.231618082637548017e-01
4.057796268044485122e-01
5.103944679645925353e-01
5.206344996380993795e-01
5.113699982352938322e-01
4.303217253028064904e-01
4.307641727613613081e-01
4.335006008635964858e-01
4.438352762983487909e-01
4.629188264443048761e-01
4.740245160258745316e-01
4.527519856578372526e-01
4.774063635019769047e-01
4.698709056538332707e-01
5.054640810683896923e-01
4.370441049194094818e-01
4.530833430684350072e-01
4.486158434150229746e-01
4.458502416321268869e-01
4.824169081855341212e-01
4.630674764747286232e-01
4.766373450634728282e-01
4.870521674909618626e-01
4.264701770665508818e-01
4.263247077393713114e-01
4.436096041026449388e-01
5.159026031631228637e-01
4.071368016380729205e-01
4.654362613029319751e-01
4.667134889884957394e-01
4.679883253419653832e-01
4.470572074290719566e-01
4.700243160018213739e-01
4.497840676589883735e-01
4.745418341022861752e-01
4.092883621005935502e-01
4.217391351897150642e-01
5.118815557243334702e-01
5.315756392275670095e-01
5.108891677573210721e-01
4.321878537693463751e-01
4.359061419257786452e-01
4.376442449205688034e-01
4.275198701495206421e-01
4.637574099986051523e-01
4.319627509869246040e-01
5.114628970311571043e-01
4.767235118720504206e-01
4.765238681348092920e-01
4.737277877258840308e-01
4.734703077794182313e-01
4.805655254969448675e-01
4.827594921028883768e-01
4.877564538570754449e-01
4.716749909674313179e-01
4.343296649608415771e-01
4.819984202427100017e-01
4.523726537620421650e-01
4.507030653537402731e-01
4.746693791752238933e-01
4.892914046985288867e-01
4.689519758672721639e-01
4.735796156673843793e-01
4.850540345044870305e-01
4.255631623183169232e-01
4.557618509643497351e-01
4.369415040660710736e-01
4.402950166806490206e-01
5.250640500732363103e-01
5.274774499112094839e-01
4.138846964192519629e-01
4.185645580942458088e-01
4.620785345797619459e-01
4.620671252356718384e-01
4.667808207520862673e-01
4.481851810160895622e-01
4.678212516075245242e-01
4.496312326297589035e-01
4.845342490450094686e-01
3.911098517766578020e-01
4.969695048056389508e-01
5.182667322555530864e-01
4.294008915410501004e-01
4.440227220993874790e-01
4.325387031241184621e-01
4.359563056135105641e-01
5.174608980454880047e-01
4.351225844431567125e-01
4.546286589124149402e-01
4.906837038634819792e-01
4.980562058199746178e-01
4.987913392151107628e-01
5.147664485356615582e-01
4.631740971197419454e-01
4.551659282561057451e-01
4.494361955261291786e-01
4.486640485718471072e-01
4.267335029974343996e-01
4.684859915764622018e-01
4.771962620261010479e-01
4.659598306782695154e-01
4.673749505015828976e-01
4.680579650349450671e-01
4.707829774689449853e-01
4.773371409750742922e-01
4.858237813242013980e-01
5.044686540749317993e-01
4.243381767673136684e-01
4.322788333903541114e-01
4.357552753453358685e-01
4.814163249579376802e-01
4.086920861464981014e-01
4.691064251440958954e-01
4.569115847930115826e-01
4.462108096120777079e-01
4.753078057899058906e-01
4.498110026083387836e-01
5.319608070626823393e-01
5.394328034751180168e-01
4.236608186838118351e-01
4.463802261514143721e-01
4.296147788017093960e-01
7.986674551033321467e-01
4.664468627754366215e-01
4.137777628600890489e-01
4.100593262861355059e-01
5.465488114321178648e-01
3.723539088053702817e-01
4.312949343597167196e-01
4.717595151444218260e-01
4.805883501036321004e-01
4.859649878461252404e-01
4.885352454661108235e-01
4.943494599336598072e-01
4.169502434623871268e-01
4.442509093236718942e-01
4.369106816452465458e-01
4.324399600285839251e-01
4.871374522928592077e-01
4.473960499646558175e-01
4.682749358102809567e-01
4.434246815601889935e-01
4.845596407762661206e-01
5.177630901517230599e-01
4.857549080187378299e-01
5.240456770025433419e-01
4.238255359989321902e-01
4.356845924183738172e-01
4.166824991196689254e-01
9.183215288294449552e-01
4.861782793365688193e-01
3.992786561333406814e-01
4.296398926081978487e-01
4.173588507565715311e-01
4.698781857602135625e-01
4.840599968507482420e-01
4.653347595682283955e-01
4.716684692977483606e-01
4.696881815430697937e-01
4.450419408873063642e-01
4.475098677692164184e-01
4.498922047577952887e-01
4.791736652780747008e-01
5.153282325486470139e-01
4.854060613601619556e-01
5.040181197775012167e-01
5.107025270981435661e-01
4.239681139332880933e-01
4.184746779952979168e-01
1.058579697693045052e+00
4.696861938698622674e-01
2.753295722961320857e-01
4.327911207418871364e-01
4.647823803039207169e-01
4.729345313114162175e-01
4.620174063637276229e-01
4.560918626848786683e-01
4.623668284434487852e-01
4.646260895738327235e-01
4.677486680615597359e-01
4.731633313074177782e-01
4.785414119282543344e-01
4.909878197789095400e-01
4.588370815672183078e-01
4.465956358232334167e-01
4.802503108976852730e-01
5.180482898082294785e-01
4.841558428761925659e-01
4.962012769052048800e-01
5.197955795015065661e-01
4.219908574610568008e-01
4.283731266259214743e-01
4.248343717244302820e-01
1.222332796222891149e+00
4.529505174893305730e-01
5.195485529243085709e-01
5.360238488444247773e-01
4.478992208380819240e-01
4.592461931958096155e-01
4.555573560441244507e-01
4.588401014038909209e-01
4.628122334425026629e-01
4.654828076746579946e-01
4.682972160434352715e-01
4.700264205024366482e-01
4.736218707888225077e-01
4.786584091202302216e-01
4.862497985211568508e-01
4.819497094220368538e-01
4.299266746861673538e-01
3.363977722517129676e-01
4.970842415340710474e-01
4.979170671698910366e-01
4.723813743125048203e-01
4.841561470961537328e-01
4.982896484195522002e-01
5.160417093250535547e-01
4.154726926194720060e-01
4.373626431614944798e-01
4.196499184172069463e-01
1.411135879057313192e+00
4.752970882405074260e-01
2.540145949302754502e-01
4.753178684349141925e-01
5.022695290584822114e-01
4.789453624223149464e-01
4.846959604321482984e-01
5.064558181786845692e-01
4.104067836436187111e-01
4.176154228341902863e-01
4.122190220483052947e-01
4.859707193936611547e-01
4.838883569677681629e-01
4.993344246597716252e-01
4.968089594967588507e-01
4.168847360476097830e-01
4.133428672135053272e-01
4.179762000210044959e-01
4.147663565358415405e-01
4.256969578530383491e-01
4.234448114676989672e-01
2.175872554625579713e+00
1.881089008595568712e+00
4.165768285629024570e-01
4.223388575673524548e-01
4.243493021969033663e-01
2.526718527679763238e+00
4.140371025402404537e-01
4.293220923460880356e-01
4.330798908477215270e-01
4.279498651077005555e-01
2.956690647302991692e+00
4.298872432215649075e-01
4.465478121342627005e-01
4.114899051311171063e-01
4.403631339078935558e-01
4.435686269805554915e-01
4.296067631672172982e-01
3.509301552135597024e+00
4.176148388110251242e-01
4.344682429739086249e-01
4.340583366366497220e-01
4.453912026054038242e-01
4.453193740357349051e-01
4.280527429781851190e+00
4.276818100427175473e-01
4.536020931722408722e-01
4.223805085920578350e-01
4.420888929184113025e-01
4.462994463011001889e-01
4.354523406792554785e-01
5.547808569324399031e+00
4.264540455804207153e-01
4.446820015769109569e-01
4.267971526793372106e-01
4.430009690263028155e-01
4.427095924341757915e-01
8.651988916983389899e+00
4.273877728946491317e-01
4.471080519142004439e-01
4.256162924738877695e-01
4.418879714213541643e-01
4.394583468016258765e-01
1.116122178090138917e+01
1.758132724098130595e+01
7.304441104985570199e+00
5.614731767411867303e+00
4.993101897992779925e+00
4.603217426159091019e+00
4.311245619036927934e+00
4.073475003714536413e+00
3.870236112937957884e+00
3.690632343973813789e+00
3.528056928022701655e+00
3.378316136206624076e+00
3.238698443600423360e+00
3.107456161636465097e+00
2.983490929959439431e+00
2.866149157273933490e+00
2.755081351902305631e+00
2.650141275789525963e+00
2.551311435634853186e+00
2.458646699710084871e+00
2.372230536888646490e+00
2.292139858496715643e+00
2.218415422117480773e+00
2.151035644884643716e+00
2.089892710419724686e+00
2.034771142110685993e+00
1.985330521390754388e+00
1.941095541516465017e+00
1.901457679514330312e+00
1.865692835915002901e+00
1.832997733956750253e+00
1.802544440198877718e+00
1.773547563257789506e+00
1.745333901299890744e+00
1.717401502161880700e+00
1.689455946409460507e+00
1.661416585886370090e+00
1.633393154911337408e+00
1.605640972416551904e+00
1.578508013926161579e+00
1.552387626500962403e+00
1.527686542657917146e+00
1.504810815346552699e+00
1.484165042175140892e+00
1.466155352806786105e+00
1.451185541739421048e+00
1.439638254121079264e+00
1.431837742373474720e+00
1.427995416055334532e+00
1.428142800052333738e+00
1.432058444001793607e+00
1.439196901304503617e+00
1.448630829453126934e+00
1.459022619233457219e+00
1.468648558853658415e+00
1.475501643056752465e+00
1.477491014467841257e+00
1.472730312079651105e+00
1.459866571576014849e+00
1.438363129819324460e+00
1.408640619578903630e+00
1.372016718272378588e+00
1.330456753569257744e+00
1.286216172205498998e+00
1.241484120599249064e+00
1.198114600256945605e+00
1.157479737313001911e+00
1.120431981525012333e+00
1.087339582794666359e+00
1.058162678455312866e+00
1.032552780272805393e+00
1.009971637183767035e+00
9.112355691599308694e-01
9.175293209520849480e-01
9.095677436490562373e-01
9.393905136981743897e-01
9.232683333157053474e-01
9.612952539850030398e-01
9.877154920793225212e-01
1.016351377562126457e+00
1.043658453389881391e+00
1.064693662247399919e+00
1.073100558488186751e+00
1.061316412921590846e+00
1.020982543647306340e+00
9.433236973158716232e-01
8.190886806213892868e-01
6.464386169628540957e-01
4.652821142094312190e-01
4.170413003329288548e-01
4.402753298434381457e-01
4.431460572843925472e-01
4.406531622104887802e-01
