1.796677377940979881e+01
1.137607596236171403e+01
8.812805929195610233e+00
7.407514146673262800e+00
5.662095722137707732e+00
5.013316075982201525e+00
4.604502473755068159e+00
4.297881814300853698e+00
4.048321477341649377e+00
3.835518066653879288e+00
3.648236782288509783e+00
3.479646128599658272e+00
3.325358688465332335e+00
3.182469428959968205e+00
3.049034947802396367e+00
2.923769443609372853e+00
2.805852292106290946e+00
2.694794564647585489e+00
2.590338206803596055e+00
2.492375430054545760e+00
2.400882797141909109e+00
2.315867405724283845e+00
2.237323410100505505e+00
2.165197221816440365e+00
2.099359961460439461e+00
2.039586481833016052e+00
1.985541505472608659e+00
1.936774736376644546e+00
1.892727617433483056e+00
1.852754077262693588e+00
1.816155749943827002e+00
1.782228929448702814e+00
1.750316865767291397e+00
1.719858430716741715e+00
1.690424133391350781e+00
1.661733502237016324e+00
1.633653112611159308e+00
1.606180002629009174e+00
1.579418661166622773e+00
1.553559850983693202e+00
1.528866382058238660e+00
1.505666023180681101e+00
1.484347073307765941e+00
1.465349446648867016e+00
1.449144195379671762e+00
1.436196732562896372e+00
1.426912345249319758e+00
1.421565654759993746e+00
1.420218113970034945e+00
1.422630284268110223e+00
1.428180113348906710e+00
1.435805732152892533e+00
1.443999881549059117e+00
1.450887443781060160e+00
1.454409089681754308e+00
1.452606145227552492e+00
1.443958124407712873e+00
1.427683999532805226e+00
1.403908552126037934e+00
1.373632170785513473e+00
1.338513300529284855e+00
1.300539523884777005e+00
1.261689829863161361e+00
1.223669216229187340e+00
1.187749722899556160e+00
1.154710564602325684e+00
1.124852002435805964e+00
1.098060712095904501e+00
1.073914921963595059e+00
1.051822451052280671e+00
1.031179477418036727e+00
1.011527080161775505e+00
9.926755727745456559e-01
9.229474311863694602e-01
9.258757383175306721e-01
9.344711477615552653e-01
9.671246020557014988e-01
9.885738865451632051e-01
1.010043701384605752e+00
1.027443886529139538e+00
1.035319883665497320e+00
1.026917694882633514e+00
9.943517880741594706e-01
9.286459074358219823e-01
8.192816512587697275e-01
6.619425652782681135e-01
4.940013557121913923e-01
4.439141923760309694e-01
4.502633326736800723e-01
4.518879899831820257e-01
4.518828548294381853e-01
4.623837972847306688e-01
5.639611976109165425e+00
4.457763698223859983e-01
4.457845495467541719e-01
4.511809489976119081e-01
4.503494963589645961e-01
4.625886023556791682e-01
4.351272516897979337e+00
4.434655446859371297e-01
4.458120973572843315e-01
4.507823721446252430e-01
4.519660001803999516e-01
4.550546529587004008e-01
3.572305977377878694e+00
4.409153606961990768e-01
4.448395428308135058e-01
4.499841974175683434e-01
4.481756356227472038e-01
4.565308441153606567e-01
3.017454337796052322e+00
4.405302093135575747e-01
4.412683794079075850e-01
4.479160171259821133e-01
4.487263570199915286e-01
4.567764751771357101e-01
2.588031525897524610e+00
4.405875813325484947e-01
4.312027170918096286e-01
4.450587590545639904e-01
4.474482506144454308e-01
4.429493604453862421e-01
4.450141043370263172e-01
2.239165519991844544e+00
4.319862425192760313e-01
4.409647142611520798e-01
4.390518407823715830e-01
4.588880655116030494e-01
1.946909969239381422e+00
4.330948991560990557e-01
4.372993083563944672e-01
4.403939938104757257e-01
4.375274263492909266e-01
4.323019226818769489e-01
4.381380720047525212e-01
4.448679788710045990e-01
3.841219382346843236e-01
4.151620054190385267e-01
4.766127887508623262e-01
4.692615506639704059e-01
4.747983309409055663e-01
4.340147979380717391e-01
4.391706719551501936e-01
4.361953481723124804e-01
1.293030648633224367e+00
1.480906000987289417e+00
5.478897091906453909e-01
5.334665924601471598e-01
6.055286097234193754e-01
4.292181508539380519e-01
4.376150866717380961e-01
4.193728809781619438e-01
4.754603306999510282e-01
4.528382654883879588e-01
4.604474897484647777e-01
4.639198173995784935e-01
4.786829806818608812e-01
4.726660950786722437e-01
4.380191913175409124e-01
4.387423264101429354e-01
4.331060979273066436e-01
1.126871808872532688e+00
3.648403255561361025e-01
3.958592776817222436e-01
6.046303756182626055e-01
5.759957091182167366e-01
5.053743015781014813e-01
4.325694066616307953e-01
4.292082513745263950e-01
4.374150355933916767e-01
4.523443644406638930e-01
4.593879713379328544e-01
4.615728331549190933e-01
4.632887017699310328e-01
4.686878255925142622e-01
4.647863884917319277e-01
4.628646372532392861e-01
4.370455075999059580e-01
4.657861329991651034e-01
4.726638255391152899e-01
4.617240364681195475e-01
4.661482965641189913e-01
4.736720765341586592e-01
4.779840660121985052e-01
4.880752421513016581e-01
4.370755326487569259e-01
4.500297370514508288e-01
1.031565004702406974e+00
4.321272031378970424e-01
4.771723757840977131e-01
4.737866203734069082e-01
4.418167438980814543e-01
4.477678184909193448e-01
4.595543118519650472e-01
4.591639327131263326e-01
4.584319420074027818e-01
4.572601278126476876e-01
4.566565727867514246e-01
4.570603048306829952e-01
4.580438246745971442e-01
4.596574330569301869e-01
4.618081069184826193e-01
4.666500144938978134e-01
4.628143071097420291e-01
4.650018389401365249e-01
4.378512932160735782e-01
4.368677171801320092e-01
4.522994891457195465e-01
4.626317065315501131e-01
4.663332886800655719e-01
4.741972159935366471e-01
4.805239754929788720e-01
4.905765251326962284e-01
4.347932363064648809e-01
4.279774884041195882e-01
4.613790884055826713e-01
8.113654968940640089e-01
4.337255810202141348e-01
4.307875338005437982e-01
5.498137814133405854e-01
5.862991890308489884e-01
4.430852402398265943e-01
4.466910469557313634e-01
4.690034220560820311e-01
4.580218522658332514e-01
4.576200845182538113e-01
4.610005577862787973e-01
4.526568693565008461e-01
4.596350223898605369e-01
4.349627766605377310e-01
4.389971679697283746e-01
4.498848125936042996e-01
4.643704674004694444e-01
4.675638473220671831e-01
4.772861794416056735e-01
4.783332368818060676e-01
4.908181715371865428e-01
4.341051044430848105e-01
4.390164727624651930e-01
4.507078715312010653e-01
4.534659095862129674e-01
4.536883206323513718e-01
4.303204997948086863e-01
5.343663862297808320e-01
4.420221556879420644e-01
3.702113080946747292e-01
4.266165432780903433e-01
4.519175677352574860e-01
4.562548896057808667e-01
4.576124211672882858e-01
4.556865665644041496e-01
4.573024480548966708e-01
4.428217278883644914e-01
4.508306024186349847e-01
4.694765890213412618e-01
4.647161393074288882e-01
4.638406385482444216e-01
4.258449207827715299e-01
4.735647052165537496e-01
4.358680904294247593e-01
4.408312539657607831e-01
4.496596878754985371e-01
4.661403617114970865e-01
4.713305122172439243e-01
4.889479359962625726e-01
4.866393922515764303e-01
4.373015599884204074e-01
4.398250331837542659e-01
4.423383753787977768e-01
4.537076530056392554e-01
4.478736772538587929e-01
4.658411839481819694e-01
4.829361207329878614e-01
5.004436053990007904e-01
3.681642055190937901e-01
5.483845139228925580e-01
4.414759816279354432e-01
3.989352559785087071e-01
4.612324077743325534e-01
4.533509970803724642e-01
4.542289486678531274e-01
4.552155097002785200e-01
4.560437915190446723e-01
4.571198495418136720e-01
4.580324125716382921e-01
4.611797747874259445e-01
4.616237957752010179e-01
4.704752642990667200e-01
4.452560640803551184e-01
4.465761674818227167e-01
4.448141553397806924e-01
4.675281631542182459e-01
4.575606497508270532e-01
4.292511664962670448e-01
4.246825692196934399e-01
4.629332354131217575e-01
4.747910783016107139e-01
4.715842758980650085e-01
4.377307891117092620e-01
4.426530794915017331e-01
4.537397168318415552e-01
4.715104473514791783e-01
4.643567849285544780e-01
4.710397803162525432e-01
4.883236551300075834e-01
4.390836452139137425e-01
4.436006217386089800e-01
4.350944968413857916e-01
4.469220190798556258e-01
4.410207121905482808e-01
4.597395908400448983e-01
4.567947788137813880e-01
3.257369840037287467e-01
3.486763763399748917e-01
4.620952150203987974e-01
5.117605674754083234e-01
5.338843657388759878e-01
4.290214003143194010e-01
4.400044487228124135e-01
4.396438104012743153e-01
4.476998578361927050e-01
4.660495740338968518e-01
4.685203474041823024e-01
4.667667441688260754e-01
4.694240920208902490e-01
4.740227372016036500e-01
4.614649856793757721e-01
4.424717985597746983e-01
4.480425316798239965e-01
4.493772453858701499e-01
4.393289074659236793e-01
4.920081426426146098e-01
4.273900675527329551e-01
4.682664193877281722e-01
4.709166502019643263e-01
4.730054339630479499e-01
4.386144271050163579e-01
4.440083892409785182e-01
4.537303677760434195e-01
4.861928559051912346e-01
4.547929424992668279e-01
4.416274071128128420e-01
4.453406135582938519e-01
4.312200484924521016e-01
4.371974665299896423e-01
4.376051390024950360e-01
4.817304331588418420e-01
5.101848617766685523e-01
5.067814037618822987e-01
4.760609141221249785e-01
4.563619878527493956e-01
4.539308121841004739e-01
4.424050141872093445e-01
4.475362612368447013e-01
4.527824545338822171e-01
4.600973948987294726e-01
4.443693064847496488e-01
4.433880361477401388e-01
4.641404160468042273e-01
4.798925807374783692e-01
4.449780504296067529e-01
4.499648209691307632e-01
4.505110337582563518e-01
4.779715248248173065e-01
4.377929286556119792e-01
4.248182741959601882e-01
4.691257147726936028e-01
4.686970847374288263e-01
4.673721837394309575e-01
4.407129375795679760e-01
4.446003569581641890e-01
4.591630314228403731e-01
4.594550514698786392e-01
4.442103351329061423e-01
4.401147050073203615e-01
4.798894996016389580e-01
4.818631794941602431e-01
4.849508330423141778e-01
4.429152792926185356e-01
4.431411394178529362e-01
4.374681710211890118e-01
4.389908491242036637e-01
4.454800356242281656e-01
4.573860865678379684e-01
4.945243185146716014e-01
4.893154023284763121e-01
4.347780008880128833e-01
4.451722935012870086e-01
4.590370811597010436e-01
4.643840216583525748e-01
4.932869038073499079e-01
4.453441729271500060e-01
4.461387470635010954e-01
4.476508808453652510e-01
4.660266402535616637e-01
4.930822884351385160e-01
4.377294283883057524e-01
4.295185394398882694e-01
4.504370698142552421e-01
4.556675335285007011e-01
4.627518564466626683e-01
4.690400689515822896e-01
4.456726418173666548e-01
4.449294576452439975e-01
4.491717912827788428e-01
4.617536316765054050e-01
4.787194827984083134e-01
4.713028837340235699e-01
4.351441788295251634e-01
4.694799423509697922e-01
4.670856545713528707e-01
4.672609220984267897e-01
4.415915109189362808e-01
4.450021511427435517e-01
4.649212118360490642e-01
4.678936373349419364e-01
4.443170745041436498e-01
4.467131152762112145e-01
4.835326422370779254e-01
4.778134466723198415e-01
4.813609187678121182e-01
4.822407561564523437e-01
4.428775278313756836e-01
4.484158823961530427e-01
4.543002609169869421e-01
4.577840753454827105e-01
4.841270399752038434e-01
4.785239766161014652e-01
4.612157569763976617e-01
4.614094791025362685e-01
4.580719048334717103e-01
4.698140539820563344e-01
4.453765627798940141e-01
4.477350162728405136e-01
4.485887045023645991e-01
4.693561627418670890e-01
4.679980462973246658e-01
4.632685574767430037e-01
4.342434949103091690e-01
4.583293306417932644e-01
4.592378037288091241e-01
4.583635454530419762e-01
4.778756391854634966e-01
4.440601158208823396e-01
4.443042681377424863e-01
4.503049218242029528e-01
4.473846429489747867e-01
4.508776810686648817e-01
4.770122135449248457e-01
4.439940280465831113e-01
4.286312849357440391e-01
4.683462879314481686e-01
4.653458457806280979e-01
4.642692327073581482e-01
4.647152191571865543e-01
4.447507377657893834e-01
4.472750800181953257e-01
4.680735852510129469e-01
4.632899165106628692e-01
4.663615093941923528e-01
4.402348628600936675e-01
4.798740146463878475e-01
4.798113101422751825e-01
4.420532934934572888e-01
4.315501159975026479e-01
4.575595083702225230e-01
4.599181395979913267e-01
4.392461903245215571e-01
4.420406697041801558e-01
4.771531497160873547e-01
4.797967934502823106e-01
4.758621886953152136e-01
4.566782545920428649e-01
4.591069565202015590e-01
4.578976877638732401e-01
4.470817661608635918e-01
4.510755756827581897e-01
4.522125446716431796e-01
4.534735868936468628e-01
4.719948649555538722e-01
4.511249419468514876e-01
4.567383729962997685e-01
4.612069511149064494e-01
4.601047574425143893e-01
4.773431477492074415e-01
4.423195724286667629e-01
4.468856360937474848e-01
4.503517210440543539e-01
4.485954615382198307e-01
4.840893166675599435e-01
4.581541830640527002e-01
4.306331841465662058e-01
4.637814938517590413e-01
4.620419601278680233e-01
4.650608447938325285e-01
4.446427673776930933e-01
4.499483548879962269e-01
4.505221791244353180e-01
4.638390007435779783e-01
4.644477138770474745e-01
4.511112164890721532e-01
4.374903554660976024e-01
4.814604930670730032e-01
4.805980899426871567e-01
4.781952040323592112e-01
4.408673278887376146e-01
4.437224900131526706e-01
4.409845419181723791e-01
4.327228591801707269e-01
4.376338566958342668e-01
4.768434925098957722e-01
4.803153415147319860e-01
4.572516574802387157e-01
4.552382173448651370e-01
4.559334191191411478e-01
4.674114280277614775e-01
4.518377877132736531e-01
4.529803340455304528e-01
4.543313163184339865e-01
4.873724500334435383e-01
4.349967349755784474e-01
4.609379375431471026e-01
4.580564965831394608e-01
4.630298521111389509e-01
4.646310157969835708e-01
4.458742085430832947e-01
4.434746007908169085e-01
4.620381762299972106e-01
4.603302186250766148e-01
4.637909252630266210e-01
4.425935750373587441e-01
4.449220842528779363e-01
4.556174724660864150e-01
4.324828147357360209e-01
4.781262338369823839e-01
4.802640928728185710e-01
4.797205072043528862e-01
4.406059033675511216e-01
4.445326137064992134e-01
4.312122895868939487e-01
4.307737662293386616e-01
4.767969820696919547e-01
4.779976147753182136e-01
4.550205444757112749e-01
4.591913777191881652e-01
4.588218614361630476e-01
4.780081774008932416e-01
4.747534865846653740e-01
4.529162011779613306e-01
4.618651376115601725e-01
4.605532834870595948e-01
4.623094485268953724e-01
4.762990598395819286e-01
4.439053866656896274e-01
4.354744859330606510e-01
4.604885840429092658e-01
4.596459757904864940e-01
4.606853997361407549e-01
4.433689342778691089e-01
4.771433716553243332e-01
4.761821149064482950e-01
4.927332996518101749e-01
4.448590757312460009e-01
4.443267193868201126e-01
4.314497849393808537e-01
4.286518759532696454e-01
4.737560437195582619e-01
4.768376143895620145e-01
4.598689540193340308e-01
4.645025857290841498e-01
4.634445255805295649e-01
4.539272240719695595e-01
4.590375666259730036e-01
4.639424601129702452e-01
4.657045682856085222e-01
4.292161267439193462e-01
4.584742888855665721e-01
4.619075895376615337e-01
4.513827667165656310e-01
4.321554692407628684e-01
4.707370848757423398e-01
4.691615263690638304e-01
4.974331931596641110e-01
4.467987488467238255e-01
4.473218784839469997e-01
4.338680171524917362e-01
4.343216055633628003e-01
4.691400884205362831e-01
4.736387937362033784e-01
4.646486472933941125e-01
4.632728258160485613e-01
4.611946980671765006e-01
4.827417723103357150e-01
4.567111387156833069e-01
4.718411445534257953e-01
4.632388010175141901e-01
4.631866388983807425e-01
4.663295076334206812e-01
4.704691527730597844e-01
4.521467352346130175e-01
4.588161352682871286e-01
4.382594834950296891e-01
4.577295216151248680e-01
4.561017691865206780e-01
4.811479323421823384e-01
4.755003805724696275e-01
4.764449385435680084e-01
4.483312578116188107e-01
4.492062063299948615e-01
4.345701319329152157e-01
4.359109081526063578e-01
4.437630287982120558e-01
4.729695067145398002e-01
4.752047053851901071e-01
4.692512541558100936e-01
4.599867624008072142e-01
4.600799609996131800e-01
4.749922342071151160e-01
4.579443811618218452e-01
4.605607846767169611e-01
4.485893523767945923e-01
4.546709716464150675e-01
4.621073699312324146e-01
4.565663660794422318e-01
4.648127112976080944e-01
4.549490715361301230e-01
4.556056769064609213e-01
4.666675453011956409e-01
4.764998108959995760e-01
4.756872594768006279e-01
4.493150415168021827e-01
4.509372968383387192e-01
4.368714782058523705e-01
4.361259209474985798e-01
4.747457665963268347e-01
4.722300796878656781e-01
4.588966392632681246e-01
4.563476891439476879e-01
4.630500172256938329e-01
4.593754422187845687e-01
4.580820411055674946e-01
4.647425464817758201e-01
4.774995193379184544e-01
4.537379116480019237e-01
4.601109491608975088e-01
4.584493597597494863e-01
4.544526323490689079e-01
4.520123814756183966e-01
4.588807500523226501e-01
4.782440246254459626e-01
4.703136596487113574e-01
4.789108765688779856e-01
4.504795451680722596e-01
4.512481412397106872e-01
4.350983786651910212e-01
4.383694152659872167e-01
4.697405198596581455e-01
4.708360312031859007e-01
4.579931948150046117e-01
4.640953386101807632e-01
4.220623365886372880e-01
4.586737866968150223e-01
4.607925481778433752e-01
4.513840772201919704e-01
4.597269830306748295e-01
4.585276949464494600e-01
4.559124233852521191e-01
4.546541151481853227e-01
4.459202171362467992e-01
4.564337821217459013e-01
4.444945912017503331e-01
4.624406988868725588e-01
4.576864222004922156e-01
4.598634311973356370e-01
4.568111168915980902e-01
4.554844586682858520e-01
4.515937968079843934e-01
4.518562143320329350e-01
4.359438678167643078e-01
4.388026010679863531e-01
4.661796461560283600e-01
4.689810514331315128e-01
4.435702244565863928e-01
4.570295639815555866e-01
4.588514688039669331e-01
4.608139516921941903e-01
4.660659605707679343e-01
4.529067701565785975e-01
4.572601416784528028e-01
4.605738373075908831e-01
4.545981640875118579e-01
4.536541694946593650e-01
4.507457774355002611e-01
4.500611875907884474e-01
4.463391798946209632e-01
4.504621434655880496e-01
4.530678224279584554e-01
4.586038186384471804e-01
4.580738789654272280e-01
4.571898983889910451e-01
4.520814492614043112e-01
4.522932571600551399e-01
4.395926657858073017e-01
4.409208783599440906e-01
4.479830752854042086e-01
4.664874996913208616e-01
4.702038838651318442e-01
4.677473969198933657e-01
4.376665013443954422e-01
4.448786225397519112e-01
4.790398070272440800e-01
4.583369735120940702e-01
4.808389684170439882e-01
4.590943136617163800e-01
4.603897544898709060e-01
4.550341253791302387e-01
4.536305662625953472e-01
4.569384578972445210e-01
4.519296285109321576e-01
4.391770040933400954e-01
4.594150794036093166e-01
4.593802299559453517e-01
4.628360939908248706e-01
4.575286958975717244e-01
4.524107960304131759e-01
4.534824038400852020e-01
4.561121217742229450e-01
4.517971712444466270e-01
4.498191573755059292e-01
4.557403676648500990e-01
4.589781814289880524e-01
4.553685050385042898e-01
4.526980886127549009e-01
4.537414984830090980e-01
4.553746562461696845e-01
4.645613894999052751e-01
4.737932758522958587e-01
4.704234347730798516e-01
4.523968160830630358e-01
4.537229817641655338e-01
4.413633357023105108e-01
4.455589199324446747e-01
4.667511507760869205e-01
4.718000406248472611e-01
4.514271754109309698e-01
4.363780403346325110e-01
4.739765097761555745e-01
4.694560713129047880e-01
4.539974760842154233e-01
4.491713184512532986e-01
4.600365363392221463e-01
4.572870985361257024e-01
4.556057759691182207e-01
4.734933246016210795e-01
4.563074499373711013e-01
4.535785684049982724e-01
4.564782667056916932e-01
4.552114356193882050e-01
4.397834360439204504e-01
4.444232102964140174e-01
4.530054647846796789e-01
4.620723078772847048e-01
4.625100699358808964e-01
4.522851249761051240e-01
4.524845533665676212e-01
4.536599896248935115e-01
4.541827985767236120e-01
4.496952513746806934e-01
4.544017198864794826e-01
4.586113438105798856e-01
4.576992811586973464e-01
4.539207014116088401e-01
4.539559839584164092e-01
4.474279215928547715e-01
4.612298665929827068e-01
4.705351020122957584e-01
4.794403692399659134e-01
4.519527977878786684e-01
4.552340097647471495e-01
4.391353091065963166e-01
4.423004748884817317e-01
4.633787205927550890e-01
4.691848875301320443e-01
4.392481856310474497e-01
4.410495233288067585e-01
4.690141772489325733e-01
4.687988307345050676e-01
4.512996592244102878e-01
4.514733809707416889e-01
4.546584848654766087e-01
4.545545055322727790e-01
4.553010013925431476e-01
4.715212602712040568e-01
4.587530182790873212e-01
4.537351925785239048e-01
4.556856948803979512e-01
4.565284189588549313e-01
4.480259067354973035e-01
4.461050669774856425e-01
4.578556499014065917e-01
4.648559899165356502e-01
4.508423275577534972e-01
4.550700413312832593e-01
4.504731505594373742e-01
4.523669030080553766e-01
4.556912020747660441e-01
4.592792483638813983e-01
4.507279753980586445e-01
4.549522851408240864e-01
4.510164194735404863e-01
4.592661203489541988e-01
4.708571702165815220e-01
4.752239069807259741e-01
4.519119281535067811e-01
4.561745561843574825e-01
4.366749568702809614e-01
4.405338972860512459e-01
4.598296045099987128e-01
4.658580847898029509e-01
4.419157845944358121e-01
4.740877387458532488e-01
4.501981975829572602e-01
4.548802541831458712e-01
4.555089374577947492e-01
4.569118692086113209e-01
4.600618323113865871e-01
4.566193489840271180e-01
4.568588687689371652e-01
4.554979028750407166e-01
4.563593544453796169e-01
4.470979958656133291e-01
4.409772086624181853e-01
4.556099843039187469e-01
4.608120516831220037e-01
4.592248484372023487e-01
4.559787460481011245e-01
4.503114209324857731e-01
4.532493043345834360e-01
4.548083949555811190e-01
4.518274407156296357e-01
4.485573502623940723e-01
4.547716489274573060e-01
4.581846666687143799e-01
4.541519478029156787e-01
4.557510618052559859e-01
4.555533858873572761e-01
4.733165755369249106e-01
4.727327830073668746e-01
4.506628000081335794e-01
4.560395703132769651e-01
4.435665885754923599e-01
4.451533001002444534e-01
4.502473896374081241e-01
4.611161507780260904e-01
4.628908250090488785e-01
4.630930294698628047e-01
4.489925199219870766e-01
4.405033939453785741e-01
4.674538673854287119e-01
4.701008128769637584e-01
4.504468466226508871e-01
4.516053815661342785e-01
4.535541050953344477e-01
4.579355069983359616e-01
4.549392246132665796e-01
4.499478043347620027e-01
4.615038909819038082e-01
4.571872347647447099e-01
4.494922219348386205e-01
4.469472175990623630e-01
4.503375885287721481e-01
4.559578669703213682e-01
4.658750029228435618e-01
4.521291265170297446e-01
4.505236302922042690e-01
4.572751523844161281e-01
4.545075797969357345e-01
4.531514324968148877e-01
4.508076959632992264e-01
4.567065307854146217e-01
4.567264010077818903e-01
4.592151670531474661e-01
4.538320530994623958e-01
4.570089202777431470e-01
4.565555357284374893e-01
4.718572223401013566e-01
4.663723046948457518e-01
4.684177337467873015e-01
4.529666612707530793e-01
4.561790989126440210e-01
4.479186780871537987e-01
4.505776435283486703e-01
4.622752274160851771e-01
4.668842412343622850e-01
4.401275050555503721e-01
4.388552968650631936e-01
4.757107995001256806e-01
4.700954154447973821e-01
4.508643850099659511e-01
4.520963206006268775e-01
4.586687420608570043e-01
4.560137245793522420e-01
4.551691570889772054e-01
4.554347697617372459e-01
4.552767742219883118e-01
4.491228662029745355e-01
4.513338706228238739e-01
4.564033674551279951e-01
4.569242402591390806e-01
4.472220708473967909e-01
4.511177353760587039e-01
4.594219308254531287e-01
4.541136153200468484e-01
4.519083771916777015e-01
4.523812939071135686e-01
4.531236592396388763e-01
4.574863936750800386e-01
4.582569337046839553e-01
4.494605020470086032e-01
4.559967722050533023e-01
4.554867996392620855e-01
4.569328373944985811e-01
4.638303243302294709e-01
4.658163491207321649e-01
4.551310151506264834e-01
4.447660233818835906e-01
4.484893818524406384e-01
4.560629418764802767e-01
4.553718972450167546e-01
4.773613916840141469e-01
4.349775538928839502e-01
4.396385547560224261e-01
4.753761995098053084e-01
4.652171794897281831e-01
4.514730135620259044e-01
4.516985275254197796e-01
4.532377047438929107e-01
4.620643196651448292e-01
4.537376956212179624e-01
4.453346484230246149e-01
4.488513887904510558e-01
4.568818382472827899e-01
4.540068233944204446e-01
4.677164159111628638e-01
4.457555287702023583e-01
4.598371000493094995e-01
4.596078182687688973e-01
4.548877193639133676e-01
4.527147722010566033e-01
4.531531328147115345e-01
4.559812634609944904e-01
4.570002150650748773e-01
4.482737297725819525e-01
4.552560507478228824e-01
4.565996500912470335e-01
4.555621397095966918e-01
4.632628318731123462e-01
4.643629450639936151e-01
1.162114174541194034e+00
4.452047169688665984e-01
4.443360235431332295e-01
4.571821000411682157e-01
4.429656159086901579e-01
4.716356923336036955e-01
4.696470085381226345e-01
4.519533429676825254e-01
4.525725266735877717e-01
4.563389857728987198e-01
4.461490306724403276e-01
4.441915907743074210e-01
4.532881221835714514e-01
4.528380632086348445e-01
4.547704902481877753e-01
4.514176560963251705e-01
4.544883344298865646e-01
4.574057383274663935e-01
4.520625819527376854e-01
4.471588465246337796e-01
4.577555147692382587e-01
4.572167441868443261e-01
4.550794631130887224e-01
4.633382914920723961e-01
4.645999446200535510e-01
5.599876201649010454e+00
4.445287672950047342e-01
4.435705215871437734e-01
4.604028179056813275e-01
4.524287650446865428e-01
4.507491905901308549e-01
4.610669914161986682e-01
4.556068388947502323e-01
4.462837365591426075e-01
4.427659500990094865e-01
4.639723101656272330e-01
4.582460202551452699e-01
4.527655360399141515e-01
4.500319549998634261e-01
4.587616238305259886e-01
4.542020331853147685e-01
4.512862861767924505e-01
4.642081640239766327e-01
4.638780444796985480e-01
1.727408377131552086e+01
4.473427397154121632e-01
4.426587738580785025e-01
5.022927528339582448e-01
4.641489072612436373e-01
4.551186152416211717e-01
4.453965081773416657e-01
4.619737806998477359e-01
4.539868481057490746e-01
4.441971205666546685e-01
4.427920300322101821e-01
4.533341599279733236e-01
4.739212106384028678e-01
4.539572021088848497e-01
4.553311501467925959e-01
4.699664298253916628e-01
4.535361739910317991e-01
4.671199905690843202e-01
4.538477631832287251e-01
2.765279976483851243e+01
4.577487625610761057e-01
3.919601230788255508e-01
4.684637040757707593e-01
4.696749787506023233e-01
4.516943052445576701e-01
4.562665204509843697e-01
4.488788624763198065e-01
4.429241593368355434e-01
4.631697462892785389e-01
4.472681289459555787e-01
4.507744017783810730e-01
4.566710290299511033e-01
4.728108663126746047e-01
4.548835196367222999e-01
3.151639818273074667e+01
4.498073458718380158e-01
4.338678872497359063e-01
4.592661955322883682e-01
4.712289327359069913e-01
4.472425146519061201e-01
4.539698460976669403e-01
4.483501870554226776e-01
4.425058730563489195e-01
4.719270986830235159e-01
4.471390204738968643e-01
4.551507612617295417e-01
4.536152176506140776e-01
4.725974015810370799e-01
4.536371713544931072e-01
2.765337024761227980e+01
4.373812090630682103e-01
4.338582494049531557e-01
4.962026960201079695e-01
4.551837069808689074e-01
4.569319712904465480e-01
4.525026812402315191e-01
4.619356551552247780e-01
4.555554036569010590e-01
4.439931770694773294e-01
4.425271069922991907e-01
4.520025282385073395e-01
4.584424862716796611e-01
4.537906808592790942e-01
4.498253926288250382e-01
4.700540422343418290e-01
4.513724772413377773e-01
4.668995400422143449e-01
4.636819758065883201e-01
1.727457083476539879e+01
4.355222435340341258e-01
4.356761987240296841e-01
4.671952674326253496e-01
4.541258777700450944e-01
4.542749266338068637e-01
4.607916961671133516e-01
4.560202811361894759e-01
4.462022146982820847e-01
4.441556023423147148e-01
4.649785379928261797e-01
4.555478840301910304e-01
4.526119278945889279e-01
4.543849403183856661e-01
4.589946789884342682e-01
4.522538309225004327e-01
4.541777043909627221e-01
4.574629204388694914e-01
4.552167986515271991e-01
4.640545142283382107e-01
4.644497678999319201e-01
5.600018224200170813e+00
4.367242707244761712e-01
4.400963015620412144e-01
4.628392421997846173e-01
4.822160065440908583e-01
4.485920370012417280e-01
4.454269430999787671e-01
4.734858280654927754e-01
4.639759742490311423e-01
4.536464703657426822e-01
4.549151345478609221e-01
4.533756659746779882e-01
4.461387748363727646e-01
4.488142123455272636e-01
4.534330745198152934e-01
4.678850259604037665e-01
4.529549511059660638e-01
4.598499604966420073e-01
4.553899891495810648e-01
4.513183141301393975e-01
4.531091886706022920e-01
4.577255426803981120e-01
4.572805094472133236e-01
4.469050070717071610e-01
4.547745980488214768e-01
4.575154670512548982e-01
4.556757365535016868e-01
4.632045605584440562e-01
4.642370212548211361e-01
1.162098629203872413e+00
4.370526583719034353e-01
4.434642206117407892e-01
4.631325645393218893e-01
4.758573379181968988e-01
4.609041946645044963e-01
4.399143106503536904e-01
4.425030670865028881e-01
4.745495548808251196e-01
4.702482524130802144e-01
4.529073621794436622e-01
4.534321776904556844e-01
4.533675469859079210e-01
4.617437680677080047e-01
4.549309849207776590e-01
4.453854588253526869e-01
4.514246275519057661e-01
4.568436020041836687e-01
4.568644029176630039e-01
4.541197871301467237e-01
4.456929511459727933e-01
4.508465273865879253e-01
4.600167740180658993e-01
4.545346846880070069e-01
4.526894898032001180e-01
4.531641256576160459e-01
4.562485651744903614e-01
4.585009441384123030e-01
4.477757474843265251e-01
4.556228229355093196e-01
4.568510831728642141e-01
4.570235041927446784e-01
4.631425186467037491e-01
4.657099291752015424e-01
4.552904241816544406e-01
4.413785597213717993e-01
4.451092028001852885e-01
4.700184547470659391e-01
4.712538920389924280e-01
4.428426685839429999e-01
4.424882756174466358e-01
4.772400839856698052e-01
4.720325709551588811e-01
4.520813432301581392e-01
4.547580862440003258e-01
4.579706850015479724e-01
4.543105879330806562e-01
4.553839895460811138e-01
4.550041754599430943e-01
4.606684543254970787e-01
4.551650897273075702e-01
4.569101305053543949e-01
4.491928758577033443e-01
4.503847080706255834e-01
4.563305697842992559e-01
4.657841431825225920e-01
4.469176553768115512e-01
4.502282298916196468e-01
4.598789310091146443e-01
4.548859153295150004e-01
4.519399496868877764e-01
4.508140726635129769e-01
4.523686948779018224e-01
4.576958481443335058e-01
4.593572395404632580e-01
4.490021234650484749e-01
4.566583610699195273e-01
4.554942184566630470e-01
4.564968906047890962e-01
4.637306467674552346e-01
4.683444763679398548e-01
4.563884828277490757e-01
4.415903830109811912e-01
4.386433288563920119e-01
4.404708662368054251e-01
4.668614469867620742e-01
4.718839130379535729e-01
4.710225224662912824e-01
4.499102303695199367e-01
4.425000344215186399e-01
4.715121904806950370e-01
4.783473091323227622e-01
4.515565904503667238e-01
4.561489100773644667e-01
4.527402537298734209e-01
4.572429352531940938e-01
4.593151959907776360e-01
4.490140919246404794e-01
4.559698826114640946e-01
4.559558656432462498e-01
4.495168711899271141e-01
4.409266420786419061e-01
4.469732918127760635e-01
4.558283450014705140e-01
4.590816550087017389e-01
4.518714796287339741e-01
4.500956528285749991e-01
4.576375619888953250e-01
4.551586922932695511e-01
4.532116404485373451e-01
4.486686897833864762e-01
4.568246367499344540e-01
4.583334627662513094e-01
4.568919210280347198e-01
4.535259254900503301e-01
4.539110876831002339e-01
4.551817211120337547e-01
4.718154838812980700e-01
4.726895574385567844e-01
4.663057516909654421e-01
4.531366471494397419e-01
4.561495345564919868e-01
4.364697995465131042e-01
4.425319591259053720e-01
4.643280472667768999e-01
4.731623937295907911e-01
4.393669931987325139e-01
4.741580976207022124e-01
4.511425152391194127e-01
4.554563312071005510e-01
4.546119591588211883e-01
4.706359119281849912e-01
4.560197131544118654e-01
4.558311276467442719e-01
4.530590996178331942e-01
4.550890090203805194e-01
4.561406385131326902e-01
4.470498626380669527e-01
4.460661858739684571e-01
4.553831600181673656e-01
4.646147325723089527e-01
4.606630426349533347e-01
4.558134704419416483e-01
4.506809626737025565e-01
4.535482426495887065e-01
4.553573499989083118e-01
4.519619898423231641e-01
4.525515537446660463e-01
4.548814065200373902e-01
4.593932524749770319e-01
4.550088402621185746e-01
4.553442776863092512e-01
4.587766984665560543e-01
4.732787655852423447e-01
4.751981891413399328e-01
4.507664116796324394e-01
4.562836373536509615e-01
4.404729461868829299e-01
4.478981717606111967e-01
4.662050139348080102e-01
4.736631297800286688e-01
4.376242156896561486e-01
4.333962106555554472e-01
4.744649472249511390e-01
4.753107347227484847e-01
4.518975990072976456e-01
4.605869603104053023e-01
4.522788117810214170e-01
4.535830244249606791e-01
4.725459160295339966e-01
4.542535257500411872e-01
4.580825895391827385e-01
4.529801804276189503e-01
4.553181318043758585e-01
4.548309811906259825e-01
4.479049506276515102e-01
4.528350440763295737e-01
4.576400308850098186e-01
4.623199026005163637e-01
4.523695916668031836e-01
4.544177393208822524e-01
4.506977549938471217e-01
4.546927027135012622e-01
4.557410775128077352e-01
4.577196519373455952e-01
4.507900128838236431e-01
4.541733413372653905e-01
4.505198379332938097e-01
4.607257451374659474e-01
4.708448871283720250e-01
4.794202768632562228e-01
4.520372496348753488e-01
4.553512301193362588e-01
4.445004856109935898e-01
4.527285721528376827e-01
4.680034961269402549e-01
4.674419576298430301e-01
4.471120437265173053e-01
4.390653268046239011e-01
4.800526455109057622e-01
4.618869871501167235e-01
4.546562022398160097e-01
4.830181456256463224e-01
4.493719187014721395e-01
4.565154890188811154e-01
4.595945009695588390e-01
4.546622949946944603e-01
4.558101769020607708e-01
4.545111534934764275e-01
4.553211046467801615e-01
4.563896234072714608e-01
4.397722786813439977e-01
4.595054075373395386e-01
4.443150164789315681e-01
4.618236565231716995e-01
4.572124561917421115e-01
4.521604243826940484e-01
4.534053723803458946e-01
4.538841572842668426e-01
4.519605194848143603e-01
4.499988741409876036e-01
4.561748123997221849e-01
4.585914828793317688e-01
4.552818128073257142e-01
4.541845277365428313e-01
4.540767793080262016e-01
4.469518587573657609e-01
4.639951829833833807e-01
4.705440805065954080e-01
4.704147569357363667e-01
4.520856008937443327e-01
4.538351428936984733e-01
4.454849874605386062e-01
4.450370765058345168e-01
4.456034127815666768e-01
4.634661071309960079e-01
4.656636066328903589e-01
4.696226985953915745e-01
4.314244655268062445e-01
4.373190201526484522e-01
4.822641902885341780e-01
4.583870840114676048e-01
4.601854162270866411e-01
4.524947120609794093e-01
4.530692518968931770e-01
4.517454989145300304e-01
4.392449577761917690e-01
4.593253464952678500e-01
4.605464066629339492e-01
4.626266445970531049e-01
4.523611930098897504e-01
4.536609921760053621e-01
4.562488203642348084e-01
4.501615022950233858e-01
4.501993831963391202e-01
4.534673273316912612e-01
4.588867394579955739e-01
4.578833964754875918e-01
4.529510675683556808e-01
4.575936348649536356e-01
4.551304281385941120e-01
4.737505551926821656e-01
4.524708820596520797e-01
4.524127713693247843e-01
4.439034108212767116e-01
4.467661740310055474e-01
4.607918546427058892e-01
4.649771226294953652e-01
4.186755008587158544e-01
4.568398749923479052e-01
4.606475539650429218e-01
4.582513001007902376e-01
4.657295044393046646e-01
4.509817592535642072e-01
4.592122744093624087e-01
4.585943460806373717e-01
4.546398264387590538e-01
4.547258073414550128e-01
4.508385578111661629e-01
4.565165528110191051e-01
4.467483792847369295e-01
4.629432530435647619e-01
4.508684611507796647e-01
4.584214024650534736e-01
4.565739221597364672e-01
4.556639802378759097e-01
4.521721138604640755e-01
4.519116950217761386e-01
4.447749211213010700e-01
4.466332688350185820e-01
4.631167222872302758e-01
4.647833443736502645e-01
4.562691017817245287e-01
4.603679497125908182e-01
4.615681462960168346e-01
4.586040536899540498e-01
4.647097258370186945e-01
4.528535703666957679e-01
4.597007896661817195e-01
4.584731838486048039e-01
4.560713354847169554e-01
4.546340059225701391e-01
4.460122838604770323e-01
4.446590911003184821e-01
4.574307214396253762e-01
4.586251657042701435e-01
4.596095334110067432e-01
4.789521880376050311e-01
4.516513858224184830e-01
4.512991094941281034e-01
4.485532128961542409e-01
4.579024624104347518e-01
4.669227589962856029e-01
4.606879217240603119e-01
4.547628821417740719e-01
4.707983451409451514e-01
4.527527160632875414e-01
4.597232337402575864e-01
4.608954068596546882e-01
4.583122295185487749e-01
4.768303110073318085e-01
4.545397867121586111e-01
4.599318839804976689e-01
4.562916269183457940e-01
4.549541862391847102e-01
4.517337909686599540e-01
4.664171123549568088e-01
4.782518264588449530e-01
4.756153072048557862e-01
4.703508304700959042e-01
4.505150246227117017e-01
4.509680386672925145e-01
4.501884388598896836e-01
4.491215371771046239e-01
4.617347290380579561e-01
4.618566249950832314e-01
4.653366568533491288e-01
4.536207545140926722e-01
4.750412570438356519e-01
4.554591949523350558e-01
4.572179239704147746e-01
4.705823141950816191e-01
4.489559112226536031e-01
4.711461609974682552e-01
4.618606923934066577e-01
4.517188676753329801e-01
4.646559603560443397e-01
4.576115421313337039e-01
4.553668680964368387e-01
4.560426478808109474e-01
4.764714595630415439e-01
4.764454418080742992e-01
4.493331355251585224e-01
4.492227462438705965e-01
4.514629205138760981e-01
4.456676884631584623e-01
4.484273457831367549e-01
4.538537305906388819e-01
4.607310571753158723e-01
4.578749497229588905e-01
4.560769141286790673e-01
4.565352926886766527e-01
4.534986787069427705e-01
4.562958371099892774e-01
4.560123559608707522e-01
4.637146195073827970e-01
4.660201917165538998e-01
4.636237803978762728e-01
4.666808439732268443e-01
4.285460540511231708e-01
4.583121485423718444e-01
4.614633348806436164e-01
4.381344472645997690e-01
4.325250672626478332e-01
4.811481618003275451e-01
4.974452416437470936e-01
4.754895349512743286e-01
4.483421817711356061e-01
4.473270350654667271e-01
4.502496971147899596e-01
4.506910151770639472e-01
4.578889553877874552e-01
4.617891547867813418e-01
4.576149826848809332e-01
4.779194410153948525e-01
4.583865675649970717e-01
4.458468598599251154e-01
4.596459432438492754e-01
4.765363576139642898e-01
4.642579446333072735e-01
4.340614281503969440e-01
4.581364205286533320e-01
4.604583933746523305e-01
4.519538746634692572e-01
4.440473315667466947e-01
4.707697590252137854e-01
4.927337602530131311e-01
4.691739911702208499e-01
4.468022987559942538e-01
4.443309034685329895e-01
4.507542494533446908e-01
4.598121190044858753e-01
4.605661294749318069e-01
4.633782533271602055e-01
4.550562438376506424e-01
4.694625197350126289e-01
4.581607192937744433e-01
4.587127688915368373e-01
4.747146753867199642e-01
4.613358899999789320e-01
4.852066657327208099e-01
4.501302138034593558e-01
4.616603418779881562e-01
4.642350218446035237e-01
4.605078233581679226e-01
4.624935465128080514e-01
4.423606333902381782e-01
4.419982614573241264e-01
4.603626681253537578e-01
4.636262185430465310e-01
4.594560470295387389e-01
4.329846279226364225e-01
4.771812724512096149e-01
4.796970891433258721e-01
4.762044721424049110e-01
4.448638625578278383e-01
4.445364268422760112e-01
4.551993662810639996e-01
4.475712260052608360e-01
4.591508206656046975e-01
4.589999676037656018e-01
4.580115925441863300e-01
4.583647320602788344e-01
4.571194609352554616e-01
4.587870194646417321e-01
4.542895187608095298e-01
4.560268859707743427e-01
4.553714351107950309e-01
4.700344558553266050e-01
4.293097747771999484e-01
4.472276217765461803e-01
4.576821190526086935e-01
4.771456122587634519e-01
4.626017015521676212e-01
4.454372528819845467e-01
4.474309893924185988e-01
4.580178492376412724e-01
4.298319418140410519e-01
4.620046754957419233e-01
4.649497333699958435e-01
4.602152012641000933e-01
4.430011160580688556e-01
4.644927838488124849e-01
4.449463568120560208e-01
4.553052927452762022e-01
4.642269102459553043e-01
4.376445189026801907e-01
4.781445353009048937e-01
4.781867816297379337e-01
4.802793616345301664e-01
4.406151498837431180e-01
4.409805028074621491e-01
4.277850432525079349e-01
4.214137457139159881e-01
4.435319917315413418e-01
4.521012758725382330e-01
4.519664472343803974e-01
4.614257091702372304e-01
4.576153377835818215e-01
4.706007768656564338e-01
4.592395704446896598e-01
4.496569650198506407e-01
4.724970922578284882e-01
4.536877527390568154e-01
4.547521750263648910e-01
4.628670539128835193e-01
4.347576977808000898e-01
4.554292152713472208e-01
4.766194199789108854e-01
4.602083955304530627e-01
4.596992225817539968e-01
4.419235488873232143e-01
4.499711604429389444e-01
4.458083373876325917e-01
4.490070200444546966e-01
4.841745993863867392e-01
4.771446168569860591e-01
4.287589601327070343e-01
4.638208558053953379e-01
4.646976632536163887e-01
4.620064660702969395e-01
4.449443765415890817e-01
4.684023807622025859e-01
4.505054263584416518e-01
4.512527711681775244e-01
4.663907903851572390e-01
4.511639386818112052e-01
4.401081918488233824e-01
4.814556934378389497e-01
4.798292396772971258e-01
4.806093226540387175e-01
4.408441795914065375e-01
4.575375371726871365e-01
4.437134198700814491e-01
4.261960899888771470e-01
4.466504745178224711e-01
4.518694163049095103e-01
4.510764857965495200e-01
4.470995380290750942e-01
4.792271209188139758e-01
4.559904534342539284e-01
4.583220473787797400e-01
4.500407087323120003e-01
4.717521586791808552e-01
4.518372701348028486e-01
4.522444998776685154e-01
4.750506369487105807e-01
4.936534310696823469e-01
4.320822712045080394e-01
4.567540759302686770e-01
4.677643102731197655e-01
4.578151403536625530e-01
4.573719565139678922e-01
4.433293409569606380e-01
4.608157437087992414e-01
4.435203971403298695e-01
4.485959330621929753e-01
4.462124280402819942e-01
4.707537618313462069e-01
4.445204528217251982e-01
4.353891783298777240e-01
4.683807479728457346e-01
4.672648865903368254e-01
4.654262781170461216e-01
4.643096377986160039e-01
4.449453814392483331e-01
4.651569365407728363e-01
4.475610663386110910e-01
4.634687093719275786e-01
4.681968874574924944e-01
4.462026562236964811e-01
4.798626734246337344e-01
4.823101050661446343e-01
4.420336953757821319e-01
4.484035993330138803e-01
4.315435518118599934e-01
4.551308404937889351e-01
4.527996305861465842e-01
4.449990805861687160e-01
4.394139170992291676e-01
4.500847068069589452e-01
4.752179569854056429e-01
4.876577813225106972e-01
4.682532765817532527e-01
4.576792546202310685e-01
4.505115760792974267e-01
4.531603305037428253e-01
4.603323847201181152e-01
4.522851070418817399e-01
4.529807891748301452e-01
4.554770270418976863e-01
4.402495000149420079e-01
4.460524155755370423e-01
4.478785878105433493e-01
4.780852093996080798e-01
4.537125298454198208e-01
4.620336358346713856e-01
4.451926796996845126e-01
4.500431647083946163e-01
4.442733088591208079e-01
4.477785961784768731e-01
4.778149921199959516e-01
4.772300453009275523e-01
4.240156543963459757e-01
4.696306249860810467e-01
4.675277355956227177e-01
4.672742803713054172e-01
4.417542759129635122e-01
4.593788341244240958e-01
4.452196360194647373e-01
4.603014898493102969e-01
4.437046038951890092e-01
4.395434176460320530e-01
4.836017410725791388e-01
4.849813091683564115e-01
4.778327141879432638e-01
4.813424732344180890e-01
4.428603585407057119e-01
4.374559833377758555e-01
4.488074370727102580e-01
4.681699446429632983e-01
5.625322915406198998e-01
5.677714380337911537e-01
4.497289110988912375e-01
3.958034040267360831e-01
3.974237370018004478e-01
3.914939763537504946e-01
4.341121082842841483e-01
4.679228719866122543e-01
4.559637327838163556e-01
4.676614078361986948e-01
4.577774754312395333e-01
4.611262478454193903e-01
4.450320079746964974e-01
4.628936823807958123e-01
4.448703035100802228e-01
4.393654438751409819e-01
4.492725897194670415e-01
4.912023212005689476e-01
4.378668254431901108e-01
4.283920948300355414e-01
4.693864013730684182e-01
4.733359317533262223e-01
4.690011021280936498e-01
4.407907392846164840e-01
4.539030720830805610e-01
4.447177861808935262e-01
4.559502030131128425e-01
4.439126424948174332e-01
4.798247705450557898e-01
4.818822456177662139e-01
4.428993914425429224e-01
4.312008269086307077e-01
4.431269426341966078e-01
4.479653340990375487e-01
4.656062593791777671e-01
4.476746036416384134e-01
4.855292564598883698e-01
4.531350215672506621e-01
5.654306255205656662e-01
5.347218382753897714e-01
4.490206192719145561e-01
4.397330983510733815e-01
4.549592959875752851e-01
4.639573482407824412e-01
4.623923487023319789e-01
4.658947300892609111e-01
4.711662035055270703e-01
4.675227901026355881e-01
4.667132358522688151e-01
4.696959402552373652e-01
4.732716167191061141e-01
4.428018762125376928e-01
4.678770981362042058e-01
4.481029652424076137e-01
4.493755019274277562e-01
4.559029864434700485e-01
4.253958669101443602e-01
4.684212808096175351e-01
4.717405973778329709e-01
4.712241668525029570e-01
4.386148001891545523e-01
4.538921187512929278e-01
4.440572154207422795e-01
4.872281987265717484e-01
4.887431834158029731e-01
4.416068436413547182e-01
4.350795540331578448e-01
4.453098479232635021e-01
4.501665771342176492e-01
4.492378391527204751e-01
4.470406219561768313e-01
4.271218670747763957e-01
5.141574428500377270e-01
3.915919338925355486e-01
3.912407613716290533e-01
4.359661983161767784e-01
4.314718844131001929e-01
4.451959919218116957e-01
4.603654533365401091e-01
4.361326382150627068e-01
4.403496281344106977e-01
4.513199668462167247e-01
4.587722242692700014e-01
4.614106962227116360e-01
4.641372842717821912e-01
4.634989983420520487e-01
4.464548539665036953e-01
4.713224365297345453e-01
4.471566682638938861e-01
4.452160654442826049e-01
4.631450141447191471e-01
4.309068211609367038e-01
4.272569155524207352e-01
4.642334294059052291e-01
4.752677283897356331e-01
4.751714524001065532e-01
4.376561911924259363e-01
4.496781363541911269e-01
4.426276268199254571e-01
4.714546781453087254e-01
4.865728819511745407e-01
4.643530454378966277e-01
4.713309888231729250e-01
4.390571495800060231e-01
4.423307511714417162e-01
4.435607511699649064e-01
4.490507577638026548e-01
8.072458947352626479e-01
4.355362525842711996e-01
4.411286772111365218e-01
3.559741234291273759e-01
3.953044573787082849e-01
4.102991778633467423e-01
4.936052483354158582e-01
4.443414648980495985e-01
4.466772671619469448e-01
4.615065067388156028e-01
4.701502108354722598e-01
4.629505328230668626e-01
4.428759741702383290e-01
4.686149171283140458e-01
4.525715997306900551e-01
4.589225892840350096e-01
4.655533879442506628e-01
4.357299317172095288e-01
4.500245399429742554e-01
4.407158155323085968e-01
4.663151195042465336e-01
4.909333450834525436e-01
4.714192559841716701e-01
4.889757720312107314e-01
4.372742014357917650e-01
4.507358816040937799e-01
4.397849369158779442e-01
1.028012100006781226e+00
4.386205108188124258e-01
4.432459588923517990e-01
4.511389108712295926e-01
4.462988122353756526e-01
4.581182317788493052e-01
4.650081550619084569e-01
4.578687990884685588e-01
4.612674510272298800e-01
4.525814468259389267e-01
4.346163597785251964e-01
4.521346450909357051e-01
4.387743403459523073e-01
4.646633176999091508e-01
4.907808050175224701e-01
4.677966367818111038e-01
4.773965644575325906e-01
4.784417964352700170e-01
4.340716205979920361e-01
4.613515657977064199e-01
4.389689199359977922e-01
1.124515781719213514e+00
4.327067153197460270e-01
3.962156451132736179e-01
4.771134707222310367e-01
4.753920627070785110e-01
4.457667652060767205e-01
4.579713983584117187e-01
4.617134524522248373e-01
4.568311859317004675e-01
4.561966100925221035e-01
4.556656930592578036e-01
4.558183010624609621e-01
4.567583013776270184e-01
4.580040389404353984e-01
4.596903361917870079e-01
4.618273348918939814e-01
4.666427607498372376e-01
4.628081501878673065e-01
4.371495613863351504e-01
4.649721874121282572e-01
4.364214340447276075e-01
4.630698501470326134e-01
4.883960403830754360e-01
4.666963429105131511e-01
4.744172176320892720e-01
4.807196815310204041e-01
4.347797184083029287e-01
4.499592756614462785e-01
4.279559223336281137e-01
1.291221068845977760e+00
3.647225798918423689e-01
5.328412479053236117e-01
6.011075808397077225e-01
6.020094205563440992e-01
5.748841262374331240e-01
5.035834426348476667e-01
4.287667664318776106e-01
4.249359872850789754e-01
4.344109052370735968e-01
4.514137905811462237e-01
4.593315625379053579e-01
4.616728847054652474e-01
4.634113341034334366e-01
4.688948308626172956e-01
4.645964308869224291e-01
4.364526403965096057e-01
4.190523149434242089e-01
4.622635781261762444e-01
4.731790923633948931e-01
4.665772508558911902e-01
4.739731621733138112e-01
4.782898891337533098e-01
4.370600602906923871e-01
4.330825533015305040e-01
1.479662423367139379e+00
5.464148818198506508e-01
4.290354555100804324e-01
4.150479911927942300e-01
4.373648045098297299e-01
4.758813494751936157e-01
4.752172834878401475e-01
4.534489990624814282e-01
4.608865862884324871e-01
4.643570447190511485e-01
4.791029360568966333e-01
4.731317579035194676e-01
4.379953285011533581e-01
4.362165693414701839e-01
4.387317284380786719e-01
3.840512509624854354e-01
4.767065522754287965e-01
4.696515918603686446e-01
4.340076780145318835e-01
4.449000278377517881e-01
4.391321350076350938e-01
4.323277932423073566e-01
4.375829830384738162e-01
4.381121056367808242e-01
2.239861471890551403e+00
1.946924234090740446e+00
4.331425580722229607e-01
4.589311833630952964e-01
4.373140519327161635e-01
4.403830125650233240e-01
2.589440358837140188e+00
4.320510202507250597e-01
4.450295999295052485e-01
4.409463867669573545e-01
4.389916139618382784e-01
3.019632084009555850e+00
4.404845361015900518e-01
4.565117126835422368e-01
4.312073537692085456e-01
4.449406401487624452e-01
4.472286736032553556e-01
4.428873913295893749e-01
3.575372554650332102e+00
4.403736376309715927e-01
4.562816635736167692e-01
4.411120738870971114e-01
4.476099751605442933e-01
4.483678501994888821e-01
4.355487655598208718e+00
4.406680645083573267e-01
4.546923864821826311e-01
4.445526988596938400e-01
4.495524594731920009e-01
4.477800293848476221e-01
5.645596978557515300e+00
4.431141564127489829e-01
4.621204794653820946e-01
4.454411977719099358e-01
4.502606500294289438e-01
4.514868478438531785e-01
8.822805896878863408e+00
4.453755739291821447e-01
4.619063223919361305e-01
4.454090644390613640e-01
4.506337264444397195e-01
4.497709965128507403e-01
1.138968367610777399e+01
1.798772217843679400e+01
7.416742492748497284e+00
5.669248091722570493e+00
5.019459180495550399e+00
4.609746243625079565e+00
4.302190996350993224e+00
4.051630095036721890e+00
3.837772687723542742e+00
3.649422992565323209e+00
3.479806511946390568e+00
3.324600776468132679e+00
3.180961303212940461e+00
3.046988206056387760e+00
2.921412430565438534e+00
2.803399326933515123e+00
2.692418117173982939e+00
2.588150053430262165e+00
2.490420165550969234e+00
2.399143773558311654e+00
2.314282402752288359e+00
2.235805860293193614e+00
2.163658693609213923e+00
2.097730379435683634e+00
2.037829591476230551e+00
1.983663899670654374e+00
1.934827263160193489e+00
1.890798461595787350e+00
1.850953694717248466e+00
1.814595410946605147e+00
1.780996690774442781e+00
1.749456546786053002e+00
1.719357508759882469e+00
1.690214635582506064e+00
1.661706199703640641e+00
1.633681019946048751e+00
1.606144259028813304e+00
1.579229630407160689e+00
1.553168665076032351e+00
1.528265857436643893e+00
1.504883202043877377e+00
1.483431428424639487e+00
1.464360814805734989e+00
1.448143293710982826e+00
1.435239454820899763e+00
1.426047596086637670e+00
1.420835612712905593e+00
1.419659564219215353e+00
1.422275871105695533e+00
1.428058794031904499e+00
1.435942164645662045e+00
1.444412835816655694e+00
1.451587569787958554e+00
1.455396534941027609e+00
1.453868610988344523e+00
1.445469955850784638e+00
1.429406760835325363e+00
1.405793214960883608e+00
1.375622625097970619e+00
1.340550567330231146e+00
1.302565988501917182e+00
1.263653026970388282e+00
1.225524985354266683e+00
1.189464673221105384e+00
1.156263682096939194e+00
1.126235075396608387e+00
1.099277276370244971e+00
1.074977714161017284e+00
1.052749779615467451e+00
1.031991261121339098e+00
1.012241399821859344e+00
9.933063982133633063e-01
9.260173504127363620e-01
9.231581954116091504e-01
9.345442106701287166e-01
9.884421722603569105e-01
9.670615874471687468e-01
1.009842083222882048e+00
1.027171269781175900e+00
1.034976586208159688e+00
1.026507554326604454e+00
9.938851892178544034e-01
9.281438617963340132e-01
8.187812251106812989e-01
6.614989005083005136e-01
4.936697473422671512e-01
4.436478489278815052e-01
4.498475297711524434e-01
4.513210179669349120e-01
4.512714697998029822e-01
