1.507819968823442025e+01
9.712933506136602446e+00
7.592205390266250298e+00
6.538538094482127860e+00
5.190559840705406991e+00
4.736068705952011904e+00
4.462044703304487214e+00
4.255189096357303136e+00
4.078121081173289753e+00
3.914367464575351452e+00
3.756132694754257262e+00
3.600593048530203344e+00
3.447937694027786382e+00
3.299979939053885758e+00
3.159123730276350628e+00
3.027673234352184384e+00
2.907466700180966868e+00
2.799765199940639882e+00
2.705293934253267807e+00
2.624334896870372358e+00
2.556799323226909504e+00
2.502251783910282690e+00
2.459898457289765528e+00
2.428576641858611662e+00
2.406784750737508194e+00
2.392774330535578198e+00
2.384697262016383323e+00
2.380774109635972913e+00
2.379433989716148279e+00
2.379378145940007627e+00
2.379538430698981077e+00
2.378932479596540972e+00
2.376451232106287392e+00
2.370643701888356158e+00
2.359582181249021637e+00
2.340891913352354248e+00
2.312004306593914649e+00
2.270634666349494513e+00
2.215398240124685003e+00
2.146389537725666763e+00
2.065508866484584427e+00
1.976372055574169062e+00
1.883784415199208695e+00
1.792933896005153294e+00
1.708565408270373398e+00
1.634379500055086032e+00
1.572776186817351984e+00
1.524919889142727136e+00
1.491009006756641497e+00
1.470615151062308890e+00
1.462986333781935544e+00
1.467248847129404288e+00
1.482476776228697002e+00
1.507629872482876499e+00
1.541398367497365696e+00
1.582033238040866818e+00
1.627262765218192353e+00
1.674378241135225043e+00
1.720507207261010585e+00
1.763003761022216231e+00
1.799814948761676359e+00
1.829668400766637504e+00
1.851978077112644172e+00
1.866456745526519967e+00
1.872514904192889462e+00
1.868586621180911678e+00
1.851544068996867853e+00
1.816338441921834690e+00
1.755900169583956005e+00
1.661117980214791734e+00
1.520308246136337971e+00
1.322397478724952169e+00
1.081820024893986876e+00
8.677635353826005371e-01
7.974093566436799563e-01
8.783010925136650604e-01
1.018080082183841162e+00
1.088684933704301416e+00
1.119548466542196197e+00
1.109039462064559389e+00
1.093823782927822785e+00
1.080357599192689921e+00
1.091650209181161291e+00
1.101041421108227114e+00
1.084280730131493176e+00
1.106008539983049044e+00
1.045642089870236768e+00
9.908709683841981919e-01
9.154389589572676789e-01
8.594433233617346790e-01
9.015110179505098076e-01
1.058952931999053826e+00
1.274231509247648164e+00
1.474558087300398945e+00
1.544159052265143162e+00
1.430924192056598931e+00
1.207426685920469644e+00
1.003553319140054967e+00
9.153919265199675914e-01
9.156963109766991238e-01
4.958186339060199010e+00
1.106852909627201287e+00
1.094390656392586259e+00
1.073774896851295457e+00
1.068690660549250770e+00
1.079383185863846961e+00
1.098969640646915824e+00
1.105728460633717214e+00
8.671703507795428534e-01
7.898772594188364637e-01
8.301754453449006199e-01
8.911308136400216684e-01
8.169930025876275259e-01
7.687094165624327458e-01
3.856672410226949399e+00
6.430474361154280283e-01
5.843391491042111419e-01
7.486000729194037806e-01
8.262674892752884803e-01
3.165417210915354218e+00
8.021880245296558742e-01
6.348474018335307223e-01
4.743757084819718028e-01
4.342119097746927059e-01
4.477836210711925724e-01
4.613147158056712382e-01
4.313978294885956744e-01
3.730968517428001063e-01
3.126782355574374561e-01
2.633695237599630867e-01
2.337106341412396870e-01
2.248731829867731125e-01
2.288792056342859316e-01
2.321653669928029629e-01
3.724608921311101513e-05
5.715491561984060287e-05
-2.580015497933859821e-06
-5.292276418738846864e-07
1.430125607196454192e-08
1.888637617503780536e-08
2.656402774830692426e+00
2.230941676094055637e-01
1.881892771949917054e-01
1.350219750280202136e-01
8.634403937693489739e-02
4.815875630598859258e-02
2.184598361719273032e-02
7.282317193416001921e-03
1.366516683764082375e-03
3.220547842026238484e-04
8.349183855012275429e-04
1.037633692826519724e-03
6.708834081123442056e-04
2.462580507044318228e-04
-2.115401850156994047e-09
-1.045330209366317789e-06
4.414480301127481020e-09
4.052868582420451000e-09
2.998969406663451290e-09
1.876853421427245265e-09
1.689802720102829939e-09
1.698924348830332806e-09
1.645501099760319344e-09
1.418287542969062106e-09
8.448053155273970380e-10
3.081904297385505425e-10
1.689809381450979286e-10
2.252140112588047138e+00
-3.692331647794984382e-06
-8.567253298628788882e-06
4.181281517446550119e-09
3.280937898239191587e-09
2.124907783233886068e-09
1.562673876166864282e-10
4.087197172974182918e-10
1.920308643131626303e+00
9.749086017894221113e-06
1.690375323242389164e-04
1.787093895667257193e-09
6.248803208539192214e-10
1.210589733830057313e-10
2.889787440981610659e-09
1.648163991496018221e+00
5.316662086623216155e-01
3.648233069569645215e-01
9.247357900956811871e-01
1.160055765755019008e+00
1.233126061510318561e+00
1.283325241225290680e+00
3.686000990571981686e-04
6.613082420416124384e-04
1.114211368244723825e-10
4.362135686590714850e-10
7.378798668736873973e-10
1.341589085794555776e-08
3.697946266950347116e-01
3.852182434712125292e-01
1.294382798084288133e+00
1.312308506799804819e+00
1.333283789481904735e+00
1.392250851254464683e+00
1.576360698944605288e+00
1.563082762457285835e+00
-3.332343399492591332e-04
-3.572044238161768324e-04
5.384317037749088443e-09
6.949951509141869886e-09
4.696879710535962918e-08
8.702144987721380787e-01
4.507912230262660080e-01
1.088016216920193235e+00
1.001180133709407283e+00
1.019198315838223401e+00
1.053333896973763562e+00
1.056291508506158161e+00
1.067353092714645291e+00
1.102804018293183308e+00
1.094901983434104054e+00
3.584360835607267037e-01
1.522428002722004958e+00
1.172510917365165106e+00
1.332742418518118477e+00
1.643150360671311150e+00
1.606187544850459670e+00
9.703053140679019761e-04
7.049339856667655190e-08
1.155110606877138324e-07
3.263523741389845467e-01
1.165754879226499341e-01
1.094883857689238793e+00
1.103965722954775464e+00
1.107922948081095038e+00
1.091136308038767266e+00
1.014561386505904217e+00
1.002722692114066616e+00
1.072051730942274572e+00
2.730573067670571952e-01
1.389853296837969765e+00
1.404246524994505085e+00
1.436345209572484682e+00
1.261723240407174318e+00
2.128545618087305732e-02
1.058947592908461854e-01
1.102667716633142212e-07
1.529541470350093655e-07
1.985000969939549030e-07
1.372473743819081049e+00
1.249640421170898019e+00
6.642354119746174401e-01
6.494187667197097724e-01
1.130537755983971770e+00
1.121858324765137471e+00
9.653758970260386540e-01
4.607418196408392119e-01
1.071129006408852335e+00
9.862631712397716965e-01
1.021828225604398011e+00
1.049778910588251790e+00
1.049892705843692653e+00
1.056048679014199410e+00
1.064975372916519669e+00
1.069970425483812049e+00
1.096866962437036852e+00
1.088691236527469020e+00
1.441785828684820359e-01
1.050293548021357992e+00
8.361778989575541221e-01
4.525536750084158122e-01
3.584599316965534910e-01
7.704096515235708820e-01
4.443644246344075066e-01
1.592168185536350979e-07
2.569027390639913412e-07
1.733392017237608274e+00
3.827155298055352484e-01
1.064743672867940250e+00
1.096846972788801500e+00
1.095657316935599868e+00
1.054976947464765447e+00
1.049997236285634017e+00
1.072278559397212616e+00
1.097319803316848530e+00
1.110595661753632779e+00
1.120496872947422284e+00
4.326751261978369345e-01
1.376531294427839336e-01
1.086894818132977614e+00
1.126925807750753794e+00
1.067960549141479420e+00
1.106617283774236737e+00
9.163755844013491414e-01
6.582373042835019117e-01
2.165973981218102806e-01
3.307046873275880650e-01
3.986855123813746182e-01
3.237637074885590938e-01
9.109556921921430073e-01
1.113453133975883969e+00
2.007094414420718279e-07
2.392624140449903750e-07
2.027914307905527291e+00
9.476720991248588355e-01
1.028045203842966826e+00
1.123410270831855629e+00
1.138088423939751959e+00
1.147208454511016162e+00
1.148108032467802797e+00
1.205514207829628370e+00
1.215803721430928908e-01
4.525804126729935928e-01
2.325290103860396251e-01
1.711997067786637794e-01
4.779239213975566281e-01
1.626941259941345752e-01
1.082387701310389971e+00
1.002355892318966601e+00
1.306587634671424025e+00
1.462468058541233074e+00
1.841608464178293366e-07
2.381916892791007738e-07
1.322151048167805154e+00
1.029970070187479658e+00
8.766287365436330470e-01
8.634769752139221932e-01
1.190317435687425762e+00
1.098856591454957732e+00
6.188365045494281791e-01
5.743850208755417741e-01
2.825776449223617037e-01
5.435523491257322481e-01
1.520579123170759384e-01
6.900575266532885665e-01
1.449158589351796367e-01
9.491079453523516563e-01
1.466470293578771233e+00
1.477108473242636943e+00
-3.000041468580946593e-07
2.083749558490450015e-07
7.455967274712054227e-01
3.858982664332652468e-01
7.274059255693963166e-01
8.037446603332649708e-01
7.870997723651428357e-01
3.292866673177076708e-01
4.415847591453709864e-01
7.135051330151658266e-01
7.005826630843408065e-01
1.593002202751063190e-01
2.977710611712757749e-01
7.460780880160596817e-01
7.002314984054119895e-01
2.273572779806090904e-01
3.078021106571380283e-01
9.454871965227071851e-01
1.435145012973089163e+00
1.425047207285434103e+00
1.426614989075899453e+00
-6.128710780074887039e-06
-8.156692954897857293e-06
-8.330223517821249009e-07
3.940012208986864300e-02
6.412707296394485335e-01
5.706709807800991463e-01
7.654326058937933608e-01
7.767469136050416667e-01
2.876881684704369890e-01
4.237846759446827205e-01
7.346646492156337915e-01
5.790427573165286557e-01
5.865725418155454118e-01
7.840687868215427958e-01
7.850993844248301823e-01
7.489405659347947442e-01
4.102760106628664527e-01
6.423762676405028182e-01
6.623391127612310303e-01
5.773756025642663436e-01
5.696309334848891348e-01
6.628908944739461129e-01
9.539412736527800307e-01
8.213980795605736462e-01
1.616540116275707373e+00
1.710509583296737190e+00
2.417397958036380929e-05
2.077068668548215647e-06
8.687921571680445876e-02
7.344299854671524352e-01
6.149024124007099745e-01
5.309097283305653781e-01
5.076589833560971599e-01
5.276657717759237753e-01
5.931505491540187691e-01
5.943935291352910877e-01
5.030682264558333783e-01
6.796780449732476859e-01
5.384501084759811818e-01
7.092496935789184276e-01
9.397912065109794710e-01
9.485192784032110414e-01
7.295268779169810092e-01
6.525984149436754311e-01
5.591579209937098671e-01
5.283315450531975710e-01
6.778452367501982545e-01
6.848855709993160179e-01
5.740737102776138912e-01
1.885471769130295794e-01
1.693719662714504859e-01
1.930284449149465009e-01
6.448949511029885562e-01
6.489746168864739539e-01
7.331821227722239431e-01
8.424526601386187474e-01
4.933664260460545181e-01
3.956050398606832941e-01
5.680390925221359133e-01
5.805722017315496641e-01
1.622232923891472778e+00
1.547499805554418240e+00
1.570469178467381210e+00
1.548380078061673036e-04
4.524242695245769092e-04
4.533754317611892761e-05
3.310539427579667904e-01
8.824053686875296121e-01
7.569116403929823100e-01
6.387650006319982587e-01
6.546817518775793765e-01
6.314729522922508664e-01
5.976132124889992348e-01
5.736274826732816745e-01
5.626115838642917755e-01
6.703655100632600616e-01
6.693231538643601430e-01
5.251650413603619061e-01
3.291105661029623819e-02
1.528886957618234566e-01
8.014521513716343915e-02
2.592674135199366514e-01
3.124614675419187249e-01
4.771178045772794807e-01
5.427133049770844764e-01
7.315516578952054871e-01
7.089054025766612366e-01
8.216709660643497504e-01
8.420300153840352131e-01
8.556842124410257711e-01
1.319689557137680991e-01
6.221425624124397175e-02
3.509008613544358779e-01
5.408698133028840838e-01
3.921075338440218050e-01
3.904051710226393301e-01
4.656500491311678092e-01
1.654992221256043061e+00
1.742771406511433696e+00
1.746174137435692244e-03
2.122600271259918268e-03
2.664352078328847788e-04
4.972644912481420376e-01
1.574959554719550736e+00
2.786981159664643770e-01
3.028173888965959293e-01
2.147353877699346991e-01
3.244718125323814428e-01
3.354764552324772664e-01
3.471585736333225869e-01
4.496120305116943494e-01
6.232711495365091947e-01
6.486340499231574297e-01
5.144512537647548678e-01
4.195007688025103043e-01
4.914599158993696038e-01
5.016079536392211713e-01
4.202298960788730109e-01
2.143288115354816392e-01
2.506143614778949535e-01
4.890903446198273108e-01
5.312628310471060322e-01
5.109590880937106006e-01
5.971506565493979179e-01
5.974212679556788474e-01
7.462792210673979687e-01
7.829229470049601236e-01
8.238831328753830618e-01
6.984400392248527600e-01
5.956602766670220789e-02
2.932047606753829805e-01
4.662141332103552638e-01
4.070278621581699396e-01
4.167309573742690176e-01
4.432615216613512432e-01
1.638497678116827228e+00
1.582426415256613206e+00
1.572981396540175325e+00
1.354157121939173966e-03
1.612530034486888428e-03
8.759180761271356808e-04
1.650239248610051446e+00
2.501246112451988024e-01
1.825172376822613851e-01
3.654960909650734058e-01
3.731607840415460675e-01
3.645382600385005945e-01
4.337072602066520122e-01
6.061829821373236893e-01
7.440490112595299355e-01
7.447447619825812160e-01
5.918609107023468097e-01
5.989829614126883639e-01
5.082761588507715977e-01
6.303199164324748693e-01
6.682467099917933639e-01
4.192815418464048705e-01
2.587219677507690552e-01
1.501532042697928115e-01
1.554561234569530603e-01
7.575213934133073757e-01
5.110117357756144285e-01
4.968442149102725858e-01
5.292540895868304007e-01
7.454141298427108264e-01
6.676753768889011065e-01
7.624677937840368402e-01
7.666436722749571109e-01
5.190928565423484908e-01
3.320601155074553446e-01
4.560145576196268369e-01
5.516039107654900908e-01
4.290287550059034283e-01
4.508239577750774996e-01
4.743454207977350068e-01
1.446347757438462001e+00
1.596409799180126265e+00
3.101494131895500897e-02
5.317970689497035497e-02
1.919233059842370649e-03
7.522698572285640983e-01
3.182667932316352033e-01
2.931862696227299780e-01
1.838261191607429568e-01
2.138119120536695894e-01
6.388264316753953231e-01
5.142776960115614804e-01
6.737068161639350183e-01
7.666266415307076976e-01
7.161418748083071550e-01
6.195164959412650107e-01
5.253958272937854224e-01
6.064093506218797280e-01
6.096835218930851674e-01
7.996825927828474789e-01
7.285462589990452376e-01
4.890731822542571661e-01
3.975442792874342990e-01
3.427566328120912886e-01
6.069338615658828040e-01
3.410187896260548079e-01
2.563036052691952116e-01
5.316872388945982353e-01
4.527346050749193052e-01
3.529845577708471405e-01
1.633860359220361103e+00
1.129160460880462180e+00
4.159119534955839637e-01
2.883260129494651450e-03
1.350567125406728630e-01
1.022838291803584987e-01
2.603589305203605209e-01
7.359202140315228569e-01
5.669466339127707810e-01
6.647841450066100943e-01
7.074354940239850897e-01
7.202036671698590631e-01
5.187706334235985262e-01
5.562970757206744388e-01
4.274341362938110511e-01
4.053640581826086220e-01
5.357742212018621331e-01
2.811389252856419940e-01
1.042042619477025062e-01
5.676015966803669155e-01
3.406888717666023414e-01
1.882902045720601381e-01
2.897100165854651736e-03
3.876998829178889688e-02
2.640207265490825961e-01
1.974060088040944516e-01
6.640578273641155604e-01
4.940039026031795011e-01
4.498849001549845017e-01
4.481661359210200590e-01
1.857595688693544078e-01
1.700188614381286378e-01
5.711685743367905799e-01
7.233537615781718277e-02
4.170997348689997608e-02
6.964037982451556363e-01
1.526921778926363937e-01
7.867186362042259684e-02
1.691388102428959244e-03
3.284600872186169834e-02
1.273442302791384997e-02
1.290870501908260026e-01
2.498996181303672903e-01
2.006051760951305107e-01
4.628675888041576814e-01
4.114824184347713465e-01
8.066355639909501829e-02
5.966959275216121572e-01
5.158075784927002028e-01
4.668041012823474084e-02
7.213336853788704373e-01
6.212956989094146065e-01
2.965354497855644117e-02
1.052544622399083753e-03
2.362074745278156928e-03
1.064246523579755327e-01
1.077617170745607672e-01
1.319378384985305519e-01
3.247689939311080853e-01
1.282080582083543474e-01
4.582004927400046834e-01
8.243846145757918742e-02
5.645104249336398983e-01
5.192669387629322147e-02
7.237984106008215485e-03
5.271930900061824309e-04
1.246570533703282302e-01
2.234867893608236955e-01
3.046620784070713794e-01
2.438239529653409010e-01
2.434074797364146336e-01
4.631344363866734537e-01
2.858325214414993432e-01
1.194605906360619724e-01
6.037072064751155542e-01
5.822163154056073653e-01
8.264970586706334166e-02
3.386880755789066499e-02
1.653289912499735555e-03
3.037848704846082271e-01
2.508818341704313060e-01
2.449227027012275681e-01
3.121112219022642020e-01
3.087071214185504453e-01
3.101790208058842202e-01
1.954565115973865008e-01
1.767495805269473363e-01
2.859274704797482025e-01
1.072384789293839846e-01
8.522508759384632426e-02
4.488206629836917656e-03
3.376032022609694594e-01
5.158293529682507206e-01
2.453252148933451060e-01
3.922175139715347592e-01
5.528730708448007514e-01
3.008526927844910048e-01
3.406088893090185032e-01
3.495285484213589422e-01
2.272882609266051457e-01
2.349388884366531149e-01
1.099824508586254440e-01
1.441834334076063096e-01
1.023157257020068933e-01
1.517586403855764321e-01
9.590906680513822113e-03
5.700527185305755973e-01
6.133786045196225611e-01
3.753549915073323695e-01
7.071961549385916701e-01
7.431050453397312072e-01
4.278004557673804609e-01
5.226857270496457764e-01
2.778378395594833794e-01
9.770141148172828416e-02
1.048029625019057526e-01
1.537479608800918218e-01
1.552792646137065025e-01
2.566180490628746647e-01
1.743475143755059478e-02
2.181626567878452994e-02
1.930723269804961520e-02
8.077947480181273121e-02
2.367933446833358768e-01
4.526262797096402002e-01
4.753271219962322269e-01
6.067892841494854084e-01
6.242539814859728864e-01
6.468675495035052236e-01
4.257554075518570347e-01
4.588495497096831133e-01
3.020993523935252001e-01
4.020796762795474377e-01
1.648535206495858885e-01
2.951674412298619377e-01
5.042915205799314293e-01
7.454998879615953866e-01
7.052629688634195482e-01
4.999071557357271933e-01
5.316778360837969286e-01
3.292938312195566875e-01
4.010689575826639208e-01
1.594134629625794386e-01
1.909304647498507590e-01
4.256805960883301987e-01
4.683560009260434032e-01
5.325280212929719426e-01
6.367901989605158075e-01
6.406980922535409073e-01
4.031533420129831402e-01
4.081045873663873835e-01
4.262450616147941962e-01
4.332268584642641751e-01
2.413009073254155923e-01
1.570910289889269063e-01
2.999674734512460805e-01
4.056208930141632085e-01
2.292063401089397545e-01
1.994193180339409177e-01
1.680575889717297877e-01
1.698953711394331767e-01
9.543329105545673985e-02
6.406094805011237903e-02
1.515789598897095969e-01
4.023501307945475114e-01
4.762938568292628960e-01
3.889007286635187688e-01
4.047078433075779191e-01
2.724857906119304909e-02
2.231267981614416113e-02
3.779571693323760528e-02
4.631506636320803505e-01
4.803329975307721877e-01
4.826116048832613248e-01
6.324407120496234880e-01
6.332309261559345703e-01
6.322522497099948291e-01
5.744423175536191861e-01
4.199722211983495934e-01
4.831024774059314852e-01
5.053109586860574653e-01
5.265247050226563585e-01
5.527041184504479787e-01
6.918906630185250872e-01
6.931285189413360914e-01
7.351972989306270190e-01
6.254466699099895388e-01
4.128911458673527601e-01
4.685924961891899110e-01
5.134432828476485078e-01
5.287682811682005157e-01
6.879629294916375093e-01
7.136630285209863978e-01
5.187415395610606161e-01
4.513706925658886870e-01
5.100512627705449109e-01
4.630476869664851836e-01
5.346393296164482223e-01
2.457849182730973137e-01
3.932891691344579388e-01
4.090035675918701208e-01
2.474804970971255791e-01
2.609091729431356477e-01
1.960721671744120598e-01
2.607068081498340462e-01
5.782847761768953321e-01
6.879079313344415025e-01
5.138644202137520045e-01
3.764956902247190706e-02
3.905892710877409413e-02
3.935793227029073249e-02
3.715331504169552129e-02
4.753813722916971907e-01
4.745391356675082162e-01
5.802010895139033675e-01
5.895048293963373043e-01
5.883323063050666102e-01
5.971866697610915820e-01
6.729415785324709409e-01
5.336788876406078908e-01
5.380467912901392147e-01
4.857066122243766104e-01
5.125442087105437361e-01
5.128232445038296561e-01
5.222472510240345756e-01
6.901744475311625271e-01
6.894519055511235672e-01
7.091341573336370496e-01
6.351884007801129606e-01
6.851591877766308736e-01
5.429016747161632406e-01
5.599553593074437785e-01
4.704021692868473048e-01
5.131803710549356357e-01
5.031121458125445978e-01
5.294001027886613420e-01
6.652118359179497453e-01
6.569841936211242572e-01
6.688939751918320242e-01
5.657557527743857229e-01
5.920467831068129128e-01
5.393306595278466453e-01
5.505805473079478096e-01
5.046764089846966783e-01
5.251526895780029847e-01
5.309522945595379628e-01
5.612745351532156812e-01
4.597259747860050760e-01
4.840998501987839320e-01
2.669468875549826925e-01
2.725056878975505859e-01
3.593530094675594921e-01
6.936596130486061274e-01
7.675470476500395600e-01
7.679783013385259594e-01
6.134993483579652684e-01
6.514471155507933764e-01
4.732740116149121434e-02
4.754523546548780621e-02
4.988167450172129036e-02
4.735671783908674271e-01
4.702131718509985348e-01
4.906290384985989572e-01
5.356281172235121124e-01
5.340453634769779523e-01
6.904849794288688836e-01
6.525167706842212034e-01
5.696128627736981587e-01
5.668955752063923326e-01
5.197866095932197616e-01
5.223636938635544125e-01
6.514982359073328011e-01
6.460619039859206714e-01
6.534831223613546403e-01
6.933198474012407519e-01
6.560840092987761940e-01
5.992151490115725787e-01
5.940552527807427818e-01
4.947542471365730665e-01
4.809341643447504477e-01
6.319382591101703195e-01
6.303053894395483914e-01
6.276046473112656399e-01
5.915354011262858869e-01
5.649240940964292967e-01
5.811832769502679463e-01
5.802894040143612431e-01
5.165015869002924642e-01
4.780721700432620236e-01
4.795520013671035198e-01
4.751754633130125249e-01
4.539040699567218895e-01
4.777381265097038199e-01
2.683532861402789793e-01
2.132725703796227168e-01
3.659327552991460952e-01
4.305240162346539168e-01
8.532677845989807830e-01
8.859826244171098431e-01
8.160447125878128594e-01
5.557066777486122100e-02
7.519469289507035858e-02
4.704505641204864697e-01
4.435527653271973403e-01
5.300015667307279577e-01
4.860369969809330559e-01
4.494575055812601860e-01
5.558613865713600832e-01
4.155488562701717958e-01
5.568316777781009419e-01
5.132319431507048613e-01
4.476746571917358808e-01
4.465814626428354361e-01
6.157410899634192525e-01
6.115199991054682815e-01
6.186625637022408197e-01
4.982817108408107987e-01
5.765307312456545707e-01
4.822187097067133221e-01
4.365879482412575729e-01
4.215266112300878332e-01
5.942960801465292375e-01
6.056702613765457821e-01
5.286683451761290398e-01
4.546493968654340412e-01
5.493210912688160086e-01
5.418738625361810834e-01
4.078053085489063978e-01
3.434556476043561513e-01
4.656331447644901367e-01
4.180011769266726573e-01
4.368059857946651747e-01
1.285657289864053643e-01
1.254110552582629878e-01
2.028365501808230553e-01
4.429332900231468528e-01
4.182685479081125757e-01
9.008368900942474999e-01
9.030404339975426353e-01
9.072076207864793185e-01
9.406067427104437551e-01
6.061108604244133669e-02
8.290358265448057040e-02
8.534994984082977521e-02
4.393747160577943234e-01
3.432558550532199826e-01
4.055728136763363523e-01
2.444120875910827106e-01
3.646605744085345546e-01
5.496140566499989610e-01
4.991639629868740990e-01
3.570561922360096507e-01
3.440180026612729702e-01
6.058013411956232330e-01
3.389053062720363552e-01
2.741142049204417508e-01
4.756484632523298450e-01
5.719859156570942238e-01
5.168598603489805710e-01
3.485511903667153355e-01
2.965147332173575512e-01
5.928549785987811127e-01
3.719378625722871701e-01
2.758294099951708600e-01
2.651603794565343120e-01
4.411998927050325703e-01
4.855503396487134138e-01
2.727545288371546195e-01
1.697667303640982561e-01
4.365073115187049213e-01
3.545465671834648891e-01
3.120566745079955684e-01
2.659547734591422019e-01
6.621570487059026677e-02
7.011086746880930420e-02
3.836785887878531587e-01
3.472046824327741366e-01
8.999518953375985619e-01
8.901604802517831816e-01
8.257091736978856567e-01
5.985262162924550461e-02
1.000832230964360942e-01
1.051369553140099056e-01
3.413222042862573136e-01
2.536025561765504754e-01
4.636090473077383867e-01
4.500104598176027371e-01
2.427735801802222426e-01
5.133050778835827055e-01
4.676108919114749796e-01
1.758580804510184448e-01
1.704245411028947610e-01
4.763107542255389792e-01
4.124423582192586202e-01
9.358747002077191790e-02
6.468326368401530746e-02
1.821047352732773073e-01
7.060915988731784887e-02
2.995199750170379205e-01
8.850561083797349182e-01
8.464024117411871329e-01
5.084015643303603227e+00
5.152183617499575541e-02
6.019763848917525362e-02
2.394418851183028885e-01
1.406201239806743053e-01
4.192010716860152808e-01
2.363860864216630886e-01
1.182442319538670877e-01
4.358724669339290037e-01
7.058788404974937480e-02
3.650678256563333890e-01
3.584006037030186276e-01
9.084935111310359079e-03
3.058825449923608386e-01
2.530899832155704687e-01
7.352653115233425130e-01
5.788109119554235571e-01
1.682929590477209203e+01
3.226178703823508881e-02
3.007896234493597290e-02
4.911395208669683266e-02
4.293028177986139005e-01
3.745074368989842473e-01
4.048381610077158438e-02
4.484672137796742453e-01
3.155224003182845460e-01
2.236860756936536951e-02
1.986355743104622762e-01
1.291114083992163592e-04
1.273270302831069345e-01
2.156632197798482309e-01
2.744678577267503528e+01
1.816626087378501314e-02
1.772254508210535651e-02
2.321601860149330454e-02
2.435173060668160694e-01
1.657498542524687632e-02
1.945722386739849596e-01
7.108106942429109898e-03
1.260232316493103688e-01
-1.668336588785826599e-03
8.854787628668182864e-02
1.021846953622255749e-01
3.149539907669891292e+01
3.225427145942975221e-02
3.008943853275908645e-02
4.911305850182286908e-02
3.744221380507735120e-01
4.049737262363339863e-02
3.155010984530510765e-01
2.236928458638775055e-02
1.986402141010274458e-01
1.286627755767308042e-04
1.273326093204489307e-01
2.156598732049536116e-01
2.744682377316946287e+01
5.150719247740484508e-02
6.021458579571233038e-02
1.406157810129435026e-01
4.291995898603555015e-01
4.191050232674397025e-01
1.182720789948452783e-01
4.484361592236259519e-01
4.358437205454089303e-01
7.058967945300820279e-02
3.584068385967495440e-01
9.083734034672184821e-03
2.531009485417121119e-01
5.788046466567761117e-01
1.682933058927246606e+01
5.983542172197015702e-02
1.051552899982321071e-01
2.394325275416557541e-01
2.535916454383183027e-01
4.499347091723002734e-01
2.364293344384878481e-01
2.428164918820473195e-01
4.675857375100989644e-01
1.704285409280884567e-01
3.650732380639111763e-01
4.124465437243396426e-01
6.468041188605601344e-02
3.058952666693299238e-01
2.995316348099767434e-01
7.352580089745336389e-01
8.463954547684591212e-01
5.084030615551823118e+00
6.059404009082926951e-02
1.000992971611740640e-01
8.535715240354536937e-02
3.413029984044821386e-01
3.432364102536343275e-01
4.635352538305502756e-01
4.991126589603485098e-01
3.440598275715177623e-01
5.132794012180977861e-01
5.168364612846257922e-01
1.758621475847081395e-01
2.965212842498175516e-01
4.763135908680020680e-01
4.855519364136444693e-01
9.358391945843828885e-02
1.697623060822493479e-01
1.821062737183306579e-01
2.659571985724290544e-01
7.060817049926791655e-02
7.010986031840127364e-02
3.472140399979554148e-01
8.850501989517191026e-01
8.901556773906370568e-01
8.257134214157814123e-01
5.555475578345590165e-02
8.290371303305635320e-02
7.519416960832812913e-02
4.393454413121061219e-01
4.435226986926363857e-01
4.055348707370241002e-01
4.494165815678223819e-01
2.444311883375067940e-01
3.647522686283792281e-01
4.156498550546514070e-01
5.495921242376836657e-01
5.568237909033166844e-01
3.570976690425688993e-01
4.466167456207830733e-01
6.057891387886114032e-01
6.115071849544544413e-01
3.389008342557536801e-01
2.741106328478128407e-01
4.756407848827147178e-01
4.982735435896958331e-01
5.719666957265999718e-01
5.765114852473225415e-01
3.485586920929928945e-01
4.215354278732358351e-01
5.928591410143747575e-01
6.056738795479785775e-01
3.719416307092330287e-01
2.758279153593313215e-01
2.651518908593614721e-01
4.411864125696315919e-01
4.546365943665167664e-01
5.418711811053293914e-01
2.727502544953645525e-01
3.434521519093726716e-01
4.365109836436532609e-01
4.368096743221624445e-01
3.545491559630543632e-01
3.120592473765345654e-01
6.621238357492079118e-02
1.254067303489486973e-01
3.836874565897753775e-01
4.182751052131960523e-01
8.999480049871553256e-01
9.030374679045993780e-01
9.406122518849187042e-01
4.731297566911348701e-02
4.987892800233155455e-02
4.704165599492377559e-01
4.905925201404544023e-01
5.299780599630281586e-01
5.340220058543837522e-01
4.860036868578889169e-01
5.559654787886668670e-01
6.526053152338295860e-01
5.669426039883894708e-01
5.132542894558658197e-01
5.223832699666378643e-01
4.477090322494897690e-01
6.157243061730691691e-01
6.534612464555173972e-01
6.186473585572027645e-01
6.560654178252116608e-01
5.940427726155071975e-01
4.822283266494403753e-01
4.809436795077270399e-01
4.365968014650027929e-01
5.942990649806032533e-01
6.276071111589953677e-01
5.286559091683405986e-01
5.649122706580491649e-01
5.493182639768489084e-01
5.802825743688081461e-01
4.078038642108305356e-01
4.795534288020445457e-01
4.656384134961715771e-01
4.777434727175354223e-01
4.180053826451350374e-01
1.285615594136158280e-01
2.028349491831164808e-01
2.132714157869730620e-01
4.429349206323704990e-01
4.305243349088401783e-01
9.008343328358693336e-01
8.859806893070576450e-01
9.072136073485155272e-01
8.160506535183672527e-01
3.763708539010582332e-02
4.754241333332308306e-02
3.935418607870103114e-02
4.735310294404371234e-01
4.745021867139523897e-01
4.701781185937340402e-01
5.356068948803507368e-01
5.883108781981726265e-01
6.905463918727389183e-01
6.729684606505630384e-01
5.696617957749505745e-01
5.381362972236131137e-01
5.197965761756841996e-01
5.222487120995874532e-01
6.514735567032474695e-01
7.091046088066759179e-01
6.460400579239381491e-01
6.932941274502421036e-01
6.851308816187483552e-01
5.992036259922591812e-01
5.599495322741708803e-01
4.947631493416150827e-01
5.294090459831395368e-01
6.319401356964480243e-01
6.688954047500850209e-01
6.303079763755766729e-01
5.915250031780969753e-01
5.920383721764634899e-01
5.811759987729311350e-01
5.505700797387934609e-01
5.165059558400593165e-01
5.612796597357971873e-01
4.780737828111255583e-01
4.751798013154943656e-01
4.841037511091362266e-01
4.539091944198552220e-01
2.683567445551878206e-01
2.669507091551406863e-01
3.659276968685828968e-01
3.593476392977406619e-01
8.532659834067810589e-01
7.679767862692201685e-01
6.514536647786015600e-01
2.723851714323523993e-02
3.905511497950093364e-02
3.714897683263768818e-02
3.779129393023273470e-02
4.753469298343430127e-01
4.825794364646044388e-01
5.801807511297849551e-01
6.322319170778389896e-01
5.894832528816745798e-01
5.971656606381804400e-01
5.744131197028922164e-01
5.337719675913383810e-01
4.858223342740392581e-01
4.832180023574400574e-01
5.125414924403930428e-01
5.527004380303554010e-01
5.128247141023655198e-01
6.901518406042761455e-01
7.351754077735265236e-01
6.894244796952835319e-01
6.351544878001712524e-01
6.254124432161857206e-01
5.428967010889342859e-01
4.704010866954489445e-01
4.685916598643192765e-01
5.131880418442681391e-01
5.287764690175249527e-01
5.031201869293645546e-01
6.652114304017049395e-01
7.136624197306903339e-01
6.569850444613500873e-01
5.657500156873326302e-01
5.187379181984960175e-01
5.393195035472747589e-01
5.046627975597678395e-01
5.100369235610959784e-01
5.251573576504714458e-01
5.346439479302204090e-01
5.309572704130650633e-01
4.597280594026096345e-01
4.090032348998006162e-01
2.609183350738030760e-01
2.724981583818809616e-01
2.606987823278749672e-01
6.936583546819884427e-01
6.879066998889087348e-01
7.675453530143020453e-01
6.135061298984879619e-01
5.138712888327880979e-01
1.742735578332567023e-02
2.230957617870953438e-02
1.930488277084462662e-02
4.631238899532474362e-01
4.753029903970285019e-01
4.803007683050068422e-01
6.324232860123948363e-01
6.468521671188063316e-01
6.332106124054119878e-01
4.587783507807818850e-01
4.200835517304046252e-01
4.021859314337064006e-01
5.053034034510146544e-01
5.042832323446688747e-01
5.265207672998286625e-01
6.918887717071735555e-01
7.052626999206911274e-01
6.931120427955006491e-01
5.316417503501642550e-01
4.128905118686379550e-01
4.010677264202640036e-01
5.134520064614614965e-01
4.683652594299261285e-01
6.879626963513761906e-01
6.406983384167298512e-01
4.081062070383432716e-01
4.513579219260041575e-01
4.332147876989459467e-01
4.630522887316073088e-01
4.056255109070527332e-01
2.457813788751195272e-01
2.292030172453127790e-01
3.932880187807564765e-01
2.474908651152292471e-01
1.994288368560585556e-01
1.960657588794953443e-01
1.698899876461487657e-01
5.782838044527995880e-01
4.762936084617329091e-01
4.047167802619308086e-01
9.586023448686269502e-03
2.181470727933782980e-02
8.077661526133089742e-02
2.367830919633217013e-01
4.526038805466995885e-01
6.067785749116761940e-01
6.133680318488969885e-01
6.242398544756070367e-01
4.256694497298057489e-01
3.752695555425232254e-01
3.021768871702282810e-01
1.648777969195058257e-01
2.951671957109257560e-01
7.455160680890307034e-01
7.431322004769719269e-01
4.998707238285670651e-01
4.277683096297350551e-01
3.292913774674516292e-01
1.594126641546842749e-01
1.909346654193644632e-01
4.256899869561498462e-01
5.325280641129480630e-01
5.226858443780655339e-01
6.367904358987364066e-01
4.031542441325842163e-01
2.778416850477216093e-01
4.262323650478547221e-01
2.412928347536978102e-01
1.570887943929488439e-01
2.999699267104511402e-01
1.048009865637290899e-01
1.552886619981813099e-01
1.680522828999092277e-01
9.543049142307763466e-02
6.405958485926985246e-02
1.515779705067261396e-01
4.023491583200349275e-01
3.889098605838147704e-01
2.566225683602014751e-01
4.485258613134302658e-03
5.700465911335715896e-01
5.158262519614318364e-01
2.452548271152278081e-01
7.072321241570173056e-01
5.529125655551618834e-01
3.008281597445222055e-01
3.495282224228457579e-01
2.349440433635662517e-01
9.769955116570036568e-02
1.099836372225157788e-01
1.537580521912071674e-01
1.441925231038746480e-01
1.517512306985319692e-01
1.651623713645174055e-03
3.376051205463018734e-01
3.037874441621935540e-01
2.448333189011482058e-01
3.922503040005689834e-01
3.121344966037767898e-01
3.101523738457319657e-01
3.406083339269271315e-01
1.954552078203014576e-01
2.272935645815765682e-01
1.767550278158517563e-01
2.859310267393229688e-01
1.072446701858775359e-01
1.022785839515368556e-01
8.521150805115550175e-02
5.256234030861803384e-04
1.246535621938087840e-01
2.507760463842283460e-01
2.233839953268754175e-01
2.438142643064651616e-01
3.086802522513462099e-01
2.433845480998205191e-01
2.858279587619578788e-01
1.194643293467251427e-01
5.822219465413265294e-01
8.265468076026893929e-02
3.386457843905197468e-02
2.359449881569654957e-03
1.077464603253098369e-01
1.319585406089072155e-01
3.046394108127901679e-01
3.247448669271332244e-01
1.281934571635236775e-01
4.631274120218328294e-01
4.581930610272011983e-01
8.244149550301996254e-02
6.037128322562277383e-01
5.645146963733732592e-01
5.193029506059140821e-02
7.239177211721689945e-03
1.273089911129535526e-02
1.064083163142199584e-01
1.290703301160865957e-01
2.006833560965922136e-01
4.114614182925381836e-01
8.066365594364087455e-02
5.157983360061144662e-01
4.668252899983152404e-02
6.212996349356508796e-01
2.965198552256951767e-02
1.052711121845014341e-03
3.284733242719319046e-02
3.877153203378062851e-02
1.973844271930938199e-01
2.497160479362591778e-01
4.497443174736279192e-01
4.628450227577142750e-01
4.481450926230615694e-01
1.700317467082334000e-01
5.966854089909477965e-01
5.711584021211971729e-01
4.171137406369392064e-02
7.213387009555823903e-01
6.964087135573738818e-01
7.866884785586451823e-02
1.691272977853340359e-03
1.023386104069350516e-01
2.639929210506832824e-01
2.603336754586048629e-01
6.635639507514167201e-01
7.071235989708888336e-01
4.937962357002584901e-01
5.187469173926542165e-01
1.857737854894505602e-01
4.053626672250615348e-01
5.357639182986980719e-01
7.235912898364910140e-02
1.042135561629885937e-01
5.676058277178435141e-01
1.527494356411039922e-01
1.883486654526751736e-01
2.897019332385715549e-03
1.351523053810839980e-01
2.935107836621487776e-01
2.137982399733299732e-01
7.360204728421790854e-01
7.667159470785225306e-01
5.671427323780579011e-01
6.648594062173138752e-01
7.201730633406648874e-01
7.161121331781715726e-01
5.563063237151915086e-01
6.096862368092610396e-01
4.274004881009632051e-01
7.285325284791644984e-01
2.811278280516071315e-01
3.427177420429891042e-01
5.316913789525726797e-01
3.407578012007862478e-01
3.530045639886255637e-01
2.883222737920737491e-03
7.533685466336998982e-01
1.652737193563807772e+00
3.186353371531367995e-01
1.838046184017494422e-01
1.824910420037815784e-01
6.388298068033112509e-01
7.447183238178120002e-01
5.143071305098115831e-01
6.737689652824534470e-01
5.918394543546627862e-01
6.195025060318243293e-01
6.682314770858998054e-01
5.253893880969938701e-01
6.064130773848620537e-01
7.996682724901176265e-01
7.575072939650033810e-01
4.891322798556406726e-01
5.292911079454106771e-01
3.975525842889408579e-01
6.069399929849086384e-01
7.666469999835163751e-01
3.410241413687610801e-01
2.563067283466763935e-01
3.320590265228734461e-01
5.516070816820475287e-01
4.526547630489184959e-01
4.742776079992082061e-01
1.633858120690416582e+00
1.596412346368915935e+00
1.129165926325467417e+00
4.159178885829631911e-01
5.318103310066391726e-02
1.919222995285725522e-03
1.577343666971782632e+00
2.500595065811054285e-01
3.654091532096367945e-01
3.730887823752114807e-01
3.644847525503294716e-01
4.336613676116116700e-01
6.061415215384625688e-01
7.440217332374554626e-01
3.027994752954731306e-01
5.989638185686525507e-01
6.486112442899443220e-01
5.082631326316998654e-01
6.303054521664637200e-01
4.192695314536600826e-01
5.015939668525226658e-01
2.587151240570088051e-01
1.501497033357358790e-01
1.554521440801936438e-01
2.143233766544646868e-01
4.890797364370666478e-01
5.110140123706480297e-01
5.974191343597032855e-01
4.968554333775897502e-01
7.454128912055870693e-01
8.238803596989595635e-01
6.676740907431039096e-01
7.624700953736761599e-01
5.190868556135707079e-01
6.984335093827178653e-01
4.560165740958933567e-01
2.932068264183901318e-01
4.290549115049809292e-01
4.432774890430978276e-01
4.508158455209924087e-01
1.446348578085764780e+00
1.572982232876854791e+00
3.101629984034989795e-02
1.612473145616102844e-03
8.759180725132834078e-04
4.981225867467283241e-01
3.316064567898264204e-01
2.786796768851028672e-01
2.147064439235438493e-01
3.244346927673140146e-01
3.354474549986411480e-01
3.471368997602620743e-01
4.495911610919848811e-01
6.232477532222077121e-01
5.144352359179171774e-01
6.693029876716564130e-01
4.194894242140330132e-01
4.914468441964024437e-01
4.202181639248861456e-01
5.251513505093871048e-01
2.506075439266822191e-01
1.528842766370256401e-01
5.312649511744866881e-01
5.427138249487903909e-01
5.109551450110435544e-01
5.971472243653286327e-01
7.462777383670159415e-01
8.420291936268070598e-01
7.829191194656176522e-01
8.556829126068458136e-01
5.956828943944218052e-02
6.221665951290834135e-02
4.662143984216734482e-01
4.656510818208506319e-01
4.070307095999590175e-01
4.167384201938479360e-01
1.638491156546701744e+00
1.742762368205823309e+00
1.582422946147074239e+00
1.354102768099259800e-03
2.122593112474006980e-03
2.664364312442501028e-04
8.705229880629114514e-02
8.823571461755472800e-01
9.484747269219879762e-01
7.568566140169521450e-01
6.387072541638675327e-01
6.546131078261997471e-01
6.313920368195574673e-01
5.975378580274138818e-01
6.525366886904219177e-01
5.736107340974054836e-01
6.848659236089226221e-01
5.625953691755992692e-01
6.703453631167244353e-01
5.740606888042661948e-01
3.290988914366710372e-02
8.014525310561043669e-02
1.693648775979586518e-01
2.592677543470679469e-01
1.930306270113534839e-01
3.124597970373244049e-01
4.771155426216516782e-01
7.315499432825818271e-01
7.331807793705998888e-01
7.089043735803313151e-01
8.216699441547460347e-01
8.424573599518220268e-01
1.319733756818123049e-01
3.509064962913302499e-01
3.956116696194562632e-01
5.408740440998871524e-01
5.805759008447868297e-01
3.921099658258554443e-01
3.904041560628742635e-01
1.654983186149844521e+00
1.570465866484221484e+00
1.746175524262156891e-03
4.524262683728726663e-04
4.533803242511864608e-05
3.860661979887667489e-02
7.343321495602799232e-01
7.766528801544924088e-01
6.148067596034548776e-01
5.308171489256217068e-01
5.075460341959058264e-01
5.275517884739628904e-01
5.930012539037181618e-01
5.942559103191726866e-01
5.029424181232958757e-01
4.236844887456220343e-01
6.796926822321387451e-01
7.851182158628283725e-01
5.384510147684767878e-01
7.092332227260462751e-01
9.397547667387841086e-01
7.294928797483991589e-01
7.489217306869729862e-01
5.591602668133416332e-01
6.623723748894940755e-01
5.283189051581705931e-01
6.778266331018707458e-01
5.773652588519165851e-01
1.885473159780110819e-01
6.449005778913773357e-01
6.628993058498069413e-01
6.489697528364956058e-01
8.214038961615365286e-01
4.933710502577897117e-01
5.680427718110145907e-01
1.622230488081539690e+00
1.710511165453016957e+00
1.547495291951240803e+00
1.548386593261777172e-04
2.417449755678333055e-05
2.077132059780998176e-06
3.845496788333092608e-01
6.412420880331897166e-01
7.869719866426988508e-01
5.705918713470375936e-01
7.653422473970020734e-01
2.876559351674579657e-01
3.292693481187144444e-01
7.347183372575311067e-01
7.135525240360495181e-01
5.790898751365766151e-01
5.865978445884098003e-01
7.840912102455811494e-01
7.005644411757452339e-01
4.102988313290276690e-01
2.977846888541567649e-01
6.424140581793169602e-01
7.002201992763977811e-01
5.696384352203924806e-01
3.077993036854589359e-01
9.539455713630986544e-01
9.454900139724015107e-01
1.616544929847191892e+00
1.426623350970795068e+00
-8.156733357564721059e-06
-8.330264803092244437e-07
7.488687185282597580e-01
1.319161692826462895e+00
7.271616581082467334e-01
8.637649721695819238e-01
8.034476769655197748e-01
5.744445448039280366e-01
4.416108933524590108e-01
2.825912820735920206e-01
5.435293532179449327e-01
1.593041139904613768e-01
1.520578194797615468e-01
7.460645199721003262e-01
6.900435313667090398e-01
2.273613341145716005e-01
1.449143105438308043e-01
9.491114368085226127e-01
1.435140649474387686e+00
1.477095344424453671e+00
1.425054701918822220e+00
-6.128812681092033760e-06
-3.000077729176931923e-07
2.083733531926554659e-07
2.032148656365696304e+00
1.030367638789236873e+00
1.028640810366500569e+00
8.769145585736948245e-01
1.190295822384473956e+00
1.205582608013028745e+00
1.099019218100359296e+00
6.189306294544018039e-01
1.215902819639424898e-01
4.525670351843621986e-01
1.711925638882109135e-01
4.779118966679041791e-01
1.626945164689322654e-01
1.002361128322912132e+00
1.466449096035576050e+00
1.462447523758902523e+00
1.841594306597049402e-07
2.381905342335232469e-07
1.736813046621617396e+00
9.482721270700300575e-01
3.830233652117690513e-01
1.123432596612241374e+00
1.120495435545331375e+00
1.138115498419482119e+00
1.147346319257293912e+00
1.148190698746752947e+00
1.376594654341180834e-01
6.582480193142348224e-01
2.325215597693221781e-01
2.165911509599975637e-01
3.306981329768347577e-01
3.237646137131841018e-01
1.082392770887515399e+00
9.109592579656388134e-01
1.306568761390310973e+00
1.113448336821291962e+00
2.007077380478533932e-07
2.392590126374755162e-07
1.373993300553544072e+00
6.492181925584266100e-01
1.064847480473043895e+00
1.121728864025389072e+00
1.098282750957705556e+00
1.095842880428708144e+00
1.054897879502645797e+00
1.049848676760447574e+00
1.072253475302121783e+00
1.097316539661141288e+00
1.110604116061992830e+00
4.326506911867354921e-01
4.607168447372720910e-01
1.086901611988854821e+00
1.088696649661105020e+00
1.126938302329106190e+00
1.067978691316413098e+00
1.106644324871699281e+00
9.163994275649656185e-01
1.441779541973527423e-01
4.525537406802578877e-01
3.986866141086892190e-01
3.584607141730259405e-01
7.704080135728973433e-01
4.443670127965839711e-01
1.592160022236107110e-07
2.569001856290662371e-07
1.250497480520913696e+00
6.639894959698687815e-01
1.130231809094493611e+00
9.653250330948468516e-01
1.071083896952760739e+00
9.862330924355541262e-01
1.021804842950339243e+00
1.049760852766614017e+00
1.049879635377684917e+00
1.056040037388943365e+00
1.064970765461178193e+00
1.069969764690886338e+00
1.096869967798344891e+00
1.165749696024563908e-01
1.050300955205602405e+00
1.072057226741667701e+00
8.361845450718349282e-01
2.730564490469887806e-01
1.261715202508351563e+00
1.058959154034825462e-01
1.529539385009074862e-07
1.985000451770565561e-07
3.263432600941388317e-01
4.507770695524597193e-01
1.094878874188587758e+00
1.094896910413660329e+00
1.103963469863003866e+00
1.107922542959933088e+00
1.091137211411835617e+00
1.014562745340606753e+00
1.002725523692868270e+00
3.584327271754514932e-01
1.389847028179653332e+00
1.606179426314321645e+00
1.404240342646208228e+00
1.436335825342046402e+00
2.128514677482946232e-02
9.704737643535786031e-04
1.102676274884945171e-07
7.049491700379568727e-08
1.155122216211078759e-07
8.701939507640500393e-01
1.087995360955245294e+00
1.001163996945935830e+00
1.019184706869594503e+00
1.053321827488110429e+00
1.056280964839620307e+00
1.067343742280397079e+00
1.102795404316757821e+00
3.852145909424072867e-01
1.522424446994834923e+00
1.563080112966161561e+00
1.172509115583553418e+00
1.332738568675665869e+00
1.643142379723015800e+00
-3.571760585711327091e-04
6.950089936693526733e-09
4.696970422728372340e-08
3.697909756879326770e-01
3.648247502115264385e-01
1.294382973457723018e+00
1.283326090734560720e+00
1.312304696101401547e+00
1.333281028076060748e+00
1.392249243847372364e+00
1.576358551667872199e+00
-3.332713087726135986e-04
6.613122738817804819e-04
5.384202045786999889e-09
7.378947029404877717e-10
1.341619052158844321e-08
1.920604215176642482e+00
1.648517731315250812e+00
5.316702665843431319e-01
9.247424123983349897e-01
1.160062629350004704e+00
1.233131441955628738e+00
3.685911737267680874e-04
1.690395127177420748e-04
1.113108133521400397e-10
1.209814638030371523e-10
4.362012804014176382e-10
2.889836407820612717e-09
2.252397127505119556e+00
9.739007690684573721e-06
-8.567359710130010328e-06
1.782520321730853451e-09
2.116471173246303270e-09
6.254469890443836516e-10
4.087232899471631511e-10
2.656633746969859544e+00
-3.692474149153264622e-06
-1.045715042548329886e-06
4.086124136617478342e-09
3.939797120625726124e-09
3.256694691838462116e-09
1.562700072621317311e-10
1.689819240528730940e-10
3.165630646688728511e+00
2.230955951091690981e-01
2.321673422398705389e-01
1.881896772279806063e-01
1.350217674509254506e-01
8.634383545797323645e-02
4.815866007367191476e-02
2.184595290905410117e-02
7.282392885998249105e-03
1.366620744479075207e-03
3.220281660308872002e-04
8.348859504154460508e-04
1.037601859786422805e-03
6.708608052849318474e-04
2.462494604975206292e-04
5.713268542526040773e-05
-2.083597036937866469e-09
1.893327034970331101e-08
4.316703748630077804e-09
2.966436117464470595e-09
1.871614033974959229e-09
1.690526894553104172e-09
1.698961662718457166e-09
1.645498377738485698e-09
1.418296437193002312e-09
8.448085280126475706e-10
3.081912397729036529e-10
3.856875559563247347e+00
8.021792655890536139e-01
8.262591439462948495e-01
6.348405213586810758e-01
4.743720192547599690e-01
4.342101218049593259e-01
4.477834596234996356e-01
4.613155829178461342e-01
4.313992252142649364e-01
3.730988255728169833e-01
3.126804313670817903e-01
2.633716161739401151e-01
2.337127034467536557e-01
2.248753492734154591e-01
2.288810034830663920e-01
3.724569817420283156e-05
-2.579946071935054923e-06
-5.292008860356261910e-07
1.432906306592838662e-08
4.958391841905564590e+00
6.430392482742586235e-01
7.687008162655494248e-01
5.843333745262646595e-01
7.485933559528378245e-01
7.592464591965002008e+00
1.106847206956440122e+00
1.101035064677164277e+00
1.094384703468852305e+00
1.073767015212547138e+00
1.068680882654023501e+00
1.079371978836150880e+00
1.098956472597721445e+00
1.105712390457873173e+00
1.105991592038939153e+00
8.671620772656343235e-01
9.156889595028061546e-01
7.898687482167363605e-01
8.301672924588555658e-01
8.911222717057465381e-01
8.169837460238204008e-01
9.713198365579010840e+00
1.507869437359730647e+01
6.538656545023028954e+00
5.190627512786854858e+00
4.736138007308480447e+00
4.462134815250045072e+00
4.255308586961297657e+00
4.078271241991998863e+00
3.914544260464675851e+00
3.756328821613140967e+00
3.600799973141689314e+00
3.448147298483285716e+00
3.300185522324463161e+00
3.159320354699040045e+00
3.027857598567991193e+00
2.907636794506326616e+00
2.799919956545749766e+00
2.705432980730692272e+00
2.624458424022865888e+00
2.556908023750892323e+00
2.502346809824104401e+00
2.459981361402513667e+00
2.428649291495855067e+00
2.406849218342343555e+00
2.392832773246317934e+00
2.384751803639291623e+00
2.380826736903551843e+00
2.379486471977469986e+00
2.379431983574368470e+00
2.379594832448184150e+00
2.378992363332719240e+00
2.376515238805994024e+00
2.370712210483771010e+00
2.359655313736450655e+00
2.340969525223269176e+00
2.312085966276063331e+00
2.270719636530621699e+00
2.215485479941957436e+00
2.146477743906569646e+00
2.065596561592630387e+00
1.976457714874378713e+00
1.883866607380502600e+00
1.793011405539736369e+00
1.708637312928728447e+00
1.634445193047414646e+00
1.572835350865132265e+00
1.524972441472760343e+00
1.491055036390104505e+00
1.470654864832089626e+00
1.463020019534522431e+00
1.467276855187176432e+00
1.482499515168366644e+00
1.507647812806923282e+00
1.541412046209556630e+00
1.582043257775273215e+00
1.627269783109854151e+00
1.674382945204827111e+00
1.720510281783738771e+00
1.763005846460018455e+00
1.799816604784337581e+00
1.829670081045817298e+00
1.851980121468970397e+00
1.866459389750510844e+00
1.872518302460570716e+00
1.868590872174724193e+00
1.851549235348253664e+00
1.816344553353355984e+00
1.755907202775541354e+00
1.661125812594073770e+00
1.520316583610162420e+00
1.322405811338018600e+00
1.081827819261856449e+00
8.677704406758499633e-01
7.974154022669401876e-01
8.783073398869415405e-01
1.018086686327251744e+00
1.088690527707955269e+00
1.119551370195830842e+00
1.109038407700946971e+00
1.093818351404074907e+00
1.080349572693904747e+00
1.091642793137281631e+00
1.084263423354246525e+00
1.045626473884798235e+00
9.908577230795464486e-01
9.154272890108793304e-01
8.594309354001488099e-01
9.014987894329575813e-01
1.058939268442248949e+00
1.274216497422484995e+00
1.474542931113749455e+00
1.544145804155012902e+00
1.430913857669366740e+00
1.207419195340009521e+00
1.003547526728437722e+00
9.153856604589387658e-01
