1.801100148616278318e+01
1.140039645483751940e+01
8.830502488989514731e+00
7.418644052729667315e+00
5.666402645025954143e+00
5.014025989953597495e+00
4.602540016428251057e+00
4.293756940178013792e+00
4.042428404405709941e+00
3.828225930104692587e+00
3.639915137381198207e+00
3.470663097535088948e+00
3.316065512411047411e+00
3.173179922071696968e+00
3.040005943798789190e+00
2.915186538856290088e+00
2.797823427312965627e+00
2.687352211757203513e+00
2.583449284895294795e+00
2.485956793411788102e+00
2.394819438330277883e+00
2.310030502372643291e+00
2.231585940186811445e+00
2.159445830345298134e+00
2.093502752322164095e+00
2.033557150163580296e+00
1.979300582860537672e+00
1.930308734379345692e+00
1.886046692596295760e+00
1.845888699005402867e+00
1.809152847143259635e+00
1.775148092517252030e+00
1.743227240068270678e+00
1.712836803824459686e+00
1.683554384504737156e+00
1.655107221694466668e+00
1.627371045771466074e+00
1.600354100798802914e+00
1.574174746355119447e+00
1.549040905528938916e+00
1.525236081557578283e+00
1.503111466479275959e+00
1.483079056926579931e+00
1.465598363487160327e+00
1.451149743616076071e+00
1.440189917125436869e+00
1.433088562664033061e+00
1.430048075229128024e+00
1.431011653010146212e+00
1.435569073094020043e+00
1.442876279756373892e+00
1.451614186984537813e+00
1.460020200168551607e+00
1.466024767187146249e+00
1.467505412998813652e+00
1.462629398493630051e+00
1.450206263967028564e+00
1.429941123543474024e+00
1.402496185369592974e+00
1.369333833095353725e+00
1.332397657388981527e+00
1.293741238529252602e+00
1.255211734088108599e+00
1.218248077260748463e+00
1.183797443881111855e+00
1.152319635734785130e+00
1.123845157863558653e+00
1.098066997672820344e+00
1.074459947879727206e+00
1.052423257294158754e+00
1.031432816286659726e+00
1.011177336017399675e+00
9.916495522892687653e-01
9.225977890780497903e-01
9.262558893697905305e-01
9.354362841846418641e-01
9.681190439242435275e-01
9.886038947923543319e-01
1.008136258270578622e+00
1.022361109364385401e+00
1.025572988453406609e+00
1.010812687145697941e+00
9.700164282936106774e-01
8.939079931966634751e-01
7.721790369858532177e-01
6.053511320797174688e-01
4.436411112869794726e-01
4.486614407311851349e-01
4.519788820464180623e-01
4.545706485387523421e-01
4.519050708774692282e-01
4.512735537598297486e-01
5.649142743879247419e+00
4.440828366857476617e-01
4.487832807831859672e-01
4.529676300109350406e-01
4.497133576034246794e-01
4.522655156567250145e-01
4.358303704056806893e+00
4.424099758288196349e-01
4.523146694678160662e-01
4.528006937011299637e-01
4.469167030254421191e-01
4.467314920890592123e-01
3.578403940305273423e+00
4.364379956347669287e-01
4.494780784215406388e-01
4.469174680104786579e-01
4.463857217194994731e-01
4.472076032524775480e-01
3.023226160585918976e+00
4.386742270430592505e-01
4.510137461580668305e-01
4.516955393119878037e-01
4.478011858094120834e-01
4.446063931473419606e-01
2.593730424362587161e+00
4.390230425029538197e-01
4.443657127950280117e-01
4.498798118254194178e-01
4.484730007969591759e-01
4.614763981689691819e-01
2.244846922746256634e+00
4.416638775848300003e-01
4.406816160488263856e-01
4.478571413029086568e-01
4.445732597848519596e-01
4.444787490664859342e-01
1.952478387154524153e+00
4.347328136021289535e-01
4.445753223096339246e-01
4.590515243385734356e-01
4.373684645687302974e-01
4.403086831065591844e-01
4.406672243598563354e-01
4.353987295314920569e-01
4.620711175572630447e-01
4.259363558320052867e-01
4.794830145653721787e-01
4.890675355751089581e-01
4.876705953193567478e-01
4.402494468626114155e-01
4.468433708719429243e-01
1.296027030117240963e+00
1.485331408464808378e+00
5.033007579310260216e-01
4.972341549506791858e-01
5.700795164702228135e-01
4.487364499618736735e-01
4.580703961535957935e-01
4.433695474790104729e-01
4.524841169631282911e-01
4.592686917570009131e-01
4.649663329415338886e-01
4.709439099565153053e-01
4.704776022073183794e-01
4.752944808826585210e-01
4.387685828374772168e-01
4.367519027672282506e-01
4.617132262838900547e-01
1.127452745818608326e+00
4.391025134756379456e-01
6.150492886623224464e-01
6.504620774380851511e-01
6.301680688965856092e-01
5.202725314320195693e-01
4.346874385795952422e-01
4.170489737317512602e-01
4.311651914043688194e-01
4.503954227972420399e-01
4.582115238206188046e-01
4.616620746600124670e-01
4.616817656126411817e-01
4.652578147563856126e-01
4.601915620895727366e-01
4.626054132117166096e-01
4.246045296308513239e-01
4.567420098072868528e-01
4.610243324550552524e-01
4.632762047135359218e-01
4.677966593325921796e-01
4.777953714822876230e-01
4.713350433271183970e-01
4.357614887757392252e-01
4.392982965300458176e-01
4.546788801074002073e-01
1.028918871012901803e+00
5.169274282086571137e-01
4.990314246288312661e-01
4.636772395981323958e-01
4.930645857538315524e-01
4.585604468518836851e-01
4.582067517137987100e-01
4.574991706451880247e-01
4.574970010972813084e-01
4.579500521347562580e-01
4.580712983945147698e-01
4.585332955799102383e-01
4.591065485440299354e-01
4.613126696698371942e-01
4.649555718190616083e-01
4.615244412815513453e-01
4.404129658338098441e-01
4.458361852747476095e-01
4.507089832185272038e-01
4.651346719553520193e-01
4.644796692444731478e-01
4.680524693719510521e-01
4.798563839167281353e-01
4.767428216422814891e-01
4.380095623359502865e-01
4.402437311833813371e-01
4.438964326093403634e-01
7.989875595010642595e-01
3.952679355557865981e-01
3.963804924299184074e-01
4.864054181658140630e-01
4.441501608979173676e-01
4.516984180291077622e-01
4.525462708003765155e-01
4.607006933195954557e-01
4.583817940012806513e-01
4.579581750075429891e-01
4.575339693906154692e-01
4.577933069188367954e-01
4.638305540722717502e-01
4.580857960948988006e-01
4.415700421015077426e-01
4.477646421860114190e-01
4.455475867501084153e-01
4.664294281493425176e-01
4.652928307176283362e-01
4.700194946304099286e-01
4.769721462194093098e-01
4.854967924433063464e-01
4.407425503425226876e-01
4.446482770807342333e-01
4.353491891478892262e-01
4.522285080514304445e-01
4.533261823388811118e-01
3.870890923520616256e-01
5.113290502350706923e-01
4.735544435680962283e-01
6.496906250360183765e-01
3.508046792348200604e-01
3.928474372466646547e-01
4.536371048310270382e-01
4.655591497275440305e-01
4.662891462600937675e-01
4.607572617614081878e-01
4.673896441842826932e-01
4.490255957110101392e-01
4.533399075208588425e-01
4.834584800638946911e-01
4.704004274713183276e-01
4.437657336450086532e-01
4.471268828495207348e-01
4.429858779817510417e-01
4.654287317002150925e-01
4.674525494580270557e-01
4.779156996367019961e-01
4.749886423440640715e-01
4.436699063150628675e-01
4.446825747552947128e-01
4.381828255490234358e-01
4.525259030660453430e-01
4.500437606510379607e-01
4.572663010166776454e-01
4.735168212516368547e-01
4.811535853312397526e-01
3.906315897840003659e-01
5.348933638788039291e-01
5.309742006970271655e-01
3.962313887925187905e-01
4.672468635213392618e-01
4.560685656568860269e-01
4.546624670569253124e-01
4.564370882950835040e-01
4.587540519566927766e-01
4.594074084638963273e-01
4.608068594840425414e-01
4.639829846300210781e-01
4.688253509753340098e-01
4.769998951316963831e-01
4.465967826758649450e-01
4.534361684614774402e-01
4.542677651047682952e-01
4.523987327379092593e-01
4.698466301089657127e-01
4.424486885390581659e-01
4.408435140521215767e-01
4.603269257438526441e-01
4.590936845401532018e-01
4.613710220113071969e-01
4.674315183634347726e-01
4.439598401847997811e-01
4.463411534967914318e-01
4.444677382984122405e-01
4.741157483174317511e-01
4.659135491131513040e-01
4.673349762968531662e-01
4.807030098096889414e-01
4.429752553009715377e-01
4.419958611869344578e-01
4.416726180659869549e-01
4.504677450660163340e-01
4.474796141073790756e-01
4.585371750296726723e-01
4.724536316310074535e-01
3.825903945778213466e-01
3.930121682084048995e-01
4.663942953489831900e-01
4.381383804170993490e-01
4.232688457726828668e-01
4.484303336046910893e-01
4.480147639409961524e-01
4.541043337989085771e-01
4.770071607046352802e-01
4.801942374253892476e-01
4.738741591368195172e-01
4.838416438497527561e-01
4.892294919650422291e-01
4.453936541403683003e-01
4.537837987351523439e-01
4.522084667809267988e-01
4.804035421531657191e-01
4.364218982394919566e-01
4.579225559837514226e-01
4.619410228169290034e-01
4.756787636569607680e-01
4.440087397193013263e-01
4.494045293626342530e-01
4.335682808336344674e-01
4.380967305712717419e-01
4.432154200976028413e-01
4.492581860421137052e-01
4.465948925847924578e-01
4.463563184134670681e-01
4.568262676538745182e-01
4.779287416619765194e-01
4.965361926143375126e-01
4.204721385647135490e-01
4.138578726348745573e-01
4.479656560327707759e-01
4.766383519316816919e-01
4.889002519231752109e-01
4.450889126113639072e-01
4.478524858351461968e-01
4.691431837455452558e-01
4.759282299210729206e-01
4.600219995139350204e-01
4.474246992047085092e-01
4.339118133109373110e-01
4.543241440147732235e-01
4.623470436312985821e-01
4.498184502493857151e-01
4.484455424148452996e-01
4.512123484878909907e-01
4.634592150798115262e-01
4.885577995238808424e-01
4.634274971501490259e-01
4.379174668577658358e-01
4.393597247530716676e-01
4.568929427684341738e-01
4.614890647516992073e-01
4.657304890442047207e-01
4.466746379659040089e-01
4.485713121308316786e-01
4.384394538519421070e-01
4.598726888780393374e-01
4.623025351389978832e-01
4.536840720209943112e-01
4.696611709995123229e-01
4.810753614504867937e-01
4.948891523044881002e-01
4.420634390919486179e-01
4.426412780907111877e-01
4.590872154129446714e-01
4.479656429593895095e-01
4.502990661446616416e-01
4.684271358172447108e-01
4.664770572283871153e-01
4.678957380544478961e-01
4.566983807430172182e-01
4.568508377181652036e-01
4.589800524046284136e-01
4.799124269326918713e-01
4.435722921525141471e-01
4.466518467062466913e-01
4.427341189300406654e-01
4.689722061798735075e-01
4.941556943650005640e-01
4.887821504556280616e-01
4.291306138915060853e-01
4.294460087442529828e-01
4.474909330817142816e-01
4.520812833376663398e-01
4.551812416927547011e-01
4.744000763295015410e-01
4.459875464202770479e-01
4.489615296970063119e-01
4.495615600913580590e-01
4.643784192814947587e-01
4.690897305643372817e-01
4.425049804186704794e-01
4.599965552671355651e-01
4.634952252764179548e-01
4.612160197505554837e-01
4.465118821275089744e-01
4.480262916527595896e-01
4.458475503593190559e-01
4.703334167691567980e-01
4.497370388803105801e-01
4.509641369784382348e-01
4.648002493046886063e-01
4.764860530457721843e-01
4.967411966456138361e-01
4.410574029783717043e-01
4.341751562631733230e-01
4.670354043822736445e-01
4.441678966916565718e-01
4.431366823936755406e-01
4.676638763830957557e-01
4.723930379571449900e-01
4.702277036334802651e-01
4.620815568384653016e-01
4.572264259681591558e-01
4.532732387860600176e-01
4.587153555591633181e-01
4.428720392104901760e-01
4.482292491165603687e-01
4.487797271550159617e-01
4.666367263080903327e-01
4.745831483491927405e-01
4.381444437076902898e-01
4.522907369532704891e-01
4.557330784722229966e-01
4.542286528678333712e-01
4.721860097294723890e-01
4.436263378958560932e-01
4.482251472651616608e-01
4.517230246635035029e-01
4.505763325692441756e-01
4.756089765588348284e-01
4.699211696269672278e-01
4.381447179022358585e-01
4.336197764397156096e-01
4.621874498709173107e-01
4.622901503171680804e-01
4.659389837931247058e-01
4.437704905627710139e-01
4.470765617014139104e-01
4.588765312645620154e-01
4.688012060879183096e-01
4.716891579664682643e-01
4.439973844027966798e-01
4.667564399555549359e-01
4.749829179610883245e-01
4.950331186647192183e-01
4.395607782739344160e-01
4.457898850905334109e-01
4.441665456982912263e-01
4.430524540081925977e-01
4.385983975008718727e-01
4.470017526192700541e-01
4.730364588691762240e-01
4.738989961878804502e-01
4.550936575282415464e-01
4.555209298389019668e-01
4.560715066677381579e-01
4.452464472203593315e-01
4.494564682431901881e-01
4.571525950438405372e-01
4.591756727292983231e-01
4.557268859054701138e-01
4.426249071907422672e-01
4.465973247554842485e-01
4.535528805292673993e-01
4.582741983316182544e-01
4.584369008019336666e-01
4.461546777268190489e-01
4.447109205784395836e-01
4.514088678654239462e-01
4.521076283530560680e-01
4.502817377389082276e-01
4.573728987115902034e-01
4.477768816263113516e-01
4.600107178661303475e-01
4.619352483878625959e-01
4.614772014910316078e-01
4.412359569404810111e-01
4.481341944928363685e-01
4.439225597218667829e-01
4.449359218392335280e-01
4.758909392056334120e-01
4.452098456979505792e-01
4.403693282838408996e-01
4.678430528324213356e-01
4.721725744831942739e-01
4.970210587339831121e-01
4.423479753130127312e-01
4.591268142813483832e-01
4.414851946746726208e-01
4.415417328268103070e-01
4.723404172787184496e-01
4.736660735055238103e-01
4.542725316318106388e-01
4.542664974548354384e-01
4.529082144732092807e-01
4.670842330785386354e-01
4.465971097453020344e-01
4.267359457830072200e-01
4.742509867970300386e-01
4.260618085114925013e-01
4.586202226884285582e-01
4.567943154919038573e-01
4.608174000255911840e-01
4.633850783712124555e-01
4.558189088930572064e-01
4.420329164986239734e-01
4.616181212995555394e-01
4.616883216944537294e-01
4.582859911371351957e-01
4.361641168121292433e-01
4.566255899636455506e-01
4.563677463788869959e-01
4.415678218037723535e-01
4.684648645590487326e-01
4.690623617209637164e-01
4.981363133599053805e-01
4.419459332365369142e-01
4.456025391143279002e-01
4.422239954006570994e-01
4.404639314614227086e-01
4.364996620306225705e-01
4.692624580640986087e-01
4.716893042155587690e-01
4.530293241631914714e-01
4.565733426215545787e-01
4.585685772915755742e-01
4.692401906768087216e-01
4.498336168622438791e-01
4.574629232762703612e-01
4.590558789925441863e-01
4.588311404898827717e-01
4.745813360959217908e-01
4.442424090196540609e-01
4.177849432272220942e-01
4.626579657496427966e-01
4.610252693170065474e-01
4.623695760314917580e-01
4.301705779534579777e-01
4.480008306110304095e-01
4.708796934795528855e-01
4.724038996734651885e-01
4.812192761710819555e-01
4.450136123906011654e-01
4.435934421444256426e-01
4.407377261703736560e-01
4.390199804828164298e-01
4.632209330491482979e-01
4.704402000065885381e-01
4.593043912013360375e-01
4.605784593100282209e-01
4.640271329169463055e-01
4.535076236998534793e-01
4.581235122113188063e-01
4.614658345969669950e-01
4.637985817695090551e-01
4.509432411980551780e-01
4.616729337147075785e-01
4.590453442855215171e-01
4.656445351388880938e-01
4.447140754805029572e-01
4.765279496630368539e-01
4.755983383192798897e-01
4.468821307584201485e-01
4.454801748420557650e-01
4.406448358129623766e-01
4.438893490933065733e-01
4.511960574215418407e-01
4.693591695710945810e-01
4.743966830088604536e-01
4.687378369835931702e-01
4.599886026771674574e-01
4.599754989761607460e-01
4.569785594424362607e-01
4.719822882223085325e-01
4.601232487777889291e-01
4.689123408825959793e-01
4.599560117740796872e-01
4.596483100525197707e-01
4.700034770550302610e-01
4.512414023235769567e-01
4.567597748179912931e-01
4.355131982775143906e-01
4.575597965788888999e-01
4.523821303051340226e-01
4.764385149170558553e-01
4.726922848810581335e-01
4.847880530505690455e-01
4.476199934897086563e-01
4.469809689799423835e-01
4.422382208922539526e-01
4.401760747971863452e-01
4.759735334143466168e-01
4.730520514244007657e-01
4.573976573555401659e-01
4.563942239448343652e-01
4.711880101158202883e-01
4.567861902992985668e-01
4.613213833641954809e-01
4.583140661101494651e-01
4.584983297318869222e-01
4.521634198010332506e-01
4.575890794806208861e-01
4.592701194960009392e-01
4.552857244192867747e-01
4.608905910485322499e-01
4.544135900226256020e-01
4.492379390777463954e-01
4.609120263883754176e-01
4.714276072628660885e-01
4.696349033325042943e-01
4.866092978163871763e-01
4.468800367832183595e-01
4.500756233157955921e-01
4.385477110301443382e-01
4.419059630113024717e-01
4.695681153019183873e-01
4.698748390902060534e-01
4.557809851875256890e-01
4.567632878994389856e-01
4.643469111606756128e-01
4.575238805230964489e-01
4.642709471923516240e-01
4.734519370409114303e-01
4.512937817853890921e-01
4.571617708778057954e-01
4.566149118587196076e-01
4.525372452422241065e-01
4.487523152563843154e-01
4.540517016744214929e-01
4.768382260529800409e-01
4.876456044970641779e-01
4.497482274925747037e-01
4.510335344626978937e-01
4.383199372999200261e-01
4.399811723366198746e-01
4.660071347033083455e-01
4.701322292917826662e-01
4.532422440208599967e-01
4.638324997430467445e-01
4.298917127137198979e-01
4.574954147958003592e-01
4.588277185379365242e-01
4.503372557583321112e-01
4.573511323120889038e-01
4.574951388924013429e-01
4.540086895240141862e-01
4.527998561142645984e-01
4.514925525794123429e-01
4.572005932778023252e-01
4.516903688781840898e-01
4.610253481506001449e-01
4.528743022718473843e-01
4.537720579417636180e-01
4.520909283335461382e-01
4.879969165922560803e-01
4.518422414532060061e-01
4.509416412029210730e-01
4.516184025413572112e-01
4.404846141270289950e-01
4.435011191207580694e-01
4.511600952321292435e-01
4.677380540781660434e-01
4.738112831258927127e-01
4.709183710126815248e-01
4.267543050847150687e-01
4.577144782244628729e-01
4.562590163639653751e-01
4.624259529566860927e-01
4.612971313575821575e-01
4.518338757352562962e-01
4.540198216938735043e-01
4.377291336767971663e-01
4.502743833200005263e-01
4.573141689065506887e-01
4.596140205853664895e-01
4.558429648954396285e-01
4.527046976105071341e-01
4.519835789531828074e-01
4.528851664901840102e-01
4.545272332240924973e-01
4.518287675085690402e-01
4.534451432437947016e-01
4.574348170654067847e-01
4.539414600966138469e-01
4.523573927114594162e-01
4.554043352051698190e-01
4.517403538293168208e-01
4.524775286553174292e-01
4.433364003949189502e-01
4.467211846982372392e-01
4.720312301838802127e-01
4.755925574143184953e-01
4.528361156326683457e-01
4.336769078083213547e-01
4.560351113802602607e-01
4.588553470147623270e-01
4.539971120175254615e-01
4.607128896039522914e-01
4.582799891742845300e-01
4.541255297321636908e-01
4.530614249576579988e-01
4.575909439544265656e-01
4.598071059298597385e-01
4.483110861290132698e-01
4.526459290214089881e-01
4.581635093488558019e-01
4.544040271194355052e-01
4.535144785719427696e-01
4.575946892131635413e-01
4.547349250558422873e-01
4.524474452798160629e-01
4.539936414010491417e-01
4.532591263448166874e-01
4.605272526970968228e-01
4.658545406613119333e-01
4.744051080497950212e-01
4.569122242291435709e-01
4.520793215079316196e-01
4.537634250543574610e-01
4.391503198811938513e-01
4.420326324411891772e-01
4.682640551825417163e-01
4.743309298940761587e-01
4.352203029918781940e-01
4.376918379255567704e-01
4.625189872536157321e-01
4.873108596640591261e-01
4.532575914095226532e-01
4.430143547656110736e-01
4.553821629313537511e-01
4.555062339877978261e-01
4.538880031591442377e-01
4.673843056269069707e-01
4.551899684654476252e-01
4.533276301435278377e-01
4.555003427145703498e-01
4.558123312472698863e-01
4.448784447391284647e-01
4.486003281718924929e-01
4.553871495001545200e-01
4.580829361682394185e-01
4.601041383648431515e-01
4.501256646265381356e-01
4.567950943949188325e-01
4.562037784559390130e-01
4.543220318025963378e-01
4.547281528464332534e-01
4.551046519906621901e-01
4.548905438651730249e-01
4.547842975880234673e-01
4.530049117640864154e-01
4.460561206424694669e-01
4.611909188296893225e-01
4.680237575758229851e-01
4.702684498494786314e-01
4.518258822702262423e-01
4.548511538485335848e-01
4.399204247014856239e-01
4.384767658299129067e-01
4.656869594781464228e-01
4.710612540567917783e-01
4.404481092208709647e-01
4.646612374043282423e-01
4.770300271204647724e-01
4.467522766203706475e-01
4.468157157936344936e-01
4.537947845965152327e-01
4.519042685091650413e-01
4.526962569179592832e-01
4.653690632721939058e-01
4.576738683961215082e-01
4.538373296300007298e-01
4.564674114827855234e-01
4.567278367593853305e-01
4.474178910769600614e-01
4.517752772580925225e-01
4.568627379395082122e-01
4.609673177541341316e-01
4.559449379378818223e-01
4.516338993354735432e-01
4.566099080117441700e-01
4.541051264636449813e-01
4.548739356047715177e-01
4.540353146237290360e-01
4.570034331176077713e-01
4.541701891936759106e-01
4.530130976681323030e-01
4.506695101392055869e-01
4.595643692472743957e-01
4.675521238650923173e-01
4.711454612506417172e-01
4.512559473448570779e-01
4.553155763295305691e-01
4.418311699069316090e-01
4.422744268608207463e-01
4.471827380852411160e-01
4.661388796580276939e-01
4.719028651849326850e-01
4.707496031941145187e-01
4.491587782472262202e-01
4.381036882968158963e-01
4.748345021740388860e-01
4.757786982870070291e-01
4.447903901042654651e-01
4.483831341180457009e-01
4.522678168474803528e-01
4.536868005944336146e-01
4.562624192003813528e-01
4.551984623189355705e-01
4.564880588721264010e-01
4.561250003674165998e-01
4.566242834933115224e-01
4.481570182172174288e-01
4.485515288354087193e-01
4.561630609660975999e-01
4.573683707071924953e-01
4.597312424637555739e-01
4.544008306658242624e-01
4.485695895585531390e-01
4.556819748734697861e-01
4.562833472848588090e-01
4.539607745814753237e-01
4.506543394253108015e-01
4.534842910715053410e-01
4.545093687522243631e-01
4.558651437866416689e-01
4.555942440922599590e-01
4.562287640165874070e-01
4.688420115694492130e-01
4.745824325399652377e-01
4.502456382599729356e-01
4.551665603704677099e-01
4.445928309115347865e-01
4.459796953897654515e-01
4.681947706307867940e-01
4.759510590627338278e-01
4.383109847012518490e-01
4.358253126648728437e-01
4.748868895720882444e-01
4.735382519535575874e-01
4.470637971022680124e-01
4.497094900531401485e-01
4.500715679878497522e-01
4.536423647841321682e-01
4.517876897673910874e-01
4.513167836567263946e-01
4.607914384660891649e-01
4.553298820022749771e-01
4.492985148022551334e-01
4.501015833536291533e-01
4.542349775124956968e-01
4.574074587738236608e-01
4.615466076927401962e-01
4.508576965250948310e-01
4.497329493624531160e-01
4.588028543307568485e-01
4.561089803844729507e-01
4.556708549798704766e-01
4.523119163591673986e-01
4.542730505731206181e-01
4.542926668482296093e-01
4.561171793627120108e-01
4.550540897161244325e-01
4.575007754394760928e-01
4.550169827198453087e-01
4.675510499299999068e-01
4.702556233223722515e-01
4.530973925968250215e-01
4.570553329847996671e-01
4.396001611279492516e-01
4.408686474745093786e-01
4.670256424470684564e-01
4.680313905742125580e-01
4.320265573333972875e-01
4.383733938188034696e-01
4.745232390046760784e-01
4.678412375836342729e-01
4.403733214821805575e-01
4.488267455088116309e-01
4.549445400231101888e-01
4.550867721830751389e-01
4.551755894613470632e-01
4.545729681670755973e-01
4.536609260729190796e-01
4.492269969928491258e-01
4.525472734897278415e-01
4.551252780757520933e-01
4.574525822242352935e-01
4.419702916537982529e-01
4.513140201926197914e-01
4.609569791139810357e-01
4.559146215740536023e-01
4.545829948886574434e-01
4.558443104194799256e-01
4.546506669328708727e-01
4.537842760404123821e-01
4.551162490224747725e-01
4.510338453492924171e-01
4.560287848037576364e-01
4.541069116665779060e-01
4.549128868756924793e-01
4.699253737376015150e-01
4.667018374519227297e-01
4.555060930960392329e-01
4.394270131409261371e-01
4.351782257729597259e-01
4.656174792432553056e-01
4.605716476940630022e-01
4.898589649781502353e-01
4.328675563515834712e-01
4.465401866458088009e-01
4.763952761438778882e-01
4.718702756643271545e-01
4.482458507573924833e-01
4.507649472738984309e-01
4.527052525058215537e-01
4.585836551880235201e-01
4.535193888771322790e-01
4.469465396356890330e-01
4.512164236495046499e-01
4.569186980655543517e-01
4.557309358548176093e-01
4.653285479901045907e-01
4.423109412228592441e-01
4.497251079929718842e-01
4.601738042468128675e-01
4.572705170125073715e-01
4.548102200837093045e-01
4.550071434989818031e-01
4.541278246844066002e-01
4.543824449927220677e-01
4.476689236195378063e-01
4.557511136346191760e-01
4.552359007687568071e-01
4.552893228051401175e-01
4.681877676791060261e-01
4.628346136016929235e-01
4.656556248056542002e-01
1.158156354235181373e+00
4.412621346540536726e-01
4.383972932174698967e-01
4.384759517239017468e-01
4.619207240729072961e-01
4.501277449227315541e-01
4.711874050118224355e-01
4.496338959067367469e-01
4.504789357028535224e-01
4.554062286038314533e-01
4.466911434498228584e-01
4.474302223952360547e-01
4.560110066426749653e-01
4.545404620747917623e-01
4.552823106896750072e-01
4.540954784281010514e-01
4.538904616625249466e-01
4.545500592522459526e-01
4.525198630712346515e-01
4.495674214994337392e-01
4.516099193033892290e-01
4.564567208559264788e-01
4.555922332964706389e-01
4.617145125195059041e-01
4.633688527705924765e-01
5.595858333998027234e+00
4.351381152011556952e-01
4.463357582231448628e-01
4.916159496081761171e-01
4.816464089873679355e-01
4.513908581294099331e-01
4.468982584123219470e-01
4.583071855639531123e-01
4.538803180687732697e-01
4.472433931527691753e-01
4.455643070634162095e-01
4.514618205882500179e-01
4.659975707014873958e-01
4.585278521941574814e-01
4.544764628132547113e-01
4.522778711436840626e-01
4.544734673003215097e-01
4.531330419460846137e-01
4.519350816293520312e-01
4.628410905346984627e-01
4.619484293200501468e-01
1.727238856093929442e+01
4.240118251355108336e-01
4.422260386254349696e-01
4.735824058788505875e-01
4.935932383602519291e-01
4.536197342703598978e-01
4.473029083149746010e-01
4.545058771300838352e-01
4.527526655123231270e-01
4.340533537408010067e-01
4.536709197285597739e-01
4.464321180246394460e-01
4.654598830480634608e-01
4.542878789447371002e-01
4.559981830232391342e-01
4.622572113016575890e-01
4.536235416370272278e-01
4.641819102416428477e-01
4.596242253702524927e-01
2.765293844956135771e+01
4.468832301772494575e-01
4.680466407574195853e-01
4.676785413780168987e-01
4.570001490938263577e-01
4.553239563002294266e-01
4.522065875546052993e-01
4.573687581339127006e-01
4.553362841015404228e-01
4.496599413601195527e-01
4.559672616383703692e-01
4.640490775621547437e-01
4.574274438020297651e-01
3.151672055407060213e+01
4.427265116192919403e-01
4.937591935105152818e-01
4.674179511961250588e-01
4.469779114854752766e-01
4.526421129433987334e-01
4.540864402129060617e-01
4.652982566108863627e-01
4.553004766484826105e-01
4.560128893290442131e-01
4.536301411967110231e-01
4.640021050468071118e-01
4.595979936031933111e-01
2.765289997302933145e+01
4.237877844139771866e-01
4.459177700527928168e-01
4.731621386575827204e-01
4.798545797158070281e-01
4.533435186505554437e-01
4.466734468493333554e-01
4.544555813072287953e-01
4.537942764548422159e-01
4.345206684790889895e-01
4.516382069236198893e-01
4.464552503154765040e-01
4.584793461955977145e-01
4.542916931860109808e-01
4.522816264270827502e-01
4.622807795584358836e-01
4.519655524304486693e-01
4.641478082408214134e-01
4.619134738402363993e-01
1.727235043823946015e+01
4.383002942695899407e-01
4.382759111778143923e-01
4.349284199233477977e-01
4.908949305401043572e-01
4.708494260125140607e-01
4.512834653239559124e-01
4.504156426420698467e-01
4.584814021856886690e-01
4.556429587048283492e-01
4.471779997404061180e-01
4.474534001376966885e-01
4.455013802720623195e-01
4.659255495297775496e-01
4.552423281049732817e-01
4.545039356834748023e-01
4.538928711966886409e-01
4.545203686610647109e-01
4.525090394655206794e-01
4.531446161514591231e-01
4.515662274471212156e-01
4.555381271224859252e-01
4.628240665878483040e-01
4.633436885924501203e-01
5.595832128471641909e+00
4.410855821665553012e-01
4.350764931274014868e-01
4.621832981733974832e-01
4.898341049895251764e-01
4.503486210521646105e-01
4.459243849265245307e-01
4.719564639135884199e-01
4.495728327874153329e-01
4.527245551772106635e-01
4.534882160178307364e-01
4.466904159413527253e-01
4.511258031198210894e-01
4.560854297986773886e-01
4.654687181997855250e-01
4.546149424823545115e-01
4.497940317768347462e-01
4.572635727085760937e-01
4.541119659021413679e-01
4.550403832161915019e-01
4.545896175741149237e-01
4.543812066071180600e-01
4.496211911716277432e-01
4.556330844644770894e-01
4.565292143767021860e-01
4.552434868219766284e-01
4.617002158583612403e-01
4.656407181805562456e-01
1.158140979992652753e+00
4.393188174718935524e-01
4.407300003956599044e-01
4.657480379507524249e-01
4.681202548177072487e-01
4.606147365819770467e-01
4.323633702080149632e-01
4.380735112099080619e-01
4.763332674953084100e-01
4.677101864031367739e-01
4.483950807500909908e-01
4.489431089023233623e-01
4.508916831340388232e-01
4.584938166318339725e-01
4.535626019768921879e-01
4.469082970468870042e-01
4.487582183948965464e-01
4.569809837897547689e-01
4.575016720422381833e-01
4.558329475937261122e-01
4.423809494961206679e-01
4.513909060586784872e-01
4.601073915833113204e-01
4.558940786424330871e-01
4.548221534043729863e-01
4.546947424435525686e-01
4.541433419027735563e-01
4.551472754719185221e-01
4.475294757770813536e-01
4.559869069905633787e-01
4.553362104212920758e-01
4.548968741514120562e-01
4.681778146561643705e-01
4.666886686870432288e-01
4.628222432737802428e-01
4.555234211693123814e-01
4.394990193366914433e-01
4.458402342634186222e-01
4.672011640942900779e-01
4.761327680461227563e-01
4.316961547448818215e-01
4.355667612666621058e-01
4.744259107874557180e-01
4.732632073169845688e-01
4.405766690268582697e-01
4.503133358611728920e-01
4.551652991418174143e-01
4.520287924009638858e-01
4.551615035716198854e-01
4.551475137709134478e-01
4.607387553858683926e-01
4.544871984408161425e-01
4.552367536849384888e-01
4.491747506011851687e-01
4.542376043826542031e-01
4.551665561501863633e-01
4.615789672530522525e-01
4.420438088946825328e-01
4.498118359528915366e-01
4.609504599462999619e-01
4.560850512874869978e-01
4.545910313317791385e-01
4.522916399898586071e-01
4.558338146591291995e-01
4.537931107824614840e-01
4.569033262017301311e-01
4.509031292343086972e-01
4.574478844261400390e-01
4.541379581227144580e-01
4.550068748104311167e-01
4.699138331793705214e-01
4.702456017104531538e-01
4.570770591006159123e-01
4.444874638450867499e-01
4.471278781575909189e-01
4.683101322682098333e-01
4.708723965238694742e-01
4.380145450587225042e-01
4.377433714030680711e-01
4.744621811364005959e-01
4.754435439158117283e-01
4.474479768489029174e-01
4.488178003981222464e-01
4.499593251154593854e-01
4.538217598713172318e-01
4.566025828706314904e-01
4.512663161361553099e-01
4.564668661347804357e-01
4.564939460012423789e-01
4.492099277795715273e-01
4.484789050255159060e-01
4.500669588898099649e-01
4.574212706204959233e-01
4.597502593999577836e-01
4.509312547792182491e-01
4.486410407322130034e-01
4.587937867107544365e-01
4.562741224555551534e-01
4.556618246936413597e-01
4.506593775891848952e-01
4.542837824577557471e-01
4.545434145852997876e-01
4.543198309592969553e-01
4.549418941236778591e-01
4.569690894054907471e-01
4.561834115561752556e-01
4.675395364564416956e-01
4.745739635274172641e-01
4.531177296208673821e-01
4.551845552634252723e-01
4.417592502076703176e-01
4.384052158017046619e-01
4.421794848038645975e-01
4.662720756644712639e-01
4.713088749500933261e-01
4.720736141678127940e-01
4.490162806051092859e-01
4.402813752229756683e-01
4.744245079907496443e-01
4.767337605666253086e-01
4.452114673791042199e-01
4.542886410395631236e-01
4.523978944856963946e-01
4.657991748860305092e-01
4.538258606209368273e-01
4.551835744655937654e-01
4.538122649307053114e-01
4.559860074858018697e-01
4.565447834412247885e-01
4.481164493116820968e-01
4.516100941051308659e-01
4.561457636374180447e-01
4.609308402900054169e-01
4.573925106374849836e-01
4.544699961082452333e-01
4.516972444422632238e-01
4.556859836861045787e-01
4.566108170047842862e-01
4.539491539870904036e-01
4.548859856379537936e-01
4.535107027633239474e-01
4.570361389246563322e-01
4.530576051190124964e-01
4.555444111807277485e-01
4.594952678107455113e-01
4.688384608875387216e-01
4.711241005788961433e-01
4.502617666970767374e-01
4.553300889621071379e-01
4.398813882876619341e-01
4.419703318441226547e-01
4.658257574341081453e-01
4.744006610812864788e-01
4.374292072481900107e-01
4.648319177075685982e-01
4.874196540424649560e-01
4.471409637248170421e-01
4.557816156652649831e-01
4.471849963611630452e-01
4.520012064627001447e-01
4.652075770736627813e-01
4.529797117177917776e-01
4.575834600206515335e-01
4.532467004887729134e-01
4.562611979445209132e-01
4.556759668930051577e-01
4.472879886639326008e-01
4.553463256001873405e-01
4.568740656125228061e-01
4.601464059714073795e-01
4.559898061541278191e-01
4.501719554750592267e-01
4.562444812621786472e-01
4.541007755657158196e-01
4.547600406810462514e-01
4.540675035276280913e-01
4.549164919619785308e-01
4.540624378633222324e-01
4.530148719486395414e-01
4.506106898463263510e-01
4.611168264037469045e-01
4.675439424052720838e-01
4.702600467854930466e-01
4.512746972695023673e-01
4.548608477668767414e-01
4.391310741393552042e-01
4.467537259792761506e-01
4.683842418143816522e-01
4.756956004205851185e-01
4.352209023621895767e-01
4.338234065907136117e-01
4.623611053245316183e-01
4.531754579192522892e-01
4.431138838917906830e-01
4.555238078198141083e-01
4.586997689884542706e-01
4.551791239546372769e-01
4.552252306976006246e-01
4.540307254407819348e-01
4.553629466012208415e-01
4.580649245290540628e-01
4.447559985873981714e-01
4.528966619453810849e-01
4.485041956882936387e-01
4.581380531093775521e-01
4.599112590576873716e-01
4.526689428831657258e-01
4.568317763215811178e-01
4.544543373131105235e-01
4.543079136037353472e-01
4.576169000677226539e-01
4.551376055058159453e-01
4.524560147301305846e-01
4.548181006304741758e-01
4.532763080150192248e-01
4.460065239456194042e-01
4.657534179991688617e-01
4.680276257479016877e-01
4.569156491086303062e-01
4.518419649654590309e-01
4.537762378261947505e-01
4.433726341200737164e-01
4.513568379469671821e-01
4.721392068809702747e-01
4.710343999798206616e-01
4.526908660930138995e-01
4.257781911616923542e-01
4.559284149870667657e-01
4.622848694648530321e-01
4.519453915957664658e-01
4.605161251467577155e-01
4.373719095857399597e-01
4.540316876451341299e-01
4.501296456528012802e-01
4.576461508546894597e-01
4.559205292104624996e-01
4.483374337571763291e-01
4.519975249527264927e-01
4.582129850347903544e-01
4.545805186353135130e-01
4.535300349067875048e-01
4.574446115626383258e-01
4.547796600321955540e-01
4.523774412651316856e-01
4.539285909565194399e-01
4.554713635454756271e-01
4.604946177363342108e-01
4.744043545070415480e-01
4.520793638129908532e-01
4.524981149978432038e-01
4.407205865111075149e-01
4.403545361492188781e-01
4.437609821250623199e-01
4.678337690737512933e-01
4.702014955090167425e-01
4.738884206382026898e-01
4.285257630947417740e-01
4.574909837213898545e-01
4.584935351036666384e-01
4.559843968496186672e-01
4.614581727311850012e-01
4.504634733242610101e-01
4.538263689002107748e-01
4.573671043195320918e-01
4.575788385338997455e-01
4.597006395190920691e-01
4.527180010992687409e-01
4.528099083963262883e-01
4.529471122051810794e-01
4.572555128257091983e-01
4.518178489674727349e-01
4.610771781241846390e-01
4.534586054501836272e-01
4.539727031096069121e-01
4.521053912150103660e-01
4.518488533061467693e-01
4.517506220602544031e-01
4.516202531007623144e-01
4.385793978314613262e-01
4.419805102000263775e-01
4.660510395194693012e-01
4.698283331211088876e-01
4.529862722912323947e-01
4.635755562784911188e-01
4.627162758119878205e-01
4.570411291499143491e-01
4.636715911380625554e-01
4.513717625893625685e-01
4.573827717189121178e-01
4.567409406991990717e-01
4.540015303256229040e-01
4.525394625106271551e-01
4.515298676828595204e-01
4.516939059438167536e-01
4.528786710128289150e-01
4.540573744949606416e-01
4.537813087711090598e-01
4.879696993791199922e-01
4.876319767576647868e-01
4.509510805042465931e-01
4.510362562565115030e-01
4.386828175035168975e-01
4.401667084892417758e-01
4.694491022244939860e-01
4.728589056876296715e-01
4.557527871816032250e-01
4.709253717302683273e-01
4.565791265895519646e-01
4.570268509494792575e-01
4.606984774549814921e-01
4.735853098291091801e-01
4.576607628110402892e-01
4.572913247986477581e-01
4.554312221056294185e-01
4.543908843839678524e-01
4.487303124913241681e-01
4.609406245904709154e-01
4.768667140736944643e-01
4.865886106461544958e-01
4.497512959630086682e-01
4.500797317397498554e-01
4.422369536161756542e-01
4.512595915435726468e-01
4.759137690775956941e-01
4.689947096385637670e-01
4.574549495161698287e-01
4.726636212404471404e-01
4.562146554950988753e-01
4.558841829720109429e-01
4.676212884517584323e-01
4.606268415607781552e-01
4.585330860791785867e-01
4.699215010380802249e-01
4.521976566997611413e-01
4.593317053791500792e-01
4.510780418896976895e-01
4.607614669628936621e-01
4.575244223939331500e-01
4.491581804454425897e-01
4.523879469516038920e-01
4.714276394576385476e-01
4.847730026131643610e-01
4.696325314496304082e-01
4.468822021585451276e-01
4.469839654032173870e-01
4.406658369156318256e-01
4.392876604137797014e-01
4.439812133521413573e-01
4.693321699528762436e-01
4.702537050926519635e-01
4.742875550728845591e-01
4.605816494900443203e-01
4.639756094123291819e-01
4.601184449184234082e-01
4.568876803347381443e-01
4.585734347114978626e-01
4.528768205630734345e-01
4.599974342142674755e-01
4.636203200120229684e-01
4.596648780093243181e-01
4.506452175491692524e-01
4.567056800695146745e-01
4.656424160058575401e-01
4.355469937150674986e-01
4.449072818644502214e-01
4.764414507431865564e-01
4.755885671028107775e-01
4.727016727371193272e-01
4.476248475254200332e-01
4.454821831675706001e-01
4.409431177974378335e-01
4.363815191717044795e-01
4.632247824199837161e-01
4.715978632759004197e-01
4.595654003638899865e-01
4.705759575926776739e-01
4.581870634505794682e-01
4.498791517649267102e-01
4.581021667767146699e-01
4.744972765336913367e-01
4.614656225366149389e-01
4.186574429580157131e-01
4.616252942736144838e-01
4.623363684246232230e-01
4.590380576362926290e-01
4.483121573383215819e-01
4.765201136933585047e-01
4.812586380022630950e-01
4.468872780503939102e-01
4.436012594280716592e-01
4.406106127212319756e-01
4.416639910629784893e-01
4.689062269552797813e-01
4.734131141857563785e-01
4.528028919924724782e-01
4.668831499657189466e-01
4.564583256196541594e-01
4.587648984961091858e-01
4.248554038646569775e-01
4.574887336989498232e-01
4.632795997542861755e-01
4.590306076443033123e-01
4.588497636992348583e-01
4.437927642006713191e-01
4.414562422533642172e-01
4.626420902903203847e-01
4.582504480549622339e-01
4.610635073782677340e-01
4.302729619365487368e-01
4.417051722914284717e-01
4.708716978297399214e-01
4.981607369356818582e-01
4.723906715843283477e-01
4.450173624932502459e-01
4.422297009067168161e-01
4.412936898243038919e-01
4.462228898747670480e-01
4.723279147095995611e-01
4.741173771391490321e-01
4.550584090247734581e-01
4.563634044671344148e-01
4.549087424819022174e-01
4.532257447784339699e-01
4.485196614699790141e-01
4.548252551656461473e-01
4.422067872718458137e-01
4.892008995884197242e-01
4.623562288394759134e-01
4.410244623551811127e-01
4.586493792098269573e-01
4.584455378642564027e-01
4.567723365504619548e-01
4.608546211483306454e-01
4.558066113734486335e-01
4.500907078215389268e-01
4.575768935876015076e-01
4.474791937859649016e-01
4.616248408267820125e-01
4.614708486767891693e-01
4.617357469441044637e-01
4.362320608455180215e-01
4.450113842625736948e-01
4.566258142908657947e-01
4.563222530399825838e-01
4.758069210618003364e-01
4.404235499686987576e-01
4.684708301425907773e-01
4.970062514044290003e-01
4.690669247146566634e-01
4.419446057721500565e-01
4.591089708587804408e-01
4.456054267749469666e-01
4.430197303206246384e-01
4.432655010214636704e-01
4.384332339495751185e-01
4.728138237941447164e-01
4.699756266931741089e-01
4.562198021006920734e-01
4.601512924498792900e-01
4.563577408591241169e-01
4.453007650385575333e-01
4.674274191826210401e-01
4.488250688222781282e-01
4.542291587797767649e-01
4.692668842130983120e-01
4.396935647056411378e-01
4.393212996699898398e-01
4.535781299668416033e-01
4.722213063768934127e-01
4.583077921216932027e-01
4.461173113462684747e-01
4.507580805496199661e-01
4.446964603541618821e-01
4.512146045285834184e-01
4.519380741727355155e-01
4.701156213916982685e-01
4.334715092450565077e-01
4.600333001164089164e-01
4.659455220694293520e-01
4.619857035570769654e-01
4.412787407529731309e-01
4.589260763693314149e-01
4.482258036041776861e-01
4.440052348995380260e-01
4.716464096986245913e-01
4.452515363732352238e-01
4.440186447609676956e-01
4.678323241363234186e-01
4.950405864798415601e-01
4.721872338788830059e-01
4.423498638405576888e-01
4.441735546249350186e-01
4.442808205139896494e-01
4.504297322597242137e-01
4.651533400547336328e-01
4.668541507464955553e-01
4.724864819937732996e-01
4.618987761063181874e-01
4.811236980970967636e-01
4.574587014648990868e-01
4.540857709766230599e-01
4.441890741257477626e-01
4.713320536465223642e-01
4.485807043975033603e-01
4.489813813721623137e-01
4.811274850716522611e-01
4.272136994925014308e-01
4.522734261386186505e-01
4.743039546104029780e-01
4.557243558058046151e-01
4.543128976839120314e-01
4.435669408040203154e-01
4.642275817717794184e-01
4.481330817964092605e-01
4.515682103866563435e-01
4.759161044484413461e-01
4.691118404849607404e-01
4.377639945623185702e-01
4.424392411090657951e-01
4.622238979313120777e-01
4.612693275884368060e-01
4.623441073282829605e-01
4.436273998012562059e-01
4.459551564823419634e-01
4.470991792072858684e-01
4.688046655490276660e-01
4.703456630199436272e-01
4.508817349036596256e-01
4.667601245569309998e-01
4.967087485584729678e-01
4.749950667632291679e-01
4.395594909010123730e-01
4.670292877187512404e-01
4.457833079696152945e-01
4.474867794939607069e-01
4.552022073610680897e-01
4.699937233950586823e-01
4.971195002219680470e-01
4.708007938004910020e-01
4.911106604536983333e-01
4.577818237110425348e-01
4.569962970891748855e-01
4.589068808246296594e-01
4.441178592600134589e-01
4.697077955148376005e-01
4.475099865794465170e-01
4.443411497048459502e-01
4.843645042214050345e-01
4.576567955763457540e-01
4.275394283145939056e-01
4.321426891185182750e-01
4.474782430816706680e-01
4.626780534074413920e-01
4.520594017863092118e-01
4.553127229307812329e-01
4.458765152612456650e-01
4.633030980253090014e-01
4.488469026630909076e-01
4.494338369360069696e-01
4.631989125372077964e-01
4.394687303170811132e-01
4.600398923130484263e-01
4.659632556324428965e-01
4.635605210961116773e-01
4.464514239419365982e-01
4.386924370978809162e-01
4.480505693382605403e-01
4.600624890809045242e-01
4.495772156385422491e-01
4.535501389804227901e-01
4.647923110203637242e-01
4.948887196803330446e-01
4.764895105481501414e-01
4.410647183305376196e-01
4.590564859835743472e-01
4.341755326058501785e-01
4.438175868901255705e-01
4.583988766665118009e-01
4.464641990533488869e-01
4.752760387675632470e-01
3.856010939146766181e-01
4.193964795376098342e-01
4.382574779597487868e-01
4.087383306130785154e-01
4.467923910660528963e-01
4.789693159222128127e-01
4.463465871341324998e-01
4.548944763135568947e-01
4.486956556813688213e-01
4.752164032207267796e-01
4.858197996274559727e-01
4.467977417099422976e-01
4.545779110588369920e-01
4.496857473386596249e-01
4.521057751336032826e-01
4.483174565322903260e-01
4.510625212385359628e-01
4.884613809380022320e-01
4.803223268681329761e-01
4.379391523793416119e-01
4.365656403878316882e-01
4.569502561351427294e-01
4.757299125238389492e-01
4.615501506423383971e-01
4.466335714206079444e-01
4.338035412057745233e-01
4.485746089742078113e-01
4.383441650046299709e-01
4.622250891717369914e-01
4.696484032030274758e-01
4.811016960236121354e-01
4.420714996199168745e-01
4.492147638586345137e-01
4.426422872521683094e-01
4.504470460696239908e-01
4.570317486962504061e-01
4.472901480985358447e-01
4.733660807688551131e-01
4.804582107801326218e-01
3.929977705031761914e-01
3.781786699993635037e-01
4.669613702792276277e-01
4.206907887808286062e-01
4.624904773426004034e-01
4.476429655038761113e-01
4.485690436890901744e-01
4.760021349935169011e-01
4.766652286919438319e-01
4.789948071824347564e-01
4.727234442036491457e-01
4.826942168717331949e-01
4.452374712106326737e-01
4.522664160458295668e-01
4.536248765497087887e-01
4.694305482461147982e-01
4.409682575362682266e-01
4.579624980678368984e-01
4.674665483602109539e-01
4.619972739687551178e-01
4.439400862613571142e-01
4.446219893108318555e-01
4.493928170096724295e-01
4.807844168098396320e-01
4.432144242147898483e-01
4.416466857992177864e-01
4.520559504900243386e-01
4.529317368042041214e-01
4.500561643249215149e-01
4.743049555566616893e-01
5.094105381810771771e-01
4.680626556496204072e-01
5.322858279006205118e-01
4.073010710883860352e-01
4.521381966975679956e-01
4.648995496093688562e-01
4.486168511161094385e-01
4.508536559972128877e-01
4.559861500260548595e-01
4.588084237999940362e-01
4.609261385437575798e-01
4.639363722695170056e-01
4.684672767393888160e-01
4.464412845537927277e-01
4.832142987694804104e-01
4.532547503792192511e-01
4.540896127771196777e-01
4.698382965837991088e-01
4.426115092400278450e-01
4.604443879243740323e-01
4.592281258424225632e-01
4.613674494954236871e-01
4.438559636818607546e-01
4.431050843921225391e-01
4.462825302354869739e-01
4.741053498420987888e-01
4.749618189768122223e-01
4.658793661858077195e-01
4.673142892998916609e-01
4.429827973358014814e-01
4.381912388416339676e-01
4.420149121599651898e-01
4.517420315475005332e-01
7.979028163241252969e-01
3.884447024529841253e-01
4.013710593114855341e-01
4.690711780502295758e-01
4.444379704248420659e-01
6.537006279997625846e-01
4.538179323747447702e-01
3.998109673185075152e-01
4.429031339219432484e-01
4.585892455855365979e-01
4.635304513916796432e-01
4.583255105378869487e-01
4.488955344596859409e-01
4.606250964523372349e-01
4.531841531243318011e-01
4.579419693674234293e-01
4.436612341175324992e-01
4.459160672875139286e-01
4.470583707237241744e-01
4.654289909083477172e-01
4.854809292061275094e-01
4.674539890566208888e-01
4.779063941683165950e-01
4.437585066531858358e-01
4.356369062936701342e-01
4.447134942773978694e-01
1.028373981422669114e+00
3.988647214995426071e-01
4.438463496849389123e-01
4.922723549382082009e-01
4.516408332144254967e-01
4.524483346060010902e-01
4.583977802886717856e-01
4.615634309797608248e-01
4.579828454470275534e-01
4.576096895363021555e-01
4.578872719904764632e-01
4.638588805791134528e-01
4.414946099648719424e-01
4.507182753444658463e-01
4.478797612695853414e-01
4.664588207911867235e-01
4.767523089167001182e-01
4.653332148037318539e-01
4.700334278009797861e-01
4.769765350927334113e-01
4.406409628102053722e-01
4.437622173709586115e-01
4.448447580864537954e-01
1.127193873035781557e+00
5.180059203979043847e-01
4.396259386823497817e-01
5.000440624718589522e-01
4.628469019209017765e-01
4.576521228626740934e-01
4.619721112511028238e-01
4.571969744887203757e-01
4.566875561394203031e-01
4.570361609635085198e-01
4.577964527428434738e-01
4.580717216557181337e-01
4.585721700555064340e-01
4.591511861792266780e-01
4.613660710690168920e-01
4.650092889649902750e-01
4.403777034361577303e-01
4.566922350754284987e-01
4.457857806762933195e-01
4.651986779687137807e-01
4.713823551328257810e-01
4.645622085508181454e-01
4.680913868084284890e-01
4.798629216051648605e-01
4.380065565617755619e-01
4.547838341560648256e-01
4.400678737818700115e-01
1.295928721044802945e+00
4.976221438227702021e-01
6.164258035610461484e-01
5.714549766601638714e-01
6.489451359368728633e-01
6.278961683863448773e-01
5.178754268727185917e-01
4.320392812779504377e-01
4.160101263074613143e-01
4.308719314591711314e-01
4.504563570584453891e-01
4.583118403424362719e-01
4.617574642487632941e-01
4.618145110952989185e-01
4.654277854383084834e-01
4.598088194795528771e-01
4.246599476034861320e-01
4.434335363223915749e-01
4.611055103360460761e-01
4.755447572898413022e-01
4.633658095710133096e-01
4.678453551826701196e-01
4.778242744975130796e-01
4.357784516012505605e-01
4.616939616818246939e-01
4.393107485046977567e-01
1.485359840053810165e+00
5.042958269813463401e-01
4.486784029943428065e-01
4.259296092113121213e-01
4.579447345807732828e-01
4.525861145591106305e-01
4.877744552625823404e-01
4.593744471375727501e-01
4.649979084014012609e-01
4.709342853390730554e-01
4.706017238790619062e-01
4.387985626353524404e-01
4.467220341110937354e-01
4.367638583534882990e-01
4.620838596963439682e-01
4.794338239486846120e-01
4.890704789753963500e-01
4.402788924153456795e-01
4.353666207714360081e-01
4.374087864798855141e-01
4.588849546844455674e-01
4.403078809969296903e-01
4.406992448583529898e-01
2.245224415829288223e+00
1.952731486881152057e+00
4.347311965481646667e-01
4.445519584804089597e-01
4.446008545634516640e-01
2.594255657722825514e+00
4.416890215681797405e-01
4.615648191256263577e-01
4.406766603312686215e-01
4.478628381738661290e-01
4.445954834315576365e-01
3.023936460495880052e+00
4.390215197305173400e-01
4.446307044726792723e-01
4.443434786282926541e-01
4.498616317310157875e-01
4.484754188816996168e-01
3.579358594384808523e+00
4.387273988592235163e-01
4.471196661152000429e-01
4.509895211028510653e-01
4.517003384150136136e-01
4.477948069424500521e-01
4.359606112659028199e+00
4.364281044048116676e-01
4.467753255796767520e-01
4.493393895509071867e-01
4.467231795889094470e-01
4.462786778217682770e-01
5.651017917864542994e+00
4.423479598833501281e-01
4.521671416595910986e-01
4.522585477177689106e-01
4.527925867137611582e-01
4.469582175816033676e-01
8.833738788381127804e+00
4.440383914044153668e-01
4.511996411752669522e-01
4.487141585259010745e-01
4.528518883334424761e-01
4.496039062931555530e-01
1.140482313738361420e+01
1.801806721821338542e+01
7.421457751512707368e+00
5.668455730872079101e+00
5.015746812067471971e+00
4.604030348735640210e+00
4.295066822757680036e+00
4.043591414550926189e+00
3.829268026176994688e+00
3.640856983152128468e+00
3.471520451519034989e+00
3.316849025203616907e+00
3.173894977840682419e+00
3.040652860323609374e+00
2.915761219955618433e+00
2.798318391268299177e+00
2.687757807027269408e+00
2.583754861221631227e+00
2.486151620290748099e+00
2.394893236659787039e+00
2.309973553350822328e+00
2.231388833428560314e+00
2.159098993488824725e+00
2.092995959933310335e+00
2.032879241258912728e+00
1.978439627118311783e+00
1.929252875862739636e+00
1.884785854679552841e+00
1.844417231073488317e+00
1.807473004088993918e+00
1.773273950728640358e+00
1.741188305388047919e+00
1.710680267999889814e+00
1.681344909149879996e+00
1.652923437772379600e+00
1.625298694794583998e+00
1.598476739101938549e+00
1.572563817009647646e+00
1.547747351863029142e+00
1.524285325265013924e+00
1.502502626255181939e+00
1.482788133153538634e+00
1.465584202361199573e+00
1.451361190817292313e+00
1.440572689212498592e+00
1.433590823696194061e+00
1.430624269102586554e+00
1.431624623727203227e+00
1.436190814476925315e+00
1.443487780109545371e+00
1.452204801826689984e+00
1.460586839560160000e+00
1.466570970639608840e+00
1.468040167840392485e+00
1.463165428039469029e+00
1.450757573005332368e+00
1.430519889333565553e+00
1.403109533307123735e+00
1.369981393899107225e+00
1.333070793662539000e+00
1.294424356915036656e+00
1.255885359705987803e+00
1.218892737598412657e+00
1.184397197234510424e+00
1.152864337503398451e+00
1.124331096457248380e+00
1.098496075565736918e+00
1.074837933213535379e+00
1.052757731473340064e+00
1.031731349227196448e+00
1.011446227079386917e+00
9.918932586556405973e-01
9.263604615037791534e-01
9.227194556051036001e-01
9.355249758614706534e-01
9.886476840395366228e-01
9.681780466030833754e-01
1.008163460207178064e+00
1.022369653152442437e+00
1.025560562923011787e+00
1.010777516101371232e+00
9.699583038703445403e-01
8.938293875328997551e-01
7.720882644462914168e-01
6.052698486021101942e-01
4.435980982083317370e-01
4.486130297831897873e-01
4.518961336418714780e-01
4.544603335891779228e-01
4.518082349797242214e-01
