1.784478589000602611e+01
1.130587299723108963e+01
8.758736183084543825e+00
7.370543340559015277e+00
5.640920614330537042e+00
4.999073517715237891e+00
4.594702639955426271e+00
4.291251455456505326e+00
4.044044410537032341e+00
3.833005795280100880e+00
3.647043725749111065e+00
3.479436615150208301e+00
3.325894946422631726e+00
3.183603486424550599e+00
3.050694906677680063e+00
2.925937223923301023e+00
2.808535528133666137e+00
2.697998662521472024e+00
2.594045034082014922e+00
2.496533155538750659e+00
2.405408263208945741e+00
2.320659440027157405e+00
2.242283539888813682e+00
2.170253508743886783e+00
2.104489742810004671e+00
2.044834121938520877e+00
1.991027465020489329e+00
1.942692426569748276e+00
1.899325135596522607e+00
1.860299743815101881e+00
1.824889849031311018e+00
1.792308844924022093e+00
1.761767395593302643e+00
1.732541095405601972e+00
1.704036655683838664e+00
1.675842959044644864e+00
1.647755807933620087e+00
1.619772124289689419e+00
1.592058360656529281e+00
1.564905142838420415e+00
1.538682408791368417e+00
1.513805682596679913e+00
1.490716662421217586e+00
1.469873691036651664e+00
1.451743159656192272e+00
1.436782696854014052e+00
1.425410116208579048e+00
1.417956360677115280e+00
1.414604212123361737e+00
1.415316800590105117e+00
1.419761914678467907e+00
1.427241516405620247e+00
1.436641874290844223e+00
1.446427398918760154e+00
1.454706339755025502e+00
1.459391894376713461e+00
1.458461518448174621e+00
1.450280789733573217e+00
1.433918630123074855e+00
1.409360151247929904e+00
1.377540642054752906e+00
1.340178915455553899e+00
1.299456573980662943e+00
1.257637938529446053e+00
1.216731660113059998e+00
1.178262421554125972e+00
1.143172464840696678e+00
1.111833760336275345e+00
1.084135917700302931e+00
1.059619155960240144e+00
1.037632495782896624e+00
1.017502743197063575e+00
9.986965837908676757e-01
9.220402849669386836e-01
9.219588781232669339e-01
9.276489184470563254e-01
9.568906979248015254e-01
9.791354090270770749e-01
1.004086073882852315e+00
1.028450157339361626e+00
1.047468129301131201e+00
1.054858188400698671e+00
1.043003668081964763e+00
1.003337933945738003e+00
9.266384592503500439e-01
8.028341763269772891e-01
6.301554672237398291e-01
4.543421678054284651e-01
4.368954475776009039e-01
4.471811802208592868e-01
4.485616595048651511e-01
4.499247723372363228e-01
4.546923193886458492e-01
5.606710801349774620e+00
4.374388756935320699e-01
4.407493185536727198e-01
4.467655252548178857e-01
4.449620396838829817e-01
4.445423595983067355e-01
4.325125539439513389e+00
4.344779190772860566e-01
4.408314195391930257e-01
4.465294926529305708e-01
4.444215515980824427e-01
4.473094943096478371e-01
3.548936685229903354e+00
4.340604102040865886e-01
4.385120252072413627e-01
4.461775569460966762e-01
4.458453538985540088e-01
4.509372705433172257e-01
2.995150191209156265e+00
4.360100438836109760e-01
4.323859978003636306e-01
4.453531847437053881e-01
4.480883631159222058e-01
4.417206045695889483e-01
4.434744234729660617e-01
2.565831854446476878e+00
4.302483202350962932e-01
4.380753498410284719e-01
4.449971721957357573e-01
4.439467646859742156e-01
4.586351764963781386e-01
2.216456548117507808e+00
4.352154739572278164e-01
4.339056697145147745e-01
4.423939996359750881e-01
4.380247019992923874e-01
1.923268463020058272e+00
4.318630710789195803e-01
4.301358052831736334e-01
4.359761857616360481e-01
4.401077503175602201e-01
4.278598990006425851e-01
4.329365506286415588e-01
4.388372694247350547e-01
4.293373353518575852e-01
4.123492082092062860e-01
4.809486934965016558e-01
4.742713428451822422e-01
5.032330011787959911e-01
4.859359476533892108e-01
4.281410855394935933e-01
4.343448811363258000e-01
4.233335885334926774e-01
1.263946075363060473e+00
1.454389211412165706e+00
4.528514697872909611e-01
4.450101143938551274e-01
4.404273854837890134e-01
4.731231150816060382e-01
4.648658262973378585e-01
4.705163429864285818e-01
4.784787878653819493e-01
5.013050720484122369e-01
4.888716864143854424e-01
4.307154121406882030e-01
4.298840716277074203e-01
4.288572831860777423e-01
1.095266087805086608e+00
3.289035184134332379e-01
3.700288189193084443e-01
3.808532030902589960e-01
3.641546302954471459e-01
4.408983735526138537e-01
5.066048384200262378e-01
5.084499237608105515e-01
4.739712450338535166e-01
4.539854099669498044e-01
4.517003363177899411e-01
4.559689354334858780e-01
4.598431312394491988e-01
4.638838620156783832e-01
4.633109900018357319e-01
4.701009878418149213e-01
4.602198033318161130e-01
4.616237805768015900e-01
4.393934773905180391e-01
4.465732462196793096e-01
4.773952409004702524e-01
4.665406501584211107e-01
4.748667928915260017e-01
4.886141513506624956e-01
4.857264818924152960e-01
4.995758238124510808e-01
4.254482624148897552e-01
4.507651442227370020e-01
9.627347193605240161e-01
4.066263348793521804e-01
4.254067817431372300e-01
4.250528412550018675e-01
4.751424560881066239e-01
4.557083799265407853e-01
4.536472311540685198e-01
4.477328713640855717e-01
4.543351010420182412e-01
4.579692742770883895e-01
4.602238875463016132e-01
4.625362385680463762e-01
4.646138743813934546e-01
4.740428979484318517e-01
4.643348790639534318e-01
4.652705892803429832e-01
4.435440485971193225e-01
4.388937357937685024e-01
4.415900765685396023e-01
4.679707465009705358e-01
4.746163833714352465e-01
4.858489293716576340e-01
4.871855829133623361e-01
4.954100120714402533e-01
4.245192834940352822e-01
4.267493445994487988e-01
4.455873048583515739e-01
7.718423938875745849e-01
4.096285479775305105e-01
4.181173399833367221e-01
3.865613585271462371e-01
4.237624633954810704e-01
4.388177348629369590e-01
4.436584504780131111e-01
4.583897668644186241e-01
4.593264739229556137e-01
4.608374595039564370e-01
4.701478032203740831e-01
4.719472543093546357e-01
4.375474257846969084e-01
4.426420923376888639e-01
4.368446562851189818e-01
4.679487088440827947e-01
4.752168106995265373e-01
4.914767738836743893e-01
4.893200452435437220e-01
4.954288403177975475e-01
4.294979774975347109e-01
4.322391912587669194e-01
4.327010423269296857e-01
4.344606228864069108e-01
3.697873930456060942e-01
2.636138841980143477e-01
3.326513247263388484e-01
3.460752083536676738e-01
4.791245581458009606e-01
5.001011564948565358e-01
4.766929699647518004e-01
4.647659209870320107e-01
4.637816920270060317e-01
4.638972080326397851e-01
4.427653906599385847e-01
4.372282165684393540e-01
4.426922709251723265e-01
4.634941882494155729e-01
4.638028955334577152e-01
4.402420529964335416e-01
4.426350668285358725e-01
4.371133979573105788e-01
4.773783565767083514e-01
4.797634452349408551e-01
5.050863807049983389e-01
5.134508327872819855e-01
4.313273993671418727e-01
4.369292398980399450e-01
4.230869125476702797e-01
4.519592941349305781e-01
4.435180428259429819e-01
4.462987349856478159e-01
4.474810264749200517e-01
4.531074941649094190e-01
4.447259810831274973e-01
5.185869240564855431e-01
5.575091322158605145e-01
3.331878679102119323e-01
4.819905345009963815e-01
5.151761396780086821e-01
5.159125671533549840e-01
4.637949908036564928e-01
4.686360833472041909e-01
4.744033007531248125e-01
4.654258550031009634e-01
4.600137053484695260e-01
4.595045626217132417e-01
4.608893960781040300e-01
4.680550754187404183e-01
4.602310534295814826e-01
4.380390530942567806e-01
4.448978772588240149e-01
4.436212035816278210e-01
4.441604939434677379e-01
5.046393257951211631e-01
4.423192221876161567e-01
4.299513076834234893e-01
4.605007881020814486e-01
4.614599296832421760e-01
4.639838830805771974e-01
4.686539562523780456e-01
4.409535020861433674e-01
4.432362148860526374e-01
4.362683200415266027e-01
4.735584047781235539e-01
4.644655720577499647e-01
5.235167799927471499e-01
4.334415459415665306e-01
4.354667355768744308e-01
4.299260578291635992e-01
4.462735414212277152e-01
4.441715382313784488e-01
5.092793315637227369e-01
5.603029828522730904e-01
5.106805694952506469e-01
4.597058317354905665e-01
4.404710416203890810e-01
4.355131944809582656e-01
4.620399227505282980e-01
4.599213147121123391e-01
4.623240343595239610e-01
4.595419150657758522e-01
4.540650027486418661e-01
4.554325581405277990e-01
4.599911423427210377e-01
4.618050658838291356e-01
4.525638045240031881e-01
4.400168330834541286e-01
4.459257257507914796e-01
4.625598092084035051e-01
5.008121215978387220e-01
4.651571251415789199e-01
4.407808647411202707e-01
4.352931224940503330e-01
4.644417169577113591e-01
4.611030937160831011e-01
4.811460124979142772e-01
4.422331640992152035e-01
4.434587177888497656e-01
4.366385070686478187e-01
5.026157479212612911e-01
4.853909918238910604e-01
4.533623188666549564e-01
4.456427563328171360e-01
5.239819355296437831e-01
5.265626200203362695e-01
4.337043777319163351e-01
4.348853984376629955e-01
4.300659442342513739e-01
4.476022191465977018e-01
4.474510533377026311e-01
4.498867424229870404e-01
5.359574394724321289e-01
4.494604337298713226e-01
4.464914892783454770e-01
4.182305412998243987e-01
4.442285995955750355e-01
4.671919773104094564e-01
4.725867038731250691e-01
5.005472733994040802e-01
4.474691666361796938e-01
4.537134172353592954e-01
4.538201194713700204e-01
4.588424998704799807e-01
4.314040470627058532e-01
4.736626584660159067e-01
4.362189303251946537e-01
4.173096128011100081e-01
4.771010185019894378e-01
4.759441549693283480e-01
4.401406398962389166e-01
4.435724889323948705e-01
4.460883656166542144e-01
4.566905968563795271e-01
4.714554382480347638e-01
4.365897542054357205e-01
4.603858872356330623e-01
4.594548017845959675e-01
4.841913987614454018e-01
4.432958925255293114e-01
4.443251502864424274e-01
4.383910276846598175e-01
4.922569340084817502e-01
4.289433958357880550e-01
4.289604611245880772e-01
4.746390120958843828e-01
4.976521186850819678e-01
5.196058776005442192e-01
4.354442092355118588e-01
4.471498899429553475e-01
4.365249732520884995e-01
4.302053088550174542e-01
4.452542653277409834e-01
4.503966827629191094e-01
4.613505967745572534e-01
4.624601356335572011e-01
4.680517577684831232e-01
4.881695199686019171e-01
4.457725841526255506e-01
4.520795082626153372e-01
4.516740341031829087e-01
4.507468415702935438e-01
4.698877497846930540e-01
4.717545351364313411e-01
4.505548570512556417e-01
4.663963049023221452e-01
4.660104837406345291e-01
4.706176899391493196e-01
4.678551198777655129e-01
4.751125979936663968e-01
4.421926786840741364e-01
4.474426431628595324e-01
4.471062591186243940e-01
4.547364421482517627e-01
4.801458556856685322e-01
4.431138133154238767e-01
4.287546604226439295e-01
4.589957133142003598e-01
4.586275032844860378e-01
4.844508514673708244e-01
4.441996149671747496e-01
4.466088535487854894e-01
4.408078084497730198e-01
4.921430130121664526e-01
4.792941962552651480e-01
4.226886467711793993e-01
4.787993237387749845e-01
4.929649751495075449e-01
5.175672777385825762e-01
4.340933789040345991e-01
4.293815464282576544e-01
4.571687681737495734e-01
4.305917429629833038e-01
4.207395556703885098e-01
4.304054977433151019e-01
4.562554104115665865e-01
4.526398910859698033e-01
4.523326194589801785e-01
4.606520283677439931e-01
4.690891054276973837e-01
4.658688744455875552e-01
4.444177111778245814e-01
4.503561101859109850e-01
4.489591506305049551e-01
4.455956710522977482e-01
4.998044456387511492e-01
4.599580429100663670e-01
4.492975797366405288e-01
4.623819614559491753e-01
4.701919561048038543e-01
4.700420412118746505e-01
4.398313166450095735e-01
4.498504481860251536e-01
4.509766216958857044e-01
4.683289628632069101e-01
4.812126710398004215e-01
4.770740586584176213e-01
4.405244113231709946e-01
4.581326381587173535e-01
4.582215633876555172e-01
4.830134867861337611e-01
4.443379666794387006e-01
4.454324278939019166e-01
4.487316285425180240e-01
4.761515467110291056e-01
4.317550833448456915e-01
4.273677260341774975e-01
4.810446302637132465e-01
4.865877841715155472e-01
5.167201080563775806e-01
4.344201483476022863e-01
4.388136468711898996e-01
4.285043801237515826e-01
4.286619851839170159e-01
4.364834319745771185e-01
4.524092567138574550e-01
4.566966954763783670e-01
4.616790372937818465e-01
4.638268486776190302e-01
4.683547894978234427e-01
4.915291584490103505e-01
4.481005614712471052e-01
4.496566634693674458e-01
4.553858934692662230e-01
4.748750770210959926e-01
4.795877625636035813e-01
4.372512734251643995e-01
4.681512101226833478e-01
4.639408298259485308e-01
4.705195464995336474e-01
4.790724501465672969e-01
4.461010073084296090e-01
4.466327476363318172e-01
4.513767139384646798e-01
4.618995948428676335e-01
4.771359570585655963e-01
4.332774728995687497e-01
4.327672349732724077e-01
4.575910388941265561e-01
4.573066062889051819e-01
4.813736454723465674e-01
4.434667760407928205e-01
4.444990604409961854e-01
4.674262904666123264e-01
4.894560860153304716e-01
4.845560217344301868e-01
4.276157709328797241e-01
4.847843608261295789e-01
4.868534348184845872e-01
5.027455605051156518e-01
4.315529017069146267e-01
4.388947145991131671e-01
4.403299826471973044e-01
4.427703969887461510e-01
4.497529283430085623e-01
4.572041778813220603e-01
4.643455683636680265e-01
4.718400711401709025e-01
4.742481942268631512e-01
4.774041754544216531e-01
4.458394176628763805e-01
4.514374888902938365e-01
4.695324764063131817e-01
4.644997474796503933e-01
4.466725336395593327e-01
4.626450827402701638e-01
4.653906998191598143e-01
4.654215577103046342e-01
4.848666057707997634e-01
4.530269431938319102e-01
4.730522042150780981e-01
4.262519788825930855e-01
4.570336011532035170e-01
4.556633051344037288e-01
4.772140433071104804e-01
4.448411066133750036e-01
4.510204603528099043e-01
4.667424141062792575e-01
4.297854932541613771e-01
4.296181654457484345e-01
4.919778022997473577e-01
4.916240071829324210e-01
4.368052319716281273e-01
4.453916173385912280e-01
4.493586174966449076e-01
4.471428979387904179e-01
4.488108720039113986e-01
4.534042635925238374e-01
4.591272755290564667e-01
4.606187145840360264e-01
4.670442616944372460e-01
4.724618686187221916e-01
4.699536628150342010e-01
4.628854632100140032e-01
4.494300866636468661e-01
4.272393974204984346e-01
4.607693351998960463e-01
4.671867624329390511e-01
4.668067636579031898e-01
4.435601014878024495e-01
4.575249390789834503e-01
4.578738154895722889e-01
4.645109645608363480e-01
4.224027894896703605e-01
4.941622789476626809e-01
4.939362601948251719e-01
4.936143495136287029e-01
4.421513522773399818e-01
4.453828743055145423e-01
4.497853317678708329e-01
4.562974222483503484e-01
4.623796068076134747e-01
4.647538742025174030e-01
4.598178301895788911e-01
4.612247267905611459e-01
4.633083038340188309e-01
4.829172122823857660e-01
4.253328176030485297e-01
4.650255022873409083e-01
4.637511044070987132e-01
4.628264803435500618e-01
4.823232344412476946e-01
4.514506435699344733e-01
4.331930974378658816e-01
4.613821347827428698e-01
4.622938301971786235e-01
4.677822286977323385e-01
4.425537640092243596e-01
4.883645451026523698e-01
4.839162811776980266e-01
5.073426192187980854e-01
4.445521722847275981e-01
4.435664374673826682e-01
4.473989819569386683e-01
4.448720351805551809e-01
4.585525998518981683e-01
4.641786115616581276e-01
4.560170509875036138e-01
4.665449160507472159e-01
4.701298535619443664e-01
4.634124732672966207e-01
4.584428488626189346e-01
4.601079576531239002e-01
4.660005746514935265e-01
4.712057400962679221e-01
4.299184183031093953e-01
4.313970187961656544e-01
4.586879630406839881e-01
4.391715006314066971e-01
4.473094890312634964e-01
4.893539746823385439e-01
4.880277547872889921e-01
4.903867022301360845e-01
4.455445635931864490e-01
4.464618640475464528e-01
4.426827549755266711e-01
4.439898370626097490e-01
4.578968247442231077e-01
4.601216866279070894e-01
4.641631015601512256e-01
4.678172397399399940e-01
4.724152761316781080e-01
4.730147783645479720e-01
4.580385260229553612e-01
4.648700930655809138e-01
4.367397755821347261e-01
4.438559877369733786e-01
4.834873553507129107e-01
4.637207151495361668e-01
4.702888882285892191e-01
4.539659392682293126e-01
4.454556274107685510e-01
4.747407572771281670e-01
4.830751681738306713e-01
4.915981566446713247e-01
4.470746025392380307e-01
4.500199305118328108e-01
4.410825026541367322e-01
4.407645892191724979e-01
4.578632426677370915e-01
4.663306681287232025e-01
4.631551297501056430e-01
4.713271542377631129e-01
4.785414500642949931e-01
4.800930495485606353e-01
4.560081144735663727e-01
4.630716547952063444e-01
4.601798862852236605e-01
4.625565630390604532e-01
4.457465916600931166e-01
4.756258454482604758e-01
4.702457992052443414e-01
4.536624726728782364e-01
4.595909541316694491e-01
4.621826639234346557e-01
4.829231976396954340e-01
4.705690237457401670e-01
4.492456178429185543e-01
4.493585281259265818e-01
4.410896010116881483e-01
4.438871644200118038e-01
4.512165232585675367e-01
4.649610510636246752e-01
4.669656814237332365e-01
4.416784898471356469e-01
4.461779099820417649e-01
4.674355012323311298e-01
4.681624959262437602e-01
4.402571299492922252e-01
4.710895224243484281e-01
4.684448924330603115e-01
4.537367266254221931e-01
4.528900973110551176e-01
4.387423617666371678e-01
4.554266416199280743e-01
4.312512112447324242e-01
4.440992848918561275e-01
4.583732158928971456e-01
4.622951588902968756e-01
4.620985410478252176e-01
4.465834510902557120e-01
4.514811691482238376e-01
4.517719785738363303e-01
4.430969954418304546e-01
4.462800416986212881e-01
4.678667762867876889e-01
4.664583508551084501e-01
4.168950203573905666e-01
4.025485155072622279e-01
4.584656788637274105e-01
4.647545215636552096e-01
4.629755503352527279e-01
4.517562171375333335e-01
4.432657442949283211e-01
4.676401344122663173e-01
4.690295771099583511e-01
4.561807919731363237e-01
4.500036951299920540e-01
4.612096753628413537e-01
4.504302946860834211e-01
4.422422260188177967e-01
4.428604871093529405e-01
4.657335507320483625e-01
4.567886466037464066e-01
4.580475211157027382e-01
4.403433319069254281e-01
4.517688830171209813e-01
4.520759528430040586e-01
4.369343103944143270e-01
4.391401892884178038e-01
4.660323286735206239e-01
4.692013763353598543e-01
4.280761102738341317e-01
4.186206622555134205e-01
4.736901459588863106e-01
4.809316287792813616e-01
4.595235965824912006e-01
4.609780431219005492e-01
4.766280645918321013e-01
4.420549451982495603e-01
4.424444334791364786e-01
4.601082963388729019e-01
4.675506046826080064e-01
4.439393204437702134e-01
4.413688409952924441e-01
4.387120645719602696e-01
4.646618421529142839e-01
4.686694655849238389e-01
4.537830465519984702e-01
4.501214343009851127e-01
4.568682294543163214e-01
4.550537339736127063e-01
4.434575662789516648e-01
4.420156714388278618e-01
4.661572937745086520e-01
4.600286588806996591e-01
4.477861634055854134e-01
4.495543199093017805e-01
4.701477901311679197e-01
4.784060959903000398e-01
4.844433972786175713e-01
4.731572462640686871e-01
4.545269374141504004e-01
4.532072762401498922e-01
4.359620621565363785e-01
4.359213518194109405e-01
4.611865389574502649e-01
4.690144673923320462e-01
4.233688930882021362e-01
4.704496349075471540e-01
4.847809704394812624e-01
4.577430008078142709e-01
4.541154870472862704e-01
4.671714451999275930e-01
4.586189844531101123e-01
4.625843587214639729e-01
4.713105828095506267e-01
4.421531896763452041e-01
4.657620054733961346e-01
4.667702898472962381e-01
4.389907940008329068e-01
4.366848855109231597e-01
4.672782084302629091e-01
4.718056540905506413e-01
4.685073844534750620e-01
4.496687167896869508e-01
4.502703068508593365e-01
4.570661659830130841e-01
4.555762136725580169e-01
4.421618279551344233e-01
4.450109965978152893e-01
4.508341529155111549e-01
4.614309342903357702e-01
4.590899116786326672e-01
4.520860853723536188e-01
4.457437868465194963e-01
4.476736174910128097e-01
4.649019200800298957e-01
4.740817368140428645e-01
4.749617194155971722e-01
4.552435817165211840e-01
4.562320720522762274e-01
4.386565828327505523e-01
4.359988392711140470e-01
4.409630589781743937e-01
4.673228827207658864e-01
4.708290817359214175e-01
4.686634827440282480e-01
4.314243477117199466e-01
4.273275586330817499e-01
4.759172222989744849e-01
4.816825321852612474e-01
4.542138516344534915e-01
4.561855056814544396e-01
4.581443580621977207e-01
4.646638508962669945e-01
4.635357988788024741e-01
4.678869638978795376e-01
4.547589239141581752e-01
4.445063041785330404e-01
4.650982058615295567e-01
4.679491981207030693e-01
4.378632107834402598e-01
4.370683151800744959e-01
4.440244537869808550e-01
4.697158194907445905e-01
4.726924297824806054e-01
4.479239586848045573e-01
4.599590755655081353e-01
4.455351891607655657e-01
4.488704447778122941e-01
4.599656753029229828e-01
4.621747727510127635e-01
4.488133700054554032e-01
4.451372782305008657e-01
4.572918794598880288e-01
4.625142983683938613e-01
4.731287269500651371e-01
4.790656570649683421e-01
4.533381288357616334e-01
4.586200036134489011e-01
4.385587515486285559e-01
4.405065062338648363e-01
4.743699098231680122e-01
4.754109508678306395e-01
4.267180320101533475e-01
4.213933139513845738e-01
4.808788605093993196e-01
4.793605733040532946e-01
4.545681816796586783e-01
4.543214814566852722e-01
4.669149735963314396e-01
4.724344120713069306e-01
4.462830089336056183e-01
4.450493588976170978e-01
4.654024344118281031e-01
4.663043603452945995e-01
4.402833155578627644e-01
4.428880848519486935e-01
4.648283917968179524e-01
4.708076983970419516e-01
4.541467732365883081e-01
4.486971139673531783e-01
4.553458643024735908e-01
4.584193932809774163e-01
4.445891603285783145e-01
4.434217560091570087e-01
4.561375521558036494e-01
4.625895584413092787e-01
4.462207075349455265e-01
4.460210302773990887e-01
4.564383047614576361e-01
4.593326163093781611e-01
4.772729667623075711e-01
4.785361434683657045e-01
4.516138028826092166e-01
4.587138206480896319e-01
4.322257670486882031e-01
4.310643310083248636e-01
4.699256211370213543e-01
4.725529527485531345e-01
4.234889319031145960e-01
4.200947131209790131e-01
4.786901124045724876e-01
4.726956333841994540e-01
4.555541286241556187e-01
4.545106462214232868e-01
4.574147738046815403e-01
4.658641652497342300e-01
4.652308184820754255e-01
4.830239817025389626e-01
4.384064017789745527e-01
4.519376727756321266e-01
4.694805053008140883e-01
4.664995334525057213e-01
4.356906956507312634e-01
4.367176260483414119e-01
4.621069618094301723e-01
4.673258901219726202e-01
4.731601453229946630e-01
4.513393756820989200e-01
4.466016948609179971e-01
4.618065802257116381e-01
4.602131102782162086e-01
4.453546969731073668e-01
4.437906172260824844e-01
4.569292609294267615e-01
4.609488089052224402e-01
4.618989777076479841e-01
4.519989987995262637e-01
4.608082273790118366e-01
4.773410119536194984e-01
4.790433578137187620e-01
4.516725057036966584e-01
4.565209623852841125e-01
4.307443466306726809e-01
4.252323631479588140e-01
4.668632754793075601e-01
4.669921491641096933e-01
4.822518020848221565e-01
4.218274047189817799e-01
4.295403112578372040e-01
4.781104516566796470e-01
4.759205632279333575e-01
4.534097383563612804e-01
4.508751242644449819e-01
4.725668197963249773e-01
4.624142774221043362e-01
4.432978952120640304e-01
4.728116162868030159e-01
4.398862567328432616e-01
4.391707303434294052e-01
4.688712888387361888e-01
4.743995790441277727e-01
4.482118583522035626e-01
4.487899098287566613e-01
4.603866226971600750e-01
4.605019463678789449e-01
4.429765260931901039e-01
4.419683487031165203e-01
4.578785630010400176e-01
4.650869208051522929e-01
4.467885926650728701e-01
4.506931540509587220e-01
4.607532428309727979e-01
4.638943856677212874e-01
4.785244382959966125e-01
4.803481364201086512e-01
4.563302449942098216e-01
4.284393217292073452e-01
4.260780549481494872e-01
4.727002262633716034e-01
4.747866819500168867e-01
4.201918482434031099e-01
4.792965305892787908e-01
4.550033050038986282e-01
4.533305008594404883e-01
4.565040489829522152e-01
4.721677717751885384e-01
4.723000236625657933e-01
4.398981726497006584e-01
4.421531802413047330e-01
4.495445461741744420e-01
4.596023438873360067e-01
4.591837048499333163e-01
4.862826377590375726e-01
4.404116384658731120e-01
4.488687541776685275e-01
4.637648234673146241e-01
4.577749347428720639e-01
4.452392841437308180e-01
4.459551271087121016e-01
4.483145998742501526e-01
4.603262985796088280e-01
4.573158243005621126e-01
4.411655939484120381e-01
4.531604791885623373e-01
4.654013139475804972e-01
4.587011427943028519e-01
4.812100349196835047e-01
4.802107485744723236e-01
1.126927669786501607e+00
4.284320458087457761e-01
4.301571921255794573e-01
4.339435859869856804e-01
4.701993873434496263e-01
4.517884498640823421e-01
4.205784936208358249e-01
4.842868795766738788e-01
4.772513297055275827e-01
4.535019418534284585e-01
4.523096867424527545e-01
4.751102103962277501e-01
4.646306689572378135e-01
4.418464514611463168e-01
4.460194663877914967e-01
4.597470447656322179e-01
4.470132984181687252e-01
4.623983028797707950e-01
4.485206343990774114e-01
4.513133709597597076e-01
4.601308969169898289e-01
4.510354751483059421e-01
4.360852170172760944e-01
4.549177682069880935e-01
4.626745180122495138e-01
4.556636844373038731e-01
4.814076010286839069e-01
4.787652790865351560e-01
5.527876093390952761e+00
4.303234290905942339e-01
4.391608420013535241e-01
4.827948650245707518e-01
4.685013633439142899e-01
4.532084679567142671e-01
4.521878966316357218e-01
4.615444905064753356e-01
4.420466677289261459e-01
4.424174443221063902e-01
4.720529123204616484e-01
4.601603528464918158e-01
4.437042792474586439e-01
4.461799356559564833e-01
4.598508662522803880e-01
4.521406193942504870e-01
4.534610441223664301e-01
4.817588877534956793e-01
4.763706633818636238e-01
1.718029865153626901e+01
4.224662390883167640e-01
4.207716179266262624e-01
4.781693832119314203e-01
4.536892227823591806e-01
4.461787176201775784e-01
5.063616704399815927e-01
4.623897078634446878e-01
4.459737283583483647e-01
4.465958490489226884e-01
4.803088076368136061e-01
4.599782961774332990e-01
4.544860969717405275e-01
4.350930142121302580e-01
4.712967481114428425e-01
4.550606244866158279e-01
4.786845501768186573e-01
4.735160479770638142e-01
4.854171990223276056e-01
2.760407204104230416e+01
4.382176422035376495e-01
4.852815791465516781e-01
4.839370415744770337e-01
4.694573256716685905e-01
4.195378773233889858e-01
4.723657738538883932e-01
4.525088343339972452e-01
4.366669528380390242e-01
4.622878583982758527e-01
4.495600118903660958e-01
4.513975403300392042e-01
4.596908488389078173e-01
4.667485218136474545e-01
5.095822621575528677e-01
3.151649286029794439e+01
4.242548926408813426e-01
4.862909467851628253e-01
4.817179541891412620e-01
4.683397230942718537e-01
4.448872946836056053e-01
4.626355317940065714e-01
4.524821076980394263e-01
4.465225802044304193e-01
4.602123964317797467e-01
4.495269427737970669e-01
4.346249515297083699e-01
4.549514989098978890e-01
4.667607821769023113e-01
4.855605961699623885e-01
2.760341209323157585e+01
4.334822696854241375e-01
4.503766224654562889e-01
4.728537994463501981e-01
4.523427707426098121e-01
4.509261600062875464e-01
5.066742645893388408e-01
4.617524713575913986e-01
4.458848137078768592e-01
4.423450290094151360e-01
4.799398228625174068e-01
4.593669194782759591e-01
4.548583769978986613e-01
4.464169562393686119e-01
4.711483502160721537e-01
4.532856081737592358e-01
4.787752715436918161e-01
4.764569948824436962e-01
4.736369221134540952e-01
1.717969318388934852e+01
4.413104464620877798e-01
4.446372094589977619e-01
4.882153750630019995e-01
4.806255890948490928e-01
4.520252242353159366e-01
4.511637533804745970e-01
4.647827982878158792e-01
4.419688052218065377e-01
4.459333714594975739e-01
4.719225055726726792e-01
4.623186621128613782e-01
4.437181727867970937e-01
4.514443204681599098e-01
4.597245618834686631e-01
4.508775808611306668e-01
4.520936920119124625e-01
4.552582599768956184e-01
4.554745179048657056e-01
4.818277255715732732e-01
4.788303921340641978e-01
5.527611832926152324e+00
4.354729236655751623e-01
4.333561576386427694e-01
4.403801812875519639e-01
4.651957461342687838e-01
4.690692422799834782e-01
4.471302671417488050e-01
4.169879413954914460e-01
4.167114928240713834e-01
4.867179728702568653e-01
4.814541766171251957e-01
4.523241139447286563e-01
4.552783500703752040e-01
4.752606367012930932e-01
4.724068921691305101e-01
4.417749906734147469e-01
4.494844338389449856e-01
4.597666831545208499e-01
4.863593005752132048e-01
4.469938440241558175e-01
4.488875955330928758e-01
4.575074789030108002e-01
4.468738950094870988e-01
4.483379107590951262e-01
4.599868945981388513e-01
4.571543555862994102e-01
4.364126651192399842e-01
4.532633632959324199e-01
4.627642431657457700e-01
4.585591499939215554e-01
4.814675093107437243e-01
4.802686027008177261e-01
1.126853297411982036e+00
4.341709070610033638e-01
4.304738324703002439e-01
4.663581349829931111e-01
4.745627090791369462e-01
4.262765583664655522e-01
4.763976505022670671e-01
4.542235956378350981e-01
4.502715536480937919e-01
4.522412303450127902e-01
4.722173250424308022e-01
4.728330534980365596e-01
4.398292861553882438e-01
4.390872002699044430e-01
4.420851457261446571e-01
4.596148702335171032e-01
4.744311370220384294e-01
4.592442007978977392e-01
4.404736479540327099e-01
4.489417047516760517e-01
4.634498559945272045e-01
4.602745622295251193e-01
4.452788267871488626e-01
4.419689078578555863e-01
4.460068976141923769e-01
4.601943768935294332e-01
4.649415260454139998e-01
4.412491010772303657e-01
4.508642392588155801e-01
4.654504411646616657e-01
4.638242490537858864e-01
4.812638849151598119e-01
4.804009846531058781e-01
4.562555008992560390e-01
4.349467375085363519e-01
4.346337160282455758e-01
4.580188109448609657e-01
4.637945666171903736e-01
4.591479115565951230e-01
4.186916544715234556e-01
4.181884974415687184e-01
4.784107680795782191e-01
4.693216295616783329e-01
4.528314229770651345e-01
4.567458858522573939e-01
4.732823255587682021e-01
4.838277449752833581e-01
4.628407453140308547e-01
4.431153177950370448e-01
4.516500784993636719e-01
4.664440694976234036e-01
4.398202314610389907e-01
4.366590359870265448e-01
4.688900182360503099e-01
4.731680413071056579e-01
4.484115303379609951e-01
4.455787035286320474e-01
4.602104583084372647e-01
4.600758839294714075e-01
4.429537958653484431e-01
4.438080292613837408e-01
4.577658077418781946e-01
4.618081683767747969e-01
4.468196913416199179e-01
4.521872943299126146e-01
4.607810977744972170e-01
4.608642275291832124e-01
4.785733573831082999e-01
4.790895926365627000e-01
4.564225214754524251e-01
4.349762280474966936e-01
4.422639929494457944e-01
4.625900050733580682e-01
4.689355262889514653e-01
4.218440324356720894e-01
4.209445720091479215e-01
4.765713745161441195e-01
4.759726007874170439e-01
4.551003835527014929e-01
4.540973963898226051e-01
4.538471028305509081e-01
4.667806277368077295e-01
4.735762297711084701e-01
4.659405815186115629e-01
4.381595391839417375e-01
4.448140550456893827e-01
4.694207150861912092e-01
4.661813293478261899e-01
4.356529659251029418e-01
4.428792842025971455e-01
4.620993067608172300e-01
4.708171762674759342e-01
4.673504196763354490e-01
4.516076800694785454e-01
4.489562706772954326e-01
4.617269688809931272e-01
4.583417176339023014e-01
4.453133197801454335e-01
4.433893467647087028e-01
4.568504993215763421e-01
4.625241866390218393e-01
4.608530315654029708e-01
4.459880640349603853e-01
4.594736380544804932e-01
4.773829370987833220e-01
4.785743862098959522e-01
4.515845544154601376e-01
4.586598774907093556e-01
4.398192666616556612e-01
4.403355635957656444e-01
4.685654314492028738e-01
4.642005862835110186e-01
4.270958463149488460e-01
4.286567406755841803e-01
4.765989347826132816e-01
4.768748741561551485e-01
4.544136727818309796e-01
4.579030837319228997e-01
4.678815179318275286e-01
4.689206965281298434e-01
4.461503178366644784e-01
4.443803125963626810e-01
4.652453342230076783e-01
4.677263234724308716e-01
4.402500412720711798e-01
4.439525281912987120e-01
4.648352257183320235e-01
4.727065836429431012e-01
4.543686563045052917e-01
4.481171587517464028e-01
4.553298452388481743e-01
4.599605639541762825e-01
4.444825332081615565e-01
4.487492045270045082e-01
4.561094000538918336e-01
4.621574774919647854e-01
4.462386586076746986e-01
4.450795191918037186e-01
4.565798422003958246e-01
4.627152624109973078e-01
4.773073661993685324e-01
4.790945473885209194e-01
4.515655752778091614e-01
4.585690544444729899e-01
4.358591528534563331e-01
4.329090862279738050e-01
4.352300489663233907e-01
4.654113651734645418e-01
4.670753257546650383e-01
4.666447938878353074e-01
4.344150977455991658e-01
4.260926091680733996e-01
4.709232577139126907e-01
4.798546080728994245e-01
4.543319496117728118e-01
4.674625176255542969e-01
4.560313024568929396e-01
4.657869428451144600e-01
4.723285583878215621e-01
4.680017832132468136e-01
4.546108632926543214e-01
4.421589912966060743e-01
4.648295032226470447e-01
4.664625876162724616e-01
4.378307676063228904e-01
4.366793159085809450e-01
4.370372010037566479e-01
4.697185192439738421e-01
4.684589514705855828e-01
4.503920538412052310e-01
4.556204245105464068e-01
4.454252324859749312e-01
4.506664979813230221e-01
4.599814813043511807e-01
4.591311464344276505e-01
4.486855104238203218e-01
4.456373198605876329e-01
4.574749476751823196e-01
4.651141191929586416e-01
4.731534763950871469e-01
4.749783844009415890e-01
4.532817410485499021e-01
4.561732779892329059e-01
4.313228601904325332e-01
4.339279301764368268e-01
4.611905179329295335e-01
4.696283813590902967e-01
4.229596541774593432e-01
4.664969300181279754e-01
4.774163079169350121e-01
4.581629114745466302e-01
4.599155106739468701e-01
4.544571177235562365e-01
4.596763046988454060e-01
4.776441705835339224e-01
4.638001252179284051e-01
4.424551684885388858e-01
4.654098289146535450e-01
4.672114159167103375e-01
4.389560901007529825e-01
4.386533443943254063e-01
4.672358786878620940e-01
4.686678006325213364e-01
4.717985851199908987e-01
4.497854371361612036e-01
4.501822783603941502e-01
4.571158328765155821e-01
4.551587120993917934e-01
4.419977166223645892e-01
4.418154539933106251e-01
4.448161382857228063e-01
4.614975875683107742e-01
4.601062491336959659e-01
4.519451625604493650e-01
4.476390889169260534e-01
4.479870593453941785e-01
4.704003818369899559e-01
4.740869258176818035e-01
4.731539754491357330e-01
4.551847596280784725e-01
4.531507898672242352e-01
4.305102291992746744e-01
4.383967318350858178e-01
4.677898173674249205e-01
4.690410816373900005e-01
4.321276791688168362e-01
4.068835977874022958e-01
4.728609979313783684e-01
4.618090470636431744e-01
4.637151478508194646e-01
4.420843882944737180e-01
4.433338233568319131e-01
4.598503070547386162e-01
4.438286412437425499e-01
4.413241725165771290e-01
4.646895186606436745e-01
4.689222661039532669e-01
4.538289460575248846e-01
4.500076569098651058e-01
4.569895616036108721e-01
4.505946171342735673e-01
4.432816903996797397e-01
4.425926761763561146e-01
4.662608747675346943e-01
4.568824235979286885e-01
4.401382424744317290e-01
4.498348098745002521e-01
4.786115884972076406e-01
4.844670198913001435e-01
4.544789293604057923e-01
4.520286204024103194e-01
4.342228041792572379e-01
4.398171648251997246e-01
4.711800926861804961e-01
4.715150579184851920e-01
4.202492504118043315e-01
4.486196700278998750e-01
4.590915428463863690e-01
4.687472053103391989e-01
4.653812561380035184e-01
4.518680824447716127e-01
4.404155094950009119e-01
4.676872842998339719e-01
4.684945460477943358e-01
4.561418728677351098e-01
4.528243843519911827e-01
4.614068553211240764e-01
4.555869818148080008e-01
4.420572324152501897e-01
4.439393753438828361e-01
4.658810953275883682e-01
4.622662378803680805e-01
4.578314729483308754e-01
4.464105776171991558e-01
4.517311077224199223e-01
4.517346893385351114e-01
4.303865572603131073e-01
4.294186181245784328e-01
4.327610662208990489e-01
4.701114612029040352e-01
4.705003747858158003e-01
4.433877286341646462e-01
4.805559432069074766e-01
4.679074683488012587e-01
4.603624009655344351e-01
4.459801177524637672e-01
4.709466193809333512e-01
4.701860610027199239e-01
4.536794301739419666e-01
4.536087932328771166e-01
4.388070369132558990e-01
4.311416562446350742e-01
4.585561448567455622e-01
4.623915991084739385e-01
4.624400552615622328e-01
4.704601274163903168e-01
4.514522060184706365e-01
4.493300856054202042e-01
4.271482367373256039e-01
4.302458460690205544e-01
4.680907233203718820e-01
4.709017870312499077e-01
4.732253008866638133e-01
4.711234798079795283e-01
4.733942345644238103e-01
4.787604353109354838e-01
4.561623120492971917e-01
4.649579418609020576e-01
4.634122838683912282e-01
4.627501608338793204e-01
4.439288136115602246e-01
4.755773244647089615e-01
4.636502248952592553e-01
4.537562378703910437e-01
4.597842695017220205e-01
4.749533982543070465e-01
4.829923543437458222e-01
4.916173291228043141e-01
4.492254957759892475e-01
4.499987090349653052e-01
4.281900140486357698e-01
4.289658998802013956e-01
4.697493990425455901e-01
4.766461072721361880e-01
4.680761828748450371e-01
4.729916249428965935e-01
4.699237928641793460e-01
4.725696850116069547e-01
4.579784718721823245e-01
4.581857956150472977e-01
4.365623727772875995e-01
4.706917427149014954e-01
4.833874067869234903e-01
4.296845884740488897e-01
4.701869024272444242e-01
4.586877930550642968e-01
4.455414576218041933e-01
4.473885962303840724e-01
4.830669435569598935e-01
4.904033611726909547e-01
4.470555871148518268e-01
4.464480257524449103e-01
4.297927600030268525e-01
4.363817319666453698e-01
4.714135691794095195e-01
4.786600441264739492e-01
4.605335448733980930e-01
4.868981853084780043e-01
4.695920902600325131e-01
4.639188713734074265e-01
4.262279427150656441e-01
4.595780509970758265e-01
4.818590792664111944e-01
4.655039964552321607e-01
4.330484483122403749e-01
4.314591642536472205e-01
4.679773357982944804e-01
4.392257842480193353e-01
4.424757341368901198e-01
4.893562147290015374e-01
5.073387709248846633e-01
4.880382363952798785e-01
4.455394865957822970e-01
4.435570721184171616e-01
4.289598629254000595e-01
4.274432754971422832e-01
4.764758249442663240e-01
4.753953855864148093e-01
4.624232389369300478e-01
4.720976329619528955e-01
4.643784014743824740e-01
4.670906587223191964e-01
4.311704562107452343e-01
4.645899241952426983e-01
4.663221491904031568e-01
4.632951330919609090e-01
4.623202025251124669e-01
4.513095520236455882e-01
4.434938824290766690e-01
4.614551682022917101e-01
4.645779859016135882e-01
4.624467700432169370e-01
4.221922714333901094e-01
4.883596837865369356e-01
4.935885489724028408e-01
4.839189232234916704e-01
4.445476326157208335e-01
4.453802706165221892e-01
4.289343844615523538e-01
4.233879569920734331e-01
4.269092052700196316e-01
4.717697504472617154e-01
4.767592680136842342e-01
4.743477251060729261e-01
4.653936328277577528e-01
4.738021922785151108e-01
4.732483784004574145e-01
4.604236247709488361e-01
4.689543817889081923e-01
4.614328839937115179e-01
4.494203646297145194e-01
4.464476682261644402e-01
4.603774285302963398e-01
4.844730413831401239e-01
4.667756167215463270e-01
4.260906032600367821e-01
4.575917287812765744e-01
4.772740920154720512e-01
4.579421905290418926e-01
4.292631606386516085e-01
4.941356169819680622e-01
4.915990057443267447e-01
4.939241278279911662e-01
4.421474511404642760e-01
4.453888179612200959e-01
4.319080299528056943e-01
4.364654094071781509e-01
4.722482288791740035e-01
4.794388533322347934e-01
4.628598118006994611e-01
4.908251864249039143e-01
4.699106360718186548e-01
4.716452817430053512e-01
4.464992548370909087e-01
4.558421307535797662e-01
4.516157252036360203e-01
4.800462535452666990e-01
4.360068288253248769e-01
4.623808734302393142e-01
4.787707406161730850e-01
4.651012876158043263e-01
4.650551638757245976e-01
4.530566119875429343e-01
4.619649852152473701e-01
4.731113561974985005e-01
4.772500966281418844e-01
4.325326183783351763e-01
4.570674274039905893e-01
4.813822902778309709e-01
4.557056685350895919e-01
4.446110353147338934e-01
4.671503075614383826e-01
4.510371289088117019e-01
4.669253541976455257e-01
4.844114622894254985e-01
4.294105592277175920e-01
4.274204311843176618e-01
4.919457843303293165e-01
5.027340807495841446e-01
4.368018516261300555e-01
4.388841781325056868e-01
4.419586343660398264e-01
4.602922512560586044e-01
4.747968619423597603e-01
4.780650942779451351e-01
4.638697225661423951e-01
4.674934162037404084e-01
4.651692594921935653e-01
4.681512743985063452e-01
4.483946964584426542e-01
4.457459257343281411e-01
4.499221455653045210e-01
4.723133645412675996e-01
4.953137841161732724e-01
4.462263984916343129e-01
4.679837889949779450e-01
4.698583210304203561e-01
4.637769229683029737e-01
4.702660934200438847e-01
4.461845242574887793e-01
4.685044098461600415e-01
4.466768058606893632e-01
4.514859401466194133e-01
4.772074664039628877e-01
4.330948320781163874e-01
4.403543947884582810e-01
4.575844317476915890e-01
4.829931897365674631e-01
4.573150693469915096e-01
4.433184105454756607e-01
4.486651696241347742e-01
4.441737910854002269e-01
4.899716238640194899e-01
4.765958310193382230e-01
4.275659047401836332e-01
4.847449130459953182e-01
5.166745569112278780e-01
4.868176769422136729e-01
4.315519361282212363e-01
4.284871327136844377e-01
4.469116922434990813e-01
4.440067159173614608e-01
4.545975050164791642e-01
4.826426503765011145e-01
4.859202153670045821e-01
4.525399703489940695e-01
4.884827908483868608e-01
4.617253668961256996e-01
4.705589348673624439e-01
4.442807962330658778e-01
4.501204600475338102e-01
4.499874575689773448e-01
4.489752428227901659e-01
4.699896557265806352e-01
4.558745001810499131e-01
4.465840997698701798e-01
4.622927500450908500e-01
4.749126661553652595e-01
4.700532746957482022e-01
4.399416844332769139e-01
4.549403348591374296e-01
4.500665099969577976e-01
4.513093528688487677e-01
4.813182510689934523e-01
4.802534412841580891e-01
4.285696024807287841e-01
4.580611463627399793e-01
4.844955919347119222e-01
4.581952627651754706e-01
4.442452271358336979e-01
4.407247186685552265e-01
4.453343521120844417e-01
4.790736712176146272e-01
4.319793298235871659e-01
4.229682093018840572e-01
4.809989289434298265e-01
5.174956352157813466e-01
4.865424683778121762e-01
4.344223256573804259e-01
4.571676968335091629e-01
4.388105677545250383e-01
4.334148320263438992e-01
4.440039214068416951e-01
4.839912818017871876e-01
4.868904867770329492e-01
4.573140565293022375e-01
4.910336859964525846e-01
4.625812357619517590e-01
4.682106717036243482e-01
4.452579918129691561e-01
4.568745305467850626e-01
4.506774281966358653e-01
4.497225175514614759e-01
4.710122793051218504e-01
4.750724738503569466e-01
4.149399034567838873e-01
4.671055562735126343e-01
4.762739237841371320e-01
4.666016792514314226e-01
4.706802837202438972e-01
4.676561166755615617e-01
4.422474963076195031e-01
4.567793741561134158e-01
4.476374204397394196e-01
4.473854374962930591e-01
4.716553475834468490e-01
4.429023528646403030e-01
4.364133438393458242e-01
4.589109310125342733e-01
4.840985796721735124e-01
4.585610683284467859e-01
4.441383930595229623e-01
4.383345978546041022e-01
4.465420512787811047e-01
4.917481968334291298e-01
4.918769077910752352e-01
4.292777761521539559e-01
4.787569707756526016e-01
5.195228326824467002e-01
4.929036869466130732e-01
4.340963155550463526e-01
4.471758014342392396e-01
4.293833264166569963e-01
4.411310946549635847e-01
4.378282827256782528e-01
4.401304777146614611e-01
3.935134675134789317e-01
3.657077278536421394e-01
4.880498279136891715e-01
4.852166271367057138e-01
4.901666632559538717e-01
4.702569410118278559e-01
4.655170136338901976e-01
4.610043091104216173e-01
4.459103273089713437e-01
4.591654433955293935e-01
4.518173451833414900e-01
4.511784953235850049e-01
4.313768242934522545e-01
4.533698565047376561e-01
4.351431073837575547e-01
4.771572767354886890e-01
4.401267049699523204e-01
4.626194892611337761e-01
4.436272866349785238e-01
4.462255606550101783e-01
4.652937888183193427e-01
4.352757967872114553e-01
4.602573243091955257e-01
4.810135166069764434e-01
4.593589804734839466e-01
4.432597090573197063e-01
4.366328677987918461e-01
4.442902014829632207e-01
4.851397154734992112e-01
4.292904196802280192e-01
4.458831531057406705e-01
4.745493426687209526e-01
5.264451982693514331e-01
4.975546329244827093e-01
4.354481979779061818e-01
4.300818636928933070e-01
4.428312985582868455e-01
4.450717430568174593e-01
3.936753521146417745e-01
4.861286539125994621e-01
3.335035565038523830e-01
3.664910430696237120e-01
4.114890457584940431e-01
4.672145858385885475e-01
4.876173457949167234e-01
4.524680765866101462e-01
4.853565333862256415e-01
4.517916591080516908e-01
4.590224365034759058e-01
4.615152237631015564e-01
4.531277554711409250e-01
4.545577591102258896e-01
4.592805465683140187e-01
4.617780810861489837e-01
4.399320253204827003e-01
4.441011422560293131e-01
4.459516912911903885e-01
5.008918446561778648e-01
5.046792844616241336e-01
4.406901652258915503e-01
4.299083951876103704e-01
4.643385769546658493e-01
4.685572953500252158e-01
4.609782489570069530e-01
4.422264091607629455e-01
4.363197592695786109e-01
4.434603478932284126e-01
5.024158001304546151e-01
5.234262648059909706e-01
4.533794860255686565e-01
5.238464253191610354e-01
4.337216010719735504e-01
4.299449926346151085e-01
4.348933308253113417e-01
4.516840708327883869e-01
4.341948702084837408e-01
4.425078580349378066e-01
4.442973598884307207e-01
4.574573686250314464e-01
3.775169346934351133e-01
3.551127220876749702e-01
4.783306929357218906e-01
4.790327749459575846e-01
4.603817727438383467e-01
4.631438677414813077e-01
4.654906244923600611e-01
4.733980196236108884e-01
4.646898433234302184e-01
4.589884756907532948e-01
4.586645458824906152e-01
4.604628721136362901e-01
4.679974422713602533e-01
4.378560470011985117e-01
4.633225554823595105e-01
4.447872526718326669e-01
4.435238363958736163e-01
4.638048749639129276e-01
4.421839183308424182e-01
4.600889882141566689e-01
4.611876730748786790e-01
4.639176834731862931e-01
4.409854325989935875e-01
4.371981818001877129e-01
4.432739485627834042e-01
4.734785183220086013e-01
5.133960677386055771e-01
4.643103095617667764e-01
4.334699740448760830e-01
4.231167112352403059e-01
4.354857740075141481e-01
7.714072096006002743e-01
3.559813127752816109e-01
4.105725455664875900e-01
3.147966629849249243e-01
3.926740133955095025e-01
4.260096592858437781e-01
4.730906569789557481e-01
4.629246315324880290e-01
4.643549508128702596e-01
4.605989175158892168e-01
4.634081454322970250e-01
4.424177409525493210e-01
4.432491533755272273e-01
4.370053984057675756e-01
4.425142039699842544e-01
4.720118486914489653e-01
4.402752156853897980e-01
4.369953935675584544e-01
4.427090012851234158e-01
4.773030920965621871e-01
4.953808133114039336e-01
4.796893138061912309e-01
5.049818221743159752e-01
4.313702710726092793e-01
4.327907993829360200e-01
4.369607033399799390e-01
9.624711672243420058e-01
4.124168853148891256e-01
4.230614669466535305e-01
4.743513333673403110e-01
4.379629116728384064e-01
4.582151551651050814e-01
4.651383518498499181e-01
4.591866340862766904e-01
4.608112005776159870e-01
4.701811215023943280e-01
4.375965977956595698e-01
4.418847389430310413e-01
4.427526358101381843e-01
4.678251024926567414e-01
4.953184863312478092e-01
4.751037263225253993e-01
4.913989026929981296e-01
4.892542538809533381e-01
4.295291121608948992e-01
4.456684390902810322e-01
4.322774231640777454e-01
1.095144921979847696e+00
4.058706411307167472e-01
3.694960349643823805e-01
4.243581513088433566e-01
4.246697715765701542e-01
4.555897134274937699e-01
4.615222126535309388e-01
4.534685066292649669e-01
4.474977058468123658e-01
4.541132552070370476e-01
4.578100908273395886e-01
4.601134052637291250e-01
4.624626918578718660e-01
4.645755205913590369e-01
4.740471672235391232e-01
4.642595817951487569e-01
4.437730485095991995e-01
4.467224515511065697e-01
4.390280810184166160e-01
4.677851981053414154e-01
4.994960093466943585e-01
4.744613915833556517e-01
4.857635998504083452e-01
4.871290619432042668e-01
4.245751433936711394e-01
4.508479025166020060e-01
4.268055818206569207e-01
1.264020679060545715e+00
3.283720452830176662e-01
3.799973823759550950e-01
3.655837492956799939e-01
4.499387838789749572e-01
5.226691737530768656e-01
5.073934013616380190e-01
4.655553540262001300e-01
4.506871229748114493e-01
4.502787942821350753e-01
4.555103039300630319e-01
4.598858883119764096e-01
4.640772546203520421e-01
4.634829692855375050e-01
4.702378047465308741e-01
4.602020394522542412e-01
4.396240887239154516e-01
4.405374612898043662e-01
4.772913029684914266e-01
4.887944529465679810e-01
4.662679867098447617e-01
4.746991492426178016e-01
4.885511373589165318e-01
4.856694620921840344e-01
4.255087460947188371e-01
4.289204466004496452e-01
1.454580043416582535e+00
4.528911679973056659e-01
4.123644367381949505e-01
4.450805414789990588e-01
4.722280387742743279e-01
4.857920354298276289e-01
4.642489000200748506e-01
4.703060309932007854e-01
4.784415523004165727e-01
5.013254116545082795e-01
4.307985623249134810e-01
4.233908513905987325e-01
4.299480484351598242e-01
4.293189887394410764e-01
4.808919516417811124e-01
4.742142967321455460e-01
5.032220683871660993e-01
4.282203463326396120e-01
4.389176630000710122e-01
4.344296125023671684e-01
4.279401197770998366e-01
4.401822589358519444e-01
4.330156911716697699e-01
2.216777955971596104e+00
1.923545373284030635e+00
4.319518583829857761e-01
4.381341603358410719e-01
4.302313041443610597e-01
4.360540050598106232e-01
2.566244598919729114e+00
4.353182465451433947e-01
4.587313586851571312e-01
4.340021978133146163e-01
4.424710749881429761e-01
2.995726924350194942e+00
4.303457610232176989e-01
4.435881274883945458e-01
4.381754429628404446e-01
4.451027886577547665e-01
4.440541308554697419e-01
3.549775042441225992e+00
4.361287654191015606e-01
4.510804851868770449e-01
4.324804482682347295e-01
4.454867893111190691e-01
4.482650275574449616e-01
4.418518891775896074e-01
4.326364302126377126e+00
4.341569833660551825e-01
4.474617102300537663e-01
4.386276761257098533e-01
4.463771677808301974e-01
4.460691154073237463e-01
5.608607778663101229e+00
4.345812976593081967e-01
4.446895318966461175e-01
4.409734841606020583e-01
4.467786490548886769e-01
4.446465817856987135e-01
8.762137971368003875e+00
4.375261022681516954e-01
4.548455740342033926e-01
4.408877953800371396e-01
4.470309194823652299e-01
4.452055282697427452e-01
1.131059913835216513e+01
1.785233252556828631e+01
7.373560375827137747e+00
5.643166200288336931e+00
5.001058203394566526e+00
4.596602719673214210e+00
4.293192250541326693e+00
4.046127683005781961e+00
3.835307527746517842e+00
3.649604801173172763e+00
3.482253921790761542e+00
3.328917326036477942e+00
3.186735324928142266e+00
3.053807948667074612e+00
2.928888685523863167e+00
2.811188601070131909e+00
2.700240771708649401e+00
2.595799965821118160e+00
2.497765043638615623e+00
2.406117641242448091e+00
2.320873362808720142e+00
2.242042686392238693e+00
2.169599176107047445e+00
2.103453030308297667e+00
2.043428798139959479e+00
1.989247327546986410e+00
1.940513509238001921e+00
1.896712786545881047e+00
1.857220158013915379e+00
1.821324876701853057e+00
1.788271792456524789e+00
1.757316385376264334e+00
1.727785956743814744e+00
1.699135940851117521e+00
1.670989811257693081e+00
1.643154610614492750e+00
1.615610962303179354e+00
1.588483940042469067e+00
1.562006126295452324e+00
1.536484389707164278e+00
1.512277448065513230e+00
1.489784451077951655e+00
1.469438798565443571e+00
1.451698590171254466e+00
1.437026018051908327e+00
1.425851431720902562e+00
1.418521725079139761e+00
1.415235605041061939e+00
1.415969987665770979e+00
1.420403363129723706e+00
1.427845230378334440e+00
1.437186734404455324e+00
1.446895405372398802e+00
1.455082058542928714e+00
1.459663311088805537e+00
1.458622290834201252e+00
1.450333458447665924e+00
1.433877732003590699e+00
1.409253651483322489e+00
1.377408116835559859e+00
1.340065827035735291e+00
1.299405633478715405e+00
1.257680156732573717e+00
1.216880224826755619e+00
1.178511526797568099e+00
1.143501155709708117e+00
1.112212918109811932e+00
1.084535685110831427e+00
1.060014579589287242e+00
1.038006382320524779e+00
1.017845922564614147e+00
9.990064638033099298e-01
9.221391373885589049e-01
9.222281126993018274e-01
9.278236113433214749e-01
9.793015683341452782e-01
9.570586583034471628e-01
1.004251028879244112e+00
1.028614035317397812e+00
1.047630364929633462e+00
1.055017176891352326e+00
1.043156262222286745e+00
1.003478708794488750e+00
9.267585556528681323e-01
8.029196391258823784e-01
6.301887401081218698e-01
4.543151319945097355e-01
4.369472447782752900e-01
4.473455617110570492e-01
4.488571117397810450e-01
4.501801577621414863e-01
