1.778973401121263009e+01
1.127586831781137455e+01
8.735697384676797128e+00
7.357098227080025588e+00
5.635719766576435141e+00
4.997928532103080634e+00
4.596442588637259519e+00
4.295309473927676258e+00
4.050064333404506556e+00
3.840705789646714052e+00
3.656156717886497098e+00
3.489684821600520959e+00
3.336985688424481289e+00
3.195238687364373664e+00
3.062587946727053367e+00
2.937831484271932414e+00
2.820219996964873577e+00
2.709317533528100341e+00
2.604900080636753046e+00
2.506879416660258375e+00
2.415244849830690210e+00
2.330017842138314865e+00
2.251215698674850163e+00
2.178821321404363243e+00
2.112756888089651230e+00
2.052860397450214425e+00
1.998865370991764312e+00
1.950385547209070314e+00
1.906907893877577198e+00
1.867798222053921320e+00
1.832323454726763057e+00
1.799692571314027267e+00
1.769114257693909620e+00
1.739864077968898082e+00
1.711349324762225566e+00
1.683157915870979515e+00
1.655080489161465218e+00
1.627102036371723237e+00
1.599368522350696376e+00
1.572141107318576259e+00
1.545752607459044858e+00
1.520576918209880724e+00
1.497014365513964718e+00
1.475488040691711022e+00
1.456441402317296463e+00
1.440327124603230091e+00
1.427580438441305333e+00
1.418574850404283216e+00
1.413562063993910378e+00
1.412600334286338244e+00
1.415477090659162052e+00
1.421634219154303880e+00
1.430109489773252696e+00
1.439515071941650737e+00
1.448080527414407737e+00
1.453786297142767303e+00
1.454597076482549989e+00
1.448770615526995931e+00
1.435176591864143925e+00
1.413534029903855904e+00
1.384485954649457895e+00
1.349479902112033836e+00
1.310490435476084015e+00
1.269669958384188169e+00
1.229023458117492140e+00
1.190173933590468636e+00
1.154240580730045540e+00
1.121816071218944444e+00
1.093014696603755054e+00
1.067566935381980109e+00
1.044946177920125008e+00
1.024518561190664423e+00
1.005702842791056817e+00
9.276127921960294342e-01
9.262997005611200985e-01
9.305881062020386896e-01
9.572936253025604580e-01
9.789795258186702043e-01
1.004395838830803855e+00
1.030815281182069443e+00
1.054149174878588058e+00
1.068819422298741939e+00
1.067826952395328322e+00
1.043063037165350648e+00
9.857338718138320965e-01
8.864730261102228281e-01
7.388706415425120300e-01
5.604055294217955563e-01
4.252807781474332027e-01
4.402502926245162040e-01
4.452475356604300161e-01
4.485301442270377414e-01
4.408927181835189946e-01
4.414657854928867309e-01
5.593082630936251576e+00
4.283430313617095364e-01
4.418198228744396605e-01
4.401246000158682836e-01
4.382953099283919962e-01
4.379189353532554896e-01
4.314010840296757188e+00
4.235131336213260322e-01
4.422513675392051313e-01
4.403475256540377303e-01
4.389011263845367106e-01
4.394327488774715240e-01
3.538463628923105286e+00
4.266699976772140301e-01
4.428095870622008046e-01
4.456923580204020241e-01
4.421761986478195405e-01
4.395570052318488186e-01
2.984588341754628171e+00
4.290522286069877733e-01
4.339509197892885140e-01
4.442599490157544406e-01
4.462786543219517399e-01
4.405862174049722801e-01
2.554841058171408275e+00
4.358959602074828354e-01
4.221652744934101253e-01
4.415029365016024943e-01
4.435254617565566604e-01
4.387183282898642345e-01
4.364018350431769777e-01
2.204882797603167077e+00
4.258746421863792708e-01
4.336223916361515163e-01
4.318411798483625663e-01
4.487404083919826481e-01
1.911057851619337722e+00
4.204447058825748762e-01
4.312733132021670523e-01
4.249718919514160476e-01
4.238994000637641424e-01
4.233538713546421972e-01
4.250870863159862956e-01
4.592226561171625088e-01
3.513194616241838153e-01
4.722547824645569881e-01
4.683512212765055249e-01
4.983225132123569878e-01
4.813684882372131213e-01
4.230787562863328466e-01
4.195411641099799360e-01
4.441914799635830469e-01
1.249406329130104298e+00
1.440849620852667767e+00
4.508795359810625625e-01
4.452765265724064059e-01
4.693070899513606675e-01
4.137631869261467199e-01
4.030572114565613706e-01
4.785275749910149479e-01
4.655634345524121698e-01
4.707127878996233972e-01
4.791300675520845931e-01
5.010142923160894046e-01
4.898482840549751582e-01
4.197927961965738919e-01
4.213630879309938071e-01
4.372652554894964627e-01
1.079621280271335193e+00
3.627715264834792119e-01
4.204904465339013298e-01
4.598877269559719094e-01
4.848571011978410339e-01
4.752963297056226888e-01
4.554984960992940479e-01
4.503606864504482443e-01
4.537529395409545252e-01
4.577360872346492027e-01
4.609666979118995367e-01
4.637499889579803081e-01
4.654814707584640776e-01
4.708188231850019556e-01
4.673380550539409373e-01
4.631187046906072302e-01
4.400256553184251906e-01
4.459545096763444794e-01
4.776901589907237011e-01
4.667855306762797585e-01
4.758748318618162831e-01
4.914084651848522611e-01
4.863862903878410360e-01
4.992535737608620461e-01
4.244433373171538348e-01
4.290016995521434562e-01
4.244746501127185101e-01
9.336640773045891128e-01
4.505655879720423251e-01
4.351494014625250095e-01
4.381644381391238130e-01
4.453289797668643635e-01
4.582934938836556449e-01
4.561236193793983817e-01
4.552831489379825514e-01
4.554584425899242395e-01
4.565425229019470232e-01
4.581517354196011360e-01
4.602812341584775480e-01
4.629611932456847989e-01
4.670519887097838718e-01
4.636627470380265126e-01
4.706534737805617152e-01
4.290268941872182329e-01
4.331899479523461660e-01
4.511912800379314081e-01
4.690052409584288262e-01
4.760991392776360298e-01
4.891687581282716524e-01
4.895358365520571797e-01
4.976375578401145972e-01
4.259412344795606153e-01
4.271984546823817119e-01
4.241491844068985828e-01
7.614623424854316536e-01
4.128719385197999192e-01
4.120399449022407179e-01
3.771324927989407882e-01
4.324685602892074376e-01
4.368839037906088185e-01
4.601106025697535018e-01
4.593440021270758788e-01
4.580760540136918912e-01
4.616227459205169414e-01
4.569697842385632702e-01
4.677239791134406577e-01
4.326040437804663519e-01
4.380757183288335188e-01
4.406350195572506512e-01
4.695194624678784567e-01
4.777099622572639759e-01
4.972274912896864629e-01
4.922167944869633160e-01
4.926662778504687368e-01
4.259438035501222908e-01
4.429119885454774752e-01
4.418278522303193401e-01
3.705442280418976830e-01
2.723023847626829808e-01
3.265219856810888110e-01
3.823042960603423301e-01
5.173864120733275840e-01
4.931382584654503409e-01
4.684136000172662850e-01
4.617851324819313152e-01
4.650953151143476516e-01
4.609987160541320073e-01
4.652582913340826409e-01
4.284769980656861210e-01
4.438803076251582880e-01
4.578026384975746321e-01
4.680616938166946572e-01
4.353669294799399347e-01
4.411361132299352894e-01
4.389582064973296394e-01
4.718441095545766184e-01
4.839579899218496295e-01
4.960165038267658200e-01
4.884950611371298157e-01
4.258219255036594930e-01
4.207513375082893026e-01
4.486814274336127784e-01
4.521411394049579258e-01
4.437076627867919121e-01
4.486210148391539532e-01
4.374627891464117901e-01
4.479099033810899355e-01
4.789152839002183137e-01
5.041638006105797487e-01
3.392870512409199013e-01
4.820117654812714481e-01
4.976447185770960790e-01
5.066433543474183621e-01
4.600807040456636465e-01
4.611233845677607524e-01
4.611489300192420093e-01
4.665113459702965870e-01
4.610548177120811220e-01
4.631762825382627069e-01
4.685892489841383957e-01
4.671971100872038263e-01
4.758815257582748037e-01
4.336681227285963391e-01
4.348694857783932943e-01
4.411176896407887904e-01
4.566421676630100790e-01
4.798087771695463966e-01
4.048651540592196341e-01
4.363023272959210552e-01
4.633082649547378695e-01
4.634221589915671347e-01
4.690842045806292160e-01
4.745423916795182828e-01
4.371251832289108630e-01
4.432402040896270545e-01
4.328649646901738812e-01
4.946570818934161728e-01
4.614315764355392813e-01
4.249604206907301451e-01
4.300767719599251637e-01
4.463029804414497259e-01
4.465066179223072806e-01
4.441565904543575694e-01
4.449426119444643279e-01
4.556732313285225544e-01
4.782511744308637347e-01
4.456356886951952645e-01
4.605979120137214666e-01
4.857282916605272227e-01
4.601198859666025265e-01
4.541482622199293218e-01
4.578784317224481315e-01
4.654280891638402640e-01
4.605526258654476512e-01
4.609042426518611957e-01
4.652273545900877938e-01
4.800975796843556798e-01
4.957994566510193213e-01
4.809466229183815278e-01
4.332569555821711438e-01
4.406747338377539069e-01
4.415096387529240385e-01
4.406544469065212244e-01
5.169463652281554022e-01
4.173130975137012699e-01
4.649109046935395728e-01
4.684586140053352832e-01
4.809315335691135007e-01
4.394805477369037039e-01
4.433310422924416905e-01
4.327091644914562441e-01
5.350476241089086038e-01
4.528514281059830560e-01
4.148280734967648709e-01
4.043385781871686180e-01
4.820990551971247595e-01
4.985247455784595494e-01
4.281922343672942000e-01
4.325854441817719165e-01
4.407980631129295168e-01
4.443524811576628486e-01
4.387379267121313542e-01
4.523741286185143928e-01
4.524202683840955475e-01
4.678270247153190065e-01
4.568058349840921073e-01
4.542982054398794767e-01
4.686386587563384221e-01
4.808237075487455381e-01
5.007903427674958996e-01
4.447487187386473528e-01
4.509919183041607993e-01
4.527413886239857188e-01
4.738788610554757752e-01
4.942039961641102597e-01
4.195635338681165671e-01
4.227394319435954784e-01
4.691243008830215944e-01
4.849470787693839768e-01
4.892252161859111381e-01
4.341588179452749441e-01
4.445072948794085432e-01
4.508166485868138063e-01
5.209775695462069978e-01
4.698258666807177408e-01
4.117307961345226808e-01
4.240259990030479376e-01
4.629053847179726011e-01
4.672304348266063667e-01
4.829030568184643490e-01
4.405916683163229597e-01
4.444182723729978024e-01
4.358221245657610265e-01
4.985286964838959167e-01
4.146787191738022793e-01
4.966773282340652407e-01
4.869472610063697027e-01
4.993386500873069345e-01
5.128700037515900867e-01
4.304342664033727894e-01
4.340994442217048221e-01
4.329810857252373579e-01
4.342418296639700137e-01
4.345429497340832503e-01
4.647436683125041323e-01
4.681406174435736589e-01
4.673706132445149541e-01
4.578733269972854458e-01
4.634334600411413874e-01
4.738257740530392170e-01
4.788472357113150446e-01
4.451821241387907691e-01
4.493777101287567133e-01
4.496505437865635502e-01
4.672688698808817320e-01
5.359750732864484446e-01
4.651459166074161655e-01
4.316032675462279089e-01
4.632771357453637218e-01
4.689771291860245217e-01
4.771017800694269395e-01
4.900322934992449864e-01
4.354636867502244546e-01
4.346051334014490730e-01
4.454136082580488765e-01
4.532848319365668788e-01
4.842546215276349320e-01
4.259499101874135718e-01
4.618666108434287820e-01
4.660204697680896402e-01
4.835181881494233780e-01
4.409853892576249823e-01
4.448166302431857955e-01
4.393243363132652290e-01
4.998168414967434359e-01
4.818360591974688578e-01
4.040778540854010337e-01
4.215903967400727037e-01
4.935259478125479382e-01
4.949519699029229503e-01
5.030925788472074833e-01
4.320734616130606498e-01
4.334476956510615042e-01
4.302861400117111157e-01
4.340857522436938898e-01
4.316958672150436049e-01
4.347351613829857908e-01
4.662502298759725328e-01
4.705036327552004072e-01
4.675871316970595104e-01
4.627430444119383646e-01
4.736117031547478762e-01
4.680183773179735773e-01
4.430354961888260390e-01
4.484968361150739047e-01
4.494924633421209514e-01
4.472895386810784579e-01
4.838467154564360939e-01
4.449400727982461556e-01
4.643115101999693017e-01
4.700847761035074068e-01
4.722511774172318821e-01
4.911138025679095964e-01
4.344599990237368314e-01
4.335080595144719662e-01
4.464447196285896147e-01
4.421853209379845162e-01
4.441141132377856571e-01
4.819148516097598312e-01
4.878984761087091782e-01
4.208144218723940400e-01
4.172421186544985616e-01
4.608899884011972148e-01
4.652288796833071172e-01
4.822537366840177753e-01
4.405682821392481463e-01
4.417926778923374487e-01
4.526678597484089517e-01
4.956673686961238223e-01
4.227143134841907512e-01
4.950962998234599288e-01
4.953326322604253984e-01
4.258296607718798366e-01
4.380261468857176710e-01
4.371763012580545671e-01
4.431695610965241117e-01
4.668560553124697643e-01
4.669609796398691559e-01
4.719699407085052867e-01
4.659592849224575284e-01
4.797097714177960270e-01
4.799410834920990188e-01
4.465300491914537262e-01
4.486379810741470409e-01
4.607235311424116020e-01
4.774160703593597344e-01
4.778762803931212444e-01
4.305278214099546030e-01
4.388641214435969329e-01
4.641642439468718906e-01
4.739954739179828014e-01
4.739337757303702103e-01
4.345357145219831407e-01
4.475693123251622274e-01
4.513660785619441063e-01
4.673006441710715886e-01
4.327590972911227185e-01
4.606341804051506950e-01
4.643479541582614667e-01
4.815375892199212360e-01
4.386698870943381290e-01
4.477329738805077564e-01
4.608243709100985352e-01
5.018995039561624516e-01
4.998750350594687308e-01
4.110383492322341459e-01
4.171849670835740542e-01
4.980534555924512885e-01
4.977540834514231349e-01
4.892820514648690278e-01
4.328281011032955594e-01
4.446701156640179287e-01
4.338042749088165118e-01
4.347193452333292241e-01
4.644765113462331896e-01
4.680721102431863456e-01
4.760939106253687658e-01
4.747458993584850462e-01
4.773380324367071381e-01
4.978399604020539715e-01
4.469833959744882734e-01
4.495717574156988805e-01
4.703496863355056679e-01
4.598663790558017994e-01
4.508127398188379598e-01
4.731299941985831481e-01
4.663013055497339243e-01
4.754324820872637414e-01
4.837011582787570929e-01
4.489002550528457536e-01
4.641529882735743739e-01
4.509365243158690029e-01
4.207029088678770345e-01
4.602253459244937117e-01
4.627070539584786091e-01
4.796405893988723301e-01
4.428824140684959332e-01
4.510501967693228420e-01
4.592473996009826531e-01
4.316307396449701184e-01
4.236653003143681651e-01
4.932116168190855965e-01
4.915092799285284975e-01
5.081983110357380928e-01
4.354809376205697191e-01
4.320891890519351075e-01
4.300360210763343183e-01
4.337962173883324057e-01
4.298320304965100314e-01
4.601273213181653610e-01
4.669099265661298404e-01
4.677844355542519206e-01
4.741669007016353077e-01
4.715508125770607739e-01
4.729628559581275371e-01
4.576001567827208127e-01
4.425474890753504642e-01
4.497034091535733191e-01
4.652638244194922112e-01
4.695004989487013836e-01
4.706986379383533703e-01
4.818548206019434565e-01
4.269933917381428246e-01
4.603422740110092448e-01
4.609375101293055610e-01
4.794364824450184637e-01
4.587994101465404650e-01
4.257559920806495146e-01
4.212388968814051449e-01
4.867657582989502463e-01
4.830256155465797452e-01
5.144690950296647580e-01
4.338423530126987449e-01
4.297712399106600745e-01
4.342294549827518391e-01
4.326807722720326654e-01
4.659568483425862162e-01
4.686840512450215490e-01
4.647513994460238940e-01
4.625258799300271395e-01
4.762264313501997637e-01
4.777803276649115194e-01
4.342775718671955110e-01
4.662163359541803831e-01
4.701817663925578761e-01
4.872294467177586963e-01
4.390523404079054726e-01
4.622571863490903543e-01
4.658106696046233619e-01
4.744279771110050392e-01
4.326858625535607294e-01
4.968528262405023654e-01
4.905144078393266494e-01
4.906990428332134724e-01
4.343107223531760264e-01
4.319438265880157224e-01
4.346357393299768446e-01
4.373357159576267694e-01
4.452208786523599304e-01
4.694989542171671970e-01
4.693244365980446808e-01
4.628363129896313488e-01
4.677314930290964456e-01
4.724054846277618847e-01
4.842394491750838248e-01
4.601671074848708853e-01
4.615041737979699854e-01
4.625803211126325865e-01
4.673005091013679446e-01
4.700354831392615784e-01
4.448142802934423323e-01
4.282072104798690937e-01
4.334799289697234825e-01
4.573724441224528148e-01
4.475279831197925828e-01
4.905298163102873032e-01
4.944818180901845439e-01
4.331447644284801002e-01
4.367539872875555451e-01
4.370236274265544285e-01
4.359356912993709310e-01
4.642046127760512397e-01
4.665187348060114148e-01
4.644747045498623383e-01
4.738671285416092838e-01
4.924239925963466713e-01
4.587439860728808605e-01
4.662513377873059861e-01
4.347410327914820738e-01
4.460559055917530658e-01
4.863301863376038869e-01
4.637856843487332403e-01
4.499752679352517215e-01
4.636551366777499905e-01
4.899503654418761456e-01
4.814214372150126264e-01
4.901309209403523215e-01
4.363281978661087690e-01
4.382880325377229713e-01
4.329104198832502970e-01
4.343638145679244444e-01
4.633771586538315002e-01
4.659143230230396449e-01
4.671406982138521791e-01
4.741077642384170510e-01
4.690318552230874349e-01
4.564052278461650514e-01
4.659181134491322540e-01
4.641793266901261816e-01
4.362057855769171932e-01
4.245201922602296896e-01
4.837483958419807606e-01
4.974477777919401045e-01
4.791342666924786053e-01
4.498786940415587243e-01
4.481398261825839668e-01
4.674121469862438372e-01
4.697942618629022959e-01
4.570520035751626797e-01
4.875885896620589799e-01
4.421097250145064050e-01
4.287621761256564246e-01
4.318470931223382658e-01
4.634275798011985303e-01
4.686735238657922520e-01
4.648073308727153075e-01
4.339123825234586507e-01
4.623751178796979833e-01
4.724682672189640109e-01
4.424892145524838005e-01
4.316888053546308890e-01
4.854347290061777342e-01
4.838430679516090294e-01
4.471138175991619113e-01
4.360725178650246003e-01
4.542912681657285123e-01
4.337193177312723136e-01
4.269488622718632387e-01
4.598652481044041562e-01
4.651603407776793153e-01
4.613250247032679163e-01
4.426343547170867310e-01
4.424749960394508408e-01
4.465700761688851661e-01
4.346702032392134596e-01
4.355810026097216014e-01
4.427197857523988977e-01
4.641541794368129192e-01
4.698160555317574816e-01
4.361368501231517314e-01
4.648227393185443423e-01
4.694623250998024022e-01
4.341708290598698117e-01
4.794215732156154597e-01
4.811204846725378736e-01
4.532171827653174723e-01
4.462350098701995393e-01
4.680092238893111545e-01
4.537213573097051977e-01
4.376196855956398513e-01
4.439955829891818473e-01
4.636708545270645798e-01
4.692456554060885909e-01
4.653171580366095572e-01
4.654369580556448338e-01
4.420157623977694628e-01
4.998069861058638264e-01
4.844670599750984241e-01
4.768219122910780094e-01
4.472968926263318212e-01
4.479508835199418337e-01
4.390344510356756214e-01
4.422602669735840042e-01
4.653471620337596981e-01
4.710152374807152764e-01
4.253524506698171392e-01
4.302577982698529979e-01
4.691410737181910262e-01
5.162817269977613144e-01
4.645530553205725055e-01
4.636880867943983797e-01
4.635906428189975892e-01
4.807166838602783265e-01
4.438105168985064242e-01
4.273065078352817903e-01
4.596211582457360167e-01
4.968181732285137375e-01
4.056018140708260722e-01
4.447964749567539511e-01
4.762270812257931030e-01
4.759780478939898973e-01
4.469397814342542241e-01
4.455702967435861139e-01
4.591052763112601354e-01
4.595383572591393295e-01
4.364859339930723947e-01
4.350809833275278149e-01
4.703022665963533244e-01
4.653468869419112863e-01
4.482580616776737914e-01
4.498492829943534499e-01
4.651741794603553859e-01
4.760423083197102279e-01
4.845968922574706572e-01
4.507837537413814655e-01
4.496538471824146899e-01
4.337070693403978772e-01
4.355317498691370082e-01
4.633429424073063907e-01
4.669497585134156359e-01
4.263751222127852292e-01
4.242732151230947379e-01
5.108580298482430226e-01
4.964676758502181708e-01
4.593092773207547719e-01
4.541450302246275994e-01
4.701584586679842248e-01
4.644545329384800469e-01
4.723995224785752511e-01
4.728452191997732368e-01
4.311087196512948805e-01
4.336270063060050362e-01
4.695900683057028790e-01
4.865159486836319602e-01
4.235326674661719082e-01
4.257069421321435509e-01
4.378862091887548713e-01
4.682759189157223445e-01
4.746062892234383379e-01
4.434071107313022342e-01
4.452358667745732190e-01
4.587441342264707567e-01
4.591361761772794758e-01
4.410824783674018867e-01
4.396664898106042996e-01
4.399646837587835591e-01
4.709098195681824528e-01
4.656550216227862693e-01
4.552735217692675529e-01
4.491312817915616984e-01
4.519749160162727653e-01
4.613976370878976052e-01
4.818587674230422890e-01
4.848477684569556523e-01
4.521833125415125609e-01
4.519075287905611749e-01
4.343671544632755621e-01
4.291945708612187604e-01
4.605840527907775761e-01
4.686112965408207320e-01
4.656687377513413217e-01
4.275951658087394081e-01
4.867273392483161820e-01
4.911426270368892677e-01
4.551081732273678515e-01
4.569492799955048867e-01
4.580530988602205533e-01
4.708853866271193178e-01
4.807801224183031463e-01
4.377029759633870309e-01
4.829067861991527821e-01
4.819800799480293829e-01
4.270056289330051436e-01
4.217505552872312102e-01
4.733730212984018082e-01
4.748421380285026694e-01
4.780772231131372174e-01
4.434429079189965983e-01
4.445239975572871094e-01
4.628552860171283867e-01
4.427612940740061620e-01
4.496063085601170184e-01
4.635339453043476610e-01
4.677650591356837251e-01
4.475922706361636916e-01
4.488757200753390464e-01
4.548963537500578802e-01
4.617454336655855140e-01
4.838587664554972467e-01
4.891702089061329417e-01
4.523983191797315007e-01
4.545092362600720026e-01
4.367549905476453276e-01
4.349227871952129343e-01
4.364965781224656727e-01
4.635833875544516647e-01
4.721311625811046575e-01
4.307887686209160849e-01
4.338366701856654073e-01
4.881797562173026406e-01
4.807944958318621786e-01
4.557316368246934757e-01
4.576461645240900711e-01
4.686519869358627410e-01
4.675406421049151384e-01
4.971624544775344323e-01
4.463987239368923943e-01
4.369966368182910954e-01
4.813718281627509255e-01
4.788956836207826084e-01
4.304219153615068683e-01
4.296677872101864470e-01
4.368232118029700684e-01
4.739016609829720950e-01
4.824195162932616299e-01
4.449448274136056924e-01
4.591382423701454440e-01
4.634385129331169972e-01
4.448630701133233223e-01
4.440553581689835605e-01
4.598330533731601055e-01
4.665614023780991770e-01
4.409281787037752642e-01
4.493203932532897626e-01
4.562407065148962881e-01
4.581869051927766612e-01
4.880713924104786439e-01
4.862229913667996950e-01
4.472765872126874820e-01
4.554981933613064804e-01
4.386809000169035744e-01
4.438529616829824387e-01
4.643240894858052803e-01
4.652228489827976432e-01
4.377267253015570403e-01
4.290164373654991592e-01
4.850368213667468065e-01
4.782900036597930726e-01
4.553167114634564805e-01
4.544822541447218756e-01
4.587679724199921760e-01
4.680971584033658539e-01
4.664311385577467051e-01
4.974397717173263955e-01
4.377524555648853455e-01
4.475581466806941022e-01
4.786710048052176258e-01
4.749334407710957828e-01
4.337163528039721383e-01
4.348565461383440689e-01
4.664329089444600451e-01
4.728229248558104003e-01
4.497768498060609743e-01
4.449583751342330307e-01
4.607902199073730110e-01
4.661266717134590065e-01
4.427188684367848737e-01
4.399760447329122415e-01
4.585762964402527175e-01
4.650905309107726815e-01
4.490560349983829802e-01
4.618745474609151636e-01
4.839179414209421326e-01
4.834524785935321312e-01
4.509001048906780551e-01
4.565059710688288974e-01
4.366829197033735843e-01
4.340614673646803201e-01
4.584214406149969001e-01
4.627928839274119133e-01
4.319306438760733280e-01
4.317479209564452081e-01
4.801709956389385581e-01
4.709839715754141065e-01
4.538919069322296940e-01
4.530592380343051451e-01
4.735472892777494169e-01
4.559656954823724240e-01
4.258656531540604973e-01
4.481607227316826148e-01
4.803392617409880105e-01
4.787828232943524553e-01
4.279313528613096218e-01
4.288488566310594274e-01
4.691390447373930406e-01
4.641953709145532625e-01
4.834600993087292409e-01
4.463125563566481824e-01
4.406867447947113714e-01
4.637076115721128766e-01
4.623606056937830111e-01
4.417396192363007845e-01
4.401013038652930587e-01
4.637674982050667971e-01
4.630083717708226021e-01
4.654530123329445046e-01
4.471501244967887589e-01
4.492332884631359269e-01
4.584893150990178023e-01
4.589020366389345851e-01
4.831429847095363717e-01
4.798332475658819152e-01
4.547886827488056283e-01
4.337151237059918563e-01
4.355276437629125308e-01
4.626961826521132637e-01
4.571394470847282565e-01
4.803333736700908796e-01
4.194990058595080562e-01
4.423831748004219411e-01
4.786762659931108055e-01
4.722010688365773645e-01
4.542912585629367839e-01
4.528223827701788329e-01
4.556573600921802747e-01
4.674401909069750838e-01
4.788019127338000724e-01
4.288027311441919842e-01
4.296719830753875091e-01
4.634857457124769708e-01
4.668795280871826381e-01
4.678874201909731800e-01
4.391062564711708527e-01
4.507352941836824667e-01
4.672605144185061898e-01
4.593097893957311939e-01
4.404709496985401707e-01
4.401508751922615370e-01
4.619190559983456512e-01
4.693958530975360088e-01
4.454860188123404008e-01
4.498988134795859350e-01
4.675650279600007120e-01
4.608221744051147484e-01
4.798608253107196631e-01
4.736198931279559932e-01
1.123346040715974326e+00
4.323869917865020285e-01
4.321041941773886008e-01
4.601272402260194738e-01
4.332401713586814251e-01
4.710715505217506482e-01
4.525796561756874614e-01
4.546142527587430093e-01
4.958892055148664268e-01
4.763812005581891107e-01
4.311285325997980533e-01
4.354803638987453374e-01
4.428705316244589962e-01
4.626025907581652330e-01
4.358029075226713678e-01
4.692280822766959902e-01
4.648626724694513990e-01
4.421512224021469928e-01
4.431666132029832839e-01
4.470359769320186305e-01
4.621234175727644278e-01
4.527444403920964922e-01
4.359701733692427084e-01
4.495091399425958367e-01
4.651506902658100184e-01
4.574109293664340159e-01
4.737218707197660694e-01
4.688508088035477361e-01
4.697847856285164991e-01
5.514678156370965922e+00
4.332896806469331841e-01
4.240307246636407790e-01
4.917564032630936666e-01
4.769740909312946697e-01
4.528809780238373106e-01
4.516032550480103547e-01
4.817535362026333923e-01
4.815484974410291219e-01
4.325350705224999537e-01
4.393162883352921821e-01
4.538263320352488583e-01
4.399056985073819259e-01
4.544168470714960995e-01
4.671124398936226663e-01
4.405360130626964077e-01
4.632348385920114775e-01
4.636093397579844622e-01
4.652746955841864929e-01
4.693791200991498935e-01
1.715665141529694893e+01
4.290675015462079855e-01
4.279424824656480331e-01
4.654621984533448553e-01
4.849900344695527998e-01
4.538614490761893605e-01
4.488535346506098977e-01
4.654595176049509120e-01
4.437243298757294063e-01
4.339093687844767233e-01
4.955435188460736717e-01
4.581522783608261706e-01
4.440076195316876029e-01
4.273660166883255229e-01
4.576429062683500248e-01
4.667110330407401864e-01
4.762305461062305012e-01
2.759008154981482974e+01
4.370190633628586729e-01
3.743022062299525277e-01
4.648027607028720198e-01
4.643382190361858841e-01
4.357433551470421551e-01
4.914440161689676567e-01
5.018118624656541238e-01
4.302403025225592925e-01
4.405958873129168230e-01
4.675522867140877170e-01
4.496594918919640249e-01
4.609011005757658319e-01
4.684402723479129671e-01
4.622568060994926564e-01
4.572808400082257752e-01
3.151628000332670965e+01
4.368240584961235462e-01
4.281476710153931942e-01
4.843511744905122929e-01
4.642879976326329539e-01
4.488604459576602257e-01
4.913159001706365325e-01
4.652388591554769692e-01
4.302695502175602482e-01
4.340438703465994141e-01
4.581568925788860880e-01
4.267298436539981310e-01
4.608823474847834056e-01
4.576661032147402164e-01
4.622084919893573729e-01
4.762293776605581175e-01
2.759032712479066518e+01
4.292444261904230784e-01
4.240161813152229509e-01
4.656399389268769951e-01
4.778872410132267157e-01
4.538163996310874415e-01
4.515626609378918799e-01
4.812891859553946605e-01
4.439066456006339201e-01
4.395141242891417166e-01
4.955523987528588914e-01
4.538139599301218019e-01
4.439252494992357856e-01
4.543269697141180674e-01
4.636612252166870674e-01
4.667151075384323722e-01
4.693363653867237417e-01
1.715687718628661429e+01
4.331405235397061682e-01
4.319725164496873715e-01
4.925998829936578116e-01
4.715670386919958434e-01
4.528204801449633443e-01
4.545118834582566048e-01
4.815097749796728444e-01
4.761649308002485759e-01
4.327160231155441350e-01
4.430107789060823142e-01
4.648565363257574634e-01
4.399723386904514921e-01
4.470035149686054643e-01
4.670496263795234082e-01
4.526855525960181148e-01
4.404082434438144622e-01
4.495871145489205301e-01
4.632804720875034477e-01
4.573341532424806122e-01
4.653029030004692257e-01
4.697726928943659064e-01
5.514783590165374783e+00
4.325059642110987701e-01
4.356682167420237728e-01
4.602350372812595847e-01
4.804780218161968097e-01
4.329255817659197203e-01
4.414560650843293299e-01
4.726496204441222870e-01
4.524506693985634320e-01
4.554703266238795401e-01
4.956455439986156009e-01
4.785944891750746333e-01
4.312367790044125959e-01
4.297561517937646403e-01
4.356172475558913737e-01
4.625312452555524478e-01
4.677580187078008711e-01
4.357446247050451027e-01
4.506968970179398015e-01
4.692026963275457430e-01
4.592765620812016003e-01
4.421859173216053374e-01
4.401433972771717218e-01
4.431225279464632294e-01
4.620464949399580856e-01
4.693013740642169584e-01
4.360458993138397465e-01
4.498440461923213785e-01
4.654071004935326772e-01
4.607929779060644937e-01
4.737154146966308099e-01
4.736149261539321920e-01
4.688436280203104323e-01
1.123383221526123910e+00
4.338722143988289481e-01
4.342235154455567625e-01
4.624512221763526498e-01
4.625275305390245673e-01
4.574074575408860199e-01
4.187210750875776100e-01
4.311616238168650694e-01
4.790495464713954710e-01
4.711102428382514251e-01
4.542035175594056895e-01
4.530459984901284431e-01
4.526868565913406139e-01
4.675853729024458949e-01
4.560655750663070718e-01
4.480184294958205471e-01
4.786445830427263903e-01
4.288559042889343864e-01
4.289078636966226488e-01
4.633725829721058176e-01
4.833242080364934523e-01
4.667794221800981025e-01
4.390713257558672145e-01
4.406594774829271643e-01
4.672273408892084201e-01
4.623309159996867868e-01
4.404528634893755679e-01
4.401557830797869220e-01
4.618340858368756852e-01
4.653722910966855975e-01
4.453433821198627962e-01
4.492181383365664304e-01
4.676528955164719892e-01
4.588849823317791010e-01
4.798573708619101041e-01
4.798296215503902173e-01
4.547917271776449333e-01
4.368506161954177625e-01
4.440099251986013851e-01
4.577162496446787743e-01
4.645848906650805743e-01
4.315170204080638339e-01
4.288733503240180767e-01
4.799701108698769536e-01
4.782373366824127503e-01
4.537749660107056604e-01
4.585722442769513130e-01
4.734374084933011262e-01
4.971990546198751804e-01
4.257998559378009529e-01
4.479448077443968224e-01
4.802241404850131068e-01
4.749500127831388085e-01
4.279436084962877640e-01
4.348788105453063046e-01
4.690257456313957074e-01
4.727316298263749550e-01
4.640659101904827666e-01
4.462886835836792354e-01
4.449364843742109610e-01
4.636751843234842574e-01
4.660917778540561440e-01
4.417478686647542951e-01
4.399829945055079294e-01
4.637153748132197828e-01
4.650909539690317174e-01
4.629956515178145771e-01
4.470532543714942908e-01
4.490643287973683506e-01
4.584948240830137300e-01
4.618601334138466852e-01
4.831427356686344710e-01
4.834526316322120265e-01
4.565052959459566240e-01
4.387998846884132997e-01
4.364262583070251944e-01
4.638168938528779428e-01
4.716717572051573049e-01
4.377946003381249507e-01
4.340577386998918930e-01
4.848683514577849518e-01
4.805144567054090432e-01
4.551368888179606609e-01
4.575512855719310878e-01
4.543022398574418363e-01
4.680657104686336556e-01
4.971341370822969230e-01
4.663455905473697372e-01
4.383260222793904370e-01
4.374280700799369481e-01
4.787176800939496046e-01
4.789819102006737661e-01
4.337715666433070716e-01
4.367824778862784418e-01
4.663702087035327959e-01
4.823671279142558443e-01
4.497636206233875944e-01
4.449300821075820034e-01
4.607623603188200079e-01
4.633945240953539768e-01
4.427480738572153185e-01
4.440960177796962616e-01
4.585926711282602986e-01
4.665874082290711322e-01
4.492951449243203221e-01
4.581518526844630124e-01
4.839191985480532643e-01
4.862270690274774765e-01
4.509069975786550444e-01
4.555045554617017101e-01
4.366154015831351654e-01
4.290854031089630927e-01
4.348679465990340498e-01
4.630794846784280772e-01
4.652961577516989133e-01
4.310512008410136153e-01
4.276454178210338797e-01
4.879229247786479040e-01
4.908318481814094580e-01
4.555850114204796908e-01
4.578338131803171840e-01
4.686455862848496468e-01
4.810162449082936997e-01
4.675153307550138915e-01
4.467163908081465129e-01
4.378551369192196785e-01
4.815128700998155264e-01
4.821525412449360615e-01
4.303127904716018137e-01
4.216883306123802577e-01
4.296307026448717425e-01
4.738720702286230435e-01
4.781127158411880296e-01
4.445002093411112298e-01
4.590843958160593097e-01
4.628243633792514800e-01
4.448396986599022496e-01
4.495965895006431845e-01
4.598678682333423029e-01
4.677907844125192005e-01
4.408917614845018762e-01
4.488601289005579309e-01
4.562182052713026903e-01
4.617650387380394239e-01
4.880740780090539466e-01
4.891746905697923475e-01
4.472802312361038313e-01
4.545098684594742200e-01
4.341993163225746355e-01
4.353607125933983690e-01
4.602145914359224710e-01
4.665802088411400428e-01
4.682528364840923274e-01
4.247698021144200586e-01
4.864547828821937370e-01
4.964036080342949520e-01
4.549413018821664156e-01
4.700155614602592458e-01
4.567660475495330386e-01
4.709061405808382950e-01
4.729138323757738904e-01
4.336322236827511722e-01
4.831284925336554736e-01
4.867741533240131924e-01
4.268445811035269655e-01
4.377056595667847549e-01
4.733887425894382495e-01
4.746478724509336500e-01
4.749537444305368394e-01
4.434259426414792760e-01
4.452205523424532241e-01
4.590993784748144124e-01
4.427324660321658722e-01
4.398497883892590887e-01
4.635532626134528100e-01
4.656840041820822784e-01
4.475740177502023354e-01
4.491255160807423596e-01
4.548543320677833068e-01
4.613810188830061443e-01
4.838657267507402993e-01
4.848579396827207844e-01
4.523968174787516006e-01
4.519051254545581320e-01
4.334847774356349048e-01
4.419130878151096287e-01
4.630692274932675656e-01
4.707820817984847972e-01
4.266964040931115476e-01
4.309122753323869626e-01
5.110178964098013310e-01
5.196625386168984839e-01
4.590937306414997754e-01
4.644453703571509995e-01
4.539685320201555796e-01
4.646624561117676522e-01
4.808410349466837319e-01
4.725071571739924425e-01
4.310549924621352447e-01
4.271933772400929863e-01
4.699244636263248953e-01
4.972073233547995019e-01
4.232828204781874937e-01
4.445947717889054962e-01
4.255546941492280855e-01
4.683442768922522204e-01
4.760735143256999979e-01
4.433858699336226117e-01
4.455592652278376753e-01
4.587058467958008423e-01
4.594962392616003810e-01
4.410540840868267254e-01
4.351749468797067033e-01
4.396109576552559295e-01
4.709160544042381158e-01
4.653141907058847004e-01
4.552466309570989411e-01
4.482407848267299655e-01
4.520371571398778543e-01
4.651514824619960020e-01
4.818735355640161866e-01
4.846143510932908738e-01
4.521802217079216590e-01
4.496531905965143183e-01
4.385866695396592463e-01
4.421052872554605551e-01
4.651073459557086842e-01
4.695677721390830173e-01
4.259456080633234332e-01
4.366835707155642399e-01
4.692320969324342839e-01
4.638386417181218913e-01
4.667733817269199559e-01
4.637888421970471908e-01
4.437412574056867620e-01
4.340539560840711020e-01
4.597203022172749454e-01
4.054552249463624913e-01
4.763297201059367159e-01
4.811663815419270351e-01
4.469309403318361129e-01
4.462237023317148221e-01
4.590590242950722821e-01
4.536731684628386163e-01
4.364947573502881983e-01
4.439466855822530866e-01
4.703142412317741217e-01
4.653162044976180134e-01
4.419582540049086239e-01
4.498495366386726091e-01
4.844247387618436096e-01
4.760529419176289245e-01
4.767042717908120952e-01
4.507840534118549014e-01
4.479497400247983152e-01
4.343363810620003984e-01
4.314661051907816014e-01
4.350994484530930073e-01
4.639295947793112829e-01
4.646170050533089402e-01
4.346815584715101877e-01
4.651007652659559510e-01
4.727959355976806277e-01
4.315629969870381499e-01
4.796574710001818564e-01
4.840468425810272590e-01
4.532040067175153730e-01
4.471068981842738488e-01
4.679552873767937604e-01
4.542392312154040490e-01
4.376788510893178108e-01
4.269866309860866904e-01
4.637184158694446778e-01
4.652062488717598754e-01
4.692201030019524932e-01
4.654678180006386889e-01
4.425992826842619077e-01
4.996838783320174393e-01
4.472999768174421020e-01
4.465731569105511611e-01
4.282923639431329699e-01
4.339906366659662118e-01
4.635381912287495632e-01
4.660808398153394316e-01
4.680317922086418836e-01
4.691919961246229787e-01
4.625752688990216188e-01
4.644914069269098778e-01
4.424208950910406002e-01
4.241869850038608170e-01
4.855148159094102023e-01
4.795045238045004266e-01
4.481509235998075158e-01
4.360734114649786886e-01
4.337754423701250528e-01
4.599054321938024215e-01
4.698601498104653662e-01
4.630419464676182040e-01
4.874890874413339570e-01
4.424700985352978400e-01
4.421029170424348731e-01
4.324429547546306818e-01
4.393341680394391990e-01
4.636746816134759142e-01
4.668344339093973838e-01
4.668154650898241886e-01
4.930440746226829041e-01
4.744066874157423230e-01
4.566277072356646483e-01
4.665325064086230378e-01
4.661221943895053621e-01
4.360080898538969407e-01
4.459113644029956136e-01
4.838404076701982026e-01
4.863695699098040670e-01
4.976771008756814552e-01
4.498907613275036632e-01
4.499785597608544907e-01
4.674135133934074759e-01
4.636905129271226000e-01
4.570571974823069428e-01
4.901211491032202439e-01
4.382575615203432307e-01
4.363745415997528077e-01
4.441500230822155171e-01
4.643781686381241447e-01
4.695051324048804542e-01
4.655089323770588150e-01
4.852815341525072990e-01
4.738187690458542378e-01
4.590103784960039568e-01
4.616000259276207274e-01
4.347071950448072597e-01
4.700245118135144562e-01
4.283138378983457062e-01
4.638217398512095579e-01
4.574244325646056319e-01
4.475029268898760293e-01
4.899677222529436049e-01
4.944912907152144155e-01
4.814180383642595595e-01
4.362957686922574463e-01
4.367626447100146914e-01
4.342996503477390968e-01
4.320696025565516907e-01
4.362873573411641948e-01
4.696275490430871224e-01
4.647553906284689895e-01
4.641432656515727673e-01
4.786361469694048743e-01
4.687694224138684307e-01
4.732583952069356337e-01
4.604296039140807761e-01
4.342464860933095139e-01
4.625826249070960627e-01
4.873691481662476566e-01
4.674037237784072762e-01
4.452003853704734060e-01
4.393525124853235875e-01
4.335268614997964676e-01
4.745017256944187301e-01
4.326528545966332739e-01
4.905385361564217339e-01
4.907083993086563956e-01
4.331258805147508717e-01
4.317491518938158523e-01
4.333973750581250894e-01
4.292701229878485014e-01
4.660548227272844901e-01
4.672116121936438216e-01
4.688484429315648017e-01
4.635610214468167678e-01
4.732053711706827870e-01
4.770702810468891997e-01
4.489335870462162204e-01
4.663365078891459348e-01
4.819403307732228470e-01
4.702395207347577766e-01
4.272929663251858745e-01
4.623317207605023293e-01
4.795132598332531026e-01
4.658673950441317713e-01
4.213419929936610409e-01
4.968600902132162545e-01
5.144804435746186400e-01
4.905193710983967725e-01
4.341738220474205545e-01
4.297698175738269288e-01
4.331953745278120937e-01
4.341579930847773161e-01
4.611240041747055596e-01
4.690960896895894905e-01
4.669000096061668992e-01
4.972869878192556214e-01
4.736566956249431692e-01
4.718379594198618965e-01
4.568796780758846987e-01
4.703112464767825185e-01
4.598729491070187025e-01
4.417444737899549057e-01
4.504365652788108743e-01
4.654136297836907743e-01
4.838071446937188269e-01
4.696301526776990309e-01
4.707884760288170156e-01
4.208321381994251653e-01
4.604079220632656400e-01
4.797233035748937890e-01
4.610073795980418332e-01
4.586561299134473968e-01
4.590925336327444928e-01
4.315208840662542178e-01
4.258823414072929747e-01
4.237604145696888813e-01
4.867825215477635803e-01
5.082088260866095553e-01
4.830408742987954418e-01
4.338188979092770237e-01
4.299910136487213874e-01
4.347942143089206235e-01
4.433935789997568988e-01
4.649570863821528288e-01
4.672717736928126975e-01
4.737133267961345373e-01
4.779096625290044642e-01
4.726766161925977650e-01
4.769734038327823611e-01
4.470161957471205372e-01
4.605899767036284453e-01
4.495923456788156747e-01
4.776344319230224622e-01
4.389555045943146494e-01
4.732905777700154859e-01
4.740704904233984940e-01
4.664909573095056827e-01
4.755529831497531390e-01
4.490378306919688978e-01
4.515702367059929445e-01
4.640548418735173652e-01
4.670766556993057872e-01
4.509723717560475409e-01
4.327188067395607018e-01
4.602721211675061541e-01
4.815812934581485960e-01
4.627587770805515754e-01
4.428845354605347451e-01
4.607789844317545791e-01
4.509495309235304061e-01
4.996722070879376365e-01
4.171488160889517127e-01
4.932313988495095058e-01
4.892969446904464337e-01
4.915250603290041709e-01
4.354558593739885075e-01
4.446409960387437410e-01
4.320474981298107475e-01
4.380275077536466277e-01
4.379711653218711365e-01
4.667907316633375103e-01
4.698688440009081702e-01
4.713034162040372066e-01
4.671915345674187980e-01
4.653365954349270028e-01
4.782601955965546936e-01
4.465362854879964538e-01
4.470990962406351521e-01
4.486263348478872204e-01
4.771241421924186099e-01
4.834444963934874107e-01
4.307502099965161979e-01
4.452149019181758094e-01
4.644120297553420706e-01
4.912702397960071465e-01
4.741553035923827264e-01
4.345108299557692844e-01
4.440895171886535264e-01
4.478282964139125855e-01
4.874668596158672207e-01
4.170780823786391367e-01
4.606531822524568831e-01
4.822882727312534090e-01
4.643827957367704373e-01
4.386033522329684797e-01
4.525875934674720158e-01
4.476813800305216029e-01
5.016668675537004907e-01
4.956957295821832199e-01
4.109555276996049722e-01
4.226028393545708250e-01
4.980729183977770647e-01
4.953528615001681623e-01
4.977717831542849969e-01
4.328216150074052360e-01
4.380043474953371763e-01
4.380054933413350948e-01
4.377334088932782752e-01
4.346114982443481933e-01
4.658799921335030625e-01
4.673014445145059481e-01
4.662991057232624970e-01
4.777590307969704631e-01
4.627934116340337023e-01
4.731848547274061234e-01
4.430673827661526509e-01
4.672305777033709528e-01
4.483254974448032115e-01
4.492720217097840862e-01
4.642116264202609810e-01
4.317880865367904053e-01
4.646427327184867728e-01
4.901705757967244059e-01
4.703384696607921245e-01
4.723815336195644199e-01
4.344913974214835717e-01
4.533835632013146766e-01
4.335213570755299672e-01
4.466010186999075371e-01
4.421952124309062038e-01
4.815699870810137284e-01
4.843924314190735658e-01
4.205419762347044621e-01
4.256818357857573010e-01
4.608412133850175452e-01
4.836643353985733418e-01
4.652412224260885076e-01
4.404962747083206454e-01
4.392764481663041787e-01
4.416819145355372345e-01
4.819309546228798258e-01
4.215628800136736465e-01
4.951146185223079810e-01
5.031163317437664650e-01
4.258193166339414026e-01
4.302799975033917979e-01
4.351716675590386885e-01
4.514422006653623920e-01
4.659537982683490398e-01
4.694210263177997500e-01
4.677569014358529675e-01
4.573502112668324515e-01
4.976847067919125678e-01
4.636644510475556591e-01
4.724618752246629305e-01
4.443918521402702715e-01
4.726307384703690162e-01
4.494946879815913121e-01
4.495745012821228959e-01
5.354704787729817062e-01
4.932713422793817415e-01
4.231420801952078259e-01
4.638233521077224086e-01
4.895501395364214581e-01
4.692757625851978753e-01
4.771842500988540126e-01
4.354914973426647351e-01
4.508877369393385348e-01
4.346523128972370476e-01
4.455912215228447493e-01
4.706907167089626753e-01
4.239736104417921037e-01
4.618352880558818097e-01
4.828893119036268833e-01
4.660114503823970522e-01
4.409306712979367826e-01
4.357911681400222226e-01
4.447386452903528409e-01
4.998164331269387972e-01
4.984921263524685342e-01
4.040743733431809703e-01
4.146476526317289801e-01
4.935453356266630842e-01
5.128942261496040045e-01
4.949763864250497636e-01
4.320487791031072389e-01
4.329611381141673654e-01
4.334331370560440821e-01
4.425147885087226673e-01
4.435585099504422146e-01
4.371392479434217937e-01
4.582241520055537753e-01
4.790495621626178480e-01
4.648480327450528193e-01
4.674260768502900287e-01
4.626264129984561935e-01
4.676463377025728563e-01
4.752407165901072483e-01
4.454052440314948402e-01
4.653828054396925151e-01
4.502143096354085938e-01
4.509733663465232412e-01
4.806179698507273002e-01
4.201760688779428987e-01
4.692710594093112975e-01
4.851510436361409218e-01
4.341669263535842815e-01
4.406854585670185731e-01
4.446064207126104728e-01
5.215325084537797418e-01
5.173257241556017405e-01
4.120097768493862223e-01
4.175033304566250214e-01
4.628530885573018949e-01
4.809027197156247602e-01
4.672065106331143580e-01
4.405380245431391173e-01
4.327145730366265264e-01
4.443632338056478503e-01
4.530168796612825122e-01
4.042511114411703188e-01
4.966981647697835678e-01
4.985606628226803005e-01
4.869525548866084352e-01
4.993677912228621230e-01
4.304094092424802231e-01
4.407742023534407805e-01
4.340744591568436728e-01
4.464415922594456299e-01
4.484203709586714881e-01
4.435415529383569533e-01
4.561856255796925552e-01
4.441021895436791378e-01
4.724770199363602097e-01
5.207530989654272080e-01
4.738693881050909384e-01
4.829997721647152908e-01
4.547427818796270227e-01
4.945186139582122831e-01
4.567559153247443549e-01
4.605569457613340467e-01
4.759563222688754092e-01
4.608230407072306800e-01
4.651683490967206125e-01
4.800988486153137114e-01
4.955447906171022709e-01
4.332428916419657772e-01
4.567092335434779771e-01
4.407019307960929888e-01
4.415194675941438440e-01
4.796116781997445400e-01
4.361916423813536059e-01
4.647893352241698750e-01
4.744606804936208344e-01
4.684192478458411024e-01
4.394388376943357821e-01
4.329123888624104577e-01
4.433022170082708824e-01
5.347945772118042340e-01
4.613323691415452399e-01
4.147822606055699968e-01
4.821187614880869110e-01
4.281644566874471258e-01
4.462737866160467748e-01
4.325575131271009455e-01
4.535725800019779208e-01
4.423028903775343412e-01
4.437030411602198021e-01
4.354869203573923375e-01
4.839352205528443251e-01
3.595418146278979710e-01
3.532180020981355861e-01
4.735285719008573424e-01
4.805130315466172863e-01
4.599552951025554504e-01
4.660287597273536919e-01
4.595801792761632365e-01
4.590746956638441789e-01
4.656709860936708023e-01
4.613254664793424165e-01
4.636537183052015232e-01
4.688914353974881211e-01
4.673048134816509269e-01
4.336321482580238751e-01
4.576804059929807100e-01
4.348683950558565048e-01
4.411048664121559049e-01
4.669243712774738819e-01
4.043805280207706798e-01
4.633332520840096613e-01
4.634174605438378669e-01
4.689943768415075209e-01
4.371209662687249309e-01
4.390119812731020921e-01
4.432441677686421722e-01
4.943427839618377839e-01
4.884965980447374401e-01
4.249307978191960156e-01
4.486512456544601846e-01
4.300466126521863552e-01
7.617530105747057911e-01
3.717413384341444749e-01
4.127148006276541436e-01
2.972455877252259682e-01
3.879026448857182396e-01
3.706279016613747146e-01
4.620471078700750245e-01
4.878594744086997559e-01
4.753392341288211198e-01
4.656057616210558248e-01
4.677238804872174138e-01
4.623201148038078023e-01
4.284490163524727335e-01
4.601101743605017780e-01
4.437661272465735496e-01
4.674832143279629704e-01
4.353476461379406914e-01
4.407274508489368303e-01
4.411563381645162707e-01
4.718475516764688571e-01
4.926666906528912593e-01
4.839663725343168466e-01
4.959717036758097830e-01
4.257871889417968458e-01
4.429134748869559823e-01
4.207182571234073243e-01
9.339491988500717712e-01
4.166953881801083170e-01
4.324138807846618082e-01
4.459289247887432417e-01
4.366603263592692685e-01
4.593394454207173072e-01
4.706477046861703428e-01
4.580824817896460011e-01
4.615856559200322007e-01
4.568647234789602329e-01
4.326740965761383673e-01
4.512823785569631263e-01
4.381055393892335781e-01
4.695114413925251529e-01
4.976325566973730519e-01
4.777104639519279550e-01
4.972362616199051955e-01
4.922243590577340955e-01
4.258893513512305162e-01
4.241409040637931782e-01
1.079681198002079734e+00
4.490691703010031843e-01
3.622403082959846365e-01
4.338632141886599736e-01
4.389530106079358451e-01
4.578528104309065871e-01
4.628530276375009134e-01
4.553600851451627407e-01
4.543323538058816058e-01
4.546577157807392688e-01
4.561666230897841734e-01
4.581041069142088307e-01
4.603320144875320818e-01
4.630005774838944488e-01
4.670648555239966804e-01
4.636763415001262101e-01
4.290416681914883679e-01
4.459220347788960814e-01
4.332796135925712777e-01
4.689763725139216577e-01
4.992278225763768784e-01
4.760861111138711688e-01
4.891618956012791508e-01
4.895332258373162326e-01
4.258848644687363016e-01
4.244697639468323347e-01
4.271712515356591022e-01
1.249431250543945771e+00
4.436313339735722394e-01
4.136531856553540276e-01
4.642179437343377235e-01
4.572272465047375056e-01
4.897664639068356474e-01
4.852654672203872699e-01
4.611874525516183043e-01
4.504952579101857424e-01
4.520893244527329213e-01
4.565157648241328081e-01
4.604704139622555203e-01
4.636685128377158183e-01
4.655179765020227012e-01
4.709018958947361333e-01
4.672981002110426774e-01
4.400369454730260199e-01
4.030633457678506892e-01
4.776899973722056880e-01
4.898282359400013553e-01
4.667790813833668229e-01
4.758563718992828151e-01
4.913812262683400767e-01
4.863549059625881799e-01
4.243603219890186851e-01
4.372463075948964106e-01
4.289924827201263002e-01
1.440879900411426551e+00
4.485497979308801786e-01
4.137291197984049873e-01
3.512800250588477002e-01
4.783537643894276159e-01
4.813123407685160893e-01
4.653406196629305547e-01
4.706612136046195438e-01
4.790925834634126024e-01
5.010092123166689504e-01
4.197761856498420929e-01
4.441302505600013828e-01
4.213327412336140276e-01
4.591400787264009464e-01
4.721687676493218078e-01
4.683126808959111043e-01
4.984398698256281013e-01
4.230385600599563256e-01
4.250683504980707905e-01
4.194957769922258439e-01
4.233161290281403089e-01
4.238643018486648040e-01
2.205026783930379874e+00
1.911158302925100694e+00
4.204006423381480007e-01
4.486873598300949451e-01
4.312215234054223578e-01
4.249242304645461377e-01
2.555028807016846315e+00
4.258246410158442741e-01
4.363472451356389947e-01
4.335881197595389258e-01
4.318089825335942322e-01
2.984820321767757356e+00
4.358606058199720468e-01
4.406087214929924056e-01
4.221241558953700013e-01
4.414757887639620404e-01
4.434975642419013431e-01
4.386783185140767372e-01
3.538743947907794229e+00
4.290264838502546585e-01
4.395342615982615886e-01
4.339361765119332803e-01
4.442467380296730162e-01
4.462544487525437753e-01
4.314352466449784984e+00
4.266483323207292400e-01
4.394312645892402003e-01
4.428079547813045247e-01
4.456930621079929211e-01
4.421689256752089348e-01
5.593521009053337600e+00
4.234958454630767255e-01
4.379249362370834509e-01
4.422632518166711435e-01
4.403671313458591974e-01
4.389046341912725691e-01
8.736367917294767693e+00
4.283310612402526085e-01
4.414899982521052202e-01
4.418484123680176956e-01
4.401820983000605536e-01
4.383015357347218033e-01
1.127673680655195732e+01
1.779105654580812157e+01
7.357699290567912165e+00
5.636199048212418461e+00
4.998347771634906067e+00
4.596799249964390377e+00
4.295589831475675524e+00
4.050251612041384952e+00
3.840783918788325035e+00
3.656113225530104760e+00
3.489513338936580222e+00
3.336687860256225768e+00
3.194825173105325877e+00
3.062078267766144002e+00
2.937252656284615071e+00
2.819604117868097948e+00
2.708698707844775733e+00
2.604311185207735413e+00
2.506349217503378579e+00
2.414795873011739591e+00
2.329665224240395460e+00
2.250967050939367553e+00
2.178677485411523840e+00
2.112713368227969735e+00
2.052909228346376125e+00
1.998997195448045661e+00
1.950591706823429972e+00
1.907182334208870733e+00
1.868138966969091541e+00
1.832733325770648847e+00
1.800178780330011108e+00
1.769686582574448996e+00
1.740531625351410483e+00
1.712116378150055684e+00
1.684019899118543329e+00
1.656021359968567364e+00
1.628094209942297921e+00
1.600375682107169295e+00
1.573123264627038775e+00
1.546671984570397118e+00
1.521403018566584997e+00
1.497727024407466079e+00
1.476078056142834827e+00
1.456909134285202301e+00
1.440679918234449630e+00
1.427829790534373311e+00
1.418734005374203688e+00
1.413644381451308663e+00
1.412618466724067545e+00
1.415442813050627802e+00
1.421558651872370405e+00
1.430003407677161720e+00
1.439388967404155339e+00
1.447944117028211908e+00
1.453647308275191508e+00
1.454459495017389248e+00
1.448633078661986984e+00
1.435032013549912167e+00
1.413371444524880838e+00
1.384294700182731264e+00
1.349254902053584448e+00
1.310236302274561559e+00
1.269401785664881377e+00
1.228763635460752734e+00
1.189946275240370888e+00
1.154064285584380567e+00
1.121701836570907052e+00
1.092963987708602369e+00
1.067573893765242143e+00
1.045000761317609994e+00
1.024609500332403611e+00
1.005819589173904127e+00
9.264195700641865150e-01
9.277429202148612664e-01
9.306971184243566508e-01
9.790593080036557039e-01
9.573822535320603011e-01
1.004467548530375565e+00
1.030879300613387173e+00
1.054205417021048197e+00
1.068867376750159526e+00
1.067865797616134538e+00
1.043091729852823502e+00
9.857511126995340822e-01
8.864770387602409762e-01
7.388591738793476305e-01
5.603773643151704897e-01
4.252485194008028824e-01
4.402607724362929131e-01
4.452827906423291737e-01
4.485826975404662575e-01
4.409204653154029097e-01
