1.792401189321143917e+01
1.135319786876235248e+01
8.795132464702831498e+00
7.397857851179280964e+00
5.659003349151761952e+00
5.013386417164761077e+00
4.606707201268420704e+00
4.301675893641099258e+00
4.053338717677214653e+00
3.841471760909811906e+00
3.654881147431260136e+00
3.486762234227339885e+00
3.332752436347443670e+00
3.189974315924816395e+00
3.056514910113107941e+00
2.931119202997715778e+00
2.812994526862977462e+00
2.701674635320670870e+00
2.596917867730057505e+00
2.498626978492502815e+00
2.406784671086838578e+00
2.321401628523253269e+00
2.242474731092983120e+00
2.169953443673882099e+00
2.103712803996279135e+00
2.043532384535002855e+00
1.989081984597296682e+00
1.939916258572210062e+00
1.895481379329561733e+00
1.855136467814503254e+00
1.818190405356518324e+00
1.783950921011161483e+00
1.751778574425675972e+00
1.721135282195969340e+00
1.691617223155825522e+00
1.662966027042539929e+00
1.635058905052444445e+00
1.607885020896335782e+00
1.581518952051834237e+00
1.556101047077391497e+00
1.531829558123883661e+00
1.508962990873239374e+00
1.487825857967582932e+00
1.468808730492596082e+00
1.452354473341440411e+00
1.438925845844200913e+00
1.428953631175849281e+00
1.422767725953748119e+00
1.420515723582917555e+00
1.422075259084235599e+00
1.426969430017797524e+00
1.434300409668925136e+00
1.442724424525795301e+00
1.450497519384255751e+00
1.455618344571326217e+00
1.456073949693668768e+00
1.450156835104098985e+00
1.436779772966642499e+00
1.415693804351521479e+00
1.387534928883958907e+00
1.353683464372679612e+00
1.315987253333295470e+00
1.276438980292980307e+00
1.236892176290988576e+00
1.198863133946994397e+00
1.163425039128755056e+00
1.131177344019708819e+00
1.102271012044899745e+00
1.076478790505483341e+00
1.053306304420444928e+00
1.032137397378531718e+00
1.012396779512696243e+00
9.937018782037864151e-01
9.201826709081766253e-01
9.213350405952960287e-01
9.281503730472819846e-01
9.583491659928593531e-01
9.798533815771417466e-01
1.002822335849393953e+00
1.023635205709247264e+00
1.037243834871804493e+00
1.037152290057526294e+00
1.015565561634760972e+00
9.635782877062503138e-01
8.710272052859019398e-01
7.305907431066253066e-01
5.611518764872540643e-01
4.395895028190108245e-01
4.484763055497547057e-01
4.501869867814624060e-01
4.518608161230315279e-01
4.475807938678931786e-01
4.494906342492514528e-01
5.629168330600943015e+00
4.404156566455176836e-01
4.492340316828548619e-01
4.457093617429123689e-01
4.473653473481107867e-01
4.342641324183632356e+00
4.447843556316510849e-01
4.372487484635588784e-01
4.477456165233054119e-01
4.490319959444570297e-01
4.475960866622403223e-01
3.564014874277003475e+00
4.418728158032808051e-01
4.339092517877810029e-01
4.476053744175357840e-01
4.501487436668654141e-01
4.441708550102063668e-01
4.447679735957317804e-01
3.008919710452428564e+00
4.330991602715341116e-01
4.431263601268025099e-01
4.478004176344817511e-01
4.492748832147338001e-01
4.532783499189471099e-01
2.578965641692883004e+00
4.388454096778384717e-01
4.357234452082995313e-01
4.448940232701759645e-01
4.468937672719411891e-01
4.453193582118596949e-01
2.229422615387049333e+00
4.368916325203062723e-01
4.274669821157485172e-01
4.424088261614091966e-01
4.399766084950577638e-01
4.380228037000312713e-01
1.936428232975917929e+00
4.301499145523397516e-01
4.390606395670962336e-01
4.545664982109377528e-01
4.308398548151970986e-01
4.348823769396785166e-01
4.435459597215450911e-01
4.663855157005147301e-01
3.979604258256244642e-01
4.684799796356998169e-01
4.856212676375236681e-01
4.756803192237969435e-01
4.324732323108275156e-01
4.300058782585993722e-01
4.541330443774678205e-01
1.280122304065167693e+00
1.468932094667874999e+00
4.980968811615154590e-01
4.894920330320196022e-01
5.477102755041286519e-01
4.354315045509721260e-01
4.545723036404171191e-01
4.647962136400013433e-01
4.604427196124911137e-01
4.667683718295835837e-01
4.724058396817654715e-01
4.926664101801582207e-01
4.801957488512999528e-01
4.284362650092033986e-01
4.320621054328475652e-01
4.494656517960543551e-01
1.113416592413843054e+00
3.992629046240004365e-01
5.600892833471308174e-01
5.601700449692683659e-01
4.984169550252344760e-01
4.265937624747477841e-01
4.166286522060858588e-01
4.355788656089670807e-01
4.559896487102135243e-01
4.629456486157929040e-01
4.638718297167681581e-01
4.647791239466931845e-01
4.660905442812118271e-01
4.691003710203401900e-01
4.648006933391732876e-01
4.650347862430858070e-01
4.192413238508754247e-01
4.384375703655095102e-01
4.401744372911348679e-01
4.723202225268565146e-01
4.642366286946579823e-01
4.703633259315078696e-01
4.805957516017473341e-01
4.811705293419729634e-01
4.900896623038635269e-01
4.336317681738026675e-01
4.366970219822389754e-01
4.338105276743167704e-01
1.003019222337980354e+00
4.817966917605010502e-01
4.555667380749084949e-01
4.278817024983723183e-01
4.661773257494701839e-01
4.577875901289300553e-01
4.571827664853306827e-01
4.574736521913723153e-01
4.579258352740093185e-01
4.581503794543108632e-01
4.582956906541739150e-01
4.595186697995925496e-01
4.608934757649322256e-01
4.638754843668353445e-01
4.666630728166578090e-01
4.647678654399833853e-01
4.354047737524672224e-01
4.528773678016255744e-01
4.663685395411198975e-01
4.709963139901222062e-01
4.800716977219085524e-01
4.822859890198405997e-01
4.887627346238349602e-01
4.353870213856954052e-01
4.366887345486323291e-01
4.326139510754664630e-01
7.945614626774900602e-01
5.344228806134717624e-01
3.793258156432816053e-01
7.362235782261402628e-01
7.380820434007449027e-01
4.339369341472991137e-01
4.496701204624387604e-01
4.766221954003386219e-01
4.595104995148966975e-01
4.581841369274160525e-01
4.594514764379140082e-01
4.609684312391898464e-01
4.727416869727616988e-01
4.830001446406941290e-01
4.381794335466790424e-01
4.339294976310144603e-01
4.678354291870602255e-01
4.660007543622515236e-01
4.715038638559531647e-01
4.843771344675998347e-01
4.839307651574039637e-01
4.964004243419711249e-01
4.359652043240009323e-01
4.447757654802265148e-01
4.296005664557153714e-01
4.907977788649005579e-01
6.224228241430280750e-01
5.392843588655970022e-01
4.300667154057958297e-01
4.222298828110698787e-01
4.395979716855148989e-01
4.520152674762323297e-01
4.522436282929496731e-01
4.526325459666604156e-01
4.415655256648195470e-01
4.494321432510035574e-01
4.496959197383771922e-01
4.535378474573814045e-01
4.834036783279512806e-01
4.598477566870587951e-01
4.161413686008115786e-01
4.725193428428910436e-01
4.367006827997862994e-01
4.402097734926727624e-01
4.694295192713021647e-01
4.750672972195453259e-01
4.735151484868018179e-01
4.962397470528342458e-01
4.885626583819501767e-01
4.353156206090820768e-01
4.345671431144311203e-01
4.536482913000339789e-01
4.510298432903216970e-01
4.467210278615719732e-01
4.407325221372189739e-01
4.708926114400945884e-01
4.655063224986512038e-01
4.893946399767827860e-01
3.491187104117990936e-01
5.880426534674196848e-01
4.192049016685144291e-01
3.930376127668671615e-01
4.008778844733896229e-01
4.470464770912248031e-01
4.434856248762458208e-01
4.463523819475559429e-01
4.520986101781286903e-01
4.562947756097544549e-01
4.588240722977030006e-01
4.604616209397396909e-01
4.632849045987702530e-01
4.614339807630515877e-01
4.460386748107803001e-01
4.499053508245376420e-01
4.737410846492043914e-01
5.091446400873490541e-01
4.782811473861645069e-01
4.358375710572706119e-01
4.595681793846906338e-01
4.633590575762925323e-01
4.620007724377130365e-01
4.372374310602739622e-01
4.408836225815151999e-01
4.707113191896000748e-01
4.679670993349456243e-01
4.815929789300968378e-01
4.679782029200261206e-01
4.315146148532923442e-01
4.346033324220499594e-01
4.585185745656904510e-01
4.361618129011448630e-01
4.398991786370113344e-01
4.526348437318920004e-01
4.173450461970749648e-01
2.946599277358107893e-01
3.695367987630281958e-01
3.711103264688789816e-01
4.612896890494919133e-01
4.987117685588381422e-01
5.201215271258845529e-01
4.405654056849911404e-01
4.380155282702513642e-01
4.622831974461191762e-01
4.618563389625214843e-01
4.636822515142510204e-01
4.637919042480246334e-01
4.661384474056865512e-01
4.681918173237939462e-01
4.632570925647006566e-01
4.445422928611624802e-01
4.475615887736345555e-01
4.488863866031234662e-01
4.584025274480126311e-01
4.636738311108545285e-01
4.446914573394161185e-01
4.396817226249960520e-01
4.633589749846399597e-01
4.628281231765309922e-01
4.604130963666872578e-01
4.702984590683145227e-01
4.384280210599250660e-01
4.415200414117375627e-01
4.672363188108598075e-01
5.100168007358395483e-01
4.954232871717415554e-01
4.588979110470622902e-01
5.025112263218348696e-01
4.325573808930183173e-01
4.361808641723239899e-01
4.558659599917959104e-01
4.400792934787435828e-01
4.329757802660613164e-01
3.817990658616228772e-01
4.967263256177898989e-01
4.951600361681642304e-01
5.112697756063275811e-01
4.794654381658773334e-01
4.564727239274117276e-01
4.450987676856190123e-01
4.460066483022886441e-01
4.391518145854110822e-01
4.393502806943777039e-01
4.436881104932950404e-01
4.570123122226570356e-01
4.407177996327996117e-01
4.453180412390830289e-01
4.697336296187689109e-01
4.755708749079387565e-01
4.442348049171454538e-01
4.486283577649061161e-01
4.497270133679154847e-01
4.397844542347848495e-01
4.841800370128866438e-01
4.388112244254434580e-01
4.611351671446793365e-01
4.588940500712105908e-01
4.751812527298488464e-01
4.403369327477812400e-01
4.418807413289496666e-01
4.679174226177293394e-01
5.041628346137004835e-01
4.639623504917684271e-01
4.263563070077819317e-01
4.445096765808977390e-01
4.700223829329396863e-01
4.898686774651879183e-01
5.013307725927235170e-01
4.360381396617624694e-01
4.375587332649459316e-01
4.510695403395462155e-01
4.413585780067616482e-01
4.469394700085788652e-01
4.609968865985001329e-01
4.910466120947116764e-01
4.835881402268001894e-01
4.357389484508560340e-01
4.394812661732677150e-01
4.585687505818861198e-01
4.690606136224059197e-01
5.067627941946616366e-01
4.415336045533901355e-01
4.457528333865919956e-01
4.439173806532428213e-01
4.441690824128458059e-01
4.764575866268214166e-01
4.341685059817143033e-01
4.530893726931614629e-01
4.567105792320360069e-01
4.607319155734532212e-01
4.664065056144816590e-01
4.441100943144893898e-01
4.500916806613481924e-01
4.469819431128720932e-01
4.484491712577153288e-01
4.827599798692925881e-01
4.748141032232053305e-01
4.376557262930244052e-01
4.362197175356088419e-01
4.595975086093217477e-01
4.572465093882419618e-01
4.754428502423414526e-01
4.417167497331346282e-01
4.434853796465498266e-01
4.672552406330938157e-01
4.742558964155219048e-01
4.378262842845953018e-01
4.761637020448780122e-01
4.859515864542380825e-01
4.924986290511527698e-01
4.358761617277001066e-01
4.410519283418818381e-01
4.309698942317328196e-01
4.590535324119305316e-01
4.569222392978699032e-01
4.780181179604660602e-01
4.820539448399417948e-01
4.629366957689300399e-01
4.648851564964172622e-01
4.635587414483704483e-01
4.720209683421697777e-01
4.431869643960966720e-01
4.478050369314733326e-01
4.581648157737356897e-01
4.561980557294692540e-01
4.226073704438962353e-01
4.278684697222357447e-01
4.586009679681108397e-01
4.577500096155411868e-01
4.628792908118495864e-01
4.662536532062080408e-01
4.425384919739410727e-01
4.498400742207877001e-01
4.488405756575195027e-01
4.689512370654557727e-01
4.846386417924116174e-01
4.404299710857656480e-01
4.577325760817634870e-01
4.570720057039476258e-01
4.751133509034839997e-01
4.426818549802621350e-01
4.478005643593636065e-01
4.523664505884162912e-01
4.635637906899460203e-01
4.753211377836656926e-01
4.350874494318847652e-01
4.369829219370240381e-01
4.796615538899851039e-01
4.841543323048899117e-01
4.962265460839047071e-01
4.381818988952376204e-01
4.526780277617796222e-01
4.501755395327133868e-01
4.347943812756664972e-01
4.761793863414194861e-01
4.782604245590777459e-01
4.609567803121592533e-01
4.640275678208952703e-01
4.623492127789019523e-01
4.705342940592848744e-01
4.454898732081305490e-01
4.479992331216215429e-01
4.520821929956769791e-01
4.510698682518414215e-01
4.521016022354558683e-01
4.644496259909349223e-01
4.427308362368561623e-01
4.577490378308494701e-01
4.594847578436287439e-01
4.593982174709290711e-01
4.742737850347280570e-01
4.459256037532174366e-01
4.496306050547190791e-01
4.513211974119769598e-01
4.691920110475445993e-01
5.111064614010283336e-01
5.076771643113973109e-01
4.487797060913934488e-01
4.317026226789440480e-01
4.570768404613187452e-01
4.568129092644662714e-01
4.746017532831351970e-01
4.460109991528615203e-01
4.466487860756193085e-01
4.484473312570323444e-01
4.615590023360517380e-01
4.744990070122996340e-01
4.397281985248738256e-01
4.798919120653812875e-01
4.828771829911862601e-01
5.035193018969755796e-01
4.374827216683787046e-01
4.390153919715694686e-01
4.361367677923009833e-01
4.389510246181541619e-01
4.305532175687554197e-01
4.325811345769516314e-01
4.740826219771828165e-01
4.766288251823436184e-01
4.762584281316902257e-01
4.579520828709157665e-01
4.625812681515805713e-01
4.598475191565511988e-01
4.501324415734188622e-01
4.461636668646044024e-01
4.560712575103263999e-01
4.642419857431192010e-01
4.413545167462535890e-01
4.565010861296497358e-01
4.616112597286089470e-01
4.616011900359583975e-01
4.621585933480493180e-01
4.490329629511306542e-01
4.413911348086395625e-01
4.568619884173775181e-01
4.551790871121756399e-01
4.699052351635631952e-01
4.385362769040148101e-01
4.515367849268303591e-01
4.636417419090650971e-01
4.366058645468155475e-01
4.372346655975871133e-01
4.754804197519487130e-01
4.764075761978953105e-01
5.086512228749086040e-01
4.380382286960806670e-01
4.406720417740683238e-01
4.310132932439689757e-01
4.368761175919840256e-01
4.741239944392516836e-01
4.838661770432650666e-01
4.588385808555552892e-01
4.611844102286624114e-01
4.659070308432112784e-01
4.912853544542857831e-01
4.534426685108182697e-01
4.436663081679303455e-01
4.093290201407560058e-01
4.589818568683122213e-01
4.629729193076104199e-01
4.642420401107919536e-01
4.421334247810746465e-01
4.571458923150559239e-01
4.580910186146162633e-01
4.597045798830631247e-01
4.421990471649493437e-01
4.785330185743161824e-01
4.792351601656547611e-01
4.879072004699274712e-01
4.435695222197022503e-01
4.453151270023720243e-01
4.311398362773603554e-01
4.305135975202484810e-01
4.761608227087629208e-01
4.762410911197847985e-01
4.636888781053978281e-01
4.712598851402284295e-01
4.725314870709840243e-01
4.514356037899016627e-01
4.593029474553131375e-01
4.613376565538016560e-01
4.608572922041332398e-01
4.654948791181708900e-01
4.575602268474689982e-01
4.209506871266229799e-01
4.576250199637620364e-01
4.614048623227919310e-01
4.575318022190072997e-01
4.336891288352004992e-01
4.837491643133526309e-01
4.835539682892482372e-01
4.464467275280512015e-01
4.457573766805233428e-01
4.301553808623362340e-01
4.284877472300926970e-01
4.739594155304583944e-01
4.758987056615788802e-01
4.724872729311805353e-01
4.690099143149728533e-01
4.683558443117876724e-01
4.925930737595216602e-01
4.621378042135989017e-01
4.616707133439593713e-01
4.605778149001112376e-01
4.629525181231766151e-01
4.743729566721025526e-01
4.412274165386357860e-01
4.596880770746394340e-01
4.298900160195467945e-01
4.580864231276034482e-01
4.473430422285525898e-01
4.827399865950885438e-01
4.775072180364802743e-01
4.937502578527936947e-01
4.480919815614073376e-01
4.494056652341530400e-01
4.316690112292166925e-01
4.316801908262939413e-01
4.692387361144463309e-01
4.738811593496426999e-01
4.731023386075541293e-01
4.647837040460124913e-01
4.686694179495928259e-01
4.744292041280161465e-01
4.622098458897372364e-01
4.640109665662772165e-01
4.482810843856461225e-01
4.488257622687062409e-01
4.699493688280516612e-01
4.552978952076945363e-01
4.716124901347015230e-01
4.532415602133336718e-01
4.451361932185766701e-01
4.825757228752761696e-01
4.748856400858850746e-01
4.756945945438637580e-01
4.877185675866959613e-01
4.496894816015727381e-01
4.522796235335244663e-01
4.330914938148515692e-01
4.343451619779748474e-01
4.419175973908855970e-01
4.745043927639088222e-01
4.707289426207119654e-01
4.663728672601286651e-01
4.626330461961704610e-01
4.696885887128877113e-01
4.598056458186052242e-01
4.634070356094812659e-01
4.616606576642540705e-01
4.752471536661538876e-01
4.511683193906619871e-01
4.632021936949757834e-01
4.601610270362849753e-01
4.534951834124256176e-01
4.506235203964860658e-01
4.595304930740784499e-01
4.761313698180003606e-01
4.707171066871444487e-01
4.515383721743979617e-01
4.507423060362343858e-01
4.339013116701913031e-01
4.328314965424221450e-01
4.751377686969794345e-01
4.736773931158211326e-01
4.643942418484632295e-01
4.513114672336636102e-01
4.400842963521555129e-01
4.631256291701019712e-01
4.672948017191739800e-01
4.475617111226929956e-01
4.615875473121761052e-01
4.611909572546839531e-01
4.544964388009904432e-01
4.529174227644337525e-01
4.390960875276047615e-01
4.593827148622824375e-01
4.275611438517579743e-01
4.732681909506527007e-01
4.575918217626365192e-01
4.613794012791057608e-01
4.586113312603028458e-01
4.517285900429284240e-01
4.518232279385835382e-01
4.521501535006499095e-01
4.315759972249663123e-01
4.358465820333785046e-01
4.716929424614558775e-01
4.716499211394258317e-01
4.541451149296723555e-01
4.466553744354916367e-01
4.582176276644150947e-01
4.636148915149131966e-01
4.653003584390978942e-01
4.658108559833841200e-01
4.478331232509965565e-01
4.605789401168393637e-01
4.609825032490138530e-01
4.560424398994206707e-01
4.505530412678190322e-01
4.556364027862510047e-01
4.504035938154606344e-01
4.359272926891450961e-01
4.495235907464859570e-01
4.610265411185544560e-01
4.577085776689832630e-01
4.520348424434428858e-01
4.523814451762468436e-01
4.526165226255660645e-01
4.312032581509259166e-01
4.344605311713740092e-01
4.641638829719457737e-01
4.701708311207272728e-01
4.327710308695233432e-01
4.819865988943685120e-01
4.535045712898241876e-01
4.526633933475807114e-01
4.621678726134671455e-01
4.694173248570252532e-01
4.502554327724967997e-01
4.513735497766744875e-01
4.562946034081686864e-01
4.596498167110219524e-01
4.508206913037289820e-01
4.307761370409394774e-01
4.594169228559119023e-01
4.600892708685826449e-01
4.643096389439191896e-01
4.604381624730380929e-01
4.550012464496356879e-01
4.505018827500623102e-01
4.570090964108028952e-01
4.534500155905776264e-01
4.453329388551474088e-01
4.477316350324496153e-01
4.535391273456487182e-01
4.620552681415290297e-01
4.555904889780672540e-01
4.510833800750667644e-01
4.509832558823778093e-01
4.595501245286110481e-01
4.652000392986520572e-01
4.697500841074376265e-01
4.913640395050179466e-01
4.540658667608508670e-01
4.532035317502463023e-01
4.352520235858586828e-01
4.386456823280963091e-01
4.452522177663934544e-01
4.679543441017959271e-01
4.719948716945627232e-01
4.665965658572326924e-01
4.409799223690265557e-01
4.365529482909021874e-01
4.718794013623841543e-01
4.666765973965617542e-01
4.574848590396047299e-01
4.517932952245297673e-01
4.636519917717044637e-01
4.583567030586203628e-01
4.587410343871535234e-01
4.793783134850119199e-01
4.510960921148381986e-01
4.594664290787995320e-01
4.590161327275392167e-01
4.400444102902681953e-01
4.425391384369514736e-01
4.598426135926233504e-01
4.682432364314408901e-01
4.521268958546694194e-01
4.506689939826289404e-01
4.560318581563287399e-01
4.544855725196190743e-01
4.483983258240148428e-01
4.517216326972244289e-01
4.593421963205524539e-01
4.597433394071413493e-01
4.541300907942298903e-01
4.482044981268968331e-01
4.512170835584334294e-01
4.640501814288481297e-01
4.692975184430684954e-01
4.787366525027110242e-01
4.550912324114815277e-01
4.560234116799897763e-01
4.394333956389825935e-01
4.422897475836284342e-01
4.687957314162957689e-01
4.754166326841571810e-01
4.334077997133488624e-01
4.221707431486187434e-01
4.650323723103109708e-01
4.726637490418920673e-01
4.529549464629647471e-01
4.531800502655732865e-01
4.553109805462052795e-01
4.594726334038148341e-01
4.605031094741973141e-01
4.705518833915230958e-01
4.577245019399749926e-01
4.495554538691803326e-01
4.585951390537429950e-01
4.604634581954177852e-01
4.436374299783993336e-01
4.459082178645523142e-01
4.519246519162725129e-01
4.590418201955497324e-01
4.675100247773986695e-01
4.497831722953214983e-01
4.571805859853709242e-01
4.490099834036416770e-01
4.489451251815885779e-01
4.561028838886986292e-01
4.614336755080150065e-01
4.470039582052854343e-01
4.517743741913126665e-01
4.540646988321093147e-01
4.605874691727045445e-01
4.754080480367901540e-01
4.695486066911649381e-01
4.726401767838612766e-01
4.530678017728487217e-01
4.580554483724258441e-01
4.353983835077331332e-01
4.370611471095418588e-01
4.669618445548521790e-01
4.712115799033832486e-01
4.299715720284398301e-01
4.314239498273914619e-01
4.661956222804188310e-01
4.671765743841942986e-01
4.534648741383929260e-01
4.523038389933018988e-01
4.627474152260920293e-01
4.611123074814496570e-01
4.670437051511297510e-01
4.529621984992240336e-01
4.554923150261760978e-01
4.585360199846614249e-01
4.591988622379717944e-01
4.442482351949596509e-01
4.476867720625097857e-01
4.566364606782438718e-01
4.635512433681504008e-01
4.555573101411476422e-01
4.491631676873530932e-01
4.538729365225719903e-01
4.562947527628738453e-01
4.489188378630609710e-01
4.473554882282690381e-01
4.548886660163883877e-01
4.602109830357074549e-01
4.518220196454236226e-01
4.558937399124564083e-01
4.592207867409539013e-01
4.665389636769547987e-01
4.703045662942528793e-01
4.519278586061730718e-01
4.580740222317150057e-01
4.353244066319789662e-01
4.341661901281036462e-01
4.618225481282117184e-01
4.690270817899057643e-01
4.346684522750446367e-01
4.776315084788738674e-01
4.539630940695165706e-01
4.525783956044617806e-01
4.547308627625573085e-01
4.656867094022285603e-01
4.560435194715130036e-01
4.449304800281850825e-01
4.598224269483077165e-01
4.641826058685041834e-01
4.441445104822739909e-01
4.444072643797904454e-01
4.597256757178876940e-01
4.590076308922690362e-01
4.668368408956466431e-01
4.535866804456124557e-01
4.481298994727122564e-01
4.591262434742282017e-01
4.558139685138228869e-01
4.438478284917684591e-01
4.455551141184828090e-01
4.564303529975251017e-01
4.581139694592712419e-01
4.594511533985584650e-01
4.520032234560085183e-01
4.582553276112503182e-01
4.598912389456178973e-01
4.659529888364473127e-01
4.694537179148910444e-01
4.538781681827870340e-01
4.568588187528421773e-01
4.387986748148238192e-01
4.399846675967094556e-01
4.457639806700957608e-01
4.678330559856087034e-01
4.605905184072932590e-01
4.844776540848916291e-01
4.378619820024049480e-01
4.328769161305406343e-01
4.751091084775758144e-01
4.759249484025686594e-01
4.523402410548386099e-01
4.521268087921699319e-01
4.653998811099291366e-01
4.605183669885228870e-01
4.527563349223919231e-01
4.622088764092844304e-01
4.595482292626717480e-01
4.467924575787785568e-01
4.467519395175971741e-01
4.520521286105599335e-01
4.594621795020958910e-01
4.626371597386190748e-01
4.495612109385427879e-01
4.509558792937276572e-01
4.610929129584283026e-01
4.555898023708870315e-01
4.500111277314653435e-01
4.498314269735356197e-01
4.502373512618607077e-01
4.550780598506206087e-01
4.623423853218516233e-01
4.482376209400648071e-01
4.536393854803255077e-01
4.577819766046558048e-01
4.583836240916535631e-01
4.670449944387020103e-01
4.697454015637709257e-01
4.560019889397550763e-01
4.445961598600426390e-01
4.471929149004154613e-01
4.694109829478900209e-01
4.620190460787909625e-01
4.375425191218295651e-01
4.348623877880563593e-01
4.823913415016485295e-01
4.779202376314004574e-01
4.525078994165304125e-01
4.519523508612949270e-01
4.547414770268606299e-01
4.694992208808613232e-01
4.582288055632080526e-01
4.463519879004807511e-01
4.508760660370197959e-01
4.564956457448904326e-01
4.535515175370433139e-01
4.795549812250300969e-01
4.393325116068872993e-01
4.575155814797440823e-01
4.597379216457247453e-01
4.570536223390713193e-01
4.512476118018178828e-01
4.518502776317897540e-01
4.568505195016299147e-01
4.552234237497415625e-01
4.451217372677246931e-01
4.534372487185194811e-01
4.609922547094301160e-01
4.568117391586269949e-01
4.709893342596360166e-01
4.692143935220050022e-01
1.158684361487955838e+00
4.397575060316721851e-01
4.448577831440020391e-01
4.753735234573855384e-01
4.598628809585991184e-01
4.162513476807779278e-01
4.862629210374291855e-01
4.702088021735429391e-01
4.528182451308430112e-01
4.523640419930676226e-01
4.634265021201707802e-01
4.625437185949105023e-01
4.442428572604464887e-01
4.503872290244093635e-01
4.542612887846284586e-01
4.511627567784454729e-01
4.543383519184342467e-01
4.494149647113017121e-01
4.539437764209104387e-01
4.583670804743948390e-01
4.509338920694578312e-01
4.456503136741938320e-01
4.612353519835877824e-01
4.588553642599642046e-01
4.551891394060339491e-01
4.699229626852114428e-01
4.694615172243543078e-01
5.590684327442111190e+00
4.380668641773097227e-01
4.398433410356426543e-01
4.817715603642693800e-01
4.816061652126554793e-01
4.530283850948256252e-01
4.528213745104315846e-01
4.604492742807879124e-01
4.455422561876337118e-01
4.439326457645415003e-01
4.686578540544222293e-01
4.616023788302785480e-01
4.497376340625732771e-01
4.466734220143403489e-01
4.586890253982743859e-01
4.508916696242659117e-01
4.502868471389999683e-01
4.709644522166006042e-01
4.708461359522553291e-01
1.726036802998136821e+01
4.480605634960416750e-01
4.437061422400439548e-01
4.675871032188372300e-01
4.526172609617454823e-01
4.412597746993975334e-01
4.827006845243698163e-01
4.550969998801888683e-01
4.470289942599958710e-01
4.447920500765347729e-01
4.599324894419790644e-01
4.599739975434544159e-01
4.546299761924385008e-01
4.515090432272519383e-01
4.723375792103167159e-01
4.543560731525040364e-01
4.720330694533835802e-01
4.588118797366895762e-01
2.764513921309975331e+01
4.439011793959908858e-01
4.313744781738350076e-01
4.889308577808720302e-01
4.921073042167275480e-01
4.732052969588801949e-01
4.246218431817755379e-01
4.472161423082144371e-01
4.626503330676234316e-01
4.066146793820222261e-01
4.606093595240446370e-01
4.406715139988500729e-01
4.532464489377648342e-01
4.574596704336420516e-01
4.796605628778093933e-01
4.586360707400292669e-01
3.151610356532551194e+01
4.377412493396442561e-01
4.339524231498776974e-01
4.862636795218687191e-01
4.630588810897979246e-01
4.748449476744813769e-01
4.430926208849026993e-01
4.553513731009508625e-01
4.622417002401365549e-01
4.443734580920042365e-01
4.601020983423817490e-01
4.404465015734185807e-01
4.509359589324638540e-01
4.543969929097476657e-01
4.795618408750911277e-01
4.587329141837293012e-01
2.764548603916252034e+01
4.373363053576383996e-01
4.297264006521990254e-01
4.771084793748937014e-01
4.545352968988379261e-01
4.546429149125798541e-01
4.830762240124787388e-01
4.607490261588367275e-01
4.466171996902627561e-01
4.435553841832713950e-01
4.601393209731521328e-01
4.617211478686107373e-01
4.546628160156073184e-01
4.466660551048748928e-01
4.724320495433096401e-01
4.503614026900112366e-01
4.719602093884084359e-01
4.707673480273410482e-01
1.726067065113902643e+01
4.283407903417943419e-01
4.351688905258352391e-01
4.772188053721028167e-01
4.664113981234024320e-01
4.547498190949052499e-01
4.540746070821949920e-01
4.627426109752394989e-01
4.452168991040935109e-01
4.500824408001573573e-01
4.688140907826680581e-01
4.544992983571116696e-01
4.496028731394033917e-01
4.537613979855916746e-01
4.586718723027971567e-01
4.508895674936716502e-01
4.509914286501509051e-01
4.612127711191028046e-01
4.552436947266615408e-01
4.709191599065151168e-01
4.694126015547909758e-01
5.590791198558857644e+00
4.322219562668270787e-01
4.388909663550401019e-01
4.822956583107185780e-01
4.627761096889017600e-01
4.655145154836934918e-01
4.204253493838238098e-01
4.399096770208220097e-01
4.828155371074167035e-01
4.754514216227782031e-01
4.545144039279010451e-01
4.564505605131983779e-01
4.636446827382519897e-01
4.583762751723378659e-01
4.440044798142873117e-01
4.506800701748675531e-01
4.544351853896545501e-01
4.798449804745857361e-01
4.512382976268836110e-01
4.575004856007508502e-01
4.572211974728080386e-01
4.492090366598334161e-01
4.516511054639585909e-01
4.583598214528055714e-01
4.552584727151020583e-01
4.456162516380327010e-01
4.531565745566243364e-01
4.591140978080003321e-01
4.568545690251236691e-01
4.698799701282077024e-01
4.691711808326387012e-01
1.158692374713257811e+00
4.365868328291490075e-01
4.392600238097085774e-01
4.767605563846712968e-01
4.928869268593265018e-01
4.419355281047862016e-01
4.365630408007623586e-01
4.813021938835447266e-01
4.752441033431279993e-01
4.537423662107437083e-01
4.562484475495960368e-01
4.536013377159950344e-01
4.696050529201855617e-01
4.596173534525420656e-01
4.461955136802114863e-01
4.519487831678314360e-01
4.567176877571092475e-01
4.628812064310264818e-01
4.537971642886161061e-01
4.393254639506575798e-01
4.509480959007863277e-01
4.599037333751379020e-01
4.557419847084275277e-01
4.510646611261110994e-01
4.501045972371359727e-01
4.569660767885337926e-01
4.625280870191721960e-01
4.448562143924160717e-01
4.535219909931471616e-01
4.611896933642504748e-01
4.584199461894410410e-01
4.709463155499987730e-01
4.697019960704809649e-01
4.560611110600088502e-01
4.353922318693043136e-01
4.310640280835891791e-01
4.341123522273006019e-01
4.753045504384834086e-01
4.767018446398203491e-01
4.691118569251065962e-01
4.403123636037141742e-01
4.367916453408470789e-01
4.763709069006847319e-01
4.789873732835899234e-01
4.533325745847884281e-01
4.557447872455034910e-01
4.648576729345959002e-01
4.555071632075558541e-01
4.598445425607332049e-01
4.519115915302761577e-01
4.589931523623284049e-01
4.621786574360202682e-01
4.641385186526402196e-01
4.468021771254095387e-01
4.444124601228685023e-01
4.466742863339800973e-01
4.596624132133432239e-01
4.669738709941074761e-01
4.495574249049500981e-01
4.481567436974073781e-01
4.612364493574171442e-01
4.559447616277850779e-01
4.499674392711834892e-01
4.455249297516283846e-01
4.496941749395682586e-01
4.552611348872758201e-01
4.595915218675084568e-01
4.480236004594968513e-01
4.581750380640081111e-01
4.577929347431330398e-01
4.598960353057472417e-01
4.670011868770992947e-01
4.694103635297170452e-01
4.569535980842322487e-01
4.336342399350148202e-01
4.357802705872163007e-01
4.686509964122426708e-01
4.779808018294364746e-01
4.314978907261289853e-01
4.710078205228970250e-01
4.547430833074654344e-01
4.529991759639044879e-01
4.535662544124390294e-01
4.650319983344996522e-01
4.661609044062934859e-01
4.442176083837799938e-01
4.548431966613027400e-01
4.589999254609347101e-01
4.442236448874412602e-01
4.477964314384510480e-01
4.597408233789628818e-01
4.635829588362490594e-01
4.591542307529608569e-01
4.536078072362003111e-01
4.491837454659320938e-01
4.592445214487585470e-01
4.564102922119113170e-01
4.438460718489795065e-01
4.474143885837199575e-01
4.565576909207296197e-01
4.603675721794083242e-01
4.582870359149857076e-01
4.519121303211499630e-01
4.517459270166669927e-01
4.591122806602871975e-01
4.659101227931102818e-01
4.702634953744675439e-01
4.539573820473673527e-01
4.581105200353657869e-01
4.350769638112595983e-01
4.428522304650816532e-01
4.721022347225370952e-01
4.795772329888656205e-01
4.300852739612550102e-01
4.205818013789315857e-01
4.702156511986619880e-01
4.776828782264575524e-01
4.540125614809834009e-01
4.558041602832306749e-01
4.616961149382195484e-01
4.693846300732568699e-01
4.602027237968293050e-01
4.523702550404058997e-01
4.490295247831875280e-01
4.583006780930726776e-01
4.601597940592687119e-01
4.443799134129964301e-01
4.520944232406908792e-01
4.565908005726294072e-01
4.673941247227625939e-01
4.556059521614806984e-01
4.498260588641392888e-01
4.539707566219913226e-01
4.572733313350308970e-01
4.489694907154012093e-01
4.490359905637294480e-01
4.549905645018863520e-01
4.615304599132745156e-01
4.518265317341591536e-01
4.557648222860623544e-01
4.604525889980639608e-01
4.665005111018268313e-01
4.726097636656934053e-01
4.519601388097985728e-01
4.580891220172442768e-01
4.405398385166704456e-01
4.478332166960922733e-01
4.724727904515250154e-01
4.686926873546499728e-01
4.311096767081189496e-01
4.331329120040457448e-01
4.703484821555237727e-01
4.719542283295138363e-01
4.531326566190529981e-01
4.637238222022979639e-01
4.536065195654354065e-01
4.582688593533257859e-01
4.781243563255331841e-01
4.592020313451019575e-01
4.571851251421749640e-01
4.506928889035137220e-01
4.582428720769595731e-01
4.585989204860141388e-01
4.439157747571145229e-01
4.428425034484207989e-01
4.461161251471367772e-01
4.589180984015306386e-01
4.681088104566442643e-01
4.507272859644199103e-01
4.545675831010043688e-01
4.491263546972161791e-01
4.518840458524644998e-01
4.561403077826635122e-01
4.597521138080717384e-01
4.470175948304599411e-01
4.482890336237883022e-01
4.539070061967794278e-01
4.638829627347139661e-01
4.753996389050401672e-01
4.787218400118058437e-01
4.695219217253186472e-01
4.531120416459719635e-01
4.560701308250480479e-01
4.395405717941774371e-01
4.390235318047327473e-01
4.414221880916766039e-01
4.675124543660043042e-01
4.695921069586728724e-01
4.737602090435471536e-01
4.366580880936049014e-01
4.280530373396559951e-01
4.767289154526669348e-01
4.565272853443296808e-01
4.572223013049305784e-01
4.527068315580186075e-01
4.516157144609214691e-01
4.573163097068510541e-01
4.684439725693499423e-01
4.575035427854864389e-01
4.511366548290062228e-01
4.590156461720810710e-01
4.591483605955223868e-01
4.404272936279839401e-01
4.598624380251704058e-01
4.595996414982279066e-01
4.601247578089732726e-01
4.521919662484914504e-01
4.505848753045503252e-01
4.561107956476439518e-01
4.535181057166152718e-01
4.485646999879944197e-01
4.537948500781993078e-01
4.593223028408205955e-01
4.555185321953479360e-01
4.542277845524813618e-01
4.511125267538044770e-01
4.510906203740829845e-01
4.650100317867706390e-01
4.692966896413637290e-01
4.913214294848868291e-01
4.551405167857294765e-01
4.532542664918779995e-01
4.377237320556492950e-01
4.426684585080742362e-01
4.616158427518435858e-01
4.687050817630536992e-01
4.395557882292348562e-01
4.837165106707402851e-01
4.612816419307896876e-01
4.645374294640853274e-01
4.499778300589303837e-01
4.477257000384221031e-01
4.558735780831382756e-01
4.508620869076639948e-01
4.311358042082789055e-01
4.597814000717230232e-01
4.605828895750586627e-01
4.640449995202906019e-01
4.550754978047406030e-01
4.506471326533508792e-01
4.570701301991568211e-01
4.504631683274044618e-01
4.455764012413607200e-01
4.497203445057594284e-01
4.479235824745310679e-01
4.619822205027434570e-01
4.575417218289319909e-01
4.512211509877993576e-01
4.522239867599699426e-01
4.594263414326833495e-01
4.697038641903671929e-01
4.541135176638975146e-01
4.526621498104935748e-01
4.397663373650275709e-01
4.422311068561870506e-01
4.680905171986849411e-01
4.690021553215401595e-01
4.472746456471235477e-01
4.365372635037140792e-01
4.577603381240726299e-01
4.669218849759998458e-01
4.629377978984783315e-01
4.657457206982865139e-01
4.475162531721177395e-01
4.601683319305918118e-01
4.607593847875448567e-01
4.561462007262628293e-01
4.530346726043730232e-01
4.557102950094051863e-01
4.594464013601252672e-01
4.361782982868239178e-01
4.735495379708961061e-01
4.608956222733357477e-01
4.584437071537621478e-01
4.582913543317533867e-01
4.524233205951975201e-01
4.521903770079586660e-01
4.445720300394057078e-01
4.544949267489101219e-01
4.695470075240288366e-01
4.645133281409254411e-01
4.628308407341756303e-01
4.682586992037746088e-01
4.486417599028209025e-01
4.627986426364812389e-01
4.612410774220968013e-01
4.510998389490645799e-01
4.610576891804711863e-01
4.596792409738185148e-01
4.546140064322343188e-01
4.536044180775456458e-01
4.391644823231415362e-01
4.276631665469766141e-01
4.573949679324860185e-01
4.593400081262802859e-01
4.611861355646826865e-01
4.707351666628986631e-01
4.518595910911746283e-01
4.507775644526942904e-01
4.445186200949033384e-01
4.437394481913202182e-01
4.467795152266030856e-01
4.677446616930226453e-01
4.637901075659677241e-01
4.626200688691758933e-01
4.715058948957546736e-01
4.604861151219218351e-01
4.599994442087347313e-01
4.643351708190925908e-01
4.633620685990006982e-01
4.751807699069883761e-01
4.488394798489960813e-01
4.626381018487045194e-01
4.547608743545398235e-01
4.533331986042083983e-01
4.504585235662798004e-01
4.824301159288592600e-01
4.761325062470609382e-01
4.876716991316830674e-01
4.515679105030820928e-01
4.523088024930304596e-01
4.457288350880031502e-01
4.423439774793928025e-01
4.566388451972020479e-01
4.626609216525774393e-01
4.654711038043497506e-01
4.592227765369096271e-01
4.873026826990784488e-01
4.646982834534428841e-01
4.625231819971035718e-01
4.615089980240089096e-01
4.483716573409570194e-01
4.743908647675678658e-01
4.693790619314680002e-01
4.408550985414092516e-01
4.716590718301349461e-01
4.580915614414872161e-01
4.449664326294906491e-01
4.473029996163941924e-01
4.748426544282203232e-01
4.937326919216325494e-01
4.756623255194535882e-01
4.497110571820259195e-01
4.494311674582295857e-01
4.464984683920238395e-01
4.484317666945513703e-01
4.605501111734270903e-01
4.625083302816759834e-01
4.671870493461022789e-01
4.673208779834184257e-01
4.635419509726961818e-01
4.632382860946346881e-01
4.628568736432219222e-01
4.527515817472175796e-01
4.605655642216177070e-01
4.654447824097103226e-01
4.629052038103644851e-01
4.205053668777713471e-01
4.595809284579268073e-01
4.613507981183666007e-01
4.298863109234207225e-01
4.337416867015591593e-01
4.827036743404898855e-01
4.835200594007664221e-01
4.774817720159513224e-01
4.481157132668536769e-01
4.457759928528531312e-01
4.501259328155741146e-01
4.578483506458677632e-01
4.620417186728123515e-01
4.691662019451192100e-01
4.604012978435255143e-01
4.890395838049637622e-01
4.670376313251470290e-01
4.109595725958786749e-01
4.592641821494812260e-01
4.642050000351224948e-01
4.612809992433904993e-01
4.608322738615500125e-01
4.568922317098897401e-01
4.414333279066950388e-01
4.575303361101233923e-01
4.595935875328914233e-01
4.575339876347651047e-01
4.427535117045421909e-01
4.837198955540931711e-01
4.878792022644342641e-01
4.464657827164534298e-01
4.453340470902122372e-01
4.551849746365135285e-01
4.533520161101777246e-01
4.590452680169829769e-01
4.601508115445963054e-01
4.625218573109840525e-01
4.639238831215191650e-01
4.623581113772071149e-01
4.643121699593741325e-01
4.549934079415998145e-01
4.575493340385717311e-01
4.673335559455101818e-01
4.450391066671312568e-01
4.425442126103580343e-01
4.588466702363945826e-01
4.619302078085821828e-01
4.628769852339544300e-01
4.407995549459545748e-01
4.571244408793616043e-01
4.698609848856548088e-01
4.580273790214646201e-01
4.376180143159564828e-01
4.785001625079914334e-01
5.086178142697748150e-01
4.792061792127040309e-01
4.435828645307681728e-01
4.406867247277405086e-01
4.455976565908802978e-01
4.372815608060339754e-01
4.497302324505292326e-01
4.524820180630816924e-01
4.554769446180275683e-01
4.611321139384655377e-01
4.611645192812530158e-01
4.732714771059929326e-01
4.664432281051095752e-01
4.509661240938488413e-01
4.516225077633568841e-01
4.473929001681177797e-01
4.672893684605849418e-01
4.444843776159463355e-01
4.562692436208558022e-01
4.740845905651772663e-01
4.614069988131607736e-01
4.614493113123836476e-01
4.487190124089733834e-01
4.685962978100766119e-01
5.076798358582476078e-01
4.313562562512268106e-01
4.567709403356655651e-01
4.743759413448203066e-01
4.551781682432493037e-01
4.387295737039959009e-01
4.618595553974079171e-01
4.515441033818206051e-01
4.635019695441617293e-01
4.744133123743754510e-01
4.367518086924493947e-01
4.398974067703793067e-01
4.754518713676448849e-01
5.034846791858142989e-01
4.763767856373385956e-01
4.380563477090131941e-01
4.361346960602260348e-01
4.310327090625435398e-01
4.268444708122309250e-01
4.527311952395351446e-01
4.571959024960050022e-01
4.610795585623920778e-01
4.728883933378433824e-01
4.641604251890346644e-01
4.649994699288908517e-01
4.469385603150969333e-01
4.610636818597538822e-01
4.490601477287612942e-01
4.531476865989790825e-01
4.556393751357473709e-01
4.622299211037870226e-01
4.321176483625052134e-01
4.573581694371595674e-01
4.659469862353074476e-01
4.591498458510268610e-01
4.591709496718962558e-01
4.456997478003770219e-01
4.685516397905230002e-01
4.492266025942807661e-01
4.506216435923478536e-01
5.113009093505445080e-01
4.847543997850120023e-01
4.484768305477295769e-01
4.401969835299456291e-01
4.569699112038895228e-01
4.742363551451408421e-01
4.566983383064047719e-01
4.461563601903573706e-01
4.525274066456807520e-01
4.468559100477496049e-01
4.487741213607108204e-01
4.753529029189352273e-01
4.369275775743245438e-01
4.798645635354603090e-01
4.961863529979441689e-01
4.828468623373959878e-01
4.374906386473843556e-01
4.527190955385220206e-01
4.390367564445710746e-01
4.283755032970751331e-01
4.463342962836658878e-01
4.554857998897335336e-01
4.523246561340490413e-01
4.478529008012052670e-01
4.931142407828786878e-01
4.599946884780582446e-01
4.646968669029400978e-01
4.451348571929797382e-01
4.468447746131570253e-01
4.502031188731596134e-01
4.804417573223176974e-01
4.277171414185292342e-01
4.393628596488798332e-01
4.583221650854225615e-01
4.662330929978542593e-01
4.573503629475241805e-01
4.625549262545207707e-01
4.422699512143461464e-01
4.481361823846268799e-01
4.493011076057846775e-01
4.482546151742478058e-01
4.747915298676145812e-01
4.361618075897281122e-01
4.578054694169096939e-01
4.757330875955603777e-01
4.562085494298204202e-01
4.428099625299105613e-01
4.673978153449233064e-01
4.479603447176604969e-01
4.635953722485817163e-01
4.745492267754092830e-01
4.347039393875998248e-01
4.375169263973493483e-01
4.796373716637887252e-01
4.924481963164331066e-01
4.841231661634728400e-01
4.381883876868796768e-01
4.309664177041825917e-01
4.513383795709986490e-01
4.427436933843235667e-01
4.368913825584935795e-01
4.522031315068751889e-01
4.388990241636535061e-01
4.784240801288379141e-01
4.786479428611868370e-01
4.715321066283958973e-01
4.623162875800986837e-01
4.536141984815013628e-01
4.459204240888388626e-01
4.516377226952028590e-01
4.502201836201188412e-01
4.468598667121998491e-01
4.598372226142705688e-01
4.475327473833071168e-01
4.477861184610287260e-01
4.742963395213818933e-01
4.556260687046946867e-01
4.603718821927637039e-01
4.438060846138791038e-01
4.394864849944339902e-01
4.496080685705775570e-01
4.466168971530228293e-01
4.827346046698240412e-01
4.838939940083517577e-01
4.377694241298745736e-01
4.389130013579339296e-01
4.598145913888880831e-01
4.753621963180833521e-01
4.574810184685049741e-01
4.418339476239157015e-01
4.680269893427227990e-01
4.436244007607069162e-01
4.646632214698636076e-01
4.441946258930652425e-01
4.761342938598967511e-01
5.012684146641864791e-01
4.859131216579027912e-01
4.358936463789983562e-01
4.510660819787712383e-01
4.410713438118209484e-01
4.503975088516383729e-01
4.595708692722051958e-01
5.385125637457287562e-01
5.743269802377551914e-01
4.380086916975204359e-01
3.960521316750361120e-01
4.312241807775419877e-01
4.356810301670374086e-01
4.662465470874689877e-01
4.463519595384843330e-01
4.631538635007336757e-01
4.507914961913883078e-01
4.495877410415831110e-01
4.634145420488188782e-01
4.413655672775363414e-01
4.688120853534492039e-01
4.440027263238027211e-01
4.582142608998682198e-01
4.482886272978327535e-01
4.493730340835900283e-01
4.629662467331765452e-01
4.397998859460490184e-01
4.614003990507277164e-01
4.705539953991473290e-01
4.591168449566979670e-01
4.404452415518734787e-01
4.673568631929805872e-01
4.420134968065173031e-01
5.046890029028227032e-01
5.104223088655563956e-01
4.260897636590228466e-01
4.586966981369992591e-01
4.700242913739231532e-01
5.024657136018124692e-01
4.898306145368399589e-01
4.360582417397015353e-01
4.558706596098014430e-01
4.375791223937907093e-01
4.381751349723544964e-01
4.726533547947265324e-01
4.464226172353502053e-01
5.008523559135241721e-01
4.445982432011086893e-01
5.199897552523659039e-01
5.597652583811530969e-01
4.520646305850514746e-01
4.169971224898321727e-01
4.483836589991516686e-01
4.485247895476078273e-01
4.417091813411595513e-01
4.620260030437796095e-01
4.614691760809886412e-01
4.639771404819141853e-01
4.638353019494144691e-01
4.658050990464964181e-01
4.675741419436544866e-01
4.444011363591275909e-01
4.735988046956268738e-01
4.473375649138690568e-01
4.485954571476391539e-01
4.776197401251740526e-01
4.448262431654806393e-01
4.359639212267087394e-01
4.635706963056292484e-01
4.622068314588346216e-01
4.630997976201290944e-01
4.606941323764564000e-01
4.383993087055063631e-01
4.707152594990887673e-01
4.415928755617533619e-01
4.682888283906349591e-01
4.953625461833404131e-01
4.325791413733078294e-01
4.585343650798019421e-01
4.362047932676291762e-01
4.489127368531623530e-01
4.272851145017763086e-01
4.459265132034221368e-01
4.421462551483976156e-01
4.421003083804387890e-01
5.199941185189336235e-01
4.808565367782317024e-01
4.952115075737504868e-01
4.632797026253059336e-01
4.488557261914911112e-01
4.491542904008418158e-01
4.538557683059295522e-01
4.464978614584981242e-01
4.480985797768090584e-01
4.527075907047403702e-01
4.564897824814109772e-01
4.588115224317510510e-01
4.602854783291827068e-01
4.630334775637657274e-01
4.459207359370380153e-01
4.534823547181858761e-01
4.497527565624758750e-01
5.086912854525481587e-01
4.830390117446938247e-01
4.163273103625752536e-01
4.601584733469898381e-01
4.729524236910235824e-01
4.637494976785763723e-01
4.371179494219669670e-01
4.692461009939066230e-01
4.408263654501530238e-01
4.679173512509766653e-01
4.884303339322096926e-01
4.816802708226733953e-01
4.315333257995099814e-01
4.536801535131896324e-01
4.346268301023051284e-01
7.924502117802875167e-01
4.012390968079975195e-01
3.886549273741263244e-01
5.223172950016501392e-01
5.407899665170864401e-01
5.428839986363039882e-01
4.694625100182698296e-01
4.433165199226766773e-01
4.456622775600340702e-01
4.508006840157743333e-01
4.521197065414481742e-01
4.417219465971617409e-01
4.771049736334103120e-01
4.493231799056064957e-01
4.496093029995026358e-01
4.829638815523868423e-01
4.601384695996688090e-01
4.365612398440196218e-01
4.678000274872466391e-01
4.400670161294054639e-01
4.751176248891660348e-01
4.964941806988801831e-01
4.735190376169470805e-01
4.962120845421106874e-01
4.353296356217479790e-01
4.448316720586360518e-01
4.345844526017590970e-01
1.001687357123068667e+00
4.635399538295172928e-01
4.344643178887484525e-01
4.672796047964344890e-01
4.506591407381804748e-01
4.597499589964162414e-01
4.649573338442756221e-01
4.585397383314831488e-01
4.597799706920283613e-01
4.612495412553436758e-01
4.728975264152298075e-01
4.378964102270310743e-01
4.527377051935137509e-01
4.337321353453807982e-01
4.661593749111863638e-01
4.883903962369070539e-01
4.716170518633567288e-01
4.844054845520424646e-01
4.839586959784304976e-01
4.359773730074958387e-01
4.326607678700449267e-01
1.112463964642817604e+00
4.836293582547841474e-01
4.004336891790117869e-01
4.568551272163092758e-01
4.294104234939792319e-01
4.576559467555266769e-01
4.649045354609620539e-01
4.570375219367895370e-01
4.573847560180584471e-01
4.579709649578546093e-01
4.583286265260607673e-01
4.585178563064848389e-01
4.596983362163064024e-01
4.610216351250462918e-01
4.639776263413118995e-01
4.667711387811935286e-01
4.351193010569619490e-01
4.398053696486638464e-01
4.666690099001449266e-01
4.902954274955896308e-01
4.712200214332864512e-01
4.801746891434734432e-01
4.823778868133118403e-01
4.354025512251541996e-01
4.338455327119570271e-01
4.367163543639835388e-01
1.279364514642748363e+00
4.902314002670335458e-01
5.609430522025861121e-01
5.561330736104047601e-01
5.534847265552074180e-01
4.802073077325000328e-01
4.126041257961060582e-01
4.144379270993117093e-01
4.391231149975672876e-01
4.591751475632236401e-01
4.642781496398736274e-01
4.640919325708596221e-01
4.646146292551276979e-01
4.658994743606953981e-01
4.689323642040379436e-01
4.646447840390021122e-01
4.193063278424778995e-01
4.547947908100416492e-01
4.380890505594294826e-01
4.726155129866984606e-01
4.804102879535217530e-01
4.646310674363909321e-01
4.706503956167482627e-01
4.807544912851416941e-01
4.813489545465750585e-01
4.336400660789972994e-01
4.494831489223879983e-01
4.367149995006293639e-01
1.468416826399048913e+00
4.992394503387782567e-01
4.357203925168635639e-01
3.981335611828912269e-01
4.651089120423017587e-01
4.813691670388043908e-01
4.608576153911996265e-01
4.671401880102088455e-01
4.726682706105966858e-01
4.929072736587095105e-01
4.284607358677404720e-01
4.541544469496902603e-01
4.320866322789125857e-01
4.665649991385494855e-01
4.685359395498395751e-01
4.858835304377922548e-01
4.324982812956733036e-01
4.435832545881862043e-01
4.300287308552235843e-01
4.308710424116589666e-01
4.546122216297451279e-01
4.349043252862907494e-01
2.229967550137177845e+00
1.936583098900628741e+00
4.301754175056542451e-01
4.380346349920083426e-01
4.390847683193382367e-01
2.579918188317190442e+00
4.368965274982504754e-01
4.453541193620428884e-01
4.274920851122002707e-01
4.424279726411318725e-01
4.399923570169503306e-01
3.010304224342681412e+00
4.388002131190335553e-01
4.531833674887694174e-01
4.357117575965746559e-01
4.448586352551420209e-01
4.468430109112137560e-01
3.565888507789933826e+00
4.330321325783244024e-01
4.446170701457335395e-01
4.430130192309055803e-01
4.476172255159703295e-01
4.491265065223289943e-01
4.345139933981195135e+00
4.416656977073096235e-01
4.473188680931636796e-01
4.337886481961775731e-01
4.473871185189494670e-01
4.498564615476232098e-01
4.440028502935012278e-01
5.632634585733399035e+00
4.445053066344937798e-01
4.469712927493417753e-01
4.371043586194583996e-01
4.474521018678772055e-01
4.486427825586160600e-01
8.800833793073289613e+00
4.397706588258227800e-01
4.495000220702208837e-01
4.485730476296752589e-01
4.451174382246647077e-01
1.136087924865018906e+01
1.793588382276957915e+01
7.403028200379464074e+00
5.662980032948021325e+00
5.016770415466643485e+00
4.609548570088225716e+00
4.303939857939430347e+00
4.054974705674071700e+00
3.842442364203277005e+00
3.655181480148220530e+00
3.486433285249491476e+00
3.331886364441547066e+00
3.188709675968347312e+00
3.055021811698520828e+00
2.929577138734671404e+00
2.811567826288971172e+00
2.700491227161335495e+00
2.596055952718015369e+00
2.498111796848151656e+00
2.406594776217144904e+00
2.321481944628589034e+00
2.242752741361820235e+00
2.170355106024385528e+00
2.104175762205101829e+00
2.044015142684708852e+00
1.989568509218576420e+00
1.940415845370530468e+00
1.896023756314064279e+00
1.855762362069816929e+00
1.818938490422645549e+00
1.784843222158897902e+00
1.752807653080681094e+00
1.722257113882535329e+00
1.692752908622675578e+00
1.664013154864380617e+00
1.635910205787547644e+00
1.608449276784839732e+00
1.581738256697037492e+00
1.555959899286385006e+00
1.531354236056394535e+00
1.508212794138384050e+00
1.486879847010459832e+00
1.467751993887743911e+00
1.451266998436259836e+00
1.437875500612177948e+00
1.427993312601821607e+00
1.421935806210958830e+00
1.419838589067199841e+00
1.421570822438601667e+00
1.426650769037982824e+00
1.434178958227502410e+00
1.442812299577322710e+00
1.450808589166234785e+00
1.456167585125611286e+00
1.456874647826365221e+00
1.451215487949697680e+00
1.438089272448884737e+00
1.417226597420993439e+00
1.389238825339147665e+00
1.355482848948656782e+00
1.317791081042624102e+00
1.278154342577138447e+00
1.238439632704279258e+00
1.200188927998148580e+00
1.164506500008230416e+00
1.132020584262234619e+00
1.102902897464908438e+00
1.076936685248685022e+00
1.053628881654058880e+00
1.032358443745140741e+00
1.012542359084487531e+00
9.937901452474791064e-01
9.211856109590479402e-01
9.200603048963220676e-01
9.279757266147616868e-01
9.796167118317052891e-01
9.581305922154829124e-01
1.002570574235842837e+00
1.023371626986377292e+00
1.036972037694196880e+00
1.036876722186949484e+00
1.015293273753519632e+00
9.633228908986786188e-01
8.708157861819508794e-01
7.304419362810637972e-01
5.609411999171092233e-01
4.389136162677994002e-01
4.478765926891414284e-01
4.506707084797341722e-01
4.522934439350463354e-01
4.476921338265866801e-01
