1.778272894840570117e+01
1.127245833137189202e+01
8.733174336512506741e+00
7.356181474184787739e+00
5.636147552751325840e+00
4.999127394206650976e+00
4.598247463978673899e+00
4.297638753118627086e+00
4.052858645904266588e+00
3.843904758957221723e+00
3.659689346483260941e+00
3.493467380513275433e+00
3.340925035046691249e+00
3.199239357386985283e+00
3.066561194717381422e+00
2.941704286914764044e+00
2.823942151609065032e+00
2.712865440879028256e+00
2.608276503247683120e+00
2.510109268815997829e+00
2.418367704229944959e+00
2.333078212519312800e+00
2.254252273683883256e+00
2.181856295279810176e+00
2.115786526468187212e+00
2.055848130666322771e+00
2.001739039824746769e+00
1.953040759473922083e+00
1.909219396669346036e+00
1.869640253817071329e+00
1.833597862219981556e+00
1.800360238369688171e+00
1.769222109410170107e+00
1.739558326877359784e+00
1.710867396819185648e+00
1.682797071542143863e+00
1.655148899028141329e+00
1.627864664781158321e+00
1.601002358813696347e+00
1.574710883846783593e+00
1.549210842752758666e+00
1.524784431898794645e+00
1.501772496087612652e+00
1.480572952720903279e+00
1.461633263151289164e+00
1.445430661420580520e+00
1.432436697600297348e+00
1.423065971906144922e+00
1.417611517860282389e+00
1.416170781568440340e+00
1.418567336304447979e+00
1.424275971051018219e+00
1.432364000516349600e+00
1.441469268912629609e+00
1.449841926463192543e+00
1.455475806085676282e+00
1.456338726984272469e+00
1.450677468563282835e+00
1.437332970164676871e+00
1.415976267093638885e+00
1.387186729949606789e+00
1.352343272561197240e+00
1.313363428053832882e+00
1.272370999670390024e+00
1.231380296330337298e+00
1.192058783189350546e+00
1.155591418740769871e+00
1.122639491943270063e+00
1.093373172598401943e+00
1.067557630764338183e+00
1.044678508437518083e+00
1.024095202007207606e+00
1.005206212120519416e+00
9.269300768800725621e-01
9.254822571425999067e-01
9.296111664651605100e-01
9.560112765617606589e-01
9.776205313847909917e-01
1.003079879646006312e+00
1.029735403022196571e+00
1.053589703204202532e+00
1.069168482396024800e+00
1.069578243982138632e+00
1.046810830689975713e+00
9.921814888838936808e-01
8.964927596445857461e-01
7.526300540477004475e-01
5.736545036417828314e-01
4.261625638110229097e-01
4.397641194923798680e-01
4.444753949140794469e-01
4.422139633175861673e-01
4.393168885576906879e-01
4.400107282612102932e-01
5.591769424447186054e+00
4.286878941213893568e-01
4.436487151730686973e-01
4.466887974137122574e-01
4.389225705370410902e-01
4.395816260501871908e-01
4.312920874885552536e+00
4.269652059976276059e-01
4.436111761768243289e-01
4.464157166180159897e-01
4.386362613336355354e-01
4.393842413790140511e-01
3.537333243484454215e+00
4.269856682852710694e-01
4.384944873511735786e-01
4.449509942951467845e-01
4.418227118771168582e-01
4.433759274233133318e-01
2.983331982008520900e+00
4.296106448450920379e-01
4.315949997162963903e-01
4.440073592030329697e-01
4.466060960874866370e-01
4.366375199165979937e-01
4.359769667862493647e-01
2.553438664650384826e+00
4.210601878427347455e-01
4.364777172384072257e-01
4.441933400871230231e-01
4.418211332731961649e-01
4.397305985365044245e-01
2.203349555971709339e+00
4.236139246168982853e-01
4.316041811339058620e-01
4.370080045647725120e-01
4.560735426009613902e-01
1.909431205737529558e+00
4.225483445682436390e-01
4.292605278852903439e-01
4.272857712786467532e-01
4.211398768744248899e-01
4.234049753197445809e-01
4.263102796138352746e-01
4.209836632471780637e-01
4.475596392455951089e-01
3.567191083823615938e-01
4.765096026278643482e-01
4.673186152870847931e-01
4.968156576597812513e-01
4.796313705090765600e-01
4.803960792973882010e-01
4.212635402498035031e-01
4.417717502327897505e-01
1.247797281695232297e+00
1.439195331360949570e+00
4.598988578650184955e-01
4.530514304374568257e-01
4.949237627745018964e-01
4.085582632021875216e-01
4.065092235549727651e-01
4.643590695050973105e-01
4.695735990070883936e-01
4.770216977316855678e-01
4.946319881939817975e-01
4.870637237291183808e-01
4.219034441768930166e-01
4.185894700106969069e-01
4.387925165061282717e-01
1.078098010806062490e+00
3.694527018163843990e-01
4.924530558677754910e-01
4.468070946524062559e-01
4.268384118840882757e-01
4.433598294127259476e-01
4.612085577087858268e-01
4.646579485402286824e-01
4.624907378464228613e-01
4.608712028546701478e-01
4.613810666333871269e-01
4.632769362785411071e-01
4.656013798190232755e-01
4.718097349743845537e-01
4.678171504640666889e-01
4.610029423679954941e-01
4.412987379187915393e-01
4.438493040078366203e-01
4.806591294344660925e-01
4.678845650817142210e-01
4.761288029024182689e-01
4.883965828409607690e-01
4.870020711691925852e-01
4.967881982016130737e-01
4.231041178083590482e-01
4.257719347018507627e-01
4.281460187404589890e-01
9.311409457460372296e-01
4.662770061642897979e-01
4.500892584696711274e-01
4.369099033495751350e-01
4.481669299254906202e-01
4.599095866464494309e-01
4.596461861645569913e-01
4.601144683826415283e-01
4.604519358071610391e-01
4.601980671472095663e-01
4.598451742526654673e-01
4.606565696062558390e-01
4.626594787402985021e-01
4.668152326634202876e-01
4.692611673674225159e-01
4.707192827528962620e-01
4.271958402955568501e-01
4.316951179676236650e-01
4.537426234012263415e-01
4.690469257218258803e-01
4.756488309721210728e-01
4.870381672923849159e-01
4.986333462670838323e-01
5.077909921664496284e-01
4.248464486267929940e-01
4.293092398336871285e-01
4.228780183271858006e-01
7.607586580172659430e-01
5.078473867271057207e-01
4.343417364661426028e-01
6.626993982057961530e-01
6.626621928708791298e-01
4.332183048062971387e-01
4.387323064619150226e-01
4.671709790974087340e-01
4.603486514254458983e-01
4.592345936267231421e-01
4.625567964181949154e-01
4.557057842317969176e-01
4.688491201662125518e-01
4.340556275339492176e-01
4.401530539632191874e-01
4.443246134376316880e-01
4.743066217851721333e-01
4.787900136617503355e-01
4.931137408646425468e-01
4.955403764608549699e-01
5.065738777973307627e-01
4.269699408126129136e-01
4.380164068078529205e-01
4.416135957199572859e-01
4.636398280780620329e-01
6.350226104172694841e-01
4.064937499485633543e-01
3.893037770749042670e-01
4.360283665367717942e-01
4.566475685292717968e-01
4.607403657552724963e-01
4.644790971174410088e-01
4.592025904765711375e-01
4.630621380104378293e-01
4.314639301333941246e-01
4.401522714469436326e-01
4.419509610813073253e-01
4.695664055538266157e-01
4.629987349349813930e-01
4.594235349781092825e-01
4.644312418064943659e-01
4.369967439436381329e-01
4.395946255976743711e-01
4.423751919152049128e-01
4.786832048247827154e-01
4.825430939657959772e-01
5.002723386187832855e-01
4.975834437636297292e-01
4.264340086211079739e-01
4.261890382992428172e-01
4.475243114778664211e-01
4.522212325497942387e-01
4.450869751888339443e-01
4.534492707315710414e-01
4.239799711206412303e-01
4.344134319781178810e-01
4.780486370715475997e-01
5.005434075660225579e-01
5.817621838148681057e-01
4.062013537761371418e-01
4.031280436084340169e-01
4.352821290780630181e-01
4.551951611372249129e-01
4.536506931654023522e-01
4.542942677972984233e-01
4.571161394412688872e-01
4.601254473382948573e-01
4.623880952158568314e-01
4.677578222106010264e-01
4.670191000816753535e-01
4.738045615557157642e-01
4.333012242583859086e-01
4.319283859181117791e-01
4.365561147649058005e-01
4.574611876027222523e-01
4.807139849095113382e-01
3.925958499775487609e-01
4.315151886252137081e-01
4.651931436500438832e-01
4.677438619720845625e-01
4.713831534194793393e-01
4.359844021878896969e-01
4.432776009020876207e-01
4.369106898995132604e-01
4.968703901217891850e-01
4.561796935302790956e-01
4.232676469580963774e-01
4.263327767438524485e-01
4.465658452694625802e-01
4.503431619543493691e-01
4.442702957290747823e-01
4.456435308832668030e-01
4.472452180559621238e-01
4.701114239490428726e-01
4.165590187328088168e-01
4.585539044693904276e-01
4.919157783515295534e-01
4.833576939473038792e-01
4.235148924307033935e-01
4.456230529787468808e-01
4.580877757970768793e-01
4.620844560568747594e-01
4.627358629273070068e-01
4.658554371363796687e-01
4.789057627114688964e-01
4.890512963758751885e-01
4.773566366245626802e-01
4.289407072044327252e-01
4.383610919747626400e-01
4.397182903964836354e-01
4.300298601376079111e-01
5.212461721555190497e-01
4.177948202924064436e-01
4.641023955621201846e-01
4.694628386617858973e-01
4.801641599216234790e-01
4.388254556516633098e-01
4.429281737472589575e-01
4.366298910729963789e-01
5.437129443196312417e-01
4.533095620055260788e-01
4.139214768399748778e-01
3.991657994741373838e-01
4.729580952709201425e-01
5.106398375108880394e-01
5.116486926273725588e-01
4.283782613488415492e-01
4.311755067034853672e-01
4.442469868732688565e-01
4.425308830019936690e-01
4.384409597209488751e-01
4.525392238931764677e-01
4.445702361058398999e-01
4.667854783835760912e-01
4.825529675996062529e-01
4.726143459760221988e-01
4.700253566026919572e-01
4.786335322639648227e-01
4.952965484478465963e-01
4.385430149030593583e-01
4.420490406569829722e-01
4.393943841906053915e-01
4.660963373914345231e-01
4.843356958843828552e-01
4.658187753621782501e-01
4.232339064914797944e-01
4.890956035953018533e-01
4.878765008077695642e-01
4.283535704856713533e-01
4.424538708633542483e-01
4.399428301110324124e-01
5.221056073463032909e-01
4.731398402378609314e-01
4.016666543330550398e-01
4.215056803761940696e-01
4.640561069548546635e-01
4.683562640329624882e-01
4.820777254369975062e-01
4.402770579246964577e-01
4.439689736560704092e-01
4.380716967174193011e-01
4.961288137487874228e-01
4.164097496105376162e-01
4.783903689296876149e-01
5.021686826102752521e-01
5.269854345851536781e-01
4.299452682593706832e-01
4.326134518196056988e-01
4.364884933426006475e-01
4.361026839364547381e-01
4.375489699585510817e-01
4.643968904792492580e-01
4.736509519893400966e-01
4.731458446983891064e-01
4.594170396582565874e-01
4.670125416343606783e-01
4.755395228823325326e-01
4.775985735256259579e-01
4.385316567291048795e-01
4.446491409126845928e-01
4.451687587182893702e-01
4.658573570434770272e-01
5.307400151589319881e-01
4.619976507889209105e-01
4.239258614666598368e-01
4.291335167467259515e-01
4.598947944543874122e-01
4.678390838621118708e-01
4.777943622414462799e-01
4.882356379339694574e-01
4.340223833467981573e-01
4.316855623500002181e-01
4.452313279997666684e-01
4.471552081857371186e-01
4.859848540151312513e-01
4.269274974557498159e-01
4.629618228659771462e-01
4.673803062745425230e-01
4.831271721078570502e-01
4.402449761729601563e-01
4.442590722830181416e-01
4.412587362682577896e-01
4.994051747248444140e-01
4.934842035391600046e-01
4.065499618420580497e-01
4.172408538016866841e-01
4.876181685740409999e-01
4.970185453703740430e-01
5.187026851395605265e-01
4.315512304357040918e-01
4.338931445497539174e-01
4.297662891269975471e-01
4.342195547867884753e-01
4.338418306064917296e-01
4.713336391041694218e-01
4.711831831157125006e-01
4.749384863584141803e-01
4.636334506650711118e-01
4.768968562706530911e-01
4.786064396793467401e-01
4.401543378753587921e-01
4.463163652773202705e-01
4.478592873147714259e-01
4.473039647188042367e-01
4.752500593134313944e-01
4.424139749696858748e-01
4.661148636965581904e-01
4.708785635145295023e-01
4.740627452956394650e-01
4.912274664346455988e-01
4.340584790300223150e-01
4.304061557396276494e-01
4.451282207324218088e-01
4.399741767463056785e-01
4.435064003512446673e-01
4.949121439667769073e-01
4.914858885830841739e-01
4.253569768633184700e-01
4.170529483069121968e-01
4.622360315510806728e-01
4.664089189253831647e-01
4.817944854531053256e-01
4.397673726059684873e-01
4.437217153524092295e-01
4.542403295486086567e-01
4.981268970397579876e-01
4.159986334262822383e-01
4.980070941841959753e-01
4.947933351389566803e-01
4.994853628098187559e-01
4.246579524022132124e-01
4.407221519263820886e-01
4.339324634284887350e-01
4.366587231518618273e-01
4.449094309830285976e-01
4.706876330396363994e-01
4.706768087931293421e-01
4.786965263543690452e-01
4.687840000477377922e-01
4.754344335278583022e-01
4.682250318574706083e-01
4.440593790548807984e-01
4.479982698252676920e-01
4.615437976843765888e-01
4.673646111693757765e-01
4.680330734753181954e-01
4.281326331026663046e-01
4.348834143849422684e-01
4.658659006493404142e-01
4.755106913211726849e-01
4.755560655627032451e-01
4.315407718238521984e-01
4.463513712263010857e-01
4.450529713417674116e-01
4.675579760601754620e-01
4.370941992002004839e-01
4.618410718313170626e-01
4.655060112478582313e-01
4.811677190502390289e-01
4.381777202067043131e-01
4.471254700939730209e-01
4.588857552976010057e-01
4.897383368741857201e-01
4.177322462435981154e-01
4.136112638798692953e-01
4.975710855042451142e-01
4.963948071469496681e-01
4.329013888016347567e-01
4.427986279872022091e-01
4.354453900046377779e-01
4.332075725185474679e-01
4.679081528798624268e-01
4.711504030040393753e-01
4.683148442314503113e-01
4.668461088581055685e-01
4.757658228332580785e-01
4.916134093576577935e-01
4.467784963306316581e-01
4.495913950836520345e-01
4.709760707437446459e-01
4.525083591116631498e-01
4.447375640530249474e-01
4.759724280390761342e-01
4.681856524576585299e-01
4.781073748477165375e-01
4.809133685857109874e-01
4.485504485683609599e-01
4.620306967660446906e-01
4.427201213819747516e-01
4.195693142636078843e-01
4.613261917830692727e-01
4.640314917286114671e-01
4.796438223645390075e-01
4.430202965815601135e-01
4.506830586798819538e-01
4.530835344430335643e-01
4.914219041843910230e-01
4.289401710657285705e-01
4.290477078710409620e-01
4.955867388388605077e-01
4.961186938532075597e-01
5.033274723541657503e-01
4.348995295997107324e-01
4.327445966421367141e-01
4.310612997751878117e-01
4.314891611798876703e-01
4.313373199625576415e-01
4.625909732446576994e-01
4.700005222314299624e-01
4.681743287228087302e-01
4.754067796507374655e-01
4.793187980887974042e-01
4.903791642108096815e-01
4.544242906635165835e-01
4.360688026324459621e-01
4.449797937815168636e-01
4.689259445431879780e-01
4.711706618856991713e-01
4.729592951204342755e-01
4.882259255002429077e-01
4.236777363698390197e-01
4.615088450008469345e-01
4.616725000410553115e-01
4.775914554620531161e-01
4.538547406909241855e-01
4.295427107200376349e-01
4.285344871211027029e-01
4.892616958287664963e-01
4.868848538886386690e-01
5.124433270663788509e-01
4.335809843582650869e-01
4.289529635439829902e-01
4.297143417800111109e-01
4.306074777437600143e-01
4.677729045092430260e-01
4.703885314545279139e-01
4.645720043367794760e-01
4.728044875495996391e-01
4.832785063986010377e-01
4.845756860722594261e-01
4.342499152039472898e-01
4.681577422530018850e-01
4.722364907310542814e-01
4.877470781271470712e-01
4.361656522136270198e-01
4.630836462326627379e-01
4.679818439480689651e-01
4.774610812873897325e-01
4.315160798584289359e-01
4.896551965843474186e-01
4.877208174816186625e-01
4.935491015773299517e-01
4.346369734287376940e-01
4.319223597178860063e-01
4.317935751717404402e-01
4.358758830264876094e-01
4.432848125325959399e-01
4.679767422624461770e-01
4.717450559005496036e-01
4.767719519554084462e-01
4.766288537474191456e-01
4.792632936303078961e-01
4.983228246220507973e-01
4.618822849711137768e-01
4.654702456265791821e-01
4.643334214207681665e-01
4.671231327582336390e-01
4.718520314683961603e-01
4.477019923004731394e-01
4.278753297431949210e-01
4.348054563266583461e-01
4.583150378186931495e-01
4.502435989660127924e-01
4.923632984015839376e-01
4.885194367373486002e-01
4.319616825530537829e-01
4.364754272112607025e-01
4.367430982377797921e-01
4.392586141837458991e-01
4.666403768521395490e-01
4.695506414957972829e-01
4.706842459549153146e-01
4.794816000415146884e-01
4.948493342205901868e-01
4.622481091175097978e-01
4.693889535218084830e-01
4.392002272998101753e-01
4.473108726762287657e-01
4.792190561146046912e-01
4.639810511896945711e-01
4.506528356995929685e-01
4.649850459399059721e-01
4.911520322892937718e-01
4.828141274227911728e-01
4.788502524477667999e-01
4.366818003095992440e-01
4.379415129017614206e-01
4.316919126589850442e-01
4.333990433686181198e-01
4.662571873990667970e-01
4.666216614487586067e-01
4.706939638419583849e-01
4.734882485630614313e-01
4.741651194004857239e-01
4.610039067288278503e-01
4.676364381021383965e-01
4.375117565124614361e-01
4.236685894915909190e-01
4.783970262490848668e-01
4.931876972946013238e-01
4.798485191080905654e-01
4.528860927483878140e-01
4.509243325131208624e-01
4.698184006497764797e-01
4.714946524467276689e-01
4.611621836195054502e-01
4.886441016137682003e-01
4.404995676912500935e-01
4.408421514330281288e-01
4.316808235839835195e-01
4.313634591204789648e-01
4.650016226870318792e-01
4.700812535669983139e-01
4.669874275644982364e-01
4.335623306804882171e-01
4.674586061387210334e-01
4.650251392534007766e-01
4.745706094725162805e-01
4.481050533964232585e-01
4.340616009747617632e-01
4.872146312925927925e-01
4.867020479197387006e-01
4.477656949659525876e-01
4.364852259360313957e-01
4.527877427800932053e-01
4.322009127206496992e-01
4.242564667453649352e-01
4.634028094521632224e-01
4.651444888963670588e-01
4.595648206673140224e-01
4.427040028945847805e-01
4.455225584783875092e-01
4.348999314172528607e-01
4.341507416460550495e-01
4.405115514763084938e-01
4.662433792267141053e-01
4.715786552599687265e-01
4.394289383274667671e-01
4.679463974248819214e-01
4.698963339581840315e-01
4.337748534433764069e-01
4.828241562513602148e-01
4.840127385168393470e-01
4.539346315483975824e-01
4.464189284756796550e-01
4.677385134978907510e-01
4.532794264680033436e-01
4.338091270050922765e-01
4.428746305985916676e-01
4.646347249585771055e-01
4.715737800079636832e-01
4.686828741569290524e-01
4.663192535864287835e-01
4.426379322101593461e-01
4.972689280795890010e-01
4.878041237734830893e-01
4.793733198999473588e-01
4.461801925690845327e-01
4.474721296804349824e-01
4.388418154269713711e-01
4.422062502608943291e-01
4.674965257283095754e-01
4.675521829568428656e-01
4.252008272446382575e-01
4.344228324059912216e-01
5.042532751388976164e-01
5.002232754704099005e-01
4.649449847407857161e-01
4.621235199519739822e-01
4.651765195174554224e-01
4.660943924595913335e-01
4.816347763286555894e-01
4.426967706416307102e-01
4.241334122421147601e-01
4.589978211493874194e-01
5.067675239384321628e-01
4.027037863072660540e-01
4.442482624153636928e-01
4.777678877630365251e-01
4.781355321632924649e-01
4.464737130595872183e-01
4.450936806399217183e-01
4.586509134304567192e-01
4.595802739414682758e-01
4.364306768135392534e-01
4.359874609409572499e-01
4.721811879421639047e-01
4.656663509319213246e-01
4.494209066452024559e-01
4.494104922984448192e-01
4.654106284543920169e-01
4.764751403787716444e-01
4.867918614793050880e-01
4.502380725012527507e-01
4.495907497641236650e-01
4.330263726191229678e-01
4.344361564084842087e-01
4.653478777265764310e-01
4.697321525156943900e-01
4.347890883058311284e-01
4.251697396081835501e-01
4.890346271366052266e-01
4.574545132045715889e-01
4.517947543349851158e-01
4.678060801948190073e-01
4.669678191437158787e-01
4.738960463527104872e-01
4.723870915313468921e-01
4.337961963453836334e-01
4.331765018345779539e-01
4.759803167031411708e-01
4.887449692595709494e-01
4.232966574756254485e-01
4.245741256202740233e-01
4.374896899411584994e-01
4.706085700020679607e-01
4.760106829189209576e-01
4.433510850387414326e-01
4.436041771034975323e-01
4.591252195277064074e-01
4.594382817178348510e-01
4.380581481131134436e-01
4.376927579950394276e-01
4.733963333437517518e-01
4.680798398711589758e-01
4.564289321822463941e-01
4.503303857355757112e-01
4.486674256006186745e-01
4.618936844774124140e-01
4.837587300223917808e-01
4.881299593183677232e-01
4.522726609468978864e-01
4.529655643845849622e-01
4.334782774193762234e-01
4.298734073533905797e-01
4.622754969561684857e-01
4.691306784786857809e-01
4.674734319530222670e-01
4.294463304461598741e-01
4.302314691563567384e-01
4.875705947014803976e-01
4.858007311290553076e-01
4.526364560941424919e-01
4.544456634939140760e-01
4.555465921193592727e-01
4.719022199374159343e-01
4.862778471188893836e-01
4.379860349656904406e-01
4.834334907957191785e-01
4.859297246835824757e-01
4.275669574827366537e-01
4.230365151486059627e-01
4.726705713299771960e-01
4.773463786497580963e-01
4.771536584483808685e-01
4.412974754659946264e-01
4.434389990689200922e-01
4.625067416542724130e-01
4.390232287945007861e-01
4.430637415222814512e-01
4.500426902622701730e-01
4.650966272002688973e-01
4.695883788017732319e-01
4.484573515955517786e-01
4.495277534170786793e-01
4.557094475063221406e-01
4.615116793656565686e-01
4.873974317413556356e-01
4.884505567849967700e-01
4.534250224072349233e-01
4.540878912438231496e-01
4.340925219053698436e-01
4.324831174030339676e-01
4.648915077757733161e-01
4.707491255832659260e-01
4.343581599449345965e-01
4.833859565207520026e-01
4.782489672814409509e-01
4.535762241026697894e-01
4.557416376234366129e-01
4.692184630517502453e-01
4.686349283318249626e-01
4.974341677908399317e-01
4.464239976926565601e-01
4.394836901950450736e-01
4.856407346646564593e-01
4.819855774935304926e-01
4.268530649517500164e-01
4.285452428475761133e-01
4.327282267125178716e-01
4.753413235662545810e-01
4.781907130808441542e-01
4.445386589951541012e-01
4.598447122868875026e-01
4.636063590150417690e-01
4.461180611957566988e-01
4.448082021084193149e-01
4.615275234833245421e-01
4.685374358114422488e-01
4.420627046475219535e-01
4.500447053473803916e-01
4.577247642144160467e-01
4.596131106740112271e-01
4.851246660697837720e-01
4.844313191233163840e-01
4.463748262775321107e-01
4.548343180006883535e-01
4.335463860012752635e-01
4.381015162140582397e-01
4.436978433471566730e-01
4.657286694658706594e-01
4.668554458955936348e-01
4.412825475898666250e-01
4.339563839481198060e-01
4.816314915207316472e-01
4.781253046288402309e-01
4.531302792588846051e-01
4.525905321975081663e-01
4.555501427882336363e-01
4.700753305315658048e-01
4.685271408593922882e-01
4.991489354249791788e-01
4.411821977978211407e-01
4.497267785993422362e-01
4.821718902590083067e-01
4.780128529834452578e-01
4.343103336892543131e-01
4.358516062058855889e-01
4.682746167964821349e-01
4.755074083661452455e-01
4.493530446787558086e-01
4.449889783512716579e-01
4.604575984201620398e-01
4.683739354875986471e-01
4.431197073904023509e-01
4.401033567892007614e-01
4.598335622491303565e-01
4.666456852302529046e-01
4.502086706587574705e-01
4.622019915265717094e-01
4.849120373707731524e-01
4.826520830505092174e-01
4.510063850375168326e-01
4.566089214401940488e-01
4.379067600696514573e-01
4.394985627314903498e-01
4.598006328367770235e-01
4.636730991594638640e-01
4.346016818854596675e-01
4.333541056182821927e-01
4.819588081630079568e-01
4.724293210059776760e-01
4.521876344309797013e-01
4.514613994080410309e-01
4.764767359718239947e-01
4.586613618848091045e-01
4.257667005747290956e-01
4.456430857479879992e-01
4.802972459255051008e-01
4.766785864055283484e-01
4.279729675007883927e-01
4.274903939995809421e-01
4.698973298922654585e-01
4.643676314329147070e-01
4.837366871361785114e-01
4.452610931299686992e-01
4.391752875276696000e-01
4.656941648862822358e-01
4.634714153071868292e-01
4.422256401467808407e-01
4.407621544935926283e-01
4.640597412464441129e-01
4.641034886719320740e-01
4.711012532534434305e-01
4.485708521607620902e-01
4.508592699378687896e-01
4.595720379880382511e-01
4.594471245392567904e-01
4.823358250719827489e-01
4.768769599691762839e-01
4.550487034491317861e-01
4.341849208690723438e-01
4.359963531280005022e-01
4.632131016391842215e-01
4.568932138117562380e-01
4.835446932267790654e-01
4.327536928948590433e-01
4.430632470542968382e-01
4.753357825745265774e-01
4.696826638075152216e-01
4.523583111763966880e-01
4.516082278701646358e-01
4.543338493018219681e-01
4.691873178140213430e-01
4.786975411903595101e-01
4.238134062919173273e-01
4.289399705017123976e-01
4.649134070454850054e-01
4.663088612270516187e-01
4.390245222781161694e-01
4.503078660370670172e-01
4.687198510699226994e-01
4.619201154192429937e-01
4.396912688861087659e-01
4.394116994976580148e-01
4.624091981140930341e-01
4.707614961472110227e-01
4.470842802605656252e-01
4.507328230836261107e-01
4.678182027595591541e-01
4.615811772267157664e-01
4.782538821295994058e-01
4.718399811371746799e-01
4.722037172072839906e-01
1.123912978563971210e+00
4.318763450450704977e-01
4.312345752059754123e-01
4.599805924439061000e-01
4.322560541062153150e-01
4.705574172250945320e-01
4.516774670011318160e-01
4.538885167350676930e-01
4.939142998075998769e-01
4.802428029829030054e-01
4.292021390349431975e-01
4.339476121490165594e-01
4.410734831751402241e-01
4.673635679348920324e-01
4.631376665623818112e-01
4.295614426420938381e-01
4.719507316976118139e-01
4.659703830390522494e-01
4.424173199585676453e-01
4.436069859650412228e-01
4.469116676421229784e-01
4.629105165395679955e-01
4.530120911086000235e-01
4.362281155160317447e-01
4.490694345353846706e-01
4.661191214641052794e-01
4.584784740628901623e-01
4.673493135957680344e-01
4.681556022367803771e-01
5.514745818698873592e+00
4.319988618293022498e-01
4.265732719751292867e-01
4.876332280942302089e-01
4.779123772876034959e-01
4.521585814710187834e-01
4.508676808708497741e-01
4.845911923831953128e-01
4.804548997493526263e-01
4.327219793560178607e-01
4.407550154130380204e-01
4.544380782633343774e-01
4.411607579753442088e-01
4.552457496070908549e-01
4.675943620975296922e-01
4.572642469102304874e-01
4.640033433752205894e-01
4.644154663369168268e-01
4.646606054017292653e-01
4.693792472708542274e-01
1.715582040981598766e+01
4.324843610726820109e-01
4.323540529470370486e-01
4.700121151873405401e-01
4.874685357695934806e-01
4.532869837536804836e-01
4.486183909028088057e-01
4.630701986434368478e-01
4.423396435490547507e-01
4.271474725657680160e-01
4.987236566115285097e-01
4.578068102807924533e-01
4.435880483127087603e-01
4.345412589439466289e-01
4.592421677894579779e-01
4.690145697410953440e-01
4.778328047260571032e-01
2.758942139856173270e+01
4.438208656264244212e-01
3.812287244636450856e-01
4.596572955431647012e-01
4.634624150398466425e-01
4.364880320449144868e-01
4.970565889436221463e-01
5.011121448065961603e-01
4.203300201286069848e-01
4.388173774423551610e-01
4.671295956559791684e-01
4.467735125816454933e-01
4.634720901643552549e-01
4.706285177242336970e-01
4.698612216414270182e-01
4.543096028694684207e-01
3.151622162660990867e+01
4.416336596784667390e-01
4.282058493817741396e-01
4.839775054656435538e-01
4.638730407534342182e-01
4.492046076364435980e-01
4.970627557187698442e-01
4.630578304769534803e-01
4.202866185788228237e-01
4.270545613574370791e-01
4.578788336666527736e-01
4.335757954154145222e-01
4.634625515735263934e-01
4.593126094458557240e-01
4.697985014884728527e-01
4.778296640905840831e-01
2.758963280547039432e+01
4.310265166075037402e-01
4.251292788959532554e-01
4.672403755819232729e-01
4.769594872702531685e-01
4.538571887572647734e-01
4.514000712626737299e-01
4.804181217135657933e-01
4.422715129468767215e-01
4.407376770453889092e-01
4.988300044879275252e-01
4.545178063133217816e-01
4.431108984228557812e-01
4.554401508302686197e-01
4.644940658124423472e-01
4.690156097883116382e-01
4.693279252002416913e-01
1.715601578045783171e+01
4.301530169935481318e-01
4.293997920063071794e-01
4.879173457877778453e-01
4.706014945932998073e-01
4.526332009819539759e-01
4.543024817029935325e-01
4.845782675016157004e-01
4.802200224255033789e-01
4.327092410213375651e-01
4.410359232149587694e-01
4.660219241258415357e-01
4.411716483999826299e-01
4.467420243867198937e-01
4.675248315658126486e-01
4.529615536135610521e-01
4.571512679785685873e-01
4.491593337137835262e-01
4.640739421040837032e-01
4.584121997590302477e-01
4.646926524102290568e-01
4.681399958776740755e-01
5.514837926170246263e+00
4.303091493231397946e-01
4.346193933478392224e-01
4.616326938003832425e-01
4.854284355115716099e-01
4.333918459835168213e-01
4.432563275938199432e-01
4.698078862275075762e-01
4.520497730772749523e-01
4.546543541809170419e-01
4.938638076765127782e-01
4.786611845764907613e-01
4.291839041057775028e-01
4.288996463306664064e-01
4.339206775721283216e-01
4.674659332803235423e-01
4.663507755503134566e-01
4.631474764946124645e-01
4.295025116272840338e-01
4.502205588015477655e-01
4.719859138793690567e-01
4.619361340692365037e-01
4.424295455016090672e-01
4.394113465205869429e-01
4.434428271538916611e-01
4.628675333641046330e-01
4.707194764076048088e-01
4.363402665140942438e-01
4.507562192177788640e-01
4.663844737857806289e-01
4.615586044403129917e-01
4.673377505057274006e-01
4.721845123621121187e-01
1.123946145053928758e+00
4.331102549453342276e-01
4.386561554828371512e-01
4.648717135745951690e-01
4.653892562295971480e-01
4.587617610060819584e-01
4.327584315045111540e-01
4.328960312324344195e-01
4.753864962348615109e-01
4.724985434296180564e-01
4.529229695663377075e-01
4.520076054116698439e-01
4.519597987146773410e-01
4.690942161369537899e-01
4.586205460610059403e-01
4.452673311159483505e-01
4.766021080307077384e-01
4.237775402353256005e-01
4.274769760368475335e-01
4.649671923070993196e-01
4.837714668254581851e-01
4.389408333329065104e-01
4.391034963722297291e-01
4.687368114113583117e-01
4.634938414875712787e-01
4.397214833467280037e-01
4.408600820694704159e-01
4.623793116798980418e-01
4.711117953013352899e-01
4.470136441457691623e-01
4.509206582195426916e-01
4.679134764897845966e-01
4.594554473907635495e-01
4.782310910390559777e-01
4.768527148192697185e-01
4.718205680623276943e-01
4.550488649253485729e-01
4.372560673242820717e-01
4.433292797145371167e-01
4.612874926381760887e-01
4.682784254229062637e-01
4.339884264896067823e-01
4.333448626499337708e-01
4.819988505480418128e-01
4.782583733137044657e-01
4.524965115675854133e-01
4.557057988942449511e-01
4.763045835070545131e-01
4.988154803070290466e-01
4.251883038315938945e-01
4.495791468237967381e-01
4.802387646616276817e-01
4.779584003509874668e-01
4.279877902817460500e-01
4.359318734439253662e-01
4.699132165053891974e-01
4.755484524041582173e-01
4.644014941127287965e-01
4.452003878521337832e-01
4.449319938132414443e-01
4.657165905564009667e-01
4.683943421210308711e-01
4.422776059463700005e-01
4.401477474479220664e-01
4.640078991635173677e-01
4.666369501416959831e-01
4.641620685336206309e-01
4.485537424076675439e-01
4.502830025296988836e-01
4.596415075680661544e-01
4.622400095100718809e-01
4.823160307028118710e-01
4.826325271022903762e-01
4.566032843835503008e-01
4.334521260339554982e-01
4.323533604757295867e-01
4.377790756583425646e-01
4.670553044393878639e-01
4.719471943433854455e-01
4.405061777883364504e-01
4.335751102832747783e-01
4.818261679136215947e-01
4.783189624933451567e-01
4.532556174661149795e-01
4.559270712469072895e-01
4.527374364805490936e-01
4.698438553901408965e-01
4.971520242376386567e-01
4.683386408100478904e-01
4.412007345082106791e-01
4.385318914315662342e-01
4.821123472717084857e-01
4.819097943199838197e-01
4.344339963217928036e-01
4.326938975875408433e-01
4.683061562363936559e-01
4.782091960210131387e-01
4.493049298222413501e-01
4.444915235310574753e-01
4.604807425154917033e-01
4.636097726131460095e-01
4.431841558993858676e-01
4.448784647722959784e-01
4.597690052872311361e-01
4.684710084924294526e-01
4.500278320203973115e-01
4.596938485509840522e-01
4.848981527796602520e-01
4.844213892429401480e-01
4.510109624121296235e-01
4.548556825773839574e-01
4.342829279099112427e-01
4.301635418222994889e-01
4.660639780575613900e-01
4.682214238207600410e-01
4.287023875819825913e-01
4.836715345868289884e-01
4.861543980334908643e-01
4.536938146571014019e-01
4.555685517033926102e-01
4.689555305485634817e-01
4.861622023653135449e-01
4.683603014222645355e-01
4.462601285363522186e-01
4.378053419516261813e-01
4.855537925449405767e-01
4.858449941968132624e-01
4.268170892989874288e-01
4.230861674467351619e-01
4.285329088620835059e-01
4.753491322173837297e-01
4.771252586845823318e-01
4.434021697914068416e-01
4.598247659349071204e-01
4.625119746112077990e-01
4.461139396552251113e-01
4.500551372666702354e-01
4.614745707343338443e-01
4.695274471983190145e-01
4.420275580399388171e-01
4.495030899750669384e-01
4.578168164646347349e-01
4.615927256497366904e-01
4.851196197876594951e-01
4.884501796130816809e-01
4.463950133981230417e-01
4.541044543927723054e-01
4.339975100689713039e-01
4.350742023073120301e-01
4.624899308158361699e-01
4.698833986863450440e-01
4.698051515388301236e-01
4.278895824955664118e-01
4.245809871136889124e-01
4.882790644713418393e-01
4.899363948001831948e-01
4.526717408719172497e-01
4.678564704046251910e-01
4.544910447706079215e-01
4.716177009279932109e-01
4.721851265037027567e-01
4.330437468743776885e-01
4.833330303333081002e-01
4.886573604095074130e-01
4.275372098539247379e-01
4.374669276429971054e-01
4.726096997425061619e-01
4.759652893772576832e-01
4.771826668553947881e-01
4.412649024267247255e-01
4.435835744631042021e-01
4.594206281255731050e-01
4.390572769949016019e-01
4.377001696290725441e-01
4.430706776848468698e-01
4.650397297454008094e-01
4.680316611986019559e-01
4.484338084004039215e-01
4.503293630472182119e-01
4.556944795195930209e-01
4.618866682181607120e-01
4.874018041468493045e-01
4.881373835619982060e-01
4.534357146745136569e-01
4.529743085762142907e-01
4.337795470870319248e-01
4.430920033466019814e-01
4.652860238098146528e-01
4.673784324597567430e-01
4.341591369119504051e-01
4.337755529373688579e-01
5.014880815037684458e-01
4.574199511978156441e-01
4.622062909801639696e-01
4.517915521909037224e-01
4.668940237285495454e-01
4.814841886123927828e-01
4.736625294755672511e-01
4.336135808004830117e-01
4.239609845544010658e-01
4.759301838161943965e-01
5.066983094919212949e-01
4.233444430795517688e-01
4.443637423490179317e-01
4.246108920630088934e-01
4.705248153454084092e-01
4.780574458541854144e-01
4.433280395550728836e-01
4.450828778435985678e-01
4.591040905481962864e-01
4.595494518210823665e-01
4.381160984102391853e-01
4.361747907302709892e-01
4.733224762472423852e-01
4.655488821234379793e-01
4.564239938262036334e-01
4.494341282895873424e-01
4.487152586396042642e-01
4.653675406005264303e-01
4.837686914323053866e-01
4.868047515834209027e-01
4.522830020136982543e-01
4.496037998971582073e-01
4.397897023440718867e-01
4.418222393746796262e-01
4.671651265612355441e-01
4.709860287481974495e-01
4.241408122452412499e-01
4.383155744326159287e-01
5.051812527697355781e-01
4.653121911576687530e-01
4.651653938678049771e-01
4.699460836393060115e-01
4.660481948887215675e-01
4.425907340420853764e-01
4.336525981891986015e-01
4.588898495507024999e-01
4.027156130794216637e-01
4.776771192362437302e-01
4.838553268912860750e-01
4.464639081847374125e-01
4.464063963393788970e-01
4.586144060398579803e-01
4.532427623884047185e-01
4.365360081621844079e-01
4.429301639707004523e-01
4.721018933957554231e-01
4.685867042069334354e-01
4.426231176850575211e-01
4.494016372878351095e-01
4.877848012503548936e-01
4.764837417524209751e-01
4.792594219244047937e-01
4.502594401369836019e-01
4.474923866116879978e-01
4.368101217417670323e-01
4.333318642121843367e-01
4.354658795817949457e-01
4.655525463201034553e-01
4.660174371783991076e-01
4.332801558901960282e-01
4.680687849987310023e-01
4.747459772731201233e-01
4.340038286819041247e-01
4.828528118205981379e-01
4.866817440540541218e-01
4.539260667696825569e-01
4.477710389219798914e-01
4.677032669238370133e-01
4.527597982786322750e-01
4.339698992836786284e-01
4.243626686804184422e-01
4.645748117899829444e-01
4.650791911388224564e-01
4.714594969661162205e-01
4.663941254616760790e-01
4.427324620620986528e-01
4.971635324124578648e-01
4.462157159027200226e-01
4.455578405024935851e-01
4.339104719235669094e-01
4.357102842831296341e-01
4.639405112242406815e-01
4.655252468637544050e-01
4.691250649621084845e-01
4.738026539814821358e-01
4.676022901884847593e-01
4.678262469139437552e-01
4.651036921649003286e-01
4.481342736352227352e-01
4.234637717652733335e-01
4.870601235447870603e-01
4.797562347291610130e-01
4.509752942877434667e-01
4.365106156487436051e-01
4.323120948726614787e-01
4.633113738224792222e-01
4.714222920618664769e-01
4.595616321537792093e-01
4.885668295452683663e-01
4.408980478906353584e-01
4.339881029180970851e-01
4.414854851247199674e-01
4.648566354702900472e-01
4.679629045595403158e-01
4.694717556876884523e-01
4.945873625172739207e-01
4.733754172147043304e-01
4.612879622349990161e-01
4.697459739514097121e-01
4.374714391545835301e-01
4.472907688771442514e-01
4.781756770219933728e-01
4.789691530418592191e-01
4.924783966780884037e-01
4.529377331382305472e-01
4.506590337227681098e-01
4.696787812705277565e-01
4.649026907631929606e-01
4.611417023410893656e-01
4.787956894713428224e-01
4.405586512219907269e-01
4.380586950216422970e-01
4.388437112748848623e-01
4.450611373380407576e-01
4.647136943310685719e-01
4.694515030776261200e-01
4.697206007720656773e-01
4.964627139385474619e-01
4.783118806220243990e-01
4.626144691377334084e-01
4.657323743637056812e-01
4.393007943992548459e-01
4.719730461575400993e-01
4.276807598408151057e-01
4.639779222632593458e-01
4.583102218174603948e-01
4.502323287981017663e-01
4.911242801840693395e-01
4.884923150156598726e-01
4.827572331817815976e-01
4.368209104894254513e-01
4.365617240397765553e-01
4.351855177073482572e-01
4.343045978772511195e-01
4.376257323781992392e-01
4.654983714795374317e-01
4.617452673431644561e-01
4.761658393558999003e-01
4.835808914280635973e-01
4.757872798273539150e-01
4.776470931898138539e-01
4.623811467452121349e-01
4.345249877256897597e-01
4.643919220645911228e-01
4.879145889889480725e-01
4.673110011614601822e-01
4.475932077468876558e-01
4.358710350420513246e-01
4.347885842033737958e-01
4.774271660089352554e-01
4.315134633507917150e-01
4.923341540990912035e-01
4.935256853909278374e-01
4.319468633178563666e-01
4.312605617705939087e-01
4.338230748318006591e-01
4.353633482546586109e-01
4.653388410333271774e-01
4.675560314990011568e-01
4.674758668814965601e-01
4.713846657273439988e-01
4.884130611666493982e-01
4.818749974279485926e-01
4.448505240249072124e-01
4.682180472906404267e-01
4.882257212075098995e-01
4.722745835891045685e-01
4.235002064583504033e-01
4.630563408133901437e-01
4.775638454412358680e-01
4.679294925158113405e-01
4.283350503766717998e-01
4.896316990768826982e-01
5.124202910718140824e-01
4.876949007090773391e-01
4.340661988567265928e-01
4.290345822960462963e-01
4.350912903561989231e-01
4.363228973040017555e-01
4.610670646154977903e-01
4.692413956896843152e-01
4.667261360050090069e-01
4.911818152059110321e-01
4.740102988256355010e-01
4.779859127334182278e-01
4.531788020774826786e-01
4.710787758218976107e-01
4.523009725635331324e-01
4.359124974902691685e-01
4.446709724215148207e-01
4.688605728577141529e-01
4.808152522736987011e-01
4.711364334335312876e-01
4.729659034893856084e-01
4.196062141118169220e-01
4.614729452646377794e-01
4.796333233710604049e-01
4.616442426345208627e-01
4.539894837547035489e-01
4.531977364742580394e-01
4.290718654106522867e-01
4.293565844476247007e-01
4.288315855215589778e-01
4.892535020009040059e-01
5.033139308814414958e-01
4.868711251983564581e-01
4.336943169394762432e-01
4.311828542564862254e-01
4.377719291605257634e-01
4.461746853479744979e-01
4.648200864052559056e-01
4.668985738502363647e-01
4.681431435802125285e-01
4.684338821248313911e-01
4.665844491288968499e-01
4.729779577483447239e-01
4.470271491392648344e-01
4.614896465012888194e-01
4.499817962526303505e-01
4.679273660769971976e-01
4.344836974936744367e-01
4.757770680313154754e-01
4.753584640052019306e-01
4.680492336904343298e-01
4.779955801521260650e-01
4.482530221572820217e-01
4.447098444214280799e-01
4.619018185635095919e-01
4.674389630737901258e-01
4.428334740306429373e-01
4.374282412984648039e-01
4.613053042689633787e-01
4.811531969903966588e-01
4.640015456108823044e-01
4.430170662039416563e-01
4.588165119342548226e-01
4.507803690510526762e-01
4.915934719456586111e-01
4.898326925418241551e-01
4.135983102671930700e-01
4.955894297370527224e-01
4.963958633495395012e-01
4.961156380252358389e-01
4.349487175532077976e-01
4.428466933921224591e-01
4.328454470610156313e-01
4.376258769640326562e-01
4.337411351689343664e-01
4.665185480767254922e-01
4.689536814494154604e-01
4.783345485789221030e-01
4.778746041445167125e-01
4.689350847561764568e-01
4.755750558166261799e-01
4.444561106525937166e-01
4.476029014594063993e-01
4.480509350079607267e-01
4.673238367906994428e-01
4.754085734376052308e-01
4.273663584085258260e-01
4.416448466005584716e-01
4.656474222778040906e-01
4.909444410967513384e-01
4.752999064507510973e-01
4.312693810605122691e-01
4.432690092489588451e-01
4.459732313999512088e-01
4.913069085952803672e-01
4.175418524531710474e-01
4.618267280366841199e-01
4.818060188903690588e-01
4.654965164476325135e-01
4.382628883349728444e-01
4.543311477186708358e-01
4.471019183704654787e-01
4.980453137410884024e-01
4.177865347427173193e-01
4.160197890248039099e-01
4.975749732346112508e-01
4.994991298899387200e-01
4.329378732907941396e-01
4.407268730663383982e-01
4.325019300822380841e-01
4.362597605643443455e-01
4.335044535132517862e-01
4.659563032677927485e-01
4.672692614505805642e-01
4.729792091738778681e-01
4.764763906362821655e-01
4.627013863216885570e-01
4.763284353674621663e-01
4.407400195917697827e-01
4.660987376152018746e-01
4.468708521017846214e-01
4.482740833778222078e-01
4.621005931744660011e-01
4.291022234786857070e-01
4.656953346357204926e-01
4.877632824370010667e-01
4.705828265645810582e-01
4.737693557599614858e-01
4.337941896474158399e-01
4.467955805353081566e-01
4.301098023243060120e-01
4.448344181674670494e-01
4.397077612662471657e-01
4.947867058314767696e-01
4.853338364674737448e-01
4.259176855708071141e-01
4.274467468931045233e-01
4.621827873023728328e-01
4.832883566088164717e-01
4.664096808249496573e-01
4.398228869228696936e-01
4.413277637950136500e-01
4.437766428746389158e-01
4.934261192656218542e-01
4.172950174109634758e-01
4.980205184386560235e-01
5.187272825229888307e-01
4.948005368498410439e-01
4.246691885578557368e-01
4.298017966872599849e-01
4.362011267118882096e-01
4.531234052803130297e-01
4.618783084571528863e-01
4.649987892384114252e-01
4.679060985262420425e-01
4.557381987595564565e-01
4.927753761560513812e-01
4.653851934828829862e-01
4.746034565096172719e-01
4.404654188331587061e-01
4.695667982028183807e-01
4.452354012415210005e-01
4.452737044268035294e-01
5.314091422351090443e-01
4.842856050241090005e-01
4.244202220324125863e-01
4.236359041883310805e-01
4.594524527301014905e-01
4.872997697761148328e-01
4.674103696098863003e-01
4.773110864291652544e-01
4.338217959384426115e-01
4.396665824654180099e-01
4.314779130048961853e-01
4.450072159577622699e-01
4.713874446414358932e-01
4.214503722934253016e-01
4.629652569222418301e-01
4.821120792028185109e-01
4.673915323056064830e-01
4.402859456818376538e-01
4.381263340343077295e-01
4.442960956453892440e-01
4.992940117839279046e-01
4.960353845652856197e-01
4.065791579479348661e-01
4.163801147503964351e-01
4.876499144715437661e-01
5.270300738626533255e-01
4.970402525469017618e-01
4.315673335699992119e-01
4.365091363904771704e-01
4.339085196162240643e-01
4.420147396611264767e-01
4.450306679051500569e-01
4.387379218667808445e-01
4.474001532489985111e-01
4.711626201057834695e-01
4.643705946843713073e-01
4.659020836046436354e-01
4.660688617007163748e-01
4.668367137256233534e-01
4.758826870106509510e-01
4.400398402860445368e-01
4.589923032894655530e-01
4.450909182975116840e-01
4.451119227046075877e-01
4.774247213031609371e-01
4.654109752345617079e-01
4.883601937437528906e-01
4.282515355320466455e-01
4.300099186452531752e-01
4.422900682150530116e-01
5.204479631031750930e-01
5.202982007207906934e-01
4.012406188923056116e-01
4.172127498100243193e-01
4.640628155513225050e-01
4.802116648299475932e-01
4.683898361880410310e-01
4.402855059122093850e-01
4.366845707748056582e-01
4.439987926726624567e-01
4.535065866994681394e-01
3.990298718071710882e-01
4.784071635476898066e-01
5.116821878017069336e-01
5.022130926479304591e-01
4.299600202350051803e-01
4.442625815464163463e-01
4.326311360002572104e-01
4.484964116033831605e-01
4.516946729418354622e-01
4.432830085445255697e-01
4.809399645568703252e-01
4.797789277075211190e-01
4.703055900809107182e-01
4.467904880018881975e-01
4.893342871339745881e-01
4.636949623697571021e-01
4.783999483998425117e-01
4.246311187352340144e-01
4.390674883364081849e-01
4.460195188798713462e-01
4.620994258688518319e-01
4.737790705908955236e-01
4.628361925897682139e-01
4.660087190346726138e-01
4.790473415436826143e-01
4.891158537158773467e-01
4.289415436097983036e-01
4.575427671005265484e-01
4.383304311122843133e-01
4.396520221566417308e-01
4.816360821872328613e-01
4.308499983863640637e-01
4.641655956264377214e-01
4.715206096701112792e-01
4.695215935702594101e-01
4.388161968828614978e-01
4.369809335422680796e-01
4.429467161658831587e-01
5.434766423084130826e-01
4.560787411358980803e-01
4.138053579446557828e-01
4.729583453570240237e-01
5.106783912274553971e-01
4.283854494446762140e-01
4.465726251506247357e-01
4.311879913421766686e-01
4.503345088457023637e-01
4.393219618286594574e-01
4.432817544153355160e-01
4.386034224442815210e-01
4.706419763374242171e-01
4.600971298328379588e-01
5.337585229193448910e-01
5.694551278603818822e-01
4.223806862257821204e-01
4.081866597094355731e-01
4.562012288329485576e-01
4.635824984583279407e-01
4.570081404775579448e-01
4.584521456889969482e-01
4.586662838265465059e-01
4.597435029441112042e-01
4.617224986685558585e-01
4.674120107299398197e-01
4.669135975396748739e-01
4.334329346904073899e-01
4.420814647448585988e-01
4.320108358212447763e-01
4.365605744283074796e-01
4.708277910927599064e-01
3.926952830052994892e-01
4.596780462819344271e-01
4.651396075684638975e-01
4.642354348847431145e-01
4.678919199757935465e-01
4.359763598652898198e-01
4.424113652003504593e-01
4.433052100907937665e-01
4.965131632336967082e-01
4.975447621755481054e-01
4.232668918887340648e-01
4.475253852863062543e-01
4.263371166671526824e-01
7.581909923161859188e-01
4.333777181201466933e-01
4.287900211165265874e-01
4.983942967390831980e-01
5.808172981554472480e-01
5.262852308934784507e-01
4.153674617406684089e-01
4.134141205403574215e-01
4.538783654878064122e-01
4.622047044771365742e-01
4.660297210731651485e-01
4.600556526734179141e-01
4.316588922437998854e-01
4.673860367544179217e-01
4.402542864393576560e-01
4.702016691346512789e-01
4.629376881011023070e-01
4.369378588427419996e-01
4.443607993329846684e-01
4.395947623517612035e-01
4.786571661390605081e-01
5.065418170363331640e-01
4.825269676449701062e-01
5.002033965824075334e-01
4.264249334227691035e-01
4.380321364256162808e-01
4.261831387811566563e-01
9.288678896314346289e-01
4.869922870060625630e-01
4.336054812186219687e-01
4.462001938446154004e-01
4.387150593985337244e-01
4.603747940319106169e-01
4.707533157249812472e-01
4.592271613055087243e-01
4.626527764141171728e-01
4.561854210128362674e-01
4.340461670930541027e-01
4.537294378654925242e-01
4.401232039421381081e-01
4.742944502911217719e-01
5.078058480752928316e-01
4.787683897553989265e-01
4.931158491693827806e-01
4.955536847931315547e-01
4.269312230136355080e-01
4.228866294298310180e-01
1.076438267823339956e+00
4.670217359881878028e-01
3.698372823158546652e-01
4.511190412434537000e-01
4.370446903607541067e-01
4.604204321514097642e-01
4.653986214353867945e-01
4.606252383542182027e-01
4.613424208552833750e-01
4.614836533651894834e-01
4.607111426117526665e-01
4.599519749241512967e-01
4.606402705680406884e-01
4.626709190346838252e-01
4.668623157034217930e-01
4.693274666030953779e-01
4.271743774524132675e-01
4.437732932890612880e-01
4.317108161153868640e-01
4.690258229095689013e-01
4.968157607976007584e-01
4.756210725173599663e-01
4.870516911409524252e-01
4.986729150562314028e-01
4.248021925750827266e-01
4.281610747911638870e-01
4.292954884268219140e-01
1.246650499389263533e+00
4.538671426949282273e-01
5.010688480968620295e-01
4.958960597176811924e-01
4.505729604722424897e-01
4.227148963639698054e-01
4.331360297676496995e-01
4.554018734145432457e-01
4.646167349619981235e-01
4.642422860916212701e-01
4.620679049322368726e-01
4.618228853657841415e-01
4.633647755475607810e-01
4.655423548120364852e-01
4.716941219628503212e-01
4.678447919670321586e-01
4.412767193969476809e-01
4.065205806031519375e-01
4.806725863388432995e-01
4.870644095432294929e-01
4.677991536001330219e-01
4.760992740953770008e-01
4.884349909565287584e-01
4.870676372082133887e-01
4.230368111329079750e-01
4.387801741402636013e-01
4.257779173576269893e-01
1.438588582992849751e+00
4.605528187090436321e-01
4.085820165246081270e-01
3.567463616289964778e-01
4.645197258998740586e-01
4.807223321742759570e-01
4.696830171862709791e-01
4.770390386849976405e-01
4.946582188771869171e-01
4.218843129397225056e-01
4.417141905090832821e-01
4.185589863012945666e-01
4.476511982507940246e-01
4.765992673236678079e-01
4.673700403146694438e-01
4.969311407566381344e-01
4.798300856222149635e-01
4.212206528937716410e-01
4.209509987615503990e-01
4.233721988170643380e-01
4.211050334726467725e-01
4.262742825376080180e-01
2.204257080123689150e+00
1.909868853732274330e+00
4.225191350966541748e-01
4.560403787632372752e-01
4.292144651681724654e-01
4.272491748437337589e-01
2.554785037589433205e+00
4.235845792022004952e-01
4.397067153239634929e-01
4.315808949296564001e-01
4.369864840297513764e-01
2.985114960489775982e+00
4.210128647217127873e-01
4.359549300763025381e-01
4.364554965906242145e-01
4.441919005910568985e-01
4.418123055846598368e-01
3.539608053045323111e+00
4.295530741468648883e-01
4.433449706801244616e-01
4.315465004540814387e-01
4.440032608633305289e-01
4.466339145596756599e-01
4.366158806421455152e-01
4.315856491519105553e+00
4.268972026583249257e-01
4.393309507279621884e-01
4.384520788088215326e-01
4.449718374195101300e-01
4.418286664676364661e-01
5.595824618839453812e+00
4.268513176113764018e-01
4.394902436288729564e-01
4.435646825484280686e-01
4.464398592043835046e-01
4.386021323919905845e-01
8.740061899512658883e+00
4.285608879759405521e-01
4.399225601480920012e-01
4.435806160416501109e-01
4.466936720097811064e-01
4.388394538793345956e-01
1.128179934745775093e+01
1.779785308730050275e+01
7.361914195553301177e+00
5.640081511614710053e+00
5.002114418838413457e+00
4.600423013751593793e+00
4.299035649305699813e+00
4.053500915000042504e+00
3.843840197328890707e+00
3.659002724770819004e+00
3.492282636297987963e+00
3.339398415434799539e+00
3.197545483131299715e+00
3.064875045252525076e+00
2.940182850626151367e+00
2.822709350597022215e+00
2.712002886023265891e+00
2.607821042734759232e+00
2.510056714604560035e+00
2.418681012969078559e+00
2.333697958506415038e+00
2.255107413195641008e+00
2.182873751490473690e+00
2.116898755857754999e+00
2.056998362267597802e+00
2.002884210649689134e+00
1.954152310292986527e+00
1.910282126556434035e+00
1.870649478664309084e+00
1.834555279521283166e+00
1.801269182221346021e+00
1.770083177065350233e+00
1.740366465136036211e+00
1.711611264980855474e+00
1.683460832708488120e+00
1.655715771171692996e+00
1.628320977025239369e+00
1.601340805073618423e+00
1.574932143603793522e+00
1.549323451555858933e+00
1.524803357652326774e+00
1.501717097651897204e+00
1.480464895407169745e+00
1.461494719135061571e+00
1.445282903649049766e+00
1.432299077897179806e+00
1.422955241351492095e+00
1.417541447974456137e+00
1.416152040671680101e+00
1.418607561046121956e+00
1.424379966217564020e+00
1.432534021174378003e+00
1.441705390245116458e+00
1.450142558859690789e+00
1.455838405181090423e+00
1.456760618777549698e+00
1.451156463530216989e+00
1.437867218534782054e+00
1.416562867456901742e+00
1.387819136976396583e+00
1.353008420384204324e+00
1.314040149754478692e+00
1.273031153214198685e+00
1.231992855504341788e+00
1.192595625001180437e+00
1.156032614449103324e+00
1.122976177935705477e+00
1.093607301105607332e+00
1.067699265698277555e+00
1.044742097815580806e+00
1.024096206283577892e+00
1.005158874172322081e+00
9.253236118712270253e-01
9.267747165171106305e-01
9.294500088019562734e-01
9.774514428416902767e-01
9.558449261314965195e-01
1.002908672567691006e+00
1.029563594945883676e+00
1.053419728561282076e+00
1.069003464866388420e+00
1.069421616008391140e+00
1.046666034478672458e+00
9.920521020977137727e-01
8.963834168432760485e-01
7.525438644916446762e-01
5.735760204398803186e-01
4.260444329298153643e-01
4.396657902023514697e-01
4.444402842021739075e-01
4.422342328292251379e-01
4.392464765313999209e-01
