1.199888203578377244e+01
7.767911926747656182e+00
6.111817838253995383e+00
5.279851047241248096e+00
4.240240816560824300e+00
3.906439917166541598e+00
3.710843349185010354e+00
3.563467723722659741e+00
3.434309335406583230e+00
3.309766217022880319e+00
3.183211734460337894e+00
3.052337147937683959e+00
2.917817206690909604e+00
2.782328548837051496e+00
2.649752032726524931e+00
2.524548490625249553e+00
2.411262838694431920e+00
2.314067708453567906e+00
2.236286301134319920e+00
2.179919693429894778e+00
2.145278883144296600e+00
2.130836282944607252e+00
2.133366236954160833e+00
2.148372333858366456e+00
2.170730588595932264e+00
2.195426124845885507e+00
2.218235256392211863e+00
2.236214449787054637e+00
2.247905734723650184e+00
2.253241308113732799e+00
2.253201154717616728e+00
2.249321030834694479e+00
2.243155127449563135e+00
2.235778343002335689e+00
2.227387722390756775e+00
2.217049027743511314e+00
2.202638116282900516e+00
2.181036768379348345e+00
2.148632936739174770e+00
2.102116431686668729e+00
2.039443388048007400e+00
1.960704760834884430e+00
1.868565339153411164e+00
1.768030628250839564e+00
1.665554699341403655e+00
1.567797130152680296e+00
1.480486213283580321e+00
1.407749184941999854e+00
1.352001486248336715e+00
1.314226543198961039e+00
1.294365600123427384e+00
1.291590322971011062e+00
1.304372515949280720e+00
1.330406581702544111e+00
1.366526255555364777e+00
1.408769202583886493e+00
1.452685041783707387e+00
1.493876060835311437e+00
1.528646707583242170e+00
1.554570468275663808e+00
1.570797201508771002e+00
1.578013592029561263e+00
1.578085294576930364e+00
1.573493631803745796e+00
1.566702017893627064e+00
1.559557380820538741e+00
1.552784718266363884e+00
1.545604368152137642e+00
1.535510743399086886e+00
1.518291880164988950e+00
1.488403853967922741e+00
1.439774285249600050e+00
1.366918726156830077e+00
1.265927564012858220e+00
1.134525408019317450e+00
9.733160062549689462e-01
7.991015537016293857e-01
6.563940820704260437e-01
5.888647328708946915e-01
5.736299551351429216e-01
5.805577173382299172e-01
6.118150793135571641e-01
6.440499390286648085e-01
6.503567237094421971e-01
6.419162713218733440e-01
6.064107960371184491e-01
5.633697669121286999e-01
5.149882719793655861e-01
4.842413265357484176e-01
4.655287752215122588e-01
4.629242908559531022e-01
4.660178492400707806e-01
4.730164222532541318e-01
4.803300642085818750e-01
4.876077695868954454e-01
4.924917008072046132e-01
4.966180599453932087e-01
5.007209925164874953e-01
5.085219206456084162e-01
5.112376645106322393e-01
5.116843265817045960e-01
5.095506733208554628e-01
5.061247313356640465e-01
5.061092022298191440e-01
5.215816722910078251e-01
5.569453945526037231e-01
6.407948233701339369e-01
7.257566043954187807e-01
7.419152350238354954e-01
4.039091932974572252e+00
7.113238423925414278e-01
5.888502561774101585e-01
4.393714601793195507e-01
3.405228788260347694e-01
2.788507132351888962e-01
2.368826184283644165e-01
2.058878372848320926e-01
1.817149857580929173e-01
1.657497102696435520e-01
1.568044038597736500e-01
1.534862527248256059e-01
1.541617270350271462e-01
1.569935950534664115e-01
1.601295169605412017e-01
1.604841742694015361e-01
1.599210620470439825e-01
1.577018162954024749e-01
1.512761310067112508e-01
1.427329535682869965e-01
1.330736189859412499e-01
1.233707290307831245e-01
1.146306742567290426e-01
1.077270657263967035e-01
1.029901679299999456e-01
1.012823554975948587e-01
1.028241759934648281e-01
1.075449767692447933e-01
1.149509343848985204e-01
1.240245806926130595e-01
1.332668080272257083e-01
1.408644964610841488e-01
1.448052438982691814e-01
1.397567044481986265e-01
1.277663190492687451e-01
1.025236495940214515e-01
6.281487461890793156e-02
2.611910376716751123e-02
1.117649907146107957e-02
1.965398849310780183e-02
3.874899949914906161e-02
5.370304842928629030e-02
5.892916051395576810e-02
5.624048542837623704e-02
4.873819557998924218e-02
3.875493900485650622e-02
2.804607293694824643e-02
1.806018119174443437e-02
9.925288576063640358e-03
4.316704768140288556e-03
1.242783349672410076e-03
1.573588962859456830e-04
1.511184865073153354e-04
3.170283460164878608e+00
1.707792430153283459e-04
1.766589989969224864e-04
2.621232322259988479e+00
1.190086344540268199e-03
2.213744780642796783e+00
3.603160105204398795e-03
1.887489089188960634e+00
6.908662848406407070e-03
1.617523097659964826e+00
4.036365843380924912e-02
4.821918156867006922e-02
8.612012254411466339e-02
1.895615098427050338e-01
3.389292025295902455e-01
3.843736086114598605e-01
9.667434492775947574e-03
1.393766506258366622e+00
6.030110049281685036e-01
5.649957062258561535e-01
9.263619139104836142e-01
9.615476007580101570e-01
9.899846323722656660e-02
1.136244924980499005e-01
5.190348572067286781e-02
3.479013873776449772e-01
3.227275086345516297e-01
3.647775940162797381e-01
1.012142610259540200e-02
1.222079487538561132e-01
7.718441032693092174e-02
9.464053519423272220e-01
8.725878227222411132e-01
9.158240131393629024e-01
9.327261569293600063e-01
8.378591225152702826e-01
8.121053874287620378e-01
8.990473863326956527e-01
1.431920105769963203e-01
1.463028492275689207e-01
3.349412594590476244e-01
2.745277275641294645e-01
7.527522494333558495e-03
1.115243723755491301e+00
1.207573364832465801e+00
7.150976846401797538e-01
3.523608273735606700e-01
1.016561448740255669e+00
9.427218824653849083e-01
9.257210930261056125e-01
9.643825812468957981e-01
1.015799800951449283e+00
1.067515428744108652e+00
1.142212185375645728e+00
1.069836485558091521e+00
1.744462233929717776e-01
8.518025031317336682e-01
6.391900975415962805e-01
4.514339736750231369e-01
1.668209789787918063e-01
2.654443598476718402e-01
2.015819359960744350e-01
3.496943766314187640e-03
1.056713614271195700e+00
1.436126211670984754e+00
1.038643985699928329e+00
1.606994837585016711e+00
1.492073101298030169e+00
1.493440743398185999e+00
1.573268233247302028e+00
1.617014891621136208e+00
1.606494093754977648e+00
2.483722765230154117e-01
2.384713289303066475e-01
1.069088406052568496e+00
8.764013916847890329e-01
8.853971242629748994e-01
6.284550350380347927e-01
5.740705442585198881e-01
2.261305549121725711e-01
2.224977481403205559e-01
2.941365129321634742e-01
1.590050867703811377e-01
1.774534742773933305e-01
1.169035779679498677e-01
1.846874075113187352e-01
1.228489703960725654e-01
2.342262888816214108e-03
1.017191777553239973e+00
7.627534292565270047e-01
4.741529414042280344e-01
1.323784687160805440e+00
1.199600849357758348e+00
1.081563475738290148e+00
1.097021662627809535e+00
1.213519773418294312e+00
1.759314820900745646e+00
2.247584173239969285e+00
2.570937696652872084e+00
2.327344977707987539e+00
2.149576249018599228e+00
5.012467060268264163e-01
3.822201130001848246e-01
1.624990509229549351e+00
1.690099225726374499e+00
1.190414668259669462e+00
9.328361010759496086e-01
1.183135132566687231e+00
1.039995511185407784e+00
8.725106038683696497e-01
2.236521240010896083e-01
2.032181298096337463e-01
1.532539220412052205e-01
9.842073412798305054e-02
4.944418701246693082e-02
5.125981410102903313e-02
8.833422988399123460e-03
9.597476687615237312e-01
1.518571789304351272e-01
1.079529677968173562e+00
1.382299476599236687e+00
1.117779829857795004e+00
1.017024933341120319e+00
2.958380976255152728e-01
4.229734934100050636e-01
1.726655198542568770e-01
1.640153476350011130e-01
1.005082024411919628e-01
1.673121547444038626e-01
3.519449183937808229e-02
2.699006701322523641e-02
2.487164559706170341e-02
9.150786024530838114e-01
4.761605016232358101e-01
4.384196126412909233e-01
2.348404205671652534e-01
4.542363708354061891e-01
1.159804627538264937e-01
2.464724427234321058e-01
6.453166346616101556e-02
2.484075442299585046e-01
8.570264832838639379e-02
3.700679729256919209e-02
4.798954408330351890e-02
8.976281385170378213e-01
7.904354339640344840e-01
1.152456175773459934e+00
3.318383429927758144e-01
3.818362979408675972e-01
5.138076383938936509e-01
1.861039600383289916e-01
3.265953557315066091e-01
1.017577716417593925e-01
3.477399226106696606e-01
2.397443120582063159e-01
7.741814689999783339e-02
7.284810977804707932e-02
9.059603890645644420e-01
1.208337127692909574e+00
9.018360777308117582e-01
8.787002931796503713e-01
1.147297711414642984e+00
3.295092696735634208e-01
3.579239433108137858e-01
4.385001225216308418e-01
7.825585376014977390e-01
8.979298602564798060e-01
4.693453624490599996e-01
3.791206751177209622e-01
3.671474920069678904e-01
5.077734779530665987e-01
3.254925613092531922e-01
2.944973481212228017e-01
3.818990840129432573e-01
3.804635958700012255e-01
4.573162846747441113e-01
4.799829429121034718e-01
1.666917770687559586e-01
9.350420208761271723e-02
9.253716096224376964e-01
1.232922642525204449e+00
1.088506086164620079e+00
9.897377032512597594e-01
9.192858932633894975e-01
7.224477515347041967e-01
6.950547020890299743e-01
7.316245165447625709e-01
6.658740762730650520e-01
8.850819032521669572e-01
8.323149695478676557e-01
8.114096746398731241e-01
8.796462575167859343e-01
9.104628421038878372e-01
2.322931488610336936e-01
6.607618214570625259e-01
6.852036023534182618e-01
7.288807924746234512e-01
2.977385208298867214e-01
1.644143005906157917e-01
2.957977583701726365e-01
5.698562003458522707e-01
6.154689608172799753e-01
2.402829764571655646e-01
6.462576149715215656e-01
6.738732429818854452e-01
1.950557065309364291e-01
2.291279663308975756e-01
1.058889801740691555e-01
9.504493077437659032e-01
9.163052716594791702e-01
8.348934897023735369e-01
8.023103223140959361e-01
8.731336151733011253e-01
8.507877787962960792e-01
3.823153400303858640e-01
7.112861008797478624e-01
7.514077983598799193e-01
7.262891359800112134e-01
7.232170709512729667e-01
1.002852411976407898e-01
1.005152685731417750e-01
6.750762960806091506e-01
6.989863197500724157e-01
7.012078643586431292e-01
1.166000304978888624e-01
1.151996992629573113e-01
7.341839188407216499e-01
7.639527127448951793e-01
2.646715079969114703e-01
2.614348554642476063e-01
1.129152304822638869e-01
9.839797857508273404e-01
6.624564624881813524e-01
6.403059554493617522e-01
6.183485767627057150e-01
4.620953390045315912e-01
2.292320707147693093e-01
6.116185206146385056e-01
7.247407018442010296e-01
7.634295292450422599e-01
6.061083712864281242e-02
6.780778669827697280e-02
6.973919248856900177e-01
6.727226505444987570e-01
7.042417242094666241e-01
2.195083869833933388e-01
1.956156667267013594e-01
1.148269389576397626e-01
1.043904783869704200e+00
6.871495878317157580e-01
4.529183498510255257e-01
2.776959588615502961e-01
1.384615225268266692e-01
6.083710999117118989e-01
4.914103055106076590e-01
3.723028955647643690e-01
1.171794472898828321e-01
2.159430850366332588e-01
1.181690060920599361e-01
1.133169301085862335e-01
1.122399768489820149e+00
4.262652864629555838e-01
3.105961979968031583e-01
5.767725077736246542e-01
7.038580080585526977e-01
7.866656487704091205e-01
9.555705483597541627e-02
5.541663798382168854e-02
1.794062480906532253e-01
2.679236502627513339e-01
3.484526304508323014e-01
4.961676774725579109e-01
5.744928166243628009e-01
3.163708463329510667e-02
1.914977814749594873e-02
1.291319005403214482e-01
2.521517521208130885e-01
3.062074022864766931e-01
3.030421128222928751e-01
3.905112645265400584e-01
4.288795867850127563e-01
3.155791931417497587e-01
1.099641073529818713e-01
1.081176769229009738e+00
4.235033530359061382e-01
3.041551330834783573e-01
5.435004651627401984e-01
6.109371706382882294e-01
7.089141170839980965e-01
7.674752795689169238e-01
1.914481440140477497e-01
1.582506229628871108e-01
7.745147097720355145e-01
6.081683003322767567e-01
5.264413730207678777e-01
6.794095757712453887e-01
5.194370616293107062e-02
1.309251658310230659e-01
5.466151857974356210e-01
4.612241979719886031e-01
4.698126291868702231e-01
2.092121244510868408e-02
9.582164585659636025e-02
3.995341521547464136e-01
3.439279172648741500e-01
3.376185753086388130e-01
1.063054019221656016e-01
6.941615638658743537e-01
1.966255330470472462e-01
1.600981159851656010e-01
7.800569466348944436e-01
8.335062619651767424e-01
7.928612033487795197e-01
7.261118201317563470e-01
7.435023892364571729e-01
1.846768820720642579e-01
2.616797103418351256e-01
6.839921924868919145e-01
6.313653557111759129e-01
4.898995974207172588e-01
4.841891348076525770e-01
1.419458807340651385e-01
2.386732053825845745e-01
4.692189015025823307e-01
3.415337924555085780e-01
2.564929863223208151e-01
1.024453661090472395e-01
2.010483513919643916e-01
2.850280086633874554e-01
1.837886236167579623e-01
1.037645208678104058e-01
4.033462652941161020e-01
1.686405389129226884e-01
2.582105372170999114e-01
7.374265105806664389e-01
7.439208970731150394e-01
5.276944532678194966e-01
3.574916495505365277e-01
2.238267913591204250e-01
1.839735016706446902e-01
3.455736661630469664e-01
1.478509150685454743e-01
9.065078558994618674e-02
2.893505113217341163e-01
2.946883716706119594e-01
1.169854469048754175e-01
7.155021041952618066e-02
1.051718948541654070e-01
1.977911186488038459e-02
2.988695094479656977e-01
2.791485494585437821e-01
4.349414337362152438e-01
1.535425280414821070e-01
3.975385545155576961e-01
3.607686256452836138e-01
5.673904720454831657e-02
3.633680556489026214e-01
2.923972162680227305e-01
2.300349153874745381e-02
2.441897057290379758e-01
1.717337193643686880e-02
1.091305421811194915e-01
2.351762867976728549e-03
1.616981170104882515e-01
7.172729427556877313e-02
2.087175477222870668e-01
6.667793118454981571e-02
1.682644572532212002e-01
4.160357672152715375e-02
1.661957501304396345e-01
2.994844078535738308e-02
1.191241682059922397e-01
-5.057814934116404990e-04
8.812498092728295040e-02
1.133828413889944736e-01
1.097850048971441977e-01
1.074859098305723792e-01
9.187774677526200362e-02
7.460077772035685062e-02
9.915348746401039803e-02
5.665866281376089053e-02
1.374984302777197964e-01
-3.031532543338766954e-05
1.375606995261393906e-01
1.674587666622429638e-01
1.090649009676692427e-01
1.444140928802190582e-01
6.869829065941714108e-02
9.693421876798836989e-02
4.438389368580034078e-02
7.490625961676163069e-02
1.689479958538463444e-01
9.881184113026419708e-04
3.353921389355957183e-01
2.259511577465131704e-01
2.519872467115066295e-01
2.016508575233310341e-01
1.631324991797409585e-01
1.386508050264368408e-01
6.892179175599096042e-02
1.024389713290692894e-01
2.177550898049580297e-01
2.437096210618145461e-03
3.530698735823928902e-01
5.314439945737446935e-01
5.470364233985921532e-01
2.279784656626939188e-01
1.973801701645597206e-01
3.057350017323646196e-01
4.266343886881128755e-01
2.184624492714304367e-01
1.967946296393670302e-01
2.380533429689351554e-01
3.163776482907628140e-01
1.630623939677719181e-01
1.512502001098962601e-01
1.416872758299654034e-01
1.681157628309300489e-01
1.227851041447119568e-01
1.118329273230847659e-01
3.014275123603173956e-01
4.955285268401153978e-03
5.969050703721872075e-01
5.846888971598553919e-01
1.439705364507590790e-01
4.495275292709602355e-01
5.608512338832328803e-01
5.788639475112011823e-01
1.511216325991231180e-01
4.073088958440877483e-01
4.453087850312399953e-01
1.299285879832742518e-01
2.834263721977699491e-01
3.108762604424880061e-01
8.516532448044746018e-02
4.760075772247180370e-01
8.327412733235822068e-03
5.599866742669087349e-01
5.269286411695696115e-01
5.750373009468494612e-01
1.300248628347392132e-01
8.565971185198593962e-02
5.348738361296558885e-01
5.434166560293459680e-01
5.448942915953371990e-01
1.457964598794497246e-01
1.120192502999711459e-01
4.307388973031233692e-01
4.473729266429750107e-01
4.701663479955834890e-01
1.295289244634461601e-01
1.144897532294977677e-01
3.621229874438341989e-01
3.779355183684873221e-01
8.217480460670172071e-02
6.696859263728617562e-02
6.704256118313449697e-01
1.191795792331581602e-02
5.736844537346211803e-01
4.157185271062151521e-01
3.124656186549326642e-01
2.073908118456406768e-01
6.866470531673020405e-02
6.725100150544262301e-02
4.412312883610421954e-01
4.442570641629295936e-01
4.364652701701774440e-01
5.643338189922950804e-02
7.455389566047462835e-02
9.293174291484875005e-02
4.113073381942261575e-01
4.151596114031205764e-01
4.283257231039473423e-01
6.561905921954787335e-02
5.957117603144698043e-02
1.080339174381836909e-01
3.618991755930013321e-01
3.391409392110180665e-01
3.827994167044019291e-01
3.217729384937052795e-02
2.983366394243858188e-02
5.911209373736890649e-02
6.790550017777758907e-01
6.988469570923683261e-01
1.459636681076784820e-02
8.003731584669200594e-02
8.082960704790584372e-02
3.928482525782119733e-02
4.628692323063549052e-02
1.137458455843090438e-01
2.215832885634610450e-01
3.052334782039020644e-01
8.441327830631641105e-02
1.592574191422173602e-01
4.567766134372363424e-02
8.423337513885492678e-02
1.733546837358087012e-01
3.070991135102609793e-01
3.291270604927413745e-01
3.494618006864490534e-01
1.434591401464585247e-01
9.487604694514442660e-02
1.613305566405973113e-01
4.629540314858045930e-02
6.692230955455472086e-02
1.335565542040851039e-01
2.625294413062350118e-01
3.019430857018500225e-01
3.500333083570377757e-01
1.512576651390748483e-01
6.342804556409438466e-02
1.236229489720832020e-01
1.952835159653753538e-01
5.963521014787397795e-02
6.139857328370428025e-02
1.165548490256085451e-01
2.439843660597637853e-01
3.041860538757640287e-01
3.789263374357017544e-01
2.447636625772660612e-01
1.052696855836348644e-01
4.088602396372505859e-02
9.849191225669402805e-02
1.046089937938029651e-01
4.723557535905115873e-02
2.638900792998346082e-02
5.774305503729145611e-02
1.182758147727278608e-01
2.277627901067006133e-01
2.945403074129808729e-01
5.741665293059763364e-01
1.535101684231276326e-02
9.070694156866258850e-02
9.202902846960613059e-02
3.002681254790309784e-01
3.058315613889658890e-01
3.292510932123698941e-01
1.913235455833917908e-01
2.024240635880978911e-01
1.593224358839981369e-01
3.361809283541646320e-01
3.350242908048424173e-01
1.794349749280706174e-01
1.893319235026039438e-01
1.617745279190507257e-01
3.032452101178017556e-01
2.908049096972462055e-01
1.941905246183825429e-01
2.001065618390031609e-01
1.919615847570805833e-01
3.002483066624987429e-01
2.762762103048544970e-01
2.754026188799318930e-01
1.234045173262343920e-01
1.380275378524610241e-01
2.933538959946660474e-01
2.876950354111413866e-01
2.911973593996778353e-01
7.879865172017691544e-01
1.368577656132672141e-02
8.366864694665027136e-02
7.559633549596374291e-02
3.078661854785413321e-01
2.516496863397775230e-01
2.283715860521872976e-01
2.312144259352430786e-01
3.246831278447373514e-01
2.365645408448624198e-01
2.318150273377160842e-01
2.042413355860437096e-01
2.053272646866489970e-01
2.904171107544916697e-01
2.136189823989806946e-01
2.046928138032651501e-01
2.033594244441391530e-01
1.986047404977303588e-01
2.123376949228863442e-01
1.877850575860795790e-01
1.431056750433068736e-01
1.399557509492621588e-01
2.634022520557713354e-01
2.322291576722636808e-01
2.249127533317059502e+00
1.004541226511843598e-02
5.953282267401345529e-02
5.952732939395637135e-02
2.457557903583390824e-01
1.675552404452436972e-01
2.600640153063337734e-01
1.523714977622097622e-01
2.319012969875452190e-01
1.347366920281637959e-01
2.068649850277603230e-01
1.103020147938373746e-01
1.073004939727447427e-01
1.359424574755303816e-01
1.343793344551966196e-01
1.497146005003341385e-01
1.324306197656608397e-01
7.170273137846752576e+00
5.682115772786864617e-03
3.210004892251625691e-02
1.575874955617708184e-01
8.152309032605581374e-02
2.704818338321215987e-01
2.133786654912176450e-01
1.496388434140021317e-01
6.997554409384855456e-02
2.447334343687251612e-01
1.749777750857106906e-01
1.336677494295057111e-01
6.219222386497572780e-02
2.123627659711009863e-01
1.435612303156431624e-01
4.387688477817988653e-02
8.503988372242898830e-02
4.125295155421160320e-02
1.890759001236637005e+01
2.184143691475775011e-03
1.352959224070884349e-02
2.751662393491320635e-02
1.044181921280638997e-01
2.339223590563127911e-02
8.554594972732688929e-02
2.140292883264403520e-02
6.795844850249899149e-02
1.419219998771654653e-02
4.403471734578526947e-02
8.618059527116250784e-03
2.841882411522538376e+01
8.518360464945368658e-04
7.675036458785033933e-03
1.216048273411488197e-02
7.145023378876835807e-02
9.695590440599106269e-03
6.020916941418558849e-02
9.198982558585309596e-03
4.497167472713590325e-02
5.436173830798409976e-03
2.766907279227645219e-02
-9.636672318542731678e-04
3.150274180088228348e+01
2.184148896600378049e-03
1.352956529007625849e-02
2.751658365278211033e-02
1.044182562258410552e-01
2.339225394481584536e-02
8.554595553969072952e-02
2.140292163800635097e-02
6.795844284101082433e-02
1.419219952345231184e-02
4.403471398100727158e-02
8.618059400831325559e-03
2.841882409320098191e+01
5.682126221751643107e-03
3.210000865637486350e-02
8.152303836674430759e-02
2.133787600116386352e-01
6.997557043748744987e-02
1.749777814868006542e-01
6.219221205684147269e-02
1.435612227966449606e-01
4.387688433587152992e-02
8.503987921405863071e-02
4.125295145555189780e-02
1.890758999019271869e+01
1.004542764989033339e-02
5.952728951582515055e-02
1.575874601448962742e-01
1.675552180456538476e-01
2.704819251740382957e-01
2.600640856031366521e-01
1.496388672161139965e-01
1.523715208962462819e-01
2.447334374023619197e-01
2.319012958584004691e-01
1.336677352753204984e-01
1.347366779382578594e-01
2.123627594537166596e-01
2.068649797212628039e-01
1.073004942394440997e-01
1.343793303584658316e-01
1.324306201387201731e-01
7.170273125164797534e+00
1.368579573549884298e-02
5.953278280758453334e-02
7.559632698691945429e-02
2.457558460447923088e-01
2.516497489890082706e-01
2.312144359262212068e-01
2.318150253640031133e-01
2.053272474812400383e-01
2.046928054397650909e-01
1.986047420709522449e-01
1.103020151093323659e-01
1.877850593293985126e-01
1.359424537120802745e-01
1.399557499255215665e-01
1.497146009926358379e-01
2.322291590542453488e-01
2.249127526882300998e+00
1.535103761971459528e-02
8.366865261506629958e-02
9.202906474836641815e-02
3.078663122916363015e-01
3.292512414596446280e-01
2.283715890942060456e-01
2.024240236871347187e-01
3.246830981083090872e-01
3.350242576974880038e-01
2.365645373408057361e-01
2.042413150046438197e-01
1.893318910507053032e-01
2.904171106158666693e-01
2.908049096735884631e-01
2.136189747999706345e-01
2.033594275140648000e-01
2.001065690571731115e-01
2.123376971324475448e-01
2.754026224103052756e-01
1.431056759663586475e-01
1.380275401549098113e-01
2.634022539157557241e-01
2.911973620943962837e-01
7.879865141189258404e-01
1.459638632819880953e-02
9.070699294322863426e-02
8.082968900015456704e-02
3.002682727805050522e-01
3.052336284479426065e-01
3.058317064820024744e-01
1.913234950910481791e-01
1.593223480122204494e-01
1.592573311904491862e-01
3.361808942295980707e-01
3.291270324318021911e-01
1.794349393838563234e-01
1.617744810318821058e-01
1.613305093630512110e-01
3.032452193648501604e-01
3.019431002090220417e-01
1.941905327305882556e-01
1.919615955231342985e-01
1.952835270241354004e-01
3.002483109693271923e-01
3.041860583291035591e-01
2.762762139037446829e-01
1.234045204813708774e-01
1.046089970667649360e-01
2.933539001382581279e-01
2.945403119889862253e-01
2.876950382612969981e-01
5.741665267131712547e-01
1.191797353838451243e-02
8.003739981505147982e-02
3.928487632675878999e-02
4.628694598689019751e-02
1.137458836220156116e-01
2.215833858836628034e-01
8.441321325876172121e-02
4.567763634017284885e-02
8.423337818818063538e-02
1.733546839560417274e-01
3.070990903575145370e-01
3.494618657067642409e-01
4.364653417369440680e-01
1.434591695191593241e-01
7.455389638389020579e-02
9.487601193123301746e-02
4.629538806603580858e-02
6.692231502262982468e-02
1.335565701404052008e-01
2.625294576131095847e-01
3.500333060633374904e-01
4.283257214579843652e-01
1.512576631343703903e-01
6.342804594491195658e-02
5.957117862145468179e-02
1.236229561585859005e-01
5.963521340580451441e-02
6.139857493412381739e-02
1.165548508099225056e-01
2.439843696270155293e-01
3.789263340527016521e-01
3.827994133303852520e-01
2.447636599699900828e-01
1.052696840356728836e-01
4.088602345229662427e-02
2.983366412780900576e-02
9.849191540673413181e-02
4.723557676948486606e-02
2.638900878619140217e-02
5.774305680885597619e-02
1.182758176142378881e-01
2.277627941400181266e-01
6.988469539747491632e-01
8.327422892879337429e-03
5.736845132786100310e-01
5.750373590453650152e-01
4.157185904490604544e-01
3.124656832337818213e-01
2.073908662486136367e-01
6.866472770915750534e-02
6.725102615302677722e-02
8.565974942546104864e-02
4.412313466023045638e-01
5.448943701684456631e-01
4.442571302342566142e-01
5.643336659601480565e-02
9.293170150220114722e-02
1.120192048185245370e-01
4.113073366325439850e-01
4.701663447401644991e-01
4.151596102353147244e-01
6.561906224425255452e-02
1.080339193790636060e-01
1.144897546237304414e-01
3.618991713332035953e-01
3.779355134732644839e-01
3.391409361893560348e-01
3.217729410450053534e-02
5.911209318377686622e-02
6.696859158078427576e-02
6.790549998649266783e-01
6.704256100614919278e-01
4.955290086714048484e-03
5.599866325066387152e-01
5.846888405496095675e-01
5.269286609155078294e-01
1.300249408108889171e-01
1.439706319092421971e-01
5.348739424437097822e-01
5.788640958042466922e-01
5.434167369676450310e-01
1.457964156013882295e-01
1.511215910750785818e-01
4.307388842905872650e-01
4.453087674041277810e-01
4.473729220445762933e-01
1.295289223217032382e-01
1.299285849570425977e-01
3.621229813553457633e-01
3.108762528508159373e-01
8.217480174759325684e-02
8.516532094564205346e-02
4.760075782711384318e-01
2.437097107973425821e-03
5.969049464713972464e-01
5.470361872248113988e-01
1.973803268848944303e-01
4.495277076806662997e-01
4.266345774427117710e-01
5.608513850389340583e-01
1.967945956946317299e-01
4.073088717444020568e-01
3.163776206572285754e-01
1.512501909757191509e-01
2.834263646252624946e-01
1.681157556890503779e-01
1.118329199978590344e-01
3.014275150758994881e-01
9.881172813176167160e-04
3.530695824764406576e-01
3.353918482612838758e-01
5.314437473779338728e-01
2.279786505849302480e-01
2.259513409780345705e-01
3.057351827080811990e-01
2.519874084321229168e-01
2.184624179092839458e-01
2.016508337769615800e-01
2.380533155731501815e-01
1.631324770772943078e-01
1.630623825296284857e-01
1.386507928673178236e-01
1.416872690454212824e-01
6.892178820290038865e-02
1.227850955855478293e-01
1.024389627619104737e-01
2.177550858401552381e-01
-3.031776171195330952e-05
1.375605795186115865e-01
1.674588971454543940e-01
1.090649673731859254e-01
1.444140820857250096e-01
6.869828293731868041e-02
9.693420535859655074e-02
4.438389414068969613e-02
7.490625004335663140e-02
1.689479771968524224e-01
-5.057872049718739474e-04
8.812501681240357543e-02
1.133829256101076960e-01
1.097850284686256173e-01
1.074859062489070816e-01
9.187774590507401251e-02
7.460076099861112642e-02
9.915349018871211229e-02
5.665865135884036452e-02
1.374984285505916060e-01
2.351744530020145624e-03
1.616982016350453077e-01
7.172735461399071255e-02
2.087176243235831230e-01
6.667793041377524654e-02
1.682644539492133828e-01
4.160356914011335838e-02
1.661957527852452599e-01
2.994843839216100589e-02
1.191241704742037749e-01
1.977909175778218634e-02
2.791485763615174642e-01
1.535425499388756165e-01
3.607688607711491136e-01
5.673903594321232091e-02
2.923972026445338379e-01
2.300353415042303770e-02
2.441897070956607907e-01
1.717339904387046520e-02
1.091305435751061953e-01
1.686406506442245656e-01
2.988694991103564291e-01
2.582104887780536928e-01
4.349410990977455316e-01
5.276943649647325429e-01
3.975388429707048532e-01
3.574919332083068557e-01
1.839734509777722349e-01
3.633680342344989822e-01
3.455736450165570184e-01
9.065076423149692753e-02
2.946883713506155411e-01
7.155019855557036290e-02
1.051718957162062762e-01
4.033466342219135803e-01
6.941622836903286187e-01
1.600980446447620997e-01
7.374264961325102119e-01
7.435023442075213707e-01
7.439208115940434407e-01
2.616798990761953769e-01
2.238267388284314319e-01
4.841890086452653175e-01
2.386731872852029535e-01
1.478504545902606659e-01
2.564926918708866910e-01
2.893505108427733008e-01
2.010483495291814637e-01
1.169851641238160017e-01
1.837884535575071421e-01
1.037645215375773977e-01
1.081177844973693514e+00
1.966254188302175021e-01
3.041549583236103360e-01
7.800565789929583271e-01
7.674749069578301608e-01
8.335059373686705131e-01
7.928609702142214166e-01
7.261117028577708243e-01
1.846770014800771520e-01
1.582507292543220978e-01
6.839920404711595792e-01
6.794094257196259257e-01
6.313652035631304171e-01
4.898994681812584018e-01
1.419458681070939476e-01
1.309251541747416814e-01
4.692190599003606688e-01
4.698127903487507306e-01
3.415335431193290971e-01
1.024453637706048137e-01
9.582164361882085368e-02
2.850277759062984084e-01
3.376184992026209919e-01
1.063054025560195848e-01
1.122400708911646561e+00
4.235031108049898685e-01
5.435001510871189101e-01
6.109368227813340990e-01
7.089137418265746282e-01
1.914484135829229439e-01
3.105965755563646624e-01
7.745146911056864925e-01
7.866656704060780436e-01
6.081682203566910472e-01
5.264412655046518674e-01
5.194370382024809246e-02
5.541663606623060262e-02
5.466152698450750247e-01
5.744928959285592329e-01
4.612243505781729591e-01
2.092121194514189042e-02
1.914977777389699834e-02
3.995342638054856788e-01
4.288796804128233719e-01
3.439279549788209489e-01
1.099641079899486007e-01
1.043905444331691523e+00
4.262656979371050592e-01
5.767727857797420032e-01
7.038581221719473202e-01
9.555705525326452232e-02
1.794062516619542857e-01
2.679236604884209783e-01
3.484526515998168095e-01
4.961677255409503440e-01
3.163708650293042823e-02
1.291319072228292175e-01
2.521517655334513663e-01
3.062074214677164563e-01
3.030421397617685253e-01
3.905113279236843149e-01
3.155791801717939826e-01
3.723028804320645535e-01
2.159430760578841813e-01
1.133169307498254896e-01
9.839801822707677781e-01
6.871495743500050102e-01
7.634295149382678281e-01
4.529183407603044609e-01
2.776959532991463697e-01
1.384615197600607139e-01
6.780778632900667791e-02
6.083710826209575151e-01
7.042417072605489103e-01
4.914102877799724767e-01
1.171794440834493800e-01
1.181690075760404302e-01
1.956156685457701438e-01
1.148269395869369186e-01
9.504494576488423663e-01
6.624564013567467713e-01
7.232170076769640632e-01
6.403058917830625196e-01
6.183485121914474858e-01
4.620952892162074055e-01
2.292320453672959946e-01
1.005152598727976909e-01
6.116185144297072718e-01
7.012078637974693551e-01
7.247406891120266037e-01
6.061083714173930853e-02
1.151997036745938258e-01
6.973919186998689401e-01
7.639527097399195776e-01
6.727226360919563719e-01
2.195083884620920855e-01
2.614348562358483896e-01
1.129152310773466339e-01
9.253715308466636813e-01
9.163038469428405053e-01
9.104617180106999719e-01
8.348916146571362384e-01
8.023071539527264484e-01
8.731286780786503554e-01
8.507935857636748089e-01
3.823300217313623794e-01
2.322983482152151391e-01
7.112860656609342191e-01
7.288807656758291564e-01
7.514077457643864033e-01
7.262890753823812995e-01
1.002852325384915311e-01
1.644142963995095519e-01
6.750763031745051768e-01
6.154689742077369408e-01
6.989863196389919375e-01
1.166000349611425596e-01
2.402829840347869561e-01
7.341839212485019583e-01
6.738732516330351308e-01
2.646715086387401716e-01
2.291279667384095442e-01
1.058889807101493080e-01
9.059601167412885125e-01
1.232932602010896161e+00
1.147335848080478282e+00
1.088492254854392716e+00
9.897299048069702065e-01
9.192817597837518173e-01
7.224455639175506594e-01
6.950532031395246779e-01
7.316232172855940963e-01
6.658730468027923566e-01
3.579236090001141624e-01
8.850814212337855258e-01
8.979293873310433272e-01
8.323144453361127626e-01
8.114090141965876191e-01
8.796452470206070906e-01
3.791239929294394906e-01
6.607618293907679963e-01
5.077735076657847735e-01
6.852035851077151740e-01
2.977385110674872770e-01
3.254925496620933445e-01
2.957977658766882678e-01
2.944973521819637674e-01
5.698562135358162806e-01
3.804636060913178519e-01
6.462576235385967260e-01
4.799829466028261438e-01
1.950557068590574039e-01
1.666917773432270988e-01
9.350420254642032025e-02
8.976277221029835829e-01
1.208316198428126320e+00
1.152438874235590438e+00
9.018347851234971291e-01
8.787799763323479452e-01
3.295091062137113780e-01
3.318382517494711248e-01
4.384999360063231433e-01
3.818361570868136767e-01
7.825581359522676417e-01
4.693470386400465655e-01
5.138075676407681813e-01
3.671475198889614378e-01
1.861039623743117599e-01
3.265953396279837606e-01
1.017577719476314840e-01
3.818990942569721603e-01
3.477399308293673830e-01
4.573162868667060010e-01
2.397443080695078332e-01
7.741814702404242743e-02
7.284811013075831454e-02
9.150780895860979314e-01
7.904278884240918401e-01
4.761576410980363216e-01
4.384196732961641585e-01
2.348404046006980495e-01
4.542357224289244044e-01
1.159804409641866374e-01
2.464724246251204232e-01
6.453166808596920434e-02
2.484075491421867121e-01
8.570264438016937658e-02
3.700679735970001383e-02
4.798954431992795422e-02
9.597471050246968449e-01
1.518569111711659536e-01
1.017025422354949971e+00
2.958380985448785250e-01
4.229733687651399121e-01
1.726654897711390746e-01
1.640153314476881508e-01
1.005082110720268290e-01
1.673121574548448176e-01
3.519449168249205728e-02
2.699006710096113135e-02
2.487164572833490406e-02
1.017191218074305015e+00
4.741533015864510814e-01
1.079530138839179587e+00
2.149577082837629050e+00
1.382300143828684602e+00
1.117780383337930505e+00
3.822201442850253761e-01
8.725108598341511090e-01
2.236521036071434099e-01
2.032181349930917424e-01
1.532539313405027470e-01
9.842073561899192247e-02
4.944418917013711223e-02
5.125981428880269780e-02
8.833423040999540538e-03
1.056713129736575940e+00
7.627539708415649322e-01
1.323785351186819614e+00
1.199601474486351016e+00
1.081563968939612819e+00
1.097022124574805746e+00
1.213520259986263783e+00
1.759315481957295146e+00
2.247585003664975378e+00
2.570938660744666038e+00
2.327345874881556309e+00
5.012467935865907442e-01
1.038644265809751888e+00
1.624990960044495392e+00
1.606494536397184092e+00
1.690099702544456406e+00
1.190415017944637111e+00
9.328364033436803426e-01
1.183135559991962404e+00
1.039995858428583997e+00
2.384713142644302175e-01
5.740705924500393298e-01
2.224977587485003350e-01
1.590050895535330966e-01
1.169035806721132331e-01
1.228489708035244155e-01
2.342262897840476348e-03
1.115243340985239584e+00
1.436126608613063294e+00
1.606995280990771269e+00
1.492073503505206400e+00
1.493441143517207470e+00
1.573268657212668620e+00
1.617015333823171419e+00
2.483722529558520242e-01
3.523607805911432300e-01
1.069088429383419747e+00
1.069836508859831392e+00
8.764014269370954402e-01
8.853971790787413809e-01
6.284550875627722410e-01
2.261305652531271637e-01
1.744462315317647505e-01
2.941365178577284856e-01
4.514339805144899076e-01
1.774534772088763868e-01
1.668209814826055459e-01
1.846874080873533164e-01
2.015819365988289480e-01
3.496943762874013713e-03
1.207573069086596895e+00
7.150976056786781943e-01
1.016561361124962426e+00
9.427218203108869155e-01
9.257210506500486158e-01
9.643825521901521203e-01
1.015799784575020182e+00
1.067515425784448579e+00
1.142212197088233294e+00
7.718441256264028938e-02
8.518025121363174135e-01
8.990473951047619483e-01
6.391901056859983221e-01
1.463028507501045461e-01
2.654443605230467629e-01
2.745277282416214160e-01
7.527522493531761498e-03
1.222079490294662590e-01
5.649957025358450791e-01
9.464053507189804648e-01
9.615475992393773819e-01
8.725878237308348773e-01
9.158240160209739633e-01
9.327261615347967050e-01
8.378591282297392917e-01
8.121053948225709362e-01
1.431920120181144063e-01
1.136244937265767502e-01
3.349412600858603373e-01
3.647775945948509291e-01
1.012142610558995626e-02
1.617522999812293749e+00
1.393766316690404183e+00
6.030110010723974678e-01
9.263619104282234673e-01
9.899846436233458724e-02
5.190348643863910288e-02
4.821918221086295142e-02
3.479013872494797766e-01
3.843736081933344373e-01
3.227275089957244991e-01
9.667434498148309852e-03
1.887489083775105048e+00
4.036365838897364861e-02
8.612012195597391895e-02
1.895615090953192416e-01
3.389292018930197825e-01
6.908662854711715776e-03
2.213744869525059222e+00
3.603160111140900953e-03
2.621232510477838673e+00
1.190086347441597333e-03
3.170283758947356034e+00
1.766589996043841043e-04
4.039092366101598941e+00
1.707792436071361715e-04
1.511184870955008415e-04
6.111818492203695108e+00
7.113238488288085026e-01
7.419152416748385770e-01
5.888502614272116409e-01
4.393714637009061286e-01
3.405228809833364956e-01
2.788507143379704289e-01
2.368826186651447341e-01
2.058878367852329527e-01
1.817149846729472218e-01
1.657497087536179969e-01
1.568044020536241423e-01
1.534862507402902365e-01
1.541617249490662978e-01
1.569935929122095730e-01
1.601295147820449571e-01
1.604841720371169567e-01
1.599210596967934883e-01
1.577018145624259626e-01
1.512761306474434686e-01
1.427329519486764953e-01
1.330736171551856473e-01
1.233707274306260204e-01
1.146306729190295498e-01
1.077270648698303857e-01
1.029901681643988626e-01
1.012823551935217170e-01
1.028241757545493434e-01
1.075449769210527901e-01
1.149509348726053953e-01
1.240245814807226649e-01
1.332668090766370161e-01
1.408644977252727915e-01
1.448052453284401353e-01
1.397567059571642456e-01
1.277663205956867387e-01
1.025236510487880642e-01
6.281487573206863406e-02
2.611910434917266016e-02
1.117649911892127680e-02
1.965398819288750529e-02
3.874899910478619980e-02
5.370304810648452581e-02
5.892916030646758174e-02
5.624048531902022668e-02
4.873819553780645020e-02
3.875493900181885970e-02
2.804607295184400120e-02
1.806018121035395108e-02
9.925288590635347047e-03
4.316704776331692708e-03
1.242783352726637954e-03
1.573588968907600044e-04
7.767912803840162361e+00
1.199888315462350441e+01
5.279851830005188873e+00
4.240241577436640874e+00
3.906440679524153747e+00
3.710844095020863875e+00
3.563468432350424653e+00
3.434309988107820288e+00
3.309766799010294580e+00
3.183212236130112505e+00
3.052337565428531185e+00
2.917817541620697952e+00
2.782328807313956265e+00
2.649752223950153862e+00
2.524548625467601504e+00
2.411262928565373276e+00
2.314067764583115583e+00
2.236286334241563534e+00
2.179919713653957647e+00
2.145278900088613661e+00
2.130836305705067879e+00
2.133366274042521660e+00
2.148372392983870505e+00
2.170730676326467545e+00
2.195426246224155609e+00
2.218235414612193424e+00
2.236214646026385644e+00
2.247905968181657776e+00
2.253241576243055988e+00
2.253201453582950098e+00
2.249321355508231868e+00
2.243155472360813363e+00
2.235778702190594380e+00
2.227388089650562453e+00
2.217049396692053698e+00
2.202638480408104282e+00
2.181037121140237733e+00
2.148633271782405263e+00
2.102116743207544047e+00
2.039443671264275171e+00
1.960705012474098119e+00
1.868565557810531574e+00
1.768030814488243729e+00
1.665554855482727081e+00
1.567797259830770784e+00
1.480486320890259000e+00
1.407749275142516465e+00
1.352001563670837347e+00
1.314226612326305998e+00
1.294365665339058946e+00
1.291590388669854539e+00
1.304372586614388263e+00
1.330406661861648798e+00
1.366526349563296883e+00
1.408769314229282088e+00
1.452685173786752770e+00
1.493876214367095612e+00
1.528646881961710502e+00
1.554570660957930395e+00
1.570797408411561902e+00
1.578013808104103743e+00
1.578085514491602392e+00
1.573493850577333486e+00
1.566702231363437114e+00
1.559557585897436427e+00
1.552784912989921384e+00
1.545604551591745590e+00
1.535510915451859804e+00
1.518292041287551353e+00
1.488404004863054908e+00
1.439774426522572703e+00
1.366918857965523815e+00
1.265927685750503295e+00
1.134525518053276283e+00
9.733161019941020120e-01
7.991016332953958523e-01
6.563941465439376843e-01
5.888647870380110394e-01
5.736300025948455339e-01
5.805577588625647767e-01
6.118151147999131290e-01
6.440499668634974695e-01
6.503567419153327700e-01
6.419162799951724230e-01
6.064107964312455135e-01
5.633697612171657543e-01
5.149882625632550281e-01
4.842413149210639811e-01
4.655287624056208551e-01
4.629242773026309155e-01
4.660178354437477521e-01
4.730164086495317610e-01
4.803300512066390193e-01
4.876077575194238123e-01
4.924916899603737352e-01
4.966180505139785595e-01
5.007209846311624357e-01
5.085219143524820629e-01
5.112376599098131802e-01
5.116843236546739782e-01
5.095506719702269649e-01
5.061247313949378546e-01
5.061092035097376485e-01
5.215816746776364976e-01
5.569453980322500719e-01
6.407948282599470469e-01
7.257566106467828737e-01
