1.709588021035147776e+01
1.104656139944764881e+01
8.583861370956924475e+00
7.473954284385862401e+00
5.947865779469958980e+00
5.420871426433413021e+00
5.091659315765045157e+00
4.835882733884528939e+00
4.614445560869264717e+00
4.411056627978925171e+00
4.218092257008473567e+00
4.032360810943005802e+00
3.853152786405834362e+00
3.681138412822493322e+00
3.517681213599933354e+00
3.364388210103594012e+00
3.222806864218229705e+00
3.094228905226485526e+00
2.979585889929414311e+00
2.879421365874985650e+00
2.793912164844882362e+00
2.722904320486219998e+00
2.665937066222213936e+00
2.622247722150624405e+00
2.590769213288576456e+00
2.570139843245573985e+00
2.558738501763796247e+00
2.554742335545160614e+00
2.556187168672201082e+00
2.561002929581315257e+00
2.567003062901770161e+00
2.571829016656220102e+00
2.572882781956817411e+00
2.567310613220315396e+00
2.552113780197791115e+00
2.524441807357160172e+00
2.482062652376922252e+00
2.423914714223611266e+00
2.350565292832673681e+00
2.264381515488854912e+00
2.169296462118616819e+00
2.070205122836855871e+00
1.972175819475100234e+00
1.879727041277180710e+00
1.796364318000881033e+00
1.724439610802914968e+00
1.665268491720688138e+00
1.619378162913951869e+00
1.586769422786982187e+00
1.567125439189118730e+00
1.559949817434539865e+00
1.564642600335418132e+00
1.580524447605785809e+00
1.606811059386211715e+00
1.642539936406243628e+00
1.686468454945956097e+00
1.736987921691490078e+00
1.792111612627010464e+00
1.849575671917332631e+00
1.907037889732912994e+00
1.962293476126198311e+00
2.013386075709981959e+00
2.058505440466047887e+00
2.095633341607503475e+00
2.122003054991474347e+00
2.133537654107038772e+00
2.124483300268400487e+00
2.087391725293611611e+00
2.013337021334783206e+00
1.891876265455684436e+00
1.709692067314428687e+00
1.464889442697737909e+00
1.241290753742358977e+00
1.196037270461137725e+00
1.167235729718903769e+00
1.050463216447810932e+00
9.200143362159434179e-01
8.156873550121113148e-01
7.545300757691786320e-01
6.946050113699597794e-01
6.441116119476439916e-01
6.302720663297531889e-01
6.856295105730225714e-01
8.078635811336792871e-01
9.760541815440038071e-01
1.109369369231552716e+00
1.185682475091973886e+00
1.156707529090915454e+00
1.032554970636197833e+00
8.840617912348659457e-01
7.402025121952729991e-01
6.543254152451727368e-01
6.401271157324268657e-01
7.212987678005422509e-01
8.345368190905774197e-01
8.844063873498223538e-01
7.769938934096110028e-01
6.377546977906698444e-01
5.597607569027270857e-01
5.162911604428740420e-01
4.933818815105215361e-01
5.112635724116905145e-01
6.906404080872523554e-01
9.382331170006859011e-01
5.564974565520734551e+00
9.584457119549734117e-01
9.246623831958104001e-01
7.779129881251930501e-01
6.763167939522105598e-01
7.327547204284732274e-01
7.330245939811410594e-01
4.286240993091306350e+00
7.361821718516156077e-01
7.240296466192348568e-01
7.127258895855120846e-01
7.832354167512424192e-01
3.475849981660923849e+00
7.785206431822937478e-01
7.778540832285940620e-01
7.514577558434324400e-01
6.852770226304236711e-01
7.424937170423780985e-01
7.429918923056950675e-01
2.873912473581815785e+00
7.339619425646779494e-01
6.967890898165093327e-01
7.328623727853581515e-01
8.071493282665913593e-01
8.872911751360651467e-01
8.926645047371869479e-01
8.922299504756624478e-01
2.390546409835645036e+00
8.390421142474747684e-01
7.255989183555603406e-01
5.922150813607931497e-01
4.573325861320128860e-01
3.331127900705434519e-01
2.346215959219589697e-01
1.654897275431682080e-01
1.084070810377837507e-01
5.978097087839293750e-02
2.149471749066505372e-02
3.484854895631748356e-03
-1.556580499699537724e-03
-9.637997469706888545e-04
-7.888308060124781364e-05
3.297414409288557910e-05
-2.747839536861444821e-06
-9.447760183495822249e-06
1.986991211690540382e+00
-1.027843428089748855e-05
8.988431576830808935e-05
3.554072947241553906e-12
3.889377858326064109e-12
3.495178609903903405e-12
1.646476063209860508e+00
9.286080230933353441e-01
5.349093634215434934e-01
1.391827615489022785e+00
1.584939645399415786e+00
1.576759563506126005e+00
1.502235628014715108e+00
-2.989920686064405830e-05
-7.442791038611432444e-04
4.737207687887214679e-12
3.429317591772907403e-01
3.437321366998659644e-01
1.078655466692564291e+00
9.183176880744532422e-01
1.160113397898945298e+00
1.598698099044833398e+00
1.659161633314081508e+00
-1.970084575701700272e-03
4.408859701880989967e-01
2.801669754887404773e-01
8.337235227168099394e-01
8.642688319945466269e-01
8.179220994993847693e-01
8.840646101477657171e-01
9.489936555599116641e-01
9.971801773897843724e-01
1.062043452007084499e+00
1.124858925940905419e+00
1.166019181904041524e+00
1.067684145387880701e+00
2.727941335317609073e-01
1.559720528662320360e+00
9.579451018860289935e-01
1.042472912370948190e+00
1.422280885033584186e+00
1.450152106838652921e+00
4.834473752084023253e-03
9.443449722471125574e-02
1.002578393115659328e+00
1.147516688281293495e+00
1.852724692596020295e-01
9.997504898027366194e-01
7.618248396368595410e-01
6.977696437432961973e-01
8.181518980542221708e-01
9.891312744357915188e-01
1.102544678962422253e+00
1.047902060622391218e+00
2.557802410370160762e-01
1.328041913528867246e+00
1.036130418336853376e+00
1.264332992290450930e+00
1.294633836936868621e+00
4.418635424107570930e-01
9.409542255250127329e-01
6.012811685625664149e-01
4.282650702796838016e-01
1.156800667477453803e+00
1.133117238021251083e+00
1.090066949979134003e+00
6.324122979967569114e-01
4.233529073145388399e-01
1.014284985241839632e+00
9.725586563098150839e-01
9.235816978897015694e-01
9.959535828539056723e-01
1.010579127777834429e+00
1.012401120249921682e+00
1.067789569370092950e+00
1.140598007826513216e+00
1.218885185827110362e+00
1.295050763734666655e+00
1.277468282061930527e+00
1.188149070905528237e+00
2.712587782937555536e-01
9.533670730785368530e-01
8.612637989400003802e-01
7.929403065126447991e-01
6.247282486917387079e-01
3.350665368214942319e-01
1.144248646942447767e+00
8.699242010548902115e-01
9.058170866539796418e-01
9.128472951710401295e-01
9.710707023971343332e-01
4.305805984037495149e-01
8.244844286308149472e-01
6.822446817049366841e-01
7.029183324341883310e-01
8.582615848020429539e-01
1.062178469542849557e+00
1.263638112439073646e+00
1.374724704593782931e+00
1.246532107481572282e+00
1.445805783835411029e-01
9.656795843304634142e-01
7.342076993545679775e-01
7.573056422040592706e-01
9.657604549674839722e-01
1.230348898657880552e+00
1.111703506811712039e+00
1.071895469441735749e+00
2.826721837103379209e-01
2.416936892457105523e-01
4.903295746929774435e-01
3.431709158745471777e-01
2.641794782571574296e-01
7.675886164088063790e-01
9.128736616309501839e-01
9.503274366002388840e-01
9.495446597088634810e-01
1.194451490672433724e+00
7.748144471475852946e-01
7.940824362740998010e-01
1.156776608111433902e+00
8.379526692296180856e-01
8.658306294753989052e-01
1.105921127005393911e+00
1.337510566230772246e+00
1.288811872806515435e+00
1.294435689431366610e-01
1.564171959895965247e-01
8.455319228646552832e-01
1.246253811327704270e-01
6.984554949250985079e-01
1.425587420433352126e-01
8.163766110270607168e-01
9.925854352166243455e-01
9.965915035633520214e-01
1.141657554951830855e+00
7.631320444080771370e-01
7.745137894089565433e-01
8.038366974326519587e-01
1.079838423024158001e+00
9.415841790253685062e-01
1.134243199787022816e+00
1.016274704382003291e+00
1.624688725648770760e-01
2.666796986355153831e-01
8.938875811394063620e-01
7.546218427369578707e-01
1.804022612042685547e-01
7.256808776365026858e-01
6.620385109949058489e-01
1.668383306447607517e-01
8.142885947510689615e-01
7.148819069147330785e-01
1.026765391770545710e+00
1.061002983576001979e+00
1.294790443109536948e+00
1.425638257519564744e+00
7.517248576710826580e-01
7.460177239212980593e-01
7.501123930326044631e-01
7.440461056759501979e-01
5.543795759689540414e-01
5.362136841952293009e-01
6.659431599478113917e-01
7.394969438629384051e-01
3.519814640698053498e-01
4.468723146073687591e-01
5.577173474659882224e-01
4.205551878968354917e-01
6.418044930530947267e-01
1.025512122647040281e+00
9.396590368089323686e-01
9.367464478222043978e-01
1.229759114577173129e+00
7.413626167476869977e-01
6.585037137454653466e-01
6.251920126430483560e-01
6.109307509464608765e-01
4.514805371835800551e-01
3.554401645984278102e-01
6.658150213440552356e-01
5.908647086188700825e-01
6.537321467377970041e-01
6.542895097677339233e-01
8.044951817386879478e-01
6.872257982431495549e-01
7.546107416288415637e-01
6.038180130697814452e-01
3.306531166213963480e-01
3.703562764772115323e-01
9.901788539319768268e-02
1.746405087525996769e-01
3.479305337787755303e-01
3.493305835355182132e-01
4.449276812470597253e-01
7.737864637873029805e-01
8.111334256949113142e-01
5.662454484064077809e-01
6.345825139325148023e-02
6.367350654570846924e-02
1.205358870258843723e-01
2.601260495700425390e-01
4.050584204761236706e-01
4.280842921701993320e-01
1.017575552941302197e+00
1.077904372590380966e+00
1.679496546551017544e-01
5.160534212887939454e-01
3.675837595283838466e-01
3.851198308361895029e-01
4.285873141148899279e-01
3.634999177888583732e-01
6.237388967016295194e-01
5.905634735299094551e-01
5.135102531095719902e-01
5.899923715540090763e-01
6.253567332375330468e-01
6.110968500025701911e-01
6.705042254972559679e-01
7.306641532801632088e-01
6.460193523481407851e-01
7.160877085673936771e-01
7.124966538166441765e-01
6.460263615064619769e-01
6.984547472848762206e-01
9.536662181535590088e-01
9.911198682144803929e-01
4.003867063952167293e-01
5.085007645138215349e-01
5.215206569940403769e-01
7.272899059776450903e-01
6.906587124405588751e-01
7.114685700365654952e-01
5.587149139610517734e-01
4.823552997724140923e-01
2.570753276835616163e-01
7.215123752624590381e-01
4.164009641733464884e-01
3.932162600061096525e-01
5.296098494102693399e-01
6.248889314886327817e-01
1.032722228935141651e+00
1.003883466885254983e+00
1.012415675534218851e+00
2.633973581653955718e-08
-1.923943381672187603e-06
-7.005183443600606334e-07
1.515747153203634255e-02
4.257374827150630647e-01
4.147510743293673641e-01
4.231520348422412869e-01
5.197837817379483694e-01
7.246425055591454445e-01
7.800058902731864530e-01
6.842058591539799117e-01
5.511981577857699710e-01
4.217364853464981023e-01
3.906340134576591905e-01
4.655091507296644227e-01
5.772807425689989724e-01
6.315906837372894378e-01
6.472345442421004735e-01
5.077647502690429970e-01
4.528039700759582953e-01
2.020093352032797940e-01
4.487487251451882653e-01
1.661778641273472801e-01
2.445222197047954571e-01
2.735692222460421319e-01
3.474952439678880567e-01
5.319218653548319908e-01
6.058162358036400796e-01
6.410063773242201668e-01
6.264979287313706680e-01
6.929392979918943540e-01
6.958486565954659087e-01
9.470086906924072290e-01
9.466852490828442379e-01
5.195802274703738011e-01
5.595146403285674586e-01
5.968723018384985979e-01
6.681945362522769827e-01
6.169982698736183879e-01
6.561156008188844257e-01
6.714261774654425308e-01
5.500596792664875778e-01
1.062787630564893560e+00
1.138607387355708322e+00
6.454657424919355568e-01
6.132294117762904229e-01
7.271414647783056573e-01
7.462485752961705021e-01
1.045228451461374330e+00
1.108844825681976287e+00
-1.285797585922996538e-05
-6.369181906115964051e-06
-5.387292257702679305e-06
-5.361615798154127990e-03
-1.473932620776548718e-03
3.793813622515445627e-01
3.706360214820009769e-01
3.813175338049468732e-01
3.764300702218731920e-01
3.519102982157332749e-01
3.866451045056019109e-01
5.176917611764165761e-01
5.974975241849925789e-01
6.145240748569469336e-01
5.021839693747640609e-01
6.764547586163233150e-01
6.080795230184423694e-01
5.333575078265528902e-01
6.054448199150185284e-01
6.505768061664247703e-01
6.196738814007795026e-01
6.107892915811899970e-01
6.265498143573766665e-01
1.223671803071471054e+00
6.258133841242002893e-01
5.573990100607213449e-01
5.171789313122280296e-01
5.872252676141099803e-01
6.391524849203937819e-01
6.999491968905924288e-01
7.450762338649128402e-01
9.282269927570233614e-01
9.105201814121122172e-01
7.565239058933314054e-01
8.049447327062886348e-01
8.066259792327543643e-01
1.054102034006749289e+00
1.097459726364686805e+00
1.118140327543412971e+00
2.474857990837596444e-04
3.790521025094230985e-04
3.268199785194162679e-05
-1.094835923343651920e-03
-1.785211621566165814e-03
3.401078527638884963e-01
3.403679799709593556e-01
6.020323742697930580e-01
5.200073019226643112e-01
4.831542588412768291e-01
5.861385829458120034e-01
7.119541851257993326e-01
6.283338218683149901e-01
5.402890033664209390e-01
6.052395329016743153e-01
6.369971958370824749e-01
6.161245296553603534e-01
4.992300901071762831e-01
5.044321645022376011e-01
5.056908838490773439e-01
1.209146930052794833e+00
9.197056436475422592e-01
6.226240566077528849e-01
6.120517391039956845e-01
5.916581514973078271e-01
5.593490831414621445e-01
5.995301082121258229e-01
6.770463983263218521e-01
6.919903546720074239e-01
6.742422462253968574e-01
6.903353592561809471e-01
1.365609589533342216e+00
6.435444198285290573e-01
8.229035663226760278e-01
8.368135809280693449e-01
1.167310946666870297e+00
1.195903088520535063e+00
1.534594178968131783e-04
2.465215324580843307e-04
1.744929584129483596e-03
1.059406118847216853e-02
1.146692678987303038e-02
3.569636526365014828e-01
5.870949224632419083e-01
5.913756593297656572e-01
5.310617068271414887e-01
6.008035655679322407e-01
6.153860367723321678e-01
7.249254696687473798e-01
7.304480506022968944e-01
6.072748743919975656e-01
5.638360620201011697e-01
6.238287106026642048e-01
3.748958845578395649e-01
1.724173691720413681e-01
1.592112745686376230e-01
4.553703765825995453e-01
6.429618242493524427e-01
6.721299026214132555e-01
5.731655288228909573e-01
5.072165337819495301e-01
6.354855568968870161e-01
5.215815062930676538e-01
5.085267807999747092e-01
1.309219414414058535e+00
9.506152778996652675e-01
4.513112522698673468e-01
8.101308712943651180e-01
7.669866547461836603e-01
1.142388382815014092e+00
1.096340936858821724e+00
1.087293036715768491e+00
9.780232746617036066e-02
1.403297482078779967e-01
5.330747645508366207e-04
2.532995676243113389e-04
1.234690109005456143e-02
1.221084957005748317e-02
3.300192411259362801e-01
2.877551087221973947e-01
5.961397354849082841e-01
5.591988122888813528e-01
6.281315317643662022e-01
7.415567455268389230e-01
6.369033930109426755e-01
5.844753835217340043e-01
4.744215925439387305e-01
6.673269825702614622e-01
3.398005409068136085e-01
1.919141884435336676e-01
4.873815203644010219e-01
2.539460220585247341e-01
3.981724672433379353e-01
4.100904095495918056e-01
4.012239889029913242e-01
7.690832597354430034e-01
6.065635804854092594e-01
5.833613272935663785e-01
5.549220259409906042e-01
-6.655722234354090805e-04
5.488367201371499408e-03
1.754520286365613968e-01
6.380735810514831519e-01
6.252444232907989896e-01
5.511483104305519021e-01
7.476519873427613927e-01
6.465055842783272722e-01
3.632297455261293551e-01
1.895172029583157280e-01
6.702342776271670299e-01
6.618810169301980739e-01
6.319271038271177809e-02
4.605863671725846098e-01
2.895751669170512632e-01
-1.308087989696851694e-03
1.694299985941312122e-03
1.427348457398069925e-01
1.421180508298129086e-01
4.393293300914541399e-01
2.434033884319586616e-01
5.960170735761866068e-01
5.695677124487179555e-01
1.299770960614113069e-01
6.877881128724447901e-01
6.854007930245337166e-01
6.419480952720416078e-02
1.006941491870183142e-01
5.757514285833758017e-01
1.870931990575239456e-01
1.147948957660605146e-01
6.329916017487942186e-03
5.590534609422677555e-04
1.207748816399288909e-03
1.008630985807447977e-01
1.748523198957357139e-01
4.767495601668386707e-01
2.034072186069547095e-01
6.658523090346972761e-01
1.767696860640930734e-01
6.136107736745888275e-01
5.708652063572960955e-01
1.026132959741012790e-01
4.686571114549140799e-02
1.858914678650941789e-03
2.566114459837585127e-01
3.227501893562336188e-01
4.826518321245543142e-01
4.010361109671335411e-01
3.306576073095188195e-01
6.680211960898968515e-01
4.507674129680468433e-01
1.794893631919330379e-01
2.113004337296096879e-01
5.993225482969328777e-01
1.593575134634101498e-01
1.363304630708981335e-01
1.647610063952506141e-03
6.341887320915855497e-01
4.797139587263752336e-01
4.854739163652909695e-01
6.217183609078815731e-01
5.193689596277467624e-01
4.057008092122726950e-01
2.864690506550928717e-01
6.421849765294574963e-01
3.910913141264968362e-01
1.616251756744787049e-01
1.929034496491239259e-01
3.246628746652532871e-01
9.583709765473461895e-04
6.769066054018839651e-01
8.526220335556738972e-01
5.590646992387294789e-01
6.798068246776003409e-01
8.918747455846014471e-01
5.353593910854298477e-01
6.145009651156513319e-01
7.186813268202908445e-01
7.282825846288263349e-01
5.445329749283760457e-01
2.060453408718261326e-01
3.618214516755121624e-01
1.846302720395634478e-01
1.938821650903732041e-01
2.359882545666192877e-01
5.423162471773373960e-01
5.547806538485260397e-01
3.821837562387229797e-04
4.834729607580250284e-03
-7.440545089561333841e-04
6.268588712335204649e-02
2.103889831522184894e-01
4.060531175308305096e-01
5.571804856578244092e-01
8.556656995758392670e-01
8.736571928357020900e-01
8.655357272687217440e-01
7.480664543732837846e-01
7.540827596549324330e-01
5.501954912024479283e-01
6.937115780686626820e-01
3.474892051866271814e-01
4.574217515021538616e-01
6.284339632176066948e-01
9.148315822126065200e-01
9.074389514003294854e-01
9.030365265324430402e-01
7.673125048760963685e-01
7.735476906810042630e-01
5.901569972345568349e-01
6.785536889318704024e-01
3.483949951490354358e-01
3.686990209318429801e-01
6.090524921650631862e-01
6.165420357615088998e-01
8.667355609054447907e-01
8.490139422982415640e-01
5.952406646132161194e-01
7.539610033115053955e-01
4.106789642427486897e-01
6.081860560894370993e-01
3.336320551279691737e-01
5.516481266389574589e-01
6.955816444137628007e-01
4.347384550971400419e-01
6.746321301680755500e-01
6.985014499705487490e-01
3.484344456242324251e-01
5.789735268814725222e-01
2.097427486320928847e-01
3.109971145548398597e-01
5.440245951272224545e-01
5.879281184479315803e-01
6.728114552269905957e-01
9.242883709818340359e-05
6.196092915882112822e-04
6.021915601681513070e-04
-1.268031785784085345e-03
5.511254260490706658e-01
5.312134034895176216e-01
5.505797846457444189e-01
8.599209502128437599e-01
8.593105225327117846e-01
8.333605332770750440e-01
7.242689005979532357e-01
7.709152629653310829e-01
6.132150715968188726e-01
5.925193617059696383e-01
5.947226173777411251e-01
8.689257882594274562e-01
8.837112525016647124e-01
8.287140859663439940e-01
7.173588044819086962e-01
7.862794361951785937e-01
6.620105823269515355e-01
6.844895672692569155e-01
8.477464798403269164e-01
8.433485905323758747e-01
8.722182013867054717e-01
8.789792878571119905e-01
6.410891265070733924e-01
6.950343419412547963e-01
5.926218490048581478e-01
7.690820360152953450e-01
7.554664627100552421e-01
6.796588086309112153e-01
8.965788867399856477e-01
8.301398977664548040e-01
6.217611991819760320e-01
8.410186012354703422e-01
6.557467065234081627e-01
6.819318728238401572e-01
7.847622263626371497e-01
7.946696367921413096e-01
6.910426147670334277e-06
1.298903913914380495e-04
7.182837963568119901e-05
5.325007920858326749e-01
5.205429546697981635e-01
5.470266338555359598e-01
8.160362549236271912e-01
7.740131372667485854e-01
7.727707297018513444e-01
8.799252754078615846e-01
8.870240568417933069e-01
7.731394775449111911e-01
8.225309040601930244e-01
5.903297033503692726e-01
6.004115133320682141e-01
8.573761203221018645e-01
8.275156140131393334e-01
8.546132654618379121e-01
8.610652070515004697e-01
7.954454796840024766e-01
8.668396567003493480e-01
6.362575811692695593e-01
6.405703955926526083e-01
8.269927488277118988e-01
8.101225074197224707e-01
8.755444615833124500e-01
8.678095258498877973e-01
7.306132591034424362e-01
7.570677302400098396e-01
6.947637440686815768e-01
6.338409599399500438e-01
1.031767796892355760e+00
9.781562173858289189e-01
9.657765867373233615e-01
8.736977663880216571e-01
8.162774400381456186e-01
8.503978200780287766e-01
8.941353373572229479e-01
6.949026727286121696e-01
7.033190976075580636e-01
8.302343335361732635e-01
-1.656323161727674758e-06
-1.619360810600169685e-06
-3.211138388975408383e-06
5.190777403655563171e-01
5.594291221653501234e-01
5.749425178114815349e-01
7.276213934627949742e-01
7.088456188709010286e-01
9.023495072755155499e-01
8.972305355463593424e-01
8.333108765693809650e-01
8.534422807547162870e-01
5.948731615005616868e-01
6.250967499063156962e-01
6.673509986815712169e-01
8.046024947798804394e-01
7.767389862486820951e-01
8.037609460288570595e-01
8.753100626671335149e-01
8.838171750278673855e-01
8.763951962597533729e-01
9.079522272935273142e-01
6.443315522819711427e-01
6.865077827435106528e-01
7.300581869763805853e-01
7.982830920924299800e-01
7.788613096494145793e-01
7.987620321833045489e-01
8.516749608606386523e-01
8.492426881541556005e-01
7.784906256991220852e-01
8.021424210856302750e-01
6.234703979115514549e-01
6.063331965662908107e-01
6.245551158756916799e-01
8.736942396275808598e-01
8.380600363990214907e-01
7.944141164864058080e-01
7.772048537875616558e-01
8.610118033204475774e-01
7.924834126965570880e-01
7.044001399015298315e-01
7.090211885748906040e-01
8.468965105028936069e-01
8.870457700694348580e-01
6.075312834201508775e-07
5.296384383442787334e-07
6.087053107107226468e-01
6.294789385792834979e-01
6.841677234512438810e-01
6.452206359631207366e-01
6.816350658137753094e-01
9.108234103979081508e-01
9.247376158022915238e-01
8.618123746638175486e-01
8.525831668037289202e-01
6.657569188065369792e-01
6.839807582340226011e-01
7.497297404202186710e-01
7.346076936607824903e-01
7.389222892187375935e-01
8.967487629761859980e-01
8.892458481606335674e-01
9.206401097687583190e-01
9.148616336479328259e-01
7.185737162982875903e-01
7.440716327073013669e-01
7.506913271486906902e-01
7.521604769227696607e-01
7.329917098842648748e-01
7.318141969179148276e-01
8.229682860781168952e-01
8.256126288483442988e-01
8.184534950058588443e-01
8.364632060653649503e-01
6.468154189595604064e-01
7.195338293206741120e-01
7.794163108419698283e-01
7.950754171604225151e-01
7.650495562029767660e-01
7.953357834746397348e-01
8.170411964949858552e-01
8.661905834778464985e-01
6.846963328226888246e-01
6.593272487431556250e-01
7.089186154013799035e-01
7.189176446055093317e-01
8.986054901320505994e-01
8.628174858854663620e-01
7.705994217913432796e-07
6.209331454613062906e-01
6.104271704307514534e-01
6.358073600872143905e-01
6.144135116557674081e-01
6.516399326626188815e-01
9.526881625031807799e-01
9.559114263976032921e-01
8.586582183077025032e-01
8.365710804353805319e-01
6.931630897537811586e-01
7.045069164348718438e-01
7.254901068782536599e-01
7.207634424576159216e-01
7.200117206010649973e-01
8.904336773603978017e-01
9.122819844437016767e-01
9.100341350354562708e-01
8.937654837247698270e-01
7.814930282941325856e-01
7.876804216464571295e-01
7.210398721932814725e-01
7.483903150600704768e-01
7.777394226092012586e-01
7.758560501251399177e-01
8.461365690534499162e-01
8.562695198412855202e-01
8.109258229576352672e-01
7.634289309754667130e-01
7.419053231927684733e-01
7.561630599466871994e-01
7.841548653409212699e-01
1.009352774794651353e+00
5.744972938736964130e-01
5.736593596052156352e-01
7.193677691267255092e-01
7.190433305539282172e-01
7.667942817028430280e-01
7.919171219495094727e-01
6.116842275215329527e-01
5.695091893757950885e-01
5.614394063372877275e-01
6.240836097129560667e-01
5.657072222866059708e-01
8.516426614193689515e-01
8.482015982630043416e-01
8.031011374337824194e-01
7.796903494383350397e-01
6.897406647312573913e-01
6.318041296798937445e-01
7.125235446612789847e-01
7.217974452159402476e-01
7.522922093367118146e-01
8.785851371855702974e-01
8.796478386079502609e-01
8.850056784763521422e-01
8.494744221398031758e-01
7.378764170532928768e-01
6.397385618451123523e-01
7.121222452731615915e-01
7.305264720995195971e-01
7.840446755599297379e-01
7.200392599900840018e-01
7.514843725676176867e-01
8.670970450205395252e-01
8.714769172304042133e-01
7.582898821458795569e-01
4.656996782085783826e-01
4.507719717223997447e-01
6.903592618400636871e-01
6.640220704790369410e-01
6.888883770752692870e-01
1.008951010538207793e+00
9.617894110195640556e-01
7.121685958079073675e-01
7.265819039596237428e-01
7.285034339401997849e-01
8.671019325136474221e-01
4.402283332104017788e-01
4.206624124299309653e-01
5.654781467410128215e-01
5.705443117491322269e-01
7.138806064024303399e-01
5.067094606687030378e-01
4.426642107401850823e-01
5.957905581630682512e-01
6.084205911304904069e-01
7.842505977397103978e-01
7.837362006293207006e-01
5.279563464594713151e-01
4.016957289222107819e-01
6.309750931359764392e-01
5.637576973074591713e-01
5.692769132021323619e-01
8.543182107534630365e-01
8.097254681735733817e-01
1.414244718386566402e-01
6.029908048513714647e-01
5.907419883959506013e-01
5.906220320384365507e-01
9.115721515213150994e-01
5.409208766144061320e-01
7.075226288297812305e-01
6.758354685095057102e-01
7.326890858054417865e-01
7.421856523176723064e-01
4.654739214783862877e+00
2.645039563043526387e-01
6.987494602490560425e-01
6.507028117481659102e-01
2.589530936073067835e-01
7.200241917829579563e-01
2.036251762465267345e-01
7.055461612296904939e-01
6.982897449069689344e-01
6.809817006876231482e-02
3.513029992740457352e-02
3.728643860510159613e-01
2.631498871971048037e-01
5.260273339374579304e-01
6.317909445385117007e-01
5.044072864391258015e-01
7.495764074537887289e-01
7.291520257801371585e-01
1.617399853943364363e+01
2.156153112291413765e-01
1.312098811474240456e-01
6.194191418156662632e-01
6.060001388900388974e-01
2.187867269200095277e-01
1.157877618444608514e-01
7.381872681123829993e-01
6.344145640364130534e-01
1.974026944661196326e-01
6.505469414230595493e-02
4.484131760996166172e-01
-3.357611358361993655e-03
3.625230735381393954e-01
7.397081663951707853e-01
5.960048280824967737e-01
2.710033415966150017e+01
4.790051466609041714e-02
4.634071833722576139e-01
3.654137738906196309e-02
4.389086769521280407e-01
1.432870337961875996e-02
4.100217139484029771e-01
-4.848029217862240628e-03
3.329274565828452825e-01
2.973871148838911349e-01
5.142301649092331228e-01
3.752220906680703294e-01
3.149447642030366978e+01
1.312179194125797643e-01
6.064717040605607234e-01
1.158142249956968794e-01
6.343250360477244998e-01
6.505279284813798857e-02
4.483593249967202099e-01
-3.359695662410031123e-03
3.325232103338488510e-01
3.621254353980466467e-01
5.142286612516314692e-01
5.960043195156594642e-01
2.710052908583535469e+01
2.156523950556571145e-01
2.645341259088819230e-01
6.203749921111155752e-01
6.506612915742785441e-01
2.188503222185825825e-01
2.590172890575480058e-01
7.380374296647432830e-01
7.198987401209671066e-01
1.974094680484543840e-01
2.036238153040253185e-01
6.982604830919411087e-01
3.510504089903748737e-02
5.038558956183455395e-01
7.396890950089555217e-01
7.291323010295888141e-01
1.617417618878655006e+01
4.207103423231249306e-01
6.981595752003960653e-01
7.133971363838302882e-01
4.427611427692992319e-01
7.836315556782682545e-01
4.016948535916888829e-01
7.055178629562617321e-01
8.097176198639453037e-01
6.804758551032677460e-02
1.413457736716806912e-01
3.728861684483413819e-01
5.904737350523200368e-01
2.639316739056282168e-01
5.251041842430969053e-01
5.389576459749565451e-01
6.308999858627531987e-01
6.749341311145770073e-01
7.495442324727706884e-01
7.421530584745096304e-01
4.654814039011649029e+00
4.403019322621195553e-01
5.615129953150844733e-01
5.654406062517605136e-01
5.656754965836484628e-01
5.705852817752916639e-01
8.483811921801830414e-01
7.793876290892710612e-01
5.068265857413158937e-01
6.319320344085538332e-01
5.957999396659313662e-01
7.522766208119452402e-01
6.084182012475974899e-01
8.796818926367223623e-01
7.841377351387389671e-01
8.493680009243548268e-01
5.279659399421653410e-01
6.397431791514530675e-01
6.309500952676756480e-01
7.840052626360565213e-01
5.637768458724661258e-01
5.693452188236562961e-01
7.515773384074316832e-01
8.543185482896574756e-01
8.714929768920133268e-01
4.506115655778074602e-01
6.029483124753866052e-01
6.888602931166775134e-01
5.906241503717702956e-01
9.067352977700252614e-01
9.601720312272038482e-01
7.068774234442278814e-01
7.115381408530049301e-01
7.326483907882782587e-01
7.284620199617700687e-01
8.671313358789222159e-01
6.117135644798937788e-01
6.104642321753389611e-01
5.695870181656799147e-01
6.240631794195958815e-01
6.516096179112187414e-01
8.518243344719985677e-01
9.561837960333646746e-01
8.028249635864982414e-01
8.363850253435380910e-01
6.898768233579403164e-01
7.256057324305758005e-01
7.124974604494445085e-01
7.199742247037175247e-01
7.217824422176642996e-01
8.786075657076115597e-01
9.122942376929872310e-01
8.849055647792899437e-01
8.936923331701940310e-01
7.378873439562211312e-01
7.876870476219928197e-01
7.120844031891770953e-01
7.483453704188380851e-01
7.304892478671480838e-01
7.201226602836022783e-01
7.759181166729982593e-01
8.671302897663357712e-01
8.563165489910805617e-01
7.580771347885041367e-01
7.632195303447401047e-01
4.655327024775853806e-01
6.903307178218012208e-01
7.841361236476006580e-01
6.639940256093033177e-01
1.010506396228556536e+00
1.010901672845640809e+00
5.729331356461763169e-01
7.265341489817520593e-01
7.189948960301233427e-01
7.919571177610736923e-01
7.704413447337747033e-07
6.074042134396123585e-07
5.295401995488236654e-07
6.209178290206555095e-01
6.294456275064319595e-01
6.357550730701064801e-01
6.815708727408970047e-01
6.143731494859153708e-01
9.529575201968363274e-01
9.249250749136769256e-01
8.585178674106770380e-01
8.525220092251486470e-01
6.932282546705913484e-01
6.840413707766418439e-01
7.046109391615084094e-01
7.207215518009921773e-01
7.388684089522230547e-01
8.904428591383716229e-01
8.892243842431047929e-01
9.099857555464496706e-01
9.148339325436075642e-01
7.814974029493297891e-01
7.506842967013330759e-01
7.209949298386251204e-01
7.317608049776732626e-01
7.777993702580708879e-01
8.256441995378294152e-01
8.462036563913500897e-01
8.365413389740663508e-01
8.108133139636537479e-01
7.794069968477493893e-01
7.418834931934744636e-01
7.953161135560757877e-01
7.561454609664969295e-01
8.673334518954393113e-01
5.737516469158924215e-01
6.588831997364484883e-01
7.193169884188770347e-01
7.188662193757702212e-01
7.668360914825981256e-01
8.628707761193319392e-01
-1.656088233278447574e-06
-3.211398011085867497e-06
6.086472780870039179e-01
5.748539452508806269e-01
6.840903392180607279e-01
7.087501151629399532e-01
6.451533238826586691e-01
9.110040663834311214e-01
8.972891892285586035e-01
8.618391924616729538e-01
8.535131438957285210e-01
6.657846332608078344e-01
6.673578580016313877e-01
7.496570346342427138e-01
8.036766293338304390e-01
7.345417959032620736e-01
8.967117926798828798e-01
8.837469299617620733e-01
9.206468629439183982e-01
9.079703114354332749e-01
7.185492177673121761e-01
7.300292749501250400e-01
7.440608837089403016e-01
7.520992742536990461e-01
7.986957592161790798e-01
7.329384873028728098e-01
8.229969182496477131e-01
8.492401564226527144e-01
8.185512238669291341e-01
8.022482246211695145e-01
6.468315405209480451e-01
6.246029202923771839e-01
7.193677727736234040e-01
7.949865129373074879e-01
8.379583389347970979e-01
7.650211596054808938e-01
8.181061143330131680e-01
7.779299388144279570e-01
6.842766953903829386e-01
7.921601862806122440e-01
7.088671959700169056e-01
7.089693198353845816e-01
8.986684964784898977e-01
8.871120044577072150e-01
6.907087178400566306e-06
-1.620640040723489140e-06
7.180857526515121666e-05
5.189876859763193906e-01
5.469405304067103124e-01
5.593489979876434814e-01
7.275399930207543386e-01
7.727070336937676975e-01
9.023516109694093013e-01
8.869362113490009136e-01
8.334699345350894406e-01
8.227092238908031430e-01
5.948518919899398183e-01
6.004074519971966950e-01
6.250964644432738249e-01
8.045536446216284832e-01
8.274684522595292524e-01
7.766560188809153997e-01
8.752173600561037325e-01
8.609533086738383467e-01
8.764293849110974532e-01
8.668779878022023766e-01
6.442985124109081863e-01
6.405355698810474285e-01
6.864751716118182578e-01
7.982305589956025793e-01
8.100706112453558427e-01
7.787960383337116932e-01
8.516687504389992558e-01
8.677726632856537226e-01
7.786081866070782009e-01
7.571898182755276707e-01
6.234945381651398888e-01
6.338635636450614674e-01
6.063644900674174387e-01
8.735328046981087891e-01
9.655237575969664032e-01
7.949913058902802199e-01
8.167263137639955151e-01
8.607950295878958880e-01
8.940124832814233535e-01
7.043475950625396331e-01
7.032647539875207521e-01
8.469716536279668917e-01
8.303112400540767490e-01
9.240351682164054032e-05
1.298620824308080674e-04
6.022157952515191709e-04
5.324341523627518225e-01
5.505262478544370452e-01
5.204648719448866645e-01
8.160275275190062017e-01
8.593263161673382333e-01
7.739556145876400617e-01
8.797620907908851873e-01
8.331701907806273733e-01
7.733635460174301812e-01
7.711520680909783598e-01
5.903221310056392390e-01
5.947082546708145623e-01
8.573536091017949223e-01
8.837134373581386759e-01
8.544747325937478433e-01
8.285738424630796350e-01
7.954739885798632892e-01
7.863083085293127716e-01
6.362260925602553074e-01
6.844570847628311805e-01
8.269515902760763426e-01
8.433133360398626932e-01
8.755018584236956558e-01
8.789158981390688963e-01
7.307345818157791051e-01
6.951513766644868975e-01
6.947608775054977537e-01
7.554408754309497320e-01
1.031431211218231336e+00
8.962566329764475315e-01
9.778934460291253128e-01
8.739908205549772324e-01
8.303622579189251507e-01
8.505109058878386197e-01
8.411719371083453689e-01
6.948456375326234058e-01
6.818694277542390880e-01
7.947612891893386378e-01
3.821258070173684908e-04
6.196350657511885641e-04
-1.267564235065048259e-03
-7.438547316886736900e-04
5.510680423946243689e-01
5.571285859348908964e-01
5.311616819949732671e-01
8.599548826252526590e-01
8.656169451826727368e-01
7.537852623345970837e-01
7.244911201112531618e-01
6.939019280198062134e-01
6.132317577575144840e-01
6.284538185929900989e-01
5.925234607011815591e-01
8.689448755422873871e-01
9.031132055542668846e-01
7.734088664062824803e-01
7.173713123411946668e-01
6.785690965107998851e-01
6.619794240938904339e-01
6.165183844362380761e-01
8.477159469410573411e-01
8.489894858095152763e-01
8.721443369790745637e-01
7.538914399984250059e-01
6.411927140427342575e-01
5.927204537228660808e-01
6.082873195798871313e-01
7.690309266363551943e-01
6.955186886798463419e-01
6.794022763958110778e-01
4.345816092419844123e-01
6.985063796382252610e-01
6.220573726106771728e-01
5.792814587967722861e-01
6.556798401146501920e-01
5.878502116181684167e-01
7.848592574248857145e-01
6.728949604170223475e-01
9.583461121906777574e-04
4.833170142094648028e-03
6.267468057970575213e-02
2.103595158153540590e-01
4.060220893972298351e-01
8.558126828823232612e-01
8.527582657996256588e-01
8.737511796519512597e-01
7.477710330291168495e-01
5.587977254224589796e-01
5.503544621395828340e-01
3.475639436315719477e-01
4.574826548113492541e-01
9.149516277176013013e-01
8.919813330125847539e-01
9.074904924704706444e-01
7.671661359297834437e-01
6.143927663123756044e-01
5.901425709301421074e-01
3.483814284019813301e-01
3.686884993328866100e-01
6.090322055368783127e-01
8.667152907544759532e-01
7.282563838183897520e-01
5.951706153994542614e-01
5.444712484752858295e-01
4.107437448019705672e-01
3.336375799833725675e-01
5.515866801838826827e-01
2.060169010070609652e-01
6.746166577731167457e-01
3.617226808851892739e-01
3.486657315973450411e-01
2.099021299880206581e-01
1.940172908181569678e-01
3.109349128347868030e-01
2.359668918495144430e-01
5.439436578380187903e-01
5.548473857619625749e-01
1.647782428265100445e-03
6.770167588589863783e-01
6.342405443415678468e-01
4.851789384029117635e-01
6.798830672941530429e-01
6.217496118569014740e-01
5.352633107188869976e-01
5.192853862425762523e-01
7.186655440967214536e-01
4.056771151690333199e-01
2.864309934069056984e-01
3.911283061558297747e-01
1.927828013032600318e-01
1.846824236324460522e-01
5.423545164815903874e-01
3.246971445989001448e-01
1.859763296413778026e-03
2.566073664707735902e-01
4.794254780774784286e-01
3.224696407998911551e-01
4.010072727960732331e-01
3.306137238141966805e-01
4.507370003808753300e-01
2.112733505182034510e-01
6.422516676656668810e-01
5.993831116297635431e-01
1.615086640887606895e-01
1.592429475793957216e-01
1.363339107293068120e-01
1.208135818837623512e-03
1.008649777151547494e-01
1.749341613164270282e-01
4.825915813810654487e-01
4.766891595331447795e-01
2.033778809967527745e-01
6.679720788676611898e-01
6.658024282261542082e-01
1.794729985514249282e-01
1.767591924917763790e-01
5.709188405006111466e-01
1.025439640502399524e-01
4.688741838885358837e-02
5.596797076818042088e-04
1.689930977539488887e-03
1.421289004999396755e-01
2.432916878324779542e-01
5.694931071649100840e-01
1.299658132423871792e-01
6.853491083837257580e-01
1.006998358772196733e-01
6.136729270734778696e-01
5.758170343273060210e-01
1.147680895020020686e-01
6.336600710921781038e-03
5.474062499311129794e-03
1.427461473596917663e-01
1.754651696323919485e-01
4.369221242885233947e-01
5.487297811071156772e-01
5.959350205872553374e-01
6.464145305790121032e-01
1.895178261977187306e-01
6.877366158887959768e-01
6.618287306262676806e-01
6.419061444965952490e-02
6.316518124115363952e-02
4.606486831208611576e-01
1.871025131097792116e-01
2.895997795342427628e-01
-1.307819906514197687e-03
1.217873174897101188e-02
2.877963769437157926e-01
6.387169431703866307e-01
6.286634983094276929e-01
6.243397254026553655e-01
7.475329636528348365e-01
7.414372655130372358e-01
3.632127082921767225e-01
4.743894908258624588e-01
6.701765654243942993e-01
6.672700653072336507e-01
1.917486227176375402e-01
4.012963843130443742e-01
5.834867187392421828e-01
-6.661144192732397018e-04
1.231356136012626799e-02
1.142677671179420651e-02
3.300883373872924298e-01
3.570503434492577899e-01
5.959388067648803133e-01
6.151987675393481014e-01
5.595078729434422860e-01
7.303278151447770705e-01
6.368794664771412206e-01
6.238105634135269195e-01
5.844311945863782665e-01
6.429124795968389483e-01
3.392005518196598013e-01
5.069260248802983648e-01
4.874286921863066335e-01
5.085702227464329317e-01
2.539726649563109340e-01
3.981805925669507085e-01
9.506054520442249745e-01
4.101777934319401631e-01
4.513872911594892234e-01
7.692039204158640509e-01
7.671086771183317499e-01
6.067528510006862108e-01
5.550336322715886395e-01
1.087451167921860806e+00
1.403673810472634009e-01
2.531122187036425968e-04
1.729406064430893735e-03
-1.798591017204514714e-03
1.055845824369321291e-02
3.404379781818580031e-01
5.871494371469585527e-01
5.861328933345477665e-01
5.913441992731054420e-01
5.311591108245953263e-01
6.008684670265935779e-01
7.247964944599816217e-01
7.118259259800537864e-01
6.072127632696320276e-01
6.369276478042722456e-01
5.637974908635350335e-01
3.748582910291715642e-01
5.056515165103908638e-01
1.723977419998632410e-01
1.592004920604084273e-01
4.553494986962350333e-01
9.196537185042443774e-01
6.120116450653938500e-01
6.721299730908418812e-01
6.770226483679460117e-01
5.730406884192714712e-01
6.355072828516915573e-01
6.903564405496848133e-01
5.216119504328559087e-01
1.309212189614912258e+00
1.365626941471584033e+00
6.435957290601619363e-01
8.101578293179199086e-01
8.368538229376236703e-01
1.142506550890035166e+00
1.196015709954711514e+00
1.096500499128503003e+00
9.782917512300724761e-02
5.329189656370028226e-04
1.531857939913409549e-04
2.465289361232425982e-04
-1.085862235386197668e-03
-1.471831952061696891e-03
3.401670352590271396e-01
3.706584100442809060e-01
6.020070625026684441e-01
5.974725853353644034e-01
5.199911188527386319e-01
4.832279694407402015e-01
6.763245847139012223e-01
6.282634695279500914e-01
6.505068871987109702e-01
5.402309107973343183e-01
6.051747324391280047e-01
6.160706116400113119e-01
6.264990437175346205e-01
4.991894490785199201e-01
5.043938757060801859e-01
1.209068877817727206e+00
1.223589333203799034e+00
6.225824544660050197e-01
6.257705008388674273e-01
5.916978958349700113e-01
5.872676745212813687e-01
5.593864244192418012e-01
5.995247797689130520e-01
6.920237568058779098e-01
7.451180570929973879e-01
6.742624902432048373e-01
9.282689553414480432e-01
9.105392082533271259e-01
8.229988729834393224e-01
8.067318934736608105e-01
1.167410077859149409e+00
1.118224066368040948e+00
3.790755016974637769e-04
3.269003046369744233e-05
-5.318680024186128036e-03
1.503230919823312327e-02
3.793682491768912146e-01
3.812608942257193489e-01
3.763891966711967463e-01
3.519022921313141317e-01
3.866641018162875199e-01
5.177119637400841023e-01
6.143547844122455581e-01
6.471178975534974676e-01
5.020352033977327766e-01
4.526940245938324003e-01
4.486618238079866927e-01
6.080142120162672636e-01
6.057464123563801595e-01
5.333070228621029640e-01
6.053818771514691832e-01
6.196183192949190621e-01
6.957825831049663234e-01
6.107411067866355125e-01
9.469359750152955835e-01
9.466388944190377019e-01
5.574375074734611024e-01
5.969060137852022496e-01
5.172092939898221831e-01
6.392317799965611114e-01
6.715316852062381825e-01
6.999988802237865348e-01
5.501288226120989444e-01
1.138582699524820496e+00
7.566045962752538934e-01
7.463387149876850035e-01
8.050425676741954639e-01
1.054139773586184825e+00
1.108879423076892801e+00
1.097529280360693082e+00
2.475036762477874686e-04
-6.367154001968880440e-06
-5.387624690604400655e-06
1.674466305139241384e-01
4.257362068900257812e-01
4.285888243542603226e-01
4.147534507742556831e-01
4.231384909256507565e-01
5.198254517781795148e-01
7.246479953378939243e-01
7.798961716617003326e-01
6.839245815715884191e-01
6.237871279170695837e-01
5.511782121659027922e-01
6.110721852543480326e-01
4.217176865752874648e-01
3.906156809780072514e-01
4.654959544958731654e-01
5.772385287873784687e-01
6.314992664355660867e-01
5.077264275014380379e-01
6.704585588030147481e-01
2.019640920953469088e-01
1.661212910105498153e-01
2.444557814482970215e-01
2.735194957471046018e-01
3.474494694663304295e-01
5.318594602880751809e-01
6.409599639221871259e-01
7.124535528404751794e-01
6.264476302304247124e-01
6.928747470177454293e-01
6.983876047808675880e-01
9.910885976553431842e-01
5.195933530807569367e-01
5.215272702373306979e-01
5.595416427345590860e-01
6.681970483500667690e-01
7.114495517692936977e-01
6.170526462356396014e-01
6.562110941078967974e-01
4.824575798393767045e-01
1.062753241338068921e+00
7.214799209187898743e-01
6.455368318878532685e-01
6.249565643127028558e-01
6.132939589793965363e-01
7.272178458796054734e-01
1.045252624378067763e+00
1.012428221670839124e+00
-1.285877811445653429e-05
-1.924254327693361651e-06
-7.006290427737868453e-07
7.412583858636052625e-01
5.160936322692506462e-01
6.110061584112447264e-01
3.676157047789173071e-01
3.851377567137750368e-01
3.634139720945334662e-01
3.555663190872881962e-01
5.905427414924413476e-01
6.542598868262873291e-01
5.134940362428220828e-01
5.899616576820518876e-01
6.253307354420836184e-01
8.043780761478126484e-01
7.306816378186856697e-01
7.546506079210059115e-01
6.460003180567137626e-01
7.160510597001560340e-01
6.459607718497573092e-01
6.037563308076062674e-01
9.536382810954450173e-01
3.703523111594490547e-01
4.003807455831748796e-01
3.493193710932863127e-01
5.085030169167122915e-01
7.271755251373210882e-01
8.109829600631264235e-01
6.906108548013280002e-01
5.588204743909938044e-01
5.663457209900272238e-01
2.570682855102183195e-01
6.371082973277905626e-02
4.164595137592336793e-01
4.281634688696014934e-01
3.932575750627391731e-01
5.296613171682320598e-01
1.032745958140713460e+00
1.077960379231405419e+00
1.003892210156392517e+00
2.635103462338650353e-08
1.232798059256370982e+00
1.427759586428073657e+00
6.586738793345706666e-01
7.505288998778031351e-01
6.252925222182645904e-01
4.516468724261892276e-01
5.545109070317577604e-01
6.658249314441798683e-01
6.659334299019702419e-01
5.909557861971620474e-01
6.537196170905035242e-01
7.393471288756239268e-01
6.872707275001983529e-01
4.468891142444931797e-01
5.576656492414114874e-01
3.306498344462920347e-01
9.901662708123197543e-02
1.746299532242591990e-01
3.479178670051860101e-01
4.448330467734733507e-01
4.204518551010676397e-01
7.736399043030341982e-01
6.418660024529959651e-01
6.350187900642932648e-02
1.206144910295594841e-01
2.602141298648947276e-01
4.051414033641871915e-01
1.017647017334704085e+00
9.367392410002510772e-01
1.295513132726215710e+00
1.144032694843533537e+00
7.520406121007640055e-01
8.041878895336681543e-01
7.463171171949903870e-01
7.442394323455776561e-01
1.016548590858868506e+00
5.362398235773749855e-01
2.666458152708199303e-01
7.544509729948687404e-01
3.520140448608555239e-01
1.804007207247704248e-01
6.619802038987825377e-01
1.668073766235266542e-01
7.147944927888815192e-01
1.025504644834156487e+00
1.060993495397184017e+00
9.396576222171766357e-01
1.195727429279259235e+00
7.632456296985856703e-01
7.941531166020404653e-01
7.748222542239683319e-01
1.079655666840362072e+00
1.288769056198670881e+00
9.416640247091185856e-01
1.134524503345971436e+00
1.624523196881381970e-01
1.564018931075402130e-01
8.937295148706871917e-01
8.454639740301622686e-01
1.246178121176585579e-01
7.256141976441555785e-01
6.983908315026526870e-01
1.425731727619728995e-01
8.137315319028983751e-01
8.158010461646577616e-01
1.026760985535749349e+00
9.966054290412683647e-01
9.720723439154799195e-01
7.749707512488890337e-01
4.307899634578702952e-01
1.157047845974857658e+00
1.246738439460038483e+00
8.381318654033244053e-01
8.659376910964502461e-01
1.106018783265939609e+00
1.337518042728044865e+00
1.294316868026995082e-01
1.445651299766268771e-01
1.071870323040157169e+00
2.416821292208084782e-01
4.902879548905668683e-01
2.642097981897368886e-01
7.680198031053688812e-01
9.925985698606720753e-01
9.495599697569797604e-01
9.415268101737542805e-01
4.281357499077231843e-01
8.271645036484607250e-01
1.091252024827132905e+00
6.808493997932469899e-01
7.019136128975002054e-01
8.581234361017655576e-01
1.061968371982101811e+00
1.263872604635269292e+00
1.375013612383277906e+00
4.233470019988882505e-01
9.656375691588260368e-01
1.188121640131431622e+00
7.341791532932524511e-01
7.572872920818232156e-01
9.657556679994597770e-01
1.230341308330369809e+00
1.111674150578708886e+00
2.826617061361343386e-01
2.712489212316895326e-01
6.246937824164899844e-01
3.431981410424341794e-01
3.350924855900872523e-01
9.071725314988746680e-01
9.128967632134492582e-01
9.128714018285359888e-01
9.503442096979803910e-01
1.002985871774703330e+00
6.011836976939683996e-01
1.156854810501320996e+00
1.134303216699862560e+00
6.323647655525400646e-01
1.014186091432714099e+00
9.724722904686254887e-01
9.235215220946771941e-01
9.958945716242681989e-01
1.010527234318783441e+00
1.012358969744836523e+00
1.067753284799454860e+00
1.140566739164319054e+00
1.218858829431728852e+00
1.295027210206342261e+00
1.277433251171940620e+00
1.852680023501026285e-01
9.533379595942924611e-01
1.047857372308663049e+00
8.612378759707745024e-01
7.929103867981635023e-01
2.557939380090401560e-01
1.136942698392546358e+00
1.295011788628763094e+00
8.709588946134136922e-01
4.418825575029038388e-01
1.147821523916356723e+00
2.801650047023329648e-01
9.997305219646318575e-01
1.067651313689058190e+00
7.618086627143950684e-01
6.977484275596833596e-01
8.181222944871708869e-01
9.890938836161750070e-01
1.102500215095261193e+00
2.728033208718161906e-01
1.327788490485509065e+00
1.450315769463526472e+00
1.034344909588289507e+00
1.262818343419621403e+00
9.443903906974919493e-02
4.408836490832855337e-01
8.337072227294690663e-01
8.642399432528999892e-01
8.178968395571548644e-01
8.840404238334746978e-01
9.489683379637301464e-01
9.971547425799041076e-01
1.062017193457257980e+00
1.124830202266582813e+00
1.165988564089361246e+00
3.437450274256537153e-01
1.559774256873289522e+00
1.659269679514351559e+00
9.579926429380359876e-01
1.042621435498602755e+00
1.422556170050707891e+00
4.834224197525396893e-03
-1.970123513042795586e-03
3.429457469077378251e-01
5.349488181612607196e-01
1.078688411696768767e+00
1.502322289187625115e+00
9.183596793990966844e-01
1.160181330053273285e+00
1.598792684594677382e+00
-7.443179628040049074e-04
1.987171949064077348e+00
1.646681195450532931e+00
9.286775543668854827e-01
1.391926677588822381e+00
1.585051019783602744e+00
1.576839828907231400e+00
-2.991331404781713628e-05
8.988823178092075435e-05
4.737607449794151366e-12
3.889470816136996882e-12
3.495806612360132451e-12
2.390710443425862142e+00
-1.027983866319367534e-05
-9.448980549876966387e-06
3.554213535030885340e-12
2.874064481662724990e+00
8.387858381994131030e-01
8.920403805118445328e-01
7.253369017597102175e-01
5.920098086315580543e-01
4.572026539809917467e-01
3.330429959686309616e-01
2.345894036082063205e-01
1.654771337387812846e-01
1.084037396148685717e-01
5.978110065830610081e-02
2.149595751692935652e-02
3.486017665514705086e-03
-1.556905377946863614e-03
-9.638864347978434071e-04
-7.889095829493908722e-05
3.297204626303888665e-05
-2.748346108084703275e-06
3.475994101853131291e+00
7.340519362673691983e-01
7.430695379287973745e-01
6.968980756283165157e-01
7.329916092633711466e-01
8.072508654875580891e-01
8.872784561217681443e-01
8.925043758700373919e-01
4.286383944912016908e+00
7.785527474575583140e-01
7.832657108261565915e-01
7.778906576091318970e-01
7.515015000654764465e-01
6.853335434502685342e-01
7.425716758112311799e-01
5.565134858986802158e+00
7.362090768362589133e-01
7.330479089569708062e-01
7.240554311906196583e-01
7.127520107349079037e-01
8.584114233375403913e+00
9.584876030179372286e-01
9.382734734561695156e-01
9.247000553272165524e-01
7.779374925369102467e-01
6.763335719671753621e-01
7.327779018282847279e-01
1.104686479227032692e+01
1.709648281077908294e+01
7.474054407055853666e+00
5.947869106737649680e+00
5.420835984363024274e+00
5.091607607534163193e+00
4.835828818512244887e+00
4.614399076519214660e+00
4.411024031004968649e+00
4.218077296800207598e+00
4.032364693802929168e+00
3.853174265428974454e+00
3.681174044903359199e+00
3.517725940765118686e+00
3.364436243523436953e+00
3.222852676022021523e+00
3.094268067379986498e+00
2.979615566118446690e+00
2.879440405124917390e+00
2.793920879027598225e+00
2.722904094950716836e+00
2.665929946631083070e+00
2.622236069630115907e+00
2.590755460546656508e+00
2.570126341317658270e+00
2.558727428717243679e+00
2.554735640289534260e+00
2.556186534672484800e+00
2.561009754673461813e+00
2.567018456413474148e+00
2.571853812611621493e+00
2.572917560372178780e+00
2.567355715330402965e+00
2.552169302405531415e+00
2.524507565232379402e+00
2.482138119603566118e+00
2.423998957872278481e+00
2.350656938373745231e+00
2.264478774559428143e+00
2.169397239483791484e+00
2.070307191146258052e+00
1.972277024092765174e+00
1.879825486092827846e+00
1.796458491931355539e+00
1.724528437528698221e+00
1.665351309682099101e+00
1.619454658517177403e+00
1.586839543989698953e+00
1.567189312078113295e+00
1.560007680065836677e+00
1.564694759828250126e+00
1.580571260017381574e+00
1.606852927507800066e+00
1.642577318026549271e+00
1.686501873073453561e+00
1.737017968659971823e+00
1.792138942002159396e+00
1.849600975626940480e+00
1.907061862386224327e+00
1.962316772949891153e+00
2.013409273356189910e+00
2.058529009814859645e+00
2.095657638238616283e+00
2.122028327055340391e+00
2.133564060293686282e+00
2.124510923504897342e+00
2.087420560685191884e+00
2.013366908897545660e+00
1.891906728271488314e+00
1.709722084220465455e+00
1.464917834170086142e+00
1.241318244004233406e+00
1.196068579976667268e+00
1.167270847259324285e+00
1.050497708755883775e+00
9.200448815189961049e-01
8.157152470551723988e-01
7.545583928690361430e-01
6.946342235982365665e-01
6.441404129825545333e-01
6.303006898012136761e-01
6.856605415879368781e-01
8.078986647778169106e-01
9.760943733085873930e-01
1.109412807217095898e+00
1.185727047375355170e+00
1.156752308205013291e+00
1.032598721022763621e+00
8.841042067106871238e-01
7.402415897632210751e-01
6.543530974359577090e-01
6.401348697445976565e-01
7.212926933763058601e-01
8.345390819449728381e-01
8.844327034184253922e-01
7.770342733709677541e-01
6.377892762304646634e-01
5.597861451728886051e-01
5.163131706745495153e-01
4.934138672844978757e-01
5.112830157035846979e-01
6.906666720438449092e-01
