1.340100767517717273e+01
8.634075415643550855e+00
6.768132097365946898e+00
5.814016550036686937e+00
4.618265571702178107e+00
4.215405437590511895e+00
3.971302309952618792e+00
3.786184005879625225e+00
3.627991305271740963e+00
3.483067887810402663e+00
3.345091600964608780e+00
3.211746562069102140e+00
3.083070442038807535e+00
2.960365779220701210e+00
2.845418105809073950e+00
2.739965153114963137e+00
2.645387300862174662e+00
2.562573148849262239e+00
2.491900713952110991e+00
2.433275672849825266e+00
2.386182175292450580e+00
2.349724461566931044e+00
2.322662318830903683e+00
2.303461692587708498e+00
2.290385363623120618e+00
2.281634683359432536e+00
2.275527607475164249e+00
2.270673058805642519e+00
2.266089837379500427e+00
2.261226316167381345e+00
2.255862022767640696e+00
2.249904114158497670e+00
2.243120325822757888e+00
2.234869462840001209e+00
2.223900408934203377e+00
2.208291637726286893e+00
2.185591836026176349e+00
2.153189547558938877e+00
2.108878088495099945e+00
2.051498741800460213e+00
1.981473038287659527e+00
1.901023353859710330e+00
1.813963568544400662e+00
1.725098372342300346e+00
1.639424031223156941e+00
1.561387980032513667e+00
1.494406793600979277e+00
1.440706909516466183e+00
1.401423319113545674e+00
1.376827426880968375e+00
1.366561671982857051e+00
1.369803812578685553e+00
1.385334710601182184e+00
1.411524733911654339e+00
1.446285010584672959e+00
1.487050753772152456e+00
1.530866306176343672e+00
1.574613511210904093e+00
1.615366048301672519e+00
1.650783782357308604e+00
1.679418423618303180e+00
1.700811317503455156e+00
1.715323584902798792e+00
1.723718479793575620e+00
1.726580731937811031e+00
1.723690706519265037e+00
1.713478944358428624e+00
1.692683424644622958e+00
1.656313162803289885e+00
1.597942513904596407e+00
1.510164501406622506e+00
1.384675770721770505e+00
1.213538163922936564e+00
1.002532023018491536e+00
7.934916014246795601e-01
6.771986967065017904e-01
7.082073535044767221e-01
8.266206248816658775e-01
9.254365720158206354e-01
9.581010939255599768e-01
9.662118052022766745e-01
9.683976836482505179e-01
9.603482276608417134e-01
9.431769394055542488e-01
9.502460281234934580e-01
9.764765152929931746e-01
9.713647934866606048e-01
1.043493343030766463e+00
8.448624039653283013e-01
7.640359925637901783e-01
7.595591203265154023e-01
8.205492050895846212e-01
9.180902866231285264e-01
1.028889280318495691e+00
1.139082814115718323e+00
1.233883508960170738e+00
1.291400428104352072e+00
1.281534612481815660e+00
1.196381109728362091e+00
1.063406797022753869e+00
9.369486533548260221e-01
8.581582324878855861e-01
8.359524253686718698e-01
4.440044996908089736e+00
9.866914553752162975e-01
1.021291531484933790e+00
1.050429169164819765e+00
1.079362686485843437e+00
1.062959924586284410e+00
7.615862143886525937e-01
6.208429817992333621e-01
6.066533025483754615e-01
7.438843278175500950e-01
8.293144589009006085e-01
7.893779107374939707e-01
3.470455076435144726e+00
6.791429801997737048e-01
4.913829950586265372e-01
4.411405440939236144e-01
4.994564634613767873e-01
5.941630910037697388e-01
6.069922217124409380e-01
2.862670847671516583e+00
5.829987942587075977e-01
4.958550955639451918e-01
3.976080704296093282e-01
3.356548632250293540e-01
3.002091379803555893e-01
2.842870337705844519e-01
2.818966767027543674e-01
2.855478036989686497e-01
2.868515297698502886e-01
2.791585554479035780e-01
2.599661236816551702e-01
2.308333729326074168e-01
1.974562277660550647e-01
1.626949719369008007e-01
1.351616548018199082e-01
1.152253226590895102e-01
1.043221410246758796e-01
1.036258297226379521e-01
1.149226258915770349e-01
1.411435615955773104e-01
1.872853669973696955e-01
2.601242617801077794e-01
3.663335239171767177e-01
5.009979954979318917e-01
6.496580734326071749e-01
7.642763426057856968e-01
7.441633079427395492e-01
5.370334217128296395e-01
3.458315621010442098e-01
2.495458972641323159e-01
1.406608327003801007e-01
4.859728741679168046e-02
4.473212072843362613e-02
6.950880314164438467e-02
7.766826461366263534e-02
7.838455238172659101e-02
7.077087607079575460e-02
5.913044993277100786e-02
4.299913000709160854e-02
2.450260037173723066e-02
9.776730296341499052e-03
2.215166075532707442e-03
1.511058231945182915e-03
2.413978228311883800e+00
2.544995661719808289e-01
1.899640982673740375e-01
4.123127389787153985e-01
5.157629827345738827e-01
1.589460820407819592e-03
2.134677951969718088e-03
2.054967520095019928e+00
1.686444611897227885e-01
2.111921117297134998e-01
1.466406481049444543e-01
4.856591487046481026e-01
5.333729101387119087e-01
6.703898105740161428e-01
8.315677455678908286e-03
1.755816804037290790e+00
2.370705658512728686e-01
2.435468919039023017e-01
6.203399527967720095e-01
4.421120650065222812e-01
4.445502149347536625e-01
4.271239559696272670e-01
1.780069555612763185e-02
1.503262865721708863e+00
6.324752367167889577e-01
4.546620988561821952e-01
9.206249582023522393e-01
1.068495372757513051e+00
1.039337036487919308e+00
2.311110997039964587e-01
2.040586255406778848e-01
3.657300486878212187e-01
3.145642814873254589e-01
2.432359774733502261e-02
2.326920657311305207e-01
2.173014199600445395e-01
1.030903583463081752e+00
1.067962611555944852e+00
1.077381295851597365e+00
1.092127860474843670e+00
1.133968903548006946e+00
1.241810088054378980e+00
1.218163329306197973e+00
1.688953993043776913e-01
1.648501760606216338e-01
2.824972164044203260e-01
2.021474263386209280e-01
2.163488989389124317e-02
5.009376518373153120e-01
4.381911555969230654e-01
9.764181675872128929e-01
1.034542205197714893e+00
9.645134158159947013e-01
1.008213540818102105e+00
1.047324480391054191e+00
1.081723759115330363e+00
1.132271549718814940e+00
1.091205660347361883e+00
1.078238253204537811e+00
2.149307831392241741e-01
1.204599053895107241e+00
1.121809688975492714e+00
1.138848906043891329e+00
1.268680956770774193e+00
1.296096887688469534e+00
1.294355667869202253e-01
1.967745444840296731e-01
1.409852550205023813e-01
1.340567550810489207e-02
1.349029152359707828e-01
9.979452298193438597e-01
1.014053616494790866e+00
1.007900224305642523e+00
9.851645594911435655e-01
1.126512348840494671e+00
1.076260073616170487e+00
2.649410263396687615e-01
1.122039198886009004e+00
5.882751299877274631e-01
1.209480501015733345e-01
8.133487766660288387e-02
1.235713493375208555e-01
8.819636568699135148e-02
2.060362958344866269e-02
1.017605096332372838e+00
1.039451768828034472e+00
1.003268303564185171e+00
9.246529955322403405e-01
1.159419291902157756e+00
6.679437515423016780e-01
4.314426759438212411e-01
1.028739324488205265e+00
1.007775960118030056e+00
9.715562758132727517e-01
1.020837891791002372e+00
1.034150047758658042e+00
1.053035105578997266e+00
1.096549726604234554e+00
1.155930478110197113e+00
1.225233059528538115e+00
1.144729160338873397e+00
1.123518941564603857e+00
2.200117412200660039e-01
8.612747960119411239e-01
4.279168538829911106e-01
4.275258374787305193e-01
3.004925133054290320e-01
2.965770147235126108e-01
5.778440086237373041e-01
4.667433309582492140e-01
5.300951686405683955e-02
4.741946769394835004e-02
6.494139662273676339e-02
1.029614054612436380e+00
2.276148315095411490e-01
2.536635696656621142e-01
1.112141671041252833e+00
8.955136757897536048e-01
9.465373974469585283e-01
9.664940575481570928e-01
1.005512943217294008e+00
1.106611646094468160e+00
1.176705622933811757e+00
1.219839309068120770e+00
1.139633082993647850e+00
1.435856264678657401e-01
8.638412764508937025e-01
9.073159344524033276e-01
1.032611282893935112e+00
7.522508207078421050e-01
6.405695079248886481e-01
2.622600107711690609e-01
2.611608064317201272e-01
4.176112584291885033e-01
1.869274352467099332e-01
6.543454964010178010e-01
1.945038893490974585e-01
6.492729619076308134e-02
1.350433120748790738e-01
9.488546775696589108e-01
2.699582150781162926e-01
6.367980376113997476e-01
9.688956208608091591e-01
9.289424613512518025e-01
1.025822768246091421e+00
1.124266676431520118e+00
1.323605942489156195e+00
1.227782026806511162e+00
1.521973992956957844e-01
5.183222020934966645e-01
1.572695257068448538e-01
4.230600272436079168e-01
3.661119463067608049e-01
1.008523384681635215e-01
6.563021904965788966e-01
5.523201050292290137e-01
5.490228943966044550e-01
1.258486340100143652e-01
1.946494172313846527e-01
8.028556873717801468e-01
7.272771699556396241e-01
7.927347519237352147e-01
7.350138296216064404e-01
8.476875344971971371e-01
4.120101929295818532e-01
2.891854374886911883e-01
7.379074472731356193e-01
1.712515471255821875e-01
3.198847014801755040e-01
1.345806530367934517e-01
5.260220199437186661e-01
9.256480390901598021e-01
9.694492781778084600e-01
2.380497797366641632e-01
2.309531831674051516e-01
7.379061983289533222e-01
7.006834977621043681e-01
7.090772410583894292e-01
7.771522584793133515e-01
7.497799047689561736e-01
2.731690065429671632e-01
5.659599281388197900e-01
8.150268242096326832e-01
8.202936885722322824e-01
7.792213687666190713e-01
2.081864236689842385e-01
3.455858262582214291e-01
4.208996517077449595e-01
2.696064490143889603e-01
3.388729068461593941e-01
7.390572909529601331e-01
1.048577736020558149e+00
1.088951955992827791e+00
3.463037097368061312e-01
3.261694247788621825e-01
2.603881130620189777e-01
7.425331361692476539e-01
6.535283449599026406e-01
6.139167026251400872e-01
7.575856452453121337e-01
8.766589501041298638e-01
8.973355519394049518e-01
9.012217166949386682e-01
9.378805245639179056e-01
9.156556094826160397e-01
8.772420005818425404e-01
3.757519928700446821e-01
7.187370946487073864e-01
6.072558545206523384e-01
5.684411024403803747e-01
7.563617559527274770e-01
7.236110945006168915e-01
7.157112721603869909e-01
7.074221324919992560e-01
5.369306696198788975e-01
4.266482455972316901e-01
6.214459181095127738e-01
6.470591974391070034e-01
5.755356826316270213e-01
5.519423069932684056e-01
6.252275481878096786e-01
7.915749456149900887e-01
7.391627944509520098e-01
1.116177280084917678e+00
1.135668365389341128e+00
2.809494806490772101e-01
2.793471387295817787e-01
7.235530804306672392e-01
8.996910408401417314e-01
8.960972651275496137e-01
8.045162960056955193e-01
6.030515371746321129e-01
6.743179396261740344e-01
8.503604277520322441e-01
9.385799387932034499e-01
9.422182331247964671e-01
5.962054143050082855e-01
6.723015550103261795e-01
5.978173680372110832e-01
5.454576895122561497e-01
7.113809296464697063e-01
7.204653871611875759e-01
4.924775349401248059e-01
6.025946227062056737e-01
6.273914154871724769e-01
6.904527249669224487e-01
5.478598309255614529e-01
1.092718595288477035e+00
1.108744287838340448e+00
1.141096669907017080e+00
3.021544093602389069e-01
3.021451789139357191e-01
2.796983912356176827e-01
7.034678005693826286e-01
9.301588608233810618e-01
9.754468373590879926e-01
8.586069488542049655e-01
6.192264123220753147e-01
5.556237122720687482e-01
7.193780950471987401e-01
7.174762974803268190e-01
4.911796384358456113e-01
1.692376985177575510e-01
1.263497325102903024e-01
1.123443811045797547e-01
2.431629923490880030e-01
3.734060110542499200e-01
4.283332059053450158e-01
6.683775260492983428e-01
6.582578784783909009e-01
7.304696614082725192e-01
7.296799213561517838e-01
4.352656551299884935e-01
1.601841890668398716e-01
1.137519351246500249e-01
2.135020590477042790e-01
2.862538320987385587e-01
4.035999711573861615e-01
5.162903636676761110e-01
5.172314466988287007e-01
1.105573399997158202e+00
1.085661766152841823e+00
3.065382270674405496e-01
2.984148146551625636e-01
2.592982092365805902e-01
8.220923918640187233e-01
3.135778148341586968e-01
3.055867870645819773e-01
4.352002405092655901e-01
5.506266254775076252e-01
6.293720454938837028e-01
6.422977557878016830e-01
6.214598889646528734e-01
4.191482552021451036e-01
3.526870352711514722e-01
3.227078626161127284e-01
2.037139193848919172e-01
1.445656524311203783e-01
5.529073468608274727e-02
1.402681604092725076e-01
4.273900540776945367e-01
3.611040809650949424e-01
4.521141188803986521e-01
5.318843469112380928e-01
6.379503365148633254e-01
6.961405155858461091e-01
7.019460803847047403e-01
3.438363572248330224e-01
1.778084855177096690e-01
4.777954853810604391e-02
4.834945300738553026e-02
4.427675267682253391e-01
3.940323789537275578e-01
4.579260870226825597e-01
1.084236569217451818e+00
1.066178538388164565e+00
1.084762069642349669e+00
2.718511735726871215e-01
2.620478310453294712e-01
2.257210246641135898e-01
8.899733830439763294e-01
5.113936685422876272e-01
3.781105887198999427e-01
6.317402884448343192e-01
7.082438718012666889e-01
7.765231856985955750e-01
7.801525457177427292e-01
3.805099117919584772e-01
4.149805529540991356e-01
5.801858219531965677e-01
4.257912453865972946e-01
4.951754341759611044e-01
6.593244575857403200e-01
2.995683569549840164e-01
3.750127931113137469e-01
5.281269132200467897e-01
4.626978803813697194e-01
5.074046350539878070e-01
5.138363797713926262e-01
5.981366565471497587e-01
4.533267074305447064e-01
4.303014824207305744e-01
2.330680839928322978e-01
9.695425234954260785e-02
1.008211591856835315e-01
1.939595415090407393e-01
4.579466279174559951e-01
3.973873796864430541e-01
4.028068491117178240e-01
4.078740645461051972e-01
1.017450080697362758e+00
1.164077558915068478e+00
1.206374975408262662e+00
1.662073548759154806e-01
1.923342522260188259e-01
1.886037862565431156e-01
5.742536981355144121e-01
2.512903166204882299e-01
1.952105036386583836e-01
6.938659932342478021e-01
5.057169682607612904e-01
5.287028374941331599e-01
7.146998075938681971e-01
7.169426501131537233e-01
4.620645563776689668e-01
6.616238272142189736e-01
5.799225178635160072e-01
5.477312450504080443e-01
6.332056891838957480e-01
4.441046993607227766e-01
4.484777777998376069e-01
3.997510255271989332e-01
3.936068959609128615e-01
4.157732759319976434e-01
3.921694651937426279e-01
3.330442700113517840e-01
7.900025905235317225e-01
2.894258680794632443e-01
1.550246114771939299e-01
4.428211475945224573e-01
2.363145429447122692e-01
2.220904688925745829e-01
2.609295325252111719e-01
2.774664701905341091e-01
7.531633066123726294e-01
6.042618076619009626e-01
6.821712369024945932e-01
6.882537834707816993e-01
4.554388685000884673e-01
6.295189455102938592e-01
5.369653186076793761e-01
4.532913667392153290e-01
4.496227008360590971e-01
5.365952487532541504e-01
3.137072615654347141e-01
1.739734758688575855e-01
5.331884579839359928e-01
5.274868859872110516e-01
2.900303011951501642e-01
1.770511745790326608e-01
1.290695292418212459e-01
1.324071689654227890e-01
1.952951720292636917e-01
6.986267301834088173e-01
5.153993974622932406e-01
4.638646609506771878e-01
4.701153686428246048e-01
4.387232441079156331e-01
1.911435853233970084e-01
1.737169614188829592e-01
5.542308572312365511e-01
4.591946272476574165e-01
1.087604605501303195e-01
5.777000858203568817e-02
4.263479383553643309e-01
1.345289828972006385e-01
7.348216784258844447e-02
1.131465838953991249e-01
1.188594666343980449e-01
5.648339703363453035e-02
1.572578794420981807e-01
2.788822203529709443e-01
1.962733051088500491e-01
3.466900755182754645e-01
6.960506594333455699e-02
3.882825560183943980e-01
3.117551868775319396e-02
4.713455129963469159e-01
2.343186892775742797e-02
1.095438588545435965e-01
1.591300704539436867e-02
1.498744583223856341e-01
1.410489239855828025e-01
1.100573495050306133e-01
3.310936616519862263e-01
3.302798146546113700e-01
9.663556952940369205e-02
4.027878655396545660e-01
3.778387828575571206e-01
6.288487265279993355e-02
5.282075839195448097e-01
5.143067452337665157e-01
4.201135807455944060e-02
1.221480108828122274e-01
6.687153002223864690e-03
9.749692530790872447e-02
1.891742295213085234e-01
1.893679862809473091e-01
1.690208160541783466e-01
1.778749754221913004e-01
9.932328921079927597e-02
2.975709261519984827e-01
7.148295838635923549e-02
1.636765271282060175e-01
6.806206899145060898e-03
2.289980503544253310e-01
2.575858252165622586e-01
2.195934551477508323e-01
2.560412486557907541e-01
1.293644851456569322e-01
1.420963137179378499e-01
1.258125453911528857e-01
9.531774727225812704e-02
2.530243494145933969e-01
1.063141482796204837e-02
3.332987797511049455e-01
4.517827145280324808e-01
2.602504093553141828e-01
2.323657659079036431e-01
3.769101488146313073e-01
4.260257672251548944e-01
2.781700306930106059e-01
2.647153704975878097e-01
2.571855623427336535e-01
1.977473928838481831e-01
7.666071363807025474e-02
1.282635660774951170e-01
3.063557215792157007e-01
3.227905319019581110e-01
1.786484350526046025e-02
5.804740465458041454e-01
6.007519354399390998e-01
2.570538529676723027e-01
5.904381840316889063e-01
6.060559662917968105e-01
2.685872891517044891e-01
2.838921296518886472e-01
4.025223529282624391e-01
2.039406354838868285e-01
2.007717641343097492e-01
1.180085078111593744e-01
1.339515140783185954e-01
1.377186325233788478e-01
1.278969686514122017e-01
3.186171386694002239e-01
2.855353301996408147e-02
5.641017921678480596e-01
5.615956348714480351e-01
5.714649648889273958e-01
3.438459094208929367e-01
3.452661564883483525e-01
6.334071284753242104e-01
6.307481598004409662e-01
3.462588525122005101e-01
3.466306427251691358e-01
4.298466325212715877e-01
4.890872592359899462e-01
2.499342102895604767e-01
2.617434375375892741e-01
2.695522133973185519e-01
1.273652849406526066e-01
4.501779752684010316e-01
4.146796461534937861e-02
4.051300095870859902e-02
4.649922039191102530e-02
4.334178287008975949e-02
1.388300557567005988e-01
3.169578893146260401e-01
4.508413209451620496e-01
5.649011794909434281e-01
5.781024827190458515e-01
5.779962319816640548e-01
3.777075536516840137e-01
1.815709203531826743e-01
2.982038876180547748e-01
1.022614031127562079e-01
1.699321709052263596e-01
3.705422000785454917e-01
4.071447891612334780e-01
5.874222111474804997e-01
5.918692827058731343e-01
6.201247269933085615e-01
3.762164757215429312e-01
1.925065908760667521e-01
2.841034725234435898e-01
9.454639732717350087e-02
1.195523967363112949e-01
2.798687230305332285e-01
3.779545215836806471e-01
4.885458243878286200e-01
5.454302085640092557e-01
5.764101650059501036e-01
2.628497550416427075e-01
3.013058756797629689e-01
2.581154393091689148e-01
3.080041660549523441e-01
1.283232739060686245e-01
1.084916171275746161e-01
2.292456360565566786e-01
3.751286976100281501e-01
3.874828574883695254e-01
4.242437947422733058e-01
1.412492198560645895e-01
1.384238896651943662e-01
1.537312896264878548e-01
1.594837644015349443e-01
8.066815486176411032e-02
5.331449529840853740e-02
1.074856276130139870e-01
2.630708970722842044e-01
3.948149959633924788e-01
5.298938261156923568e-01
5.557497182016488679e-01
5.430335864545362407e-02
7.030370721558650005e-02
9.785918448287825311e-02
4.438810465960986162e-01
4.207321842817630664e-01
4.408639974925975813e-01
5.291793967686381217e-01
5.489140161609373791e-01
5.462341269919153142e-01
4.101523017359351431e-01
3.961878022888257744e-01
3.114113285166626444e-01
3.191308602233191571e-01
2.900856380031852089e-01
4.136866119858964574e-01
4.263660569618820118e-01
5.772313082745015311e-01
5.930032126481792343e-01
5.995084886457773266e-01
4.013336567492913898e-01
4.007271365946452613e-01
2.921525294159171837e-01
3.042580995456845017e-01
2.733508202795215669e-01
3.749928844896797675e-01
3.931144883143080637e-01
4.151009200833484791e-01
5.361773878967133200e-01
5.478367134380349723e-01
5.573568198102992755e-01
3.202262498308954264e-01
3.240644110367740249e-01
3.075731946816293583e-01
3.133899799138087361e-01
2.982272915654487488e-01
3.722092636732984849e-01
4.096000473213499138e-01
4.382261032767615916e-01
4.108655431517770351e-01
4.405435884926118817e-01
4.519328395340672655e-01
1.303303259476208675e-01
1.285858516290035447e-01
1.800905001890068247e-01
2.174951815548687717e-01
3.990717682117524423e-01
4.648722923137407759e-01
5.137110280324077571e-01
6.231369034542321161e-01
6.458872070099912210e-02
9.720742723891942494e-02
1.058403601091919000e-01
4.198465406754524620e-01
4.110453473580900630e-01
4.354780165143690152e-01
4.777671201332422957e-01
5.061438040900079205e-01
5.093806461120047313e-01
3.303517617738394585e-01
2.720086809377330050e-01
3.525367823124381239e-01
3.586547176759482536e-01
4.282348374940685432e-01
4.190311282679074489e-01
4.297791879598713005e-01
5.380459037399289990e-01
5.526372064315523414e-01
5.722307952559727573e-01
3.666433526556207023e-01
3.210688442046194524e-01
3.396560038031508078e-01
3.516965100166815072e-01
3.996154398461108093e-01
3.864840859311023946e-01
5.100042698440906408e-01
5.049729888397993527e-01
5.104356185331155871e-01
3.110987453153471471e-01
2.865594753693582741e-01
3.375329723051383457e-01
3.470631705678681733e-01
4.213455861518439760e-01
4.031864291679816970e-01
4.132412714225121575e-01
4.303230852734764578e-01
4.432735588451319764e-01
1.077120320160137035e-01
1.054397487349425649e-01
2.196815805744596339e-01
2.540223961605178049e-01
5.317449888798506663e-01
5.575787228255645323e-01
7.287516244987600755e-01
7.895243430015201902e-01
7.022139283856371206e-02
1.068477329033904744e-01
1.146182084313984301e-01
4.161553466396872292e-01
3.812912375974504275e-01
3.120269486294094952e-01
1.465994736837223089e-01
2.018523780179962701e-01
3.662480431488440713e-01
3.615909175252641217e-01
4.029210573575894294e-01
3.472199520695077313e-01
3.458771503373977430e-01
4.243209965916825421e-01
2.319660640574786603e-01
1.547974980927024624e-01
2.607895181190266198e-01
3.571179373896465337e-01
3.455422326518892140e-01
3.773049331115456151e-01
3.108615875016796370e-01
3.040518632987815884e-01
4.235856273895711177e-01
3.399689713717221062e-01
2.884194829018770223e-01
1.640188340545941370e-01
1.614281543966650245e-01
2.548972236387701540e-01
3.469687394514147094e-01
3.349284817141852666e-01
3.998840364595198649e-01
3.248520967391150260e-01
2.979870814160923143e-01
3.772766000584913404e-01
3.401809353627432420e-01
3.249330889992644300e-01
6.999569203809695439e-02
5.283119140207592074e-02
2.592711625183749535e-01
2.703317361218114390e-01
5.572501236436651073e-01
5.467349714192930588e-01
5.488937796975126293e-01
7.659044276690621933e-01
6.914687049531431651e-02
1.217462390448469517e-01
1.095152355467969157e-01
3.729811682510922322e-01
2.898194557142800276e-01
2.888059415034855970e-01
3.706931107943737258e-01
2.616682188778552964e-01
2.510403683397715580e-01
3.461482934099643360e-01
2.412876573790371793e-01
2.114621982160289348e-01
1.952338570484193903e-01
3.092886340867795902e-01
3.086276354630079766e-01
2.252094647747953648e-01
1.634815167964765448e-01
2.853446031417224416e-01
1.239700370233494803e-01
5.288967993167349030e-02
2.782322841391771107e-01
2.464353196531564871e-01
5.158215837575804708e-01
5.072497783074952915e-01
1.380692198680753435e+00
6.008969475249980458e-02
1.054104157192484736e-01
1.045236751923070001e-01
2.079343844114379392e-01
3.926831252835217279e-01
3.666838988994166049e-01
1.752081024333192738e-01
3.517290069136871922e-01
3.331317151141875987e-01
1.320403573386141338e-01
1.289383723599487608e-01
2.812345875244768867e-01
8.701499275186083682e-02
7.305623778993414197e-02
2.342738643428531331e-01
3.938859759722879161e-01
6.031013182775820880e+00
4.089636994806581521e-02
6.213236737950163235e-02
1.978433183919137139e-01
1.120677154694900562e-01
3.723255838067101031e-01
1.728944844432488137e-01
8.512466036842301909e-02
3.330565483182517106e-01
3.255231891824764134e-01
5.665374913299592308e-02
2.784578239776926978e-01
2.504337481533138732e-01
1.998024889134856000e-02
2.406302741243073195e-01
1.718820630899627333e-01
3.876968257417240382e-01
1.865674282112471383e-01
1.786177344762233687e+01
2.014155720991281720e-02
3.327355336784339895e-02
4.003377905417960375e-02
3.814538761490272600e-01
2.482509645864549308e-01
2.994846218888604431e-02
1.838064451463015392e-01
1.918734101466724670e-02
1.241379687250211000e-01
4.013966110197078781e-03
8.568551310615278582e-02
5.662062382276737693e-02
2.794503028303603642e+01
1.092479436457269824e-02
2.278969646161206272e-02
1.838060095073015821e-02
1.595984013523019662e-01
1.304311695645059450e-02
1.210297507528740463e-01
7.581882281342538533e-03
8.454287561945422746e-02
2.620073762008782027e-04
5.578912089940325780e-02
7.603716681020315608e-03
3.149564407185539139e+01
2.014122054618384949e-02
3.327343788654910095e-02
4.003537449849065011e-02
2.482506876768967863e-01
2.994836489859545661e-02
1.838070472849089310e-01
1.918724692628469633e-02
1.241390040081885859e-01
4.014039647170072368e-03
8.568439723744519787e-02
5.662067707561988655e-02
2.794501811249310919e+01
4.089578736948693699e-02
6.213218680062077004e-02
1.120705603929491034e-01
3.814524908772959910e-01
3.723239081272975981e-01
8.512446724329821024e-02
3.255243102848033865e-01
5.665363574485060560e-02
2.504352778128532409e-01
1.998037497645010693e-02
1.718801025331403165e-01
1.865676932683154599e-01
1.786176133498979368e+01
6.008899879204300520e-02
1.045233003697743079e-01
1.978473322139090995e-01
2.079380383493609208e-01
3.666825720823203016e-01
1.728943276462933942e-01
1.752079019463794740e-01
3.330577193498223121e-01
3.331326442912953545e-01
1.289382895983050836e-01
2.784591126114820958e-01
2.812355002549467575e-01
7.305636438944376754e-02
2.406280141159990449e-01
2.342718163398419540e-01
3.876973289415045487e-01
3.938865516975512682e-01
6.031006446058661652e+00
6.914618696197034897e-02
1.054100072492399481e-01
1.095148299295495425e-01
2.888082205238943767e-01
3.926821064483339563e-01
3.706922174062171060e-01
2.510404245720901928e-01
3.517296277249145620e-01
3.461488430901509261e-01
1.320402104920316566e-01
2.114623196258980098e-01
3.086277561239820222e-01
8.701507641128009007e-02
1.634814745686635762e-01
2.464339151549085061e-01
5.072504209561181643e-01
1.380689036601904229e+00
7.022078208708204539e-02
1.217458637464853555e-01
1.146178669426080460e-01
3.729816879872566715e-01
3.812913516814704362e-01
2.898218684893456021e-01
3.615906218869929800e-01
2.616684237768241439e-01
3.458774640071339279e-01
3.455421742075162062e-01
2.412878109581512720e-01
3.040523628620029339e-01
1.952340579224391137e-01
2.884206209949199962e-01
1.614274126790724573e-01
3.092887146931477260e-01
3.349276121665984429e-01
2.252092348343794070e-01
2.979866219086894641e-01
2.853442119955417744e-01
3.249326795055471062e-01
1.239698650568871324e-01
5.288988467474298877e-02
5.283139737477698245e-02
2.782311849211923094e-01
2.703310037766304963e-01
5.158221554667291597e-01
5.488945573605523709e-01
7.659036276487929396e-01
6.458821026220694372e-02
1.068474192809618362e-01
1.058400390455661727e-01
4.161539558385489168e-01
4.354758090830574968e-01
3.120264243126469328e-01
5.093790383468724814e-01
1.465992927475499863e-01
2.018520365419467222e-01
2.720079840900489487e-01
3.662477220259406363e-01
3.586547045531994771e-01
4.029218330779049673e-01
4.297798489493170337e-01
3.472203148384461757e-01
4.243214923719244580e-01
5.722316120166811571e-01
2.319662981073886132e-01
1.547972068686106206e-01
2.607887416418287474e-01
3.210676616333699718e-01
3.571176891173481471e-01
3.516958311860369779e-01
3.773058801478192947e-01
3.864851118085523840e-01
3.108621183732820370e-01
4.235870798057455588e-01
5.104372082264728716e-01
3.399704262759508655e-01
1.640174755546881524e-01
2.548955064029908013e-01
2.865579043414123173e-01
3.469675952580811851e-01
3.470613659395999639e-01
3.998831460487801137e-01
4.031854989094351138e-01
3.248515528669124741e-01
3.772765174748232142e-01
4.432734742615380141e-01
3.401806394109354037e-01
6.999615082242841013e-02
1.054401998776152011e-01
2.592712281184499368e-01
2.540226091914664086e-01
5.572510521864754152e-01
5.575797029522390202e-01
5.467357951207838518e-01
7.895235294505754675e-01
5.430295448728798130e-02
9.720718718800888669e-02
9.785897381199111511e-02
4.198431974365186559e-01
4.408604297159928742e-01
4.110429119465897063e-01
4.777652762746492643e-01
5.462318428771935075e-01
5.061420877934564855e-01
3.303509964656112241e-01
3.961864645950332053e-01
3.525368619340778498e-01
3.191309843962996662e-01
4.282353935090125185e-01
4.263666576419922749e-01
4.190319164483229941e-01
5.380465003071739361e-01
5.995090430354251820e-01
5.526380543671332024e-01
3.666423754022589132e-01
4.007263331358101865e-01
3.396551722245047533e-01
3.042570748984065876e-01
3.996165999989250706e-01
4.151021728000714450e-01
5.100059441759778878e-01
5.573587340316299432e-01
5.049745464538796247e-01
3.110974947093659293e-01
3.240636239262703611e-01
3.375309516328286463e-01
3.133874640099522102e-01
4.213446782337370022e-01
4.382252065332689073e-01
4.132413264430160882e-01
4.519329896044736450e-01
4.303229976784473387e-01
1.077123587017350809e-01
1.285855727205401644e-01
2.196824412036005036e-01
2.174961810704139908e-01
5.317457952093253004e-01
5.137117083924829242e-01
7.287506772161160828e-01
6.231353346035384266e-01
4.146766136069666292e-02
7.030373472290672721e-02
4.649938784853273332e-02
4.438763284610751092e-01
4.508364860764979554e-01
4.207284466100294495e-01
5.291771728828111865e-01
5.779941636067225108e-01
5.489117637733539334e-01
4.101506264836015103e-01
3.777055954832903573e-01
3.114113130921795092e-01
2.900852670543131451e-01
2.982034140688898383e-01
4.136872599601089107e-01
4.071456823682861881e-01
5.772318731615598830e-01
6.201252516851856189e-01
5.930038151790081313e-01
4.013332155137974144e-01
3.762164657436539161e-01
2.921515758391432516e-01
2.733496813566083095e-01
2.841022101615415241e-01
3.749943056806251951e-01
3.779560576610009881e-01
3.931157111467279419e-01
5.361791261583530588e-01
5.764119496520394570e-01
5.478385312952235298e-01
3.202259573105321055e-01
3.013061228771909961e-01
3.075704987092969245e-01
2.982246374531604127e-01
3.080015584388718919e-01
3.722084060510494896e-01
3.751277877016163109e-01
4.095991845642259488e-01
4.108657917275857496e-01
4.242442725180888830e-01
4.405436343322668979e-01
1.303299362870603273e-01
1.384228040657762837e-01
1.800916052232273135e-01
1.594849871669055397e-01
3.990718417888179936e-01
3.948149453096268524e-01
4.648728382906214818e-01
5.557475814087798893e-01
2.855331853158833352e-02
4.051312050688866961e-02
4.334133920745234653e-02
1.388283920555617723e-01
3.169546543290281404e-01
5.649001611104771392e-01
5.714652384156021503e-01
5.781005157267855576e-01
3.452643697448661286e-01
1.815703632437944692e-01
1.022611441034717294e-01
1.699321506873315013e-01
3.705426666807896674e-01
5.874223283358179781e-01
6.307480735220459822e-01
5.918697161658331707e-01
3.466313691456957002e-01
1.925058261881833488e-01
9.454615024853207927e-02
1.195528415981347847e-01
2.798699479966900716e-01
4.885469983863461874e-01
4.890883847758271674e-01
5.454317732241333871e-01
2.628505806365210029e-01
2.499353065166915466e-01
2.581130407741198396e-01
1.283221317542937723e-01
1.084910218315661562e-01
2.292449500525634842e-01
3.874833533367596505e-01
2.695533395361226492e-01
1.412478428325855129e-01
1.273638073255395353e-01
1.537325419681921934e-01
8.066901655171751506e-02
5.331471951655411545e-02
1.074852649819320188e-01
2.630703489813794316e-01
5.298912708629777146e-01
4.501751458372474923e-01
1.786469443896519099e-02
5.641062774204280705e-01
6.007584478743926981e-01
5.615965394734615534e-01
3.438440532138516970e-01
2.570528451694065186e-01
6.334069087349428750e-01
6.060557477015021677e-01
3.462596141799832994e-01
2.685882260408242739e-01
4.298470705792520330e-01
4.025228697239659481e-01
2.007733831399404756e-01
2.617444171520366680e-01
1.339524350658608809e-01
1.278951106766901824e-01
3.186168843033019837e-01
1.063133628460918335e-02
5.804824568658227824e-01
4.517907309307310770e-01
2.323637548537413888e-01
5.904378180210707594e-01
4.260254250655567954e-01
2.647164624559240620e-01
2.838922963731160820e-01
2.571859294964389808e-01
2.039427229577176759e-01
1.977496953813595026e-01
1.180092652421710075e-01
7.666099471052831293e-02
1.377165314181940103e-01
1.282616461286331111e-01
3.227941193891532556e-01
6.806229642371030078e-03
3.333063805543879377e-01
2.290026637074777938e-01
2.602480834565716883e-01
2.575836659626401515e-01
3.769095012219472740e-01
2.195934811343772108e-01
2.781711813667835376e-01
2.560422081460907995e-01
1.293647060096843604e-01
1.420984913644109948e-01
1.258123008820718203e-01
9.531650991551192387e-02
3.063638309487123346e-01
2.530209665025320853e-01
6.686580363963984946e-03
9.749732842058260462e-02
1.891732308051300437e-01
1.893683741111390484e-01
1.690213115288045076e-01
1.778750977625743745e-01
9.932527197905288707e-02
2.975705610799030398e-01
7.148226710956422092e-02
1.636719070586445113e-01
1.591294840129208951e-02
1.410474359832097346e-01
1.100604269632147053e-01
3.302803948798070377e-01
9.663579623881700387e-02
3.778391974855686009e-01
6.288657449767098839e-02
5.143066785888931181e-01
4.201074039821197509e-02
1.221464211365203278e-01
5.648345082519357074e-02
1.498729357000712914e-01
1.572570472834035060e-01
1.962620707944691401e-01
3.310942021438365579e-01
3.466906000925190634e-01
6.960606194916615919e-02
4.027883930803942691e-01
3.882830332067700452e-01
3.117488607759893310e-02
5.282076007490479341e-01
4.713456185809345445e-01
2.342918868558227161e-02
1.095428037076460331e-01
1.188591956284770768e-01
1.324060198074514527e-01
1.952956171091400628e-01
2.787643607119367206e-01
4.638594048967020211e-01
4.387235656796480976e-01
1.737192067800608364e-01
4.591949308709920019e-01
5.777050509909335135e-02
4.263480103599063264e-01
7.348378860920923294e-02
1.131452925078748756e-01
2.220872905279111520e-01
2.774681396229872754e-01
6.986327281062169048e-01
6.882580697985422047e-01
5.155234828336141550e-01
4.701152407318746618e-01
4.554384931658641000e-01
1.911489173486077553e-01
4.496244129155165803e-01
5.542312645870463017e-01
5.365956017959560009e-01
1.087884399141629266e-01
1.739928410305168482e-01
5.274865830264944266e-01
1.345709923238282146e-01
1.770802585828112341e-01
1.290681117285484292e-01
4.428179282417878393e-01
5.742416859623655778e-01
2.363114317583562829e-01
2.609315006116342817e-01
1.952121955104513806e-01
7.531686210467182230e-01
7.169488009710465182e-01
6.042632982517701645e-01
6.821543481657746932e-01
4.620648655129591664e-01
6.295201427760149793e-01
6.332070451113681608e-01
5.369652354462703947e-01
4.532850201864616624e-01
4.441048099537848737e-01
3.137362069081106597e-01
3.935999495880426746e-01
5.331879595987895071e-01
4.157722375307524865e-01
2.900558204164668252e-01
3.330445172312586077e-01
1.550231479672324886e-01
8.899647293310584129e-01
2.512897633180281587e-01
3.781074099654562759e-01
6.938679038092024909e-01
7.801533922722652115e-01
5.057157635608438007e-01
5.286960828621882769e-01
7.146956303689199208e-01
4.149810782966482092e-01
6.616254432837088695e-01
6.593259878357206061e-01
5.799239535161491155e-01
5.477326284584150828e-01
3.750128348608696705e-01
4.484740293773126218e-01
5.138373630331706243e-01
3.997506853168407703e-01
1.939582555598829972e-01
3.921442379414259993e-01
4.078658244899339147e-01
7.900083797779270389e-01
1.206375255896450671e+00
2.894284523890730543e-01
1.923348522562058627e-01
1.886023941608879206e-01
8.220844805479851081e-01
5.113909506147169548e-01
6.317372693520006965e-01
7.082416534565469934e-01
7.765225766707160027e-01
3.805108947860349478e-01
3.055874420720920415e-01
5.801870477934331083e-01
6.422991976425230787e-01
4.257921680556325805e-01
4.951766687783938359e-01
2.995684878812219787e-01
1.402682710122338527e-01
5.281252110405429967e-01
5.318821585031854315e-01
4.626950145215739663e-01
5.074021370377378437e-01
5.981401384335001126e-01
7.019479778626556143e-01
4.533299238180736879e-01
4.303046131232539095e-01
2.330703695761597305e-01
9.695500416647918895e-02
1.778087217184307622e-01
1.008201444067670094e-01
4.834958498314040343e-02
4.579394451031683078e-01
4.579187866836255116e-01
3.973823438173259004e-01
4.028007566142862150e-01
1.017451484520351945e+00
1.084763676880293515e+00
1.164078013318994076e+00
1.662068892938834974e-01
2.620474746332410176e-01
2.257198977667678186e-01
7.034598866161985153e-01
3.135783417181350896e-01
4.352012316427801841e-01
5.506279251871892821e-01
6.293735205261604682e-01
6.214596343964514658e-01
7.174764400034339129e-01
4.191476947988961865e-01
3.526868913154964091e-01
3.227081366547976393e-01
2.037138889088609961e-01
1.445652720591014684e-01
1.692375357171765071e-01
5.529071814136506113e-02
1.123438313797456706e-01
4.273892594073200879e-01
4.283325101341777241e-01
3.611029607617584625e-01
4.521113431385783143e-01
6.379527365504547021e-01
7.296817818208732875e-01
6.961421129102677297e-01
3.438368006778376729e-01
4.352665290160505629e-01
4.778114373724727526e-02
1.137544774398403374e-01
4.427636396481000047e-01
5.172274100137423947e-01
3.940264591320976062e-01
1.084238850776551466e+00
1.085662702897900234e+00
1.066180543305859985e+00
2.718508447384134774e-01
2.984153342290885580e-01
2.592976228759315549e-01
7.235465367338317355e-01
9.301578998652627606e-01
9.422167790129128973e-01
9.754485725604031821e-01
8.586083641428557955e-01
6.723142713030140216e-01
6.192264148713413352e-01
7.204653060511182483e-01
5.556238157937121169e-01
7.193782868525544494e-01
4.911791911751439144e-01
4.924773831073546160e-01
1.263493536437953202e-01
2.431620298843863714e-01
3.734047395652736467e-01
6.683765512013010168e-01
6.904510894063647930e-01
6.582582312255910173e-01
7.304714305332474789e-01
5.478616233936700608e-01
1.601870839375049982e-01
2.135040476048855052e-01
2.862544097569337254e-01
4.035983394060128071e-01
5.162866556958256581e-01
1.105574871457269959e+00
1.141099740018076902e+00
3.065390830977978709e-01
3.021469723069652447e-01
2.796986233220986051e-01
7.425293169870356147e-01
8.995950828342538230e-01
9.012367019417439895e-01
9.153689010845270646e-01
8.960184713257874911e-01
8.770875806513697137e-01
8.045321244315053466e-01
7.187483675959039919e-01
6.030549628347976476e-01
7.157147906293680473e-01
6.743210138504726059e-01
8.503599536870585229e-01
9.385769954607207088e-01
5.961996125721412687e-01
5.369298049859099198e-01
5.978171688612351486e-01
6.470577079970898371e-01
5.454577020167759027e-01
7.113807334746788946e-01
5.755353313072569810e-01
6.025994814278980982e-01
6.252401192149972253e-01
6.273883172690746246e-01
7.391654038140589300e-01
1.092724024384244874e+00
1.135674411298055908e+00
1.108746986692098480e+00
3.021570211162327713e-01
2.809524521800278452e-01
2.793482806206538105e-01
7.379062806982155109e-01
6.535226360945021185e-01
7.498371418826612622e-01
6.139401025248444332e-01
7.576179448524378301e-01
8.766949104701644568e-01
8.973526761595077561e-01
9.376306716350549797e-01
3.757592891817828629e-01
2.731707057744753864e-01
6.072594640053056159e-01
8.202917960406288511e-01
5.684447470138458414e-01
7.563658742681246272e-01
7.236143198562107193e-01
7.074248307558278492e-01
7.792217692653995442e-01
4.266469041685755914e-01
3.455869990887607823e-01
6.214433820290518051e-01
4.208993743713593805e-01
5.519573838374839392e-01
3.388747886752723204e-01
7.915778316982656770e-01
7.390602456152330912e-01
1.116186883022021625e+00
1.088964351265156782e+00
3.261756764606658088e-01
2.603899762575286880e-01
8.028571382086358010e-01
7.006558600154555450e-01
7.349348304193813464e-01
7.090994354283390866e-01
7.772834143383533512e-01
4.120063631014236338e-01
5.659471909118227728e-01
2.891844733829907477e-01
8.150239181900659213e-01
7.379087506566408550e-01
2.081888198970119619e-01
1.712519799684041333e-01
3.198847909368326414e-01
2.696097919508032015e-01
1.345806128005040680e-01
5.260243986867582100e-01
1.048590688028996798e+00
9.694661742789650871e-01
3.463109274785814429e-01
2.380568247601294596e-01
2.309555976137439015e-01
9.488525928612683291e-01
7.272777719001010110e-01
6.368402519934736050e-01
7.924810805851444373e-01
8.476049060830394000e-01
1.227688041269040742e+00
1.521966685002673347e-01
5.183236548294035684e-01
1.572695371828123911e-01
3.661122018097651143e-01
1.008519139488608662e-01
5.523224974526308451e-01
9.256627807021210463e-01
5.490375447628205174e-01
1.258540862096088619e-01
1.946525606353717019e-01
1.029608580421339736e+00
2.699603089372306086e-01
2.536725668936173350e-01
9.687117111798070335e-01
1.139549995744484789e+00
9.288826578525350985e-01
1.026172823340070206e+00
1.124290075397056166e+00
1.323498555273027844e+00
1.435843784377363042e-01
6.405705811141559902e-01
2.611609522966814589e-01
4.230601020014230773e-01
4.176112303780607493e-01
1.869268880094685226e-01
6.563050915959570686e-01
6.543484128347688555e-01
1.945103946640199533e-01
6.492980801649861355e-02
1.350471610349553986e-01
1.017600182006300091e+00
2.276270126575654085e-01
9.247267161066567986e-01
1.112480997199887245e+00
1.159472881143942535e+00
8.962040564737353554e-01
9.467175659622237838e-01
9.664273832952011700e-01
1.005302857315618192e+00
1.106518974917092724e+00
1.176663416690458819e+00
1.219749727054765032e+00
4.314434398806127335e-01
8.638403852252273252e-01
1.123520102092159467e+00
9.073161226968474713e-01
1.032611338125345446e+00
7.522514542100778856e-01
2.622601903994654648e-01
2.200119155350455658e-01
4.275254367813041134e-01
2.965768782928240865e-01
4.667456434205127236e-01
5.300909599705076053e-02
4.741766166043122344e-02
6.494452759408743392e-02
1.039451312092146917e+00
1.003219835688655470e+00
6.679447730866919786e-01
1.028739744630330355e+00
1.007776331274372161e+00
9.715565629194157227e-01
1.020838081994744018e+00
1.034150477183789940e+00
1.053035796503851929e+00
1.096550626429107611e+00
1.155931616178561994e+00
1.225234496747835022e+00
1.144728613351750468e+00
1.349029322486973437e-01
8.612741333089053430e-01
1.076259051166940539e+00
4.279164543848397173e-01
3.004925548068513308e-01
2.649413618844238538e-01
5.778464261773430533e-01
5.882777718603262596e-01
8.132765808974451449e-02
8.819042664530614417e-02
2.060457719904205606e-02
4.381906685401392720e-01
9.979451128474158272e-01
1.078237746722608303e+00
1.014053405495590976e+00
1.007899755210905690e+00
9.851637131990775842e-01
1.126511253613805108e+00
2.149312724761228144e-01
1.122042726725303474e+00
1.296101272936538429e+00
1.209380010113501464e-01
1.294249427216544457e-01
1.235646274328675437e-01
1.409781540999995586e-01
1.340482779034129004e-02
5.009374206595954560e-01
9.764178261699749672e-01
1.034541829320624551e+00
9.645129875687817878e-01
1.008213033852644935e+00
1.047323871632575232e+00
1.081723008896568805e+00
1.132270627874568003e+00
1.091205189743582160e+00
2.173017524385240928e-01
1.204601506388413457e+00
1.218166077715859830e+00
1.121811643846016171e+00
1.138851817339414652e+00
1.268685267099993297e+00
1.648360997734575062e-01
1.967675413356986536e-01
2.021402850055384337e-01
2.163349421859401059e-02
2.326919761537096232e-01
4.546597749265994248e-01
1.030903111968798580e+00
1.039335897703242972e+00
1.067963203974225728e+00
1.077382136613144858e+00
1.092128762566014544e+00
1.133970276785450926e+00
1.241812408032924919e+00
1.688808990216456862e-01
2.040377549480038022e-01
2.824926614288190141e-01
3.145592058141714609e-01
2.432253212405689063e-02
1.755823537212037211e+00
1.503269071857588957e+00
6.324722383146598181e-01
9.206213409721069052e-01
1.068492629633599034e+00
2.310837172103985815e-01
2.435087466860721417e-01
3.657442291708883353e-01
4.271750688650553518e-01
1.780010845422328597e-02
2.054974358198168094e+00
2.370280823668391990e-01
2.111658526744046305e-01
6.201790767743577959e-01
6.705441585252269743e-01
4.420283100504702190e-01
4.446081936227695985e-01
8.315449732628888910e-03
2.413984831987123325e+00
1.685491118540551614e-01
1.466248362846927500e-01
1.899183315034238262e-01
4.854045362489978754e-01
5.154443703942280797e-01
5.333809298273186617e-01
2.134628512446385632e-03
2.862677006935168134e+00
2.546150684991360658e-01
4.121708586073225544e-01
1.589428030001342708e-03
1.511024611276447129e-03
3.470460840631893529e+00
5.829942392544402718e-01
6.069879934281968703e-01
4.958501496174942402e-01
3.976035690308746817e-01
3.356507355204305654e-01
3.002052104805760790e-01
2.842831804517894634e-01
2.818927622592684590e-01
2.855436549152282066e-01
2.868469023673068108e-01
2.791536351463706489e-01
2.599627295432008212e-01
2.308317429819801703e-01
1.974522618321329914e-01
1.626902118354232596e-01
1.351570924480336722e-01
1.152205382793239224e-01
1.043170619338373295e-01
1.036200904877622730e-01
1.149145920791176528e-01
1.411323583574600193e-01
1.872695298611888604e-01
2.601011157984737809e-01
3.662999923461555674e-01
5.009550327321171670e-01
6.496351818692956970e-01
7.642872657705689354e-01
7.439629612516661661e-01
5.371600891909814601e-01
3.458316946914006262e-01
2.495953263808184108e-01
1.405314448894927348e-01
4.865635585521033840e-02
4.475149717505796237e-02
6.950268583875089667e-02
7.766056698684178916e-02
7.838307568491083288e-02
7.077173845118106543e-02
5.913108620990687597e-02
4.299916173495769295e-02
2.450238309869571390e-02
9.776573717682932388e-03
2.215116666510388594e-03
4.440051118066574709e+00
6.791417998320521399e-01
7.893774216548306022e-01
4.913814922618321979e-01
4.411390226166184703e-01
4.994544489030727785e-01
5.941598503732433700e-01
6.768142100198223154e+00
9.866903332078640343e-01
9.764755003821606882e-01
1.021291135114052118e+00
1.050428979366601734e+00
1.079362215647274192e+00
1.062958781698416733e+00
1.043492670524048815e+00
7.615863140992836788e-01
8.359532881962424833e-01
6.208427121197254150e-01
6.066531060409540155e-01
7.438842392398440362e-01
8.293139905330959571e-01
8.634087605545785138e+00
1.340103362751958116e+01
5.814018893442640668e+00
4.618262411235730447e+00
4.215398866397489286e+00
3.971292961972664681e+00
3.786172398798382854e+00
3.627978144432292051e+00
3.483054183592384945e+00
3.345078664864364448e+00
3.211735883088021826e+00
3.083063458337827356e+00
2.960363598260163265e+00
2.845421256716613723e+00
2.739973455408262648e+00
2.645399897941983713e+00
2.562588697677197214e+00
2.491917670314748090e+00
2.433292586402291402e+00
2.386197916662168961e+00
2.349738336375818193e+00
2.322674064148434248e+00
2.303471384671857525e+00
2.290393282754778603e+00
2.281641180728096518e+00
2.275533005259614328e+00
2.270677595756899425e+00
2.266093655860053069e+00
2.261229477184565795e+00
2.255864533654033277e+00
2.249905956936607776e+00
2.243121479686528197e+00
2.234869918955228130e+00
2.223900178630376256e+00
2.208290756075425687e+00
2.185590362416964805e+00
2.153187563977931873e+00
2.108875695490169289e+00
2.051496051933700215e+00
1.981470167368902136e+00
1.901020411115463160e+00
1.813960647588191089e+00
1.725095544866752650e+00
1.639421344582269624e+00
1.561385458669384940e+00
1.494404443210863187e+00
1.440704722376908720e+00
1.401421279215372850e+00
1.376825514067253398e+00
1.366559864877141761e+00
1.369802090442475029e+00
1.385333054381988616e+00
1.411523126725932498e+00
1.446283437835174768e+00
1.487049203072548398e+00
1.530864767235555535e+00
1.574611975791089691e+00
1.615364510286401156e+00
1.650782237884096837e+00
1.679416871188320171e+00
1.700809757993508642e+00
1.715322021468585367e+00
1.723716917726791920e+00
1.726579178591238106e+00
1.723689171424892974e+00
1.713477439648386502e+00
1.692681965886301265e+00
1.656311770446769360e+00
1.597941215830516404e+00
1.510163337458541033e+00
1.384674801126140498e+00
1.213537456239086820e+00
1.002531541145426752e+00
7.934911703433183972e-01
6.771982381425546427e-01
7.082067135821330517e-01
8.266194018314171332e-01
9.254345698998656111e-01
9.580986189938278663e-01
9.662090448128219933e-01
9.683946491044881366e-01
9.603451429149659768e-01
9.431741293242471569e-01
9.502439078236430969e-01
9.713632121484703230e-01
8.448610691610567436e-01
7.640350865439087258e-01
7.595584377158992595e-01
8.205483555903723136e-01
9.180892955162712754e-01
1.028888267177466398e+00
1.139082006941888991e+00
1.233883219489965377e+00
1.291400883285777068e+00
1.281535586042845232e+00
1.196382124129178326e+00
1.063407718614229447e+00
9.369495625528836413e-01
8.581589799741979885e-01
