1.791839669933913726e+01
1.134998871213478999e+01
8.792664436121558680e+00
7.396175220575138987e+00
5.657989167724420732e+00
5.012552769155695032e+00
4.605845136270991347e+00
4.300627474773501824e+00
4.051974288039695615e+00
3.839693604134120974e+00
3.652633871573519819e+00
3.484042361222481343e+00
3.329612156720961114e+00
3.186516080325852762e+00
3.052876198291295307e+00
2.927449936900913929e+00
2.809432094994250395e+00
2.698322412168000284e+00
2.593832128157093742e+00
2.495814702012877362e+00
2.404211906053005610e+00
2.319009847176945360e+00
2.240201512328690914e+00
2.167753824286396291e+00
2.101578245978099613e+00
2.041504909138899038e+00
1.987261239504630739e+00
1.938457156481173449e+00
1.894579967392636677e+00
1.855002617337228932e+00
1.819008387288147954e+00
1.785832948094635997e+00
1.754720871266413518e+00
1.724989113429487464e+00
1.696086319544283016e+00
1.667635984708213615e+00
1.639454745849821427e+00
1.611543774634191184e+00
1.584058973050677110e+00
1.557271153603908109e+00
1.531528210912229904e+00
1.507227274389051797e+00
1.484798090221489675e+00
1.464692606886756288e+00
1.447372469626194702e+00
1.433286584257551954e+00
1.422833997009924412e+00
1.416311157902487627e+00
1.413845785651873355e+00
1.415321943077914479e+00
1.420303732750765935e+00
1.427969718824758205e+00
1.437077060393227246e+00
1.445980986421230963e+00
1.452736063251674370e+00
1.455293951519154083e+00
1.451784947782349011e+00
1.440833873432997070e+00
1.421831261192824325e+00
1.395077380649371035e+00
1.361747645258322370e+00
1.323682859245074672e+00
1.283062109916069948e+00
1.242046225349457078e+00
1.202475730403310683e+00
1.165676348236216908e+00
1.132385530621364378e+00
1.102783175823001116e+00
1.076597081661643696e+00
1.053255050090658784e+00
1.032060772091634382e+00
1.012371812309602381e+00
9.937551019370891581e-01
9.199991113118355379e-01
9.209757442754233914e-01
9.276132864795000321e-01
9.575576329897729222e-01
9.790506755258900906e-01
1.002136848270090308e+00
1.023236378396344737e+00
1.037339813753865858e+00
1.037984449440731982e+00
1.017408483537438846e+00
9.667623494056596378e-01
8.760041603290243950e-01
7.374737171462413254e-01
5.675621934357838461e-01
4.385120965607360866e-01
4.473520224393824352e-01
4.500779062260275576e-01
4.517905282643603360e-01
4.473605480000386048e-01
4.489356746237824214e-01
5.627701939699004896e+00
4.397560749887377551e-01
4.494627090819831028e-01
4.485522821992358189e-01
4.431539436152874267e-01
4.431185309718014276e-01
4.341517994295663208e+00
4.351698751500974738e-01
4.477684872035059827e-01
4.491272482588365422e-01
4.433254666452230985e-01
4.432954703630800908e-01
3.563037267500597682e+00
4.331979598795306363e-01
4.458608374250875306e-01
4.422711965466166184e-01
4.423104560880272151e-01
4.437764667027478405e-01
3.007977970774619259e+00
4.341621884157625955e-01
4.428208217360338206e-01
4.475471477031656709e-01
4.461195212235884444e-01
4.564971132854222513e-01
2.577973884922840853e+00
4.364713691373849902e-01
4.344713417595780225e-01
4.446351390791033475e-01
4.468055867033814965e-01
4.378168153171261290e-01
4.374844407977040994e-01
2.228309864301923682e+00
4.248640942042022917e-01
4.413746454037243416e-01
4.390908569877813861e-01
4.414371185739137116e-01
1.935143064600110874e+00
4.298339922592822604e-01
4.390079029626274831e-01
4.448739413094548456e-01
4.328244921291712899e-01
4.335149510548901297e-01
4.338090039354425831e-01
4.657028258214931937e-01
4.002920024732663506e-01
4.704680002728273136e-01
4.837145446396385329e-01
4.805906322149618437e-01
4.328233637570157444e-01
4.308761283718130497e-01
4.537901805055275517e-01
1.278265861701138650e+00
1.467261149994603331e+00
4.370188797770319655e-01
4.562421748383289621e-01
4.716093349722035311e-01
4.608476006709443795e-01
4.688020211792661707e-01
4.723611369751104516e-01
4.880291712992489983e-01
4.795822238462811304e-01
4.306887086737361536e-01
4.276684465095315080e-01
4.503750714038715630e-01
1.111447169970338988e+00
4.130954900378676631e-01
3.939071754361153088e-01
3.611893236385899653e-01
3.685219389114094968e-01
4.226087568193675481e-01
4.906311906144643076e-01
4.969381237489144953e-01
4.778436117060775867e-01
4.596412344091057589e-01
4.556004562980146000e-01
4.581846136454748031e-01
4.623528630184395860e-01
4.652848776423538779e-01
4.690106697210584819e-01
4.658256466720684941e-01
4.622022907989237206e-01
4.160795457648152063e-01
4.373938433356823197e-01
4.436273999813454272e-01
4.757589382762398289e-01
4.643133487232619094e-01
4.711606612695998231e-01
4.806360048303445209e-01
4.824998956364018876e-01
4.866546190718163412e-01
4.330274166489169185e-01
4.345632217180117607e-01
4.387172675847572645e-01
9.989467159618756753e-01
4.467598375625227436e-01
4.221597219034642912e-01
4.457423308088015457e-01
4.807709993140519833e-01
4.588435609260284043e-01
4.577920973439502106e-01
4.572784847836188771e-01
4.569632799816239488e-01
4.573076481516530345e-01
4.581381776018719765e-01
4.599094880244560812e-01
4.604646818674805742e-01
4.639339569302797783e-01
4.674739708724497400e-01
4.650951746701461609e-01
4.372487032703406551e-01
4.507616692467339981e-01
4.659121715911951900e-01
4.707274216111656528e-01
4.795952880826613862e-01
4.904401207115291483e-01
4.983995325988755387e-01
4.339240213039447513e-01
4.372750513091943070e-01
4.327224707859866348e-01
7.920662177238192436e-01
4.044411908082733986e-01
4.277720319089790002e-01
3.882637398273263707e-01
4.351445387282395494e-01
4.430157395232254269e-01
4.738156312124297553e-01
4.604775400515653261e-01
4.587672732096363948e-01
4.597465129983279719e-01
4.610417011655374431e-01
4.693150869627041866e-01
4.814674192127525454e-01
4.388524483618999605e-01
4.401956402164228788e-01
4.648667463551388601e-01
4.700420688831090654e-01
4.732508254220440524e-01
4.827306990793630015e-01
4.826872961364652714e-01
4.946942823984032955e-01
4.361610593949551973e-01
4.391939523123689071e-01
4.287427232923833875e-01
3.627539047821093932e-01
3.219742567348757856e-01
3.430511258068472680e-01
3.817010017160430424e-01
4.510157243034503272e-01
4.855317260919432276e-01
4.728900294450633091e-01
4.662830836850656580e-01
4.648497640946390175e-01
4.674347341929922517e-01
4.376946611570406431e-01
4.461070374812960426e-01
4.448937921602661993e-01
4.511273706204192435e-01
4.791730165990896739e-01
4.579764626946420392e-01
4.182887551704227436e-01
4.694153955705417935e-01
4.382731994272905385e-01
4.402425469441783590e-01
4.696544023473410157e-01
4.671525746668637180e-01
4.752512602530963859e-01
4.961670530335279272e-01
4.885450929704770462e-01
4.355609914370252023e-01
4.345308908266306003e-01
4.521105814507788145e-01
4.511168088685063027e-01
4.459015069934635367e-01
4.423663959538111645e-01
4.709727438026666824e-01
4.433792939975055303e-01
4.429428044402346498e-01
5.223206856702274914e-01
5.620889798298112083e-01
3.616844200684867228e-01
4.673303515405267672e-01
4.760917516933187432e-01
4.770520273042047066e-01
4.648969348196576590e-01
4.659928124307032293e-01
4.641108993764072599e-01
4.603461378971376305e-01
4.579715711368586573e-01
4.581913911960428520e-01
4.593466335472075057e-01
4.614259948400903921e-01
4.568629728707587212e-01
4.404151189843905079e-01
4.476245506929260043e-01
4.707011613273733852e-01
4.971324021571041363e-01
4.839848765010404397e-01
4.359349686351411957e-01
4.603298686379648230e-01
4.632752373112503097e-01
4.621180751416637533e-01
4.400699120854181801e-01
4.408881289432796113e-01
4.700584839863887199e-01
4.710915614143755814e-01
4.834851948277633649e-01
4.691510154397840471e-01
4.329891673464240087e-01
4.332713625398004753e-01
4.587744038014864301e-01
4.438813351310171851e-01
4.470710721835310375e-01
4.588155354133721664e-01
5.084494849346318235e-01
5.710049728844297512e-01
5.234640684836776581e-01
4.546245750540132136e-01
4.179059067852961551e-01
4.324457304664668933e-01
4.625185354821399475e-01
4.106476148743209431e-01
4.532185844382495832e-01
4.557432067869616188e-01
4.513874502802521227e-01
4.533671255372558884e-01
4.588284034531570632e-01
4.590670665586954469e-01
4.534930353356721455e-01
4.424439715317254884e-01
4.450350122651092200e-01
4.466337290170303009e-01
4.594030299641313486e-01
4.615841986230809768e-01
4.457265111494511101e-01
4.399284059412205128e-01
4.631003039272692523e-01
4.654367032385702263e-01
4.597511820268842531e-01
4.712255118678028154e-01
4.403695632262870086e-01
4.374279089819191335e-01
4.637459842587018932e-01
5.069669249805582867e-01
4.919445280466668846e-01
4.569516644332220490e-01
5.024290552183062752e-01
4.324739507612178624e-01
4.332004937433709957e-01
4.574028910900474476e-01
4.505088678277391345e-01
4.434755574068947048e-01
5.377161955498040991e-01
4.419553142101548815e-01
4.370939145397289005e-01
3.933372615060380939e-01
4.361204359515939433e-01
4.675360134812580060e-01
4.790582200245823707e-01
4.822273302456505095e-01
4.532470330516558676e-01
4.555460965976788068e-01
4.527348374606695591e-01
4.570184945877481808e-01
4.560318659307450728e-01
4.459407679632888533e-01
4.591101083526283322e-01
4.737990079829186851e-01
4.771366689868194455e-01
4.442616464737896842e-01
4.471514133436877980e-01
4.486831459912791198e-01
4.394930276962456528e-01
4.813579465753933806e-01
4.363783510834438606e-01
4.599372477076283938e-01
4.572601281229932146e-01
4.750054217217490882e-01
4.406546774007893963e-01
4.386410439876502476e-01
4.669574247269038803e-01
5.069508851922703840e-01
4.603976079482179906e-01
4.229323196936336515e-01
4.430681476434590871e-01
4.714137094126877314e-01
4.888725348685426519e-01
4.948561574749091307e-01
4.326427679793863335e-01
4.361404863590471193e-01
4.533926690052011987e-01
4.495914848477071679e-01
4.360556875680923761e-01
4.441884074191950194e-01
4.468857151886106438e-01
4.507966358561020792e-01
4.726115331802881459e-01
4.630659913551793405e-01
4.553351896824304745e-01
4.917272466274463238e-01
4.481149203914603918e-01
4.537837046128082585e-01
4.501609929332606730e-01
4.506045718899301944e-01
4.820985690186745387e-01
4.574671410730335452e-01
4.590070201677376449e-01
4.634956255404485970e-01
4.666825667756725471e-01
4.688992449052007960e-01
4.414698136575105347e-01
4.495014398121544019e-01
4.473701041930728817e-01
4.501427650057099328e-01
4.878800142641135928e-01
4.730583756715343036e-01
4.373859455634900306e-01
4.369796699683352048e-01
4.580195678672861481e-01
4.581120584269427476e-01
4.779566532418811353e-01
4.415483445508076588e-01
4.403727445734724188e-01
4.637876210028493706e-01
4.748564586002190779e-01
4.401110608571262572e-01
4.787497350108133043e-01
4.851836129562637767e-01
4.850950286609965190e-01
4.348689675474440852e-01
4.392218523089196358e-01
4.355120648906616876e-01
4.276029609691930355e-01
4.260284803297690326e-01
4.551924087926237372e-01
4.584893482213871496e-01
4.463902087293031840e-01
4.584641134169821775e-01
4.631031402552423515e-01
4.696069002769188705e-01
4.475897892475207973e-01
4.516806120067049513e-01
4.575122257247297708e-01
4.771037665583843235e-01
4.438706736731139468e-01
4.429442414038842757e-01
4.628202707616879685e-01
4.611951009792651934e-01
4.666867863415891104e-01
4.685377598705231517e-01
4.423796464031834463e-01
4.508173637647380771e-01
4.500006669639874390e-01
4.708155113437392791e-01
4.817963570129176754e-01
4.418695962165216651e-01
4.582266940085844009e-01
4.567523921741434845e-01
4.774531620499778417e-01
4.427643327350758717e-01
4.483042827136416442e-01
4.493907887279660618e-01
4.662008354590341797e-01
4.728935818084587517e-01
4.348208594711703845e-01
4.365602214001012005e-01
4.812000647244626395e-01
4.867507102275317465e-01
4.908434516752547827e-01
4.382400978387293033e-01
4.495931569804614836e-01
4.297154717292305803e-01
4.372569328897193963e-01
4.532304683375015797e-01
4.548357315670357170e-01
4.587886357709242136e-01
4.620280927909151125e-01
4.629700979246834103e-01
4.752126560727700788e-01
4.483095413984476418e-01
4.489215216625827010e-01
4.514443355080475229e-01
4.504879782673699706e-01
4.688684358182658718e-01
4.772038951970620224e-01
4.429022806547874835e-01
4.611243890595518313e-01
4.618649774971507194e-01
4.611572508545062066e-01
4.836573230423497627e-01
4.463730790317365082e-01
4.504745867324528308e-01
4.531633708733424082e-01
4.696413391290668038e-01
5.017949655536877440e-01
4.535146196022189491e-01
4.344231285823119681e-01
4.579398385951740091e-01
4.562301066715974684e-01
4.743374622732355328e-01
4.464729165708475334e-01
4.468101552187302428e-01
4.492609756572054081e-01
4.628775510280713212e-01
4.741008224464091092e-01
4.383389186117813696e-01
4.816682239866657000e-01
4.851037977594589989e-01
5.008321718180875903e-01
4.376772194942126215e-01
4.376472145046820805e-01
4.399874752122394095e-01
4.445687609477583790e-01
4.489288027015014282e-01
4.503137892245131502e-01
4.509331816896936518e-01
4.608161332014322209e-01
4.594659555284500430e-01
4.600503220019847572e-01
4.677115056003596782e-01
4.647749981706039146e-01
4.507773891654210940e-01
4.604106128646789919e-01
4.639575937030810948e-01
4.711714248052552567e-01
4.379252680081219817e-01
4.581402972721945188e-01
4.624980228979116426e-01
4.619056828531242775e-01
4.647567076340661796e-01
4.507159256136014647e-01
4.980501024233415230e-01
4.407859313942473212e-01
4.574028732020190002e-01
4.553948288926859544e-01
4.709199497646281429e-01
4.433563860462726436e-01
4.504912664980174619e-01
4.623575951227102965e-01
4.250800787316295071e-01
4.380643844306249535e-01
4.764837634874410366e-01
4.798927569367731905e-01
5.060365842132841241e-01
4.367408557180647577e-01
4.400231661798050808e-01
4.525093076684092441e-01
4.584722634680286624e-01
4.584592353197399217e-01
4.648954003590957118e-01
4.659324892095438320e-01
4.636867975047500590e-01
4.633145691597377325e-01
4.856752050463659653e-01
4.671098486834244778e-01
4.437250180252748089e-01
4.104194884960022383e-01
4.595283867808984679e-01
4.649878943727119851e-01
4.641908434130623817e-01
4.438560762996197062e-01
4.570040888933123435e-01
4.576619361439215328e-01
4.596439992511550110e-01
4.446309378987532424e-01
4.794276930226456512e-01
4.786654939954593235e-01
4.930894732347260723e-01
4.424607134365353134e-01
4.449426058015462093e-01
4.498103390458020878e-01
4.471336121696053989e-01
4.616520413732060346e-01
4.619559172448124973e-01
4.574124446655866150e-01
4.638509909644378815e-01
4.635241006806778419e-01
4.503232439981293411e-01
4.595956186002375654e-01
4.608033401676165930e-01
4.597233339356469051e-01
4.656530779689670441e-01
4.592239912779816913e-01
4.248236351875359085e-01
4.577457687734482472e-01
4.613793977581242545e-01
4.583897297589993869e-01
4.355686234097665976e-01
4.840243462916821726e-01
4.817326131544489298e-01
4.463618599596233527e-01
4.459946490117049911e-01
4.451922868618946039e-01
4.431155963186392266e-01
4.601765981821070439e-01
4.627998182727086629e-01
4.638111232096654435e-01
4.590862994541515252e-01
4.634372773905756082e-01
4.835586305575250710e-01
4.614822051026942207e-01
4.596696258418200287e-01
4.591307364185168161e-01
4.611932266476457265e-01
4.726145475420269748e-01
4.393497786694604557e-01
4.601611547574953054e-01
4.299755771674493299e-01
4.583757408744197903e-01
4.461137033279204966e-01
4.832645302862617065e-01
4.779210168508444267e-01
4.914434491940923300e-01
4.482481786700521220e-01
4.500355830742596153e-01
4.439583482961532157e-01
4.418442690641223303e-01
4.560816594238634725e-01
4.639185980930842779e-01
4.568850812144352735e-01
4.648281639003556398e-01
4.680170070499698465e-01
4.608281039867977436e-01
4.630178012357457629e-01
4.461304034172803301e-01
4.481173117682847873e-01
4.707230661715872677e-01
4.555477097339717396e-01
4.721646921395341590e-01
4.537038511450596223e-01
4.444933100882257904e-01
4.885071398155231281e-01
4.751709375344078667e-01
4.742823958532439432e-01
4.918800723525669216e-01
4.484058454766456925e-01
4.506460921779629758e-01
4.446185918987699548e-01
4.456465328868067788e-01
4.531310770541292499e-01
4.636635938783968958e-01
4.685409034804270401e-01
4.628941517542466411e-01
4.624087462498048806e-01
4.614150746505054634e-01
4.800752131349441121e-01
4.582196262825063982e-01
4.627956994170140392e-01
4.598982053765018896e-01
4.754815059057209137e-01
4.525481252552354672e-01
4.636206107939755960e-01
4.606524329716412125e-01
4.536976727578752588e-01
4.537764764064205480e-01
4.594946102584205327e-01
4.786063857193674775e-01
4.686453800811721249e-01
4.497224830192180778e-01
4.506233898517991165e-01
4.442776738173970785e-01
4.474544613996053188e-01
4.710506607760688302e-01
4.700883890434951473e-01
4.672939907061323672e-01
4.453491124933541268e-01
4.382275884095077068e-01
4.621963181802529741e-01
4.666342003366799052e-01
4.492665565131160887e-01
4.622461475970747191e-01
4.621355942379835602e-01
4.546412203789994555e-01
4.532566217401407527e-01
4.375295525408233188e-01
4.592291889592345355e-01
4.261129383277892368e-01
4.715354083764567439e-01
4.573038122883487100e-01
4.609633947373258378e-01
4.585543848933070210e-01
4.528890435011483362e-01
4.518687196732613653e-01
4.522567569106204499e-01
4.387645825321379589e-01
4.407030533299396979e-01
4.662734145216814174e-01
4.681268671528803216e-01
4.538876663263728406e-01
4.371703238687659199e-01
4.567640024322733860e-01
4.630994098631142086e-01
4.640022869861584742e-01
4.673267782547467220e-01
4.480242254588384654e-01
4.615316679070460837e-01
4.622976367029864031e-01
4.563398679135904357e-01
4.507553863381029702e-01
4.564669784548928133e-01
4.505486236888629481e-01
4.343623975135971760e-01
4.485482271759054229e-01
4.610927856304338213e-01
4.575976922694136584e-01
4.499973046780241237e-01
4.498348197491020550e-01
4.524959957284444001e-01
4.527914727022242514e-01
4.333166563308287200e-01
4.365810470867287907e-01
4.628659036699933060e-01
4.690359955877871911e-01
4.281505609825594361e-01
4.842311417804044393e-01
4.604020054029585030e-01
4.599374912173593843e-01
4.612160153651613248e-01
4.711973938936925843e-01
4.489794716578954792e-01
4.508909423371700864e-01
4.548469725959798371e-01
4.584423286297582001e-01
4.501218542168691772e-01
4.381189952110641217e-01
4.578736075375634540e-01
4.610410920877341390e-01
4.651707034023045972e-01
4.615706473320774217e-01
4.554402100532714548e-01
4.506441816788676613e-01
4.570124115000643861e-01
4.536389341904152328e-01
4.451702667704529048e-01
4.482338525751082825e-01
4.537336866957481507e-01
4.624333238348585229e-01
4.556383575986186485e-01
4.500804214695897087e-01
4.584669723586642931e-01
4.641874124179652950e-01
4.680941643477328773e-01
4.830665394497558607e-01
4.543385498639016529e-01
4.535996184737901560e-01
4.385794472431188695e-01
4.387076349671942821e-01
4.454347136891301240e-01
4.659537903017334504e-01
4.734507589165307118e-01
4.719412683821987420e-01
4.339074105070340193e-01
4.311150887963429157e-01
4.799976670020194569e-01
4.743462891329743303e-01
4.595204304563754727e-01
4.541743026636639313e-01
4.660699928501524925e-01
4.570363306814416715e-01
4.578341003216268579e-01
4.782976659561067878e-01
4.503775713968057315e-01
4.584682262024141197e-01
4.581317553545266041e-01
4.382634628121079290e-01
4.406669441105844909e-01
4.608080721874052155e-01
4.690376929856037158e-01
4.522792852158025734e-01
4.510048213945793694e-01
4.562437915174103464e-01
4.547069952089299316e-01
4.485242359692674374e-01
4.516670404333077982e-01
4.592008219379573042e-01
4.597640115677579242e-01
4.537502471739003340e-01
4.477333077336160261e-01
4.503000088095465703e-01
4.637993632776569730e-01
4.701349491702122574e-01
4.765601296011179877e-01
4.557390616582567278e-01
4.566077202407843316e-01
4.404338673396808179e-01
4.423654763934897205e-01
4.720779115198704967e-01
4.789759451773564769e-01
4.265497601346699419e-01
4.169337896872917781e-01
4.717379489385578606e-01
4.795735961066409092e-01
4.552740789482330186e-01
4.559391068114485024e-01
4.582919656207070647e-01
4.589122054655179195e-01
4.601430830764826063e-01
4.686771661199946037e-01
4.572199172910190179e-01
4.484750343592617816e-01
4.576206365085275785e-01
4.602408700866317259e-01
4.436759341510817523e-01
4.450158905450840585e-01
4.516039400408312643e-01
4.599477451634342851e-01
4.684765187916158369e-01
4.502260247650081704e-01
4.574093186624654805e-01
4.487238285929434634e-01
4.484762694684107931e-01
4.559964732307575375e-01
4.613065000369901414e-01
4.470959708361904594e-01
4.513621351481955091e-01
4.547457643420119711e-01
4.604143843782509404e-01
4.781988449287628007e-01
4.695964806836033789e-01
4.736661648756935739e-01
4.536794931559159916e-01
4.589045296062912449e-01
4.341703305450771988e-01
4.341357276979266877e-01
4.710814428594193304e-01
4.772159290328887304e-01
4.248093541024334785e-01
4.284524003049814400e-01
4.724423000452263044e-01
4.726897509281711707e-01
4.560510337600730546e-01
4.549136929636055648e-01
4.629514719857023008e-01
4.613775117829037598e-01
4.677390261525415371e-01
4.518645695027506681e-01
4.541305877529383528e-01
4.582032675460571691e-01
4.583926972390693910e-01
4.436237672604693150e-01
4.455771919325562935e-01
4.572723758386869064e-01
4.644442033076526810e-01
4.559710243147108710e-01
4.497539780379707919e-01
4.539352496341221843e-01
4.564359694350509922e-01
4.485362006614745378e-01
4.474116283763371338e-01
4.546398621974748755e-01
4.603507159657538317e-01
4.512242044289930254e-01
4.557427542080026983e-01
4.590479525751334222e-01
4.663343758556832142e-01
4.705726321355399588e-01
4.528038391373035987e-01
4.591622340947643655e-01
4.309562142905427606e-01
4.313545847557261337e-01
4.691578194979573735e-01
4.761391760373118731e-01
4.314278144339567800e-01
4.792606926877189810e-01
4.568176798362331148e-01
4.555216768762210267e-01
4.577042368246415083e-01
4.667043038330433991e-01
4.573626817499099051e-01
4.428171923646076480e-01
4.576431394542423425e-01
4.644113725953782357e-01
4.407268414452299443e-01
4.429349793888927578e-01
4.599154706597368136e-01
4.595823811757132060e-01
4.667637580974280942e-01
4.539626845291365176e-01
4.481069391046515471e-01
4.592795635196558757e-01
4.559698686530793688e-01
4.489126533063307889e-01
4.465898701597859066e-01
4.563282394147105681e-01
4.584764418253395313e-01
4.596070374101297040e-01
4.513342651972923614e-01
4.540772855115930429e-01
4.600927080554235715e-01
4.671213623842379592e-01
4.700790633890902792e-01
4.548009484787284840e-01
4.579297484587815381e-01
4.357555619735356545e-01
4.332368648608125872e-01
4.368456171731868731e-01
4.735778860792572709e-01
4.685162400741293420e-01
4.920650118863874045e-01
4.364138588413752351e-01
4.352882781052815342e-01
4.771357217470653667e-01
4.783247136872480487e-01
4.552569968534356804e-01
4.585610440799002263e-01
4.665275621697943520e-01
4.604268744916973355e-01
4.513656888362098107e-01
4.604567828580491962e-01
4.603593205144481670e-01
4.465154064199757800e-01
4.465452159772403395e-01
4.513889079417431893e-01
4.598655384842366134e-01
4.633516881265604126e-01
4.491108748987104882e-01
4.498863374213116217e-01
4.613059561153246557e-01
4.558262058521428961e-01
4.509757694896969205e-01
4.495106743764783475e-01
4.497621003842947607e-01
4.552828218076226396e-01
4.628302846175948448e-01
4.470332729068232647e-01
4.526348113092240055e-01
4.578086997533152847e-01
4.586412544877897512e-01
4.682909094987229293e-01
4.715335325626004992e-01
4.569216805336308029e-01
4.366109558151423098e-01
4.397506852884111583e-01
4.763979291993209464e-01
4.614654979213580477e-01
4.409661629370786873e-01
4.362942811972523316e-01
4.792908986123943227e-01
4.778102792887121697e-01
4.559861758897919559e-01
4.549454546226741614e-01
4.578367641912027830e-01
4.701626183813725768e-01
4.593521370895267131e-01
4.462248549494280958e-01
4.506616608265626156e-01
4.577176057652667107e-01
4.536574599839452993e-01
4.808552511324876710e-01
4.385313284995326910e-01
4.575313786177455655e-01
4.602078777870317050e-01
4.572139373237186777e-01
4.509375828438343392e-01
4.514921408506681888e-01
4.570983225632683777e-01
4.552349467606986444e-01
4.440205358690693105e-01
4.523021664987789126e-01
4.614733426548104367e-01
4.573711959190188692e-01
4.703816836367328280e-01
4.705960569797399407e-01
1.157289857289778290e+00
4.322226880940095439e-01
4.340965030800736923e-01
4.831532488212736398e-01
4.631299853085277807e-01
4.162947510598701828e-01
4.815992658559131168e-01
4.698140556095776743e-01
4.555315247088344566e-01
4.549647076969330906e-01
4.651021786440381889e-01
4.635471225552753038e-01
4.440284909312192663e-01
4.503283896917898987e-01
4.548866750584753538e-01
4.516073029450919929e-01
4.547256809541727618e-01
4.491441440347623826e-01
4.535761809035450121e-01
4.583595669802829065e-01
4.507654900639185835e-01
4.446484237754599333e-01
4.540503271865298229e-01
4.608708234542268634e-01
4.555971116052373038e-01
4.717009400409874487e-01
4.724959440205522831e-01
5.588570312667734186e+00
4.263193936078624180e-01
4.296475089694629101e-01
4.801347081885813384e-01
4.782975107078453747e-01
4.557045518399087669e-01
4.553777137297230770e-01
4.630485645078016299e-01
4.450404008609439854e-01
4.436607872316535861e-01
4.690452321292233884e-01
4.632251813430174336e-01
4.490049402457091943e-01
4.463884265046327293e-01
4.586058355674181852e-01
4.509897846219500517e-01
4.509145534244094478e-01
4.750615747412585965e-01
4.754643906964888811e-01
1.725843845882763716e+01
4.381454128906657752e-01
4.325411590132367534e-01
4.608707845297962957e-01
4.548033592268428404e-01
4.438560711262339309e-01
4.875574801988831197e-01
4.565360164121539110e-01
4.472403234337121170e-01
4.459015657791138842e-01
4.611192900959884544e-01
4.597142436204194049e-01
4.548951757624482561e-01
4.502279491776192688e-01
4.729137011761626042e-01
4.553043855474598889e-01
4.758747355606396945e-01
4.567788435289293347e-01
2.764440714440385349e+01
4.345909767140514468e-01
4.350129618032112511e-01
4.875573920029109276e-01
4.885984582046400959e-01
4.751808358272023303e-01
4.214297460130997375e-01
4.618875661388356924e-01
4.617269918284086505e-01
4.091688767504357283e-01
4.612058522695907103e-01
4.409925679300009116e-01
4.533879783632511207e-01
4.580717571102801422e-01
4.753820634026672542e-01
4.538133595370443807e-01
3.151602540882500847e+01
4.402070211188368054e-01
4.425913754096026387e-01
4.894108532773385201e-01
4.638575720317220652e-01
4.734871098804265266e-01
4.419288598558309134e-01
4.565708088327218861e-01
4.617087960906235966e-01
4.459073829893509533e-01
4.596434455486910209e-01
4.405267122107489608e-01
4.487561190318653526e-01
4.552015619651568201e-01
4.754826266004463231e-01
4.569027810121685240e-01
2.764394486247331528e+01
4.488515820898490993e-01
4.400961037363934625e-01
4.814438860885066340e-01
4.528667150388229756e-01
4.535654305435798950e-01
4.876587659691228871e-01
4.631085916394152568e-01
4.472189180947555021e-01
4.436510682110746395e-01
4.610753081387825580e-01
4.630900089149370125e-01
4.547358084943471379e-01
4.466129027924291006e-01
4.727804286311660942e-01
4.507399944582730078e-01
4.759986263080272506e-01
4.755630586542724525e-01
1.725802637193048739e+01
4.359675650776852485e-01
4.430310969192367554e-01
4.832677609634069560e-01
4.722878153812950508e-01
4.540761088373178600e-01
4.534269449264463070e-01
4.637385892181930536e-01
4.450050268341272930e-01
4.502869418049150751e-01
4.689575540453398972e-01
4.546405461038147133e-01
4.493113533998722708e-01
4.539028875255308182e-01
4.586719921301835035e-01
4.507974251340686189e-01
4.504100723216262758e-01
4.543220273314256263e-01
4.553951263862455745e-01
4.751540651642422453e-01
4.725734304409646702e-01
5.588417454573419541e+00
4.409313272111699544e-01
4.484307626908685118e-01
4.779789523594475398e-01
4.560047157060684864e-01
4.580988755040838467e-01
4.124810014181801709e-01
4.330044546305672482e-01
4.836004502864829080e-01
4.793496403753925161e-01
4.540608851664648116e-01
4.564439989943520626e-01
4.653404850267306991e-01
4.595910407029904499e-01
4.439929398753172940e-01
4.506174730051707433e-01
4.549241067678295170e-01
4.808671756644176121e-01
4.516707334573255572e-01
4.575948113767455139e-01
4.571380164031432769e-01
4.494345530390420063e-01
4.517259228379303937e-01
4.582664402260948622e-01
4.550340018189217850e-01
4.449553414734926382e-01
4.524086332838116453e-01
4.608877743320807241e-01
4.572013927231669550e-01
4.717730350747894597e-01
4.706638061425979513e-01
1.157270748877127220e+00
4.447657777140832658e-01
4.431684969033353738e-01
4.699912966501563760e-01
4.843520820691022966e-01
4.381083284765698305e-01
4.324391238852380859e-01
4.802686235103790779e-01
4.788850240041018780e-01
4.551433070945807846e-01
4.577721835916518378e-01
4.536488935486314156e-01
4.703621847234132902e-01
4.605515301934684502e-01
4.461834762384392361e-01
4.513412351826427416e-01
4.577702099663613078e-01
4.634431282611292668e-01
4.536627641550503576e-01
4.385988779488724787e-01
4.499288160802986103e-01
4.601243668514561347e-01
4.557546975722105986e-01
4.511662879093306655e-01
4.499146572005421896e-01
4.568457549192177503e-01
4.625208005436509118e-01
4.441254324384853458e-01
4.528431345140140341e-01
4.615212098566900401e-01
4.585731104146668069e-01
4.704474108845779767e-01
4.715971108689136493e-01
4.568260766416076257e-01
4.391942215165496877e-01
4.346725159194632093e-01
4.391109290254100461e-01
4.661567788151794178e-01
4.684260574612784112e-01
4.605746577851965173e-01
4.342193528144351333e-01
4.293280139226439140e-01
4.755870887349105125e-01
4.779398298578331206e-01
4.546711192913381883e-01
4.572443924589852937e-01
4.673267929501120355e-01
4.582148775458859125e-01
4.609242321279410914e-01
4.515814276719543052e-01
4.577057998957294038e-01
4.605879492593078495e-01
4.645152859915349652e-01
4.465354051087068732e-01
4.429469927888927683e-01
4.465209826747956190e-01
4.599421152544224678e-01
4.668139316015423312e-01
4.491510367946345283e-01
4.481655571886909439e-01
4.612360484176022402e-01
4.559089140649846272e-01
4.510857309747161037e-01
4.467032847003377660e-01
4.496583670205626659e-01
4.549668080160855776e-01
4.593172623573948399e-01
4.471332526896714121e-01
4.542943952497777160e-01
4.578463484365738467e-01
4.601556855898804033e-01
4.683515024870282262e-01
4.701361389723620055e-01
4.577913614042550261e-01
4.329914580408895652e-01
4.355674225831892010e-01
4.624428499612098231e-01
4.712152670985522707e-01
4.277526784235545221e-01
4.695110857854658537e-01
4.567013535596907703e-01
4.547957365384232009e-01
4.551554132090333549e-01
4.675168745585978058e-01
4.686470999128904968e-01
4.429203989060672697e-01
4.541983773322125217e-01
4.584645661182395471e-01
4.407624165852956355e-01
4.456269461821810163e-01
4.599834522982759188e-01
4.645432276757592849e-01
4.596916297645096683e-01
4.540007499912709354e-01
4.497818822746615930e-01
4.592280775942829685e-01
4.563910087557198070e-01
4.489523200062734420e-01
4.474779610135476982e-01
4.561001307662478910e-01
4.601293337893467839e-01
4.582228336313936001e-01
4.514018678121474171e-01
4.512960739127377385e-01
4.592530450293283995e-01
4.671754286965786318e-01
4.706206574706932599e-01
4.546800810645337809e-01
4.590942371378678999e-01
4.347475121135869203e-01
4.420639221778756567e-01
4.660493209545603643e-01
4.748198785847953518e-01
4.244028193330258714e-01
4.180988915655138305e-01
4.689920771544766609e-01
4.753063166205049317e-01
4.561663189284664299e-01
4.587093684743714928e-01
4.640511710493884778e-01
4.698003454689754221e-01
4.623753590695807159e-01
4.519622860677040554e-01
4.485898133163513934e-01
4.582528812897790349e-01
4.602717264733670599e-01
4.436783772204647147e-01
4.516753916397304169e-01
4.573569961000947259e-01
4.685079054720082681e-01
4.560104843298039556e-01
4.502540635577519379e-01
4.539057355190687648e-01
4.573785175179257978e-01
4.485086880724730718e-01
4.484271836709919357e-01
4.544783483815459380e-01
4.611661570901535723e-01
4.513066403489507938e-01
4.559479665197855858e-01
4.606757012855571820e-01
4.663799287853814257e-01
4.736987525501384910e-01
4.527428675931648439e-01
4.588405009711265525e-01
4.394402633304341221e-01
4.429117623363731382e-01
4.688191528782454376e-01
4.703093426411114608e-01
4.279944409331891686e-01
4.331794805787885227e-01
4.674159692670192268e-01
4.699306202037739078e-01
4.558055149942665807e-01
4.667621369199427273e-01
4.563143146043541210e-01
4.600366100181383922e-01
4.793583607933453172e-01
4.613800806474229743e-01
4.572857720760644673e-01
4.505499621447719982e-01
4.576276810277331020e-01
4.581384773823019008e-01
4.437180444731147477e-01
4.407300813727547673e-01
4.451120245380208451e-01
4.600144636965029510e-01
4.691492470648447877e-01
4.510028314129208571e-01
4.546894795078409435e-01
4.486359069922831178e-01
4.515196224992750196e-01
4.559114696023422453e-01
4.597052015979737338e-01
4.469619190645348628e-01
4.476021413637878976e-01
4.549965224619296200e-01
4.640489487308784300e-01
4.782133650276757519e-01
4.765677631038329753e-01
4.696269698820952354e-01
4.536074480837935519e-01
4.565335769342315775e-01
4.345090840920973196e-01
4.322301128433820860e-01
4.362282716585480502e-01
4.665979625038368939e-01
4.698466525526041049e-01
4.719927200725237970e-01
4.368121508466455416e-01
4.312487851744549738e-01
4.759055806759564522e-01
4.576286228711175519e-01
4.604349238189254234e-01
4.605634426931477510e-01
4.550433347557243380e-01
4.577797462642417270e-01
4.719757746892064287e-01
4.588869484462806403e-01
4.510611343998047196e-01
4.585063653788127302e-01
4.584733040904578338e-01
4.383258997270865764e-01
4.579424646794320597e-01
4.608270507773761238e-01
4.615689013073395741e-01
4.522825029476043035e-01
4.506348931946897451e-01
4.562252646254015831e-01
4.536330485880044616e-01
4.483360436647922387e-01
4.535343282145146149e-01
4.591918398541749435e-01
4.556552661675456473e-01
4.535829836982726571e-01
4.499149905687377937e-01
4.506224597063724358e-01
4.644797830220841472e-01
4.701287263247146964e-01
4.830236325766983363e-01
4.556659255758714888e-01
4.535281259868896853e-01
4.271423518024937138e-01
4.340374502797701428e-01
4.655844956225054787e-01
4.713300816249935687e-01
4.420104715724116895e-01
4.828494717874328712e-01
4.617029324919051936e-01
4.642215937655357338e-01
4.491300997520783489e-01
4.482217003403218825e-01
4.548393548877261439e-01
4.501145457743714329e-01
4.381065309051619949e-01
4.610137602705629001e-01
4.621649336175966960e-01
4.652140036390018385e-01
4.554162227766856419e-01
4.507304361705255502e-01
4.570060334432681226e-01
4.505502480849104541e-01
4.449870232422756811e-01
4.482839229575307227e-01
4.479944727588742182e-01
4.624960184127823726e-01
4.576701836586362093e-01
4.496716323129449355e-01
4.586708139560303210e-01
4.682014088850690592e-01
4.542762375853946488e-01
4.527314377886793029e-01
4.307928962983799126e-01
4.381130538870984248e-01
4.699574248762671269e-01
4.736766742757902993e-01
4.587159445831440752e-01
4.407354202840023105e-01
4.566764947369710281e-01
4.665185693999517325e-01
4.633356079005188644e-01
4.675444883814230401e-01
4.495035128529500379e-01
4.614762866132254282e-01
4.621026596997678815e-01
4.563086949319371532e-01
4.532281169109741437e-01
4.564778778502657230e-01
4.592086480673965299e-01
4.341066381416457398e-01
4.712752483895796263e-01
4.612329836508934910e-01
4.587423838983739066e-01
4.498235606614341409e-01
4.527418875800441334e-01
4.524476355088083990e-01
4.522101312588134858e-01
4.337983746528938367e-01
4.406655054646317349e-01
4.745824144841339631e-01
4.687539277390638248e-01
4.683441636368163019e-01
4.810646905082312519e-01
4.474717570382119591e-01
4.619046740094752135e-01
4.592045642782117132e-01
4.530136626748709205e-01
4.621909295064179912e-01
4.606947042816199600e-01
4.545972685322476337e-01
4.536469648075205363e-01
4.374802168213270948e-01
4.259507173695295523e-01
4.574978429611832320e-01
4.597055894726930214e-01
4.611116861559081403e-01
4.685646292963346893e-01
4.518326371823328524e-01
4.505896765040363627e-01
4.325892211727212500e-01
4.317741407431075484e-01
4.336035269840149975e-01
4.728532520047259990e-01
4.734120349189333554e-01
4.753700591186579283e-01
4.645593361676020883e-01
4.709389466001019930e-01
4.630003210126735769e-01
4.572934959750054040e-01
4.620662063263892838e-01
4.622740238434418503e-01
4.758179495025481320e-01
4.481777770108747450e-01
4.636192784430402947e-01
4.555865551507561340e-01
4.536971947437798969e-01
4.540185351109451983e-01
4.888100245158384372e-01
4.785905427537790469e-01
4.918551843878744556e-01
4.496982484296203619e-01
4.506242657534804130e-01
4.291658926749578606e-01
4.311809624725099210e-01
4.683559811048559340e-01
4.760633644954656019e-01
4.595701887929621865e-01
4.863715416204661968e-01
4.674553229289628020e-01
4.595564152866452035e-01
4.579789151685333404e-01
4.460368107713890695e-01
4.723076131018242307e-01
4.707643938974275244e-01
4.395531884433843683e-01
4.721973870407036311e-01
4.584043931195940225e-01
4.445549736793695250e-01
4.462020084052069069e-01
4.751638846223057988e-01
4.914587079211817366e-01
4.742795988899614068e-01
4.483873404277657349e-01
4.500221503656904876e-01
4.290256883246479358e-01
4.297847012722011417e-01
4.740216245653274818e-01
4.759697560709750808e-01
4.656989507673487405e-01
4.653401735747357826e-01
4.614105161276673139e-01
4.659637533956367816e-01
4.605920595856430322e-01
4.499527951207779597e-01
4.587946701410730022e-01
4.652101748229049982e-01
4.608522435675102003e-01
4.250653255504728278e-01
4.602682347050077727e-01
4.615276948035875182e-01
4.300157750875722718e-01
4.351038833043236465e-01
4.832474513426420204e-01
4.817178625812866266e-01
4.779179816488634547e-01
4.482428076233609393e-01
4.459864470353747112e-01
4.308934004912415294e-01
4.367739542682547715e-01
4.755237983076580077e-01
4.798799285389382940e-01
4.582804285084079443e-01
4.863625843517692671e-01
4.651807930120013257e-01
4.099069198324624130e-01
4.592269285392384659e-01
4.639404007989357814e-01
4.605304150510485806e-01
4.593993533413410213e-01
4.595988599674816766e-01
4.442678656576230511e-01
4.578398608425902072e-01
4.596986650996455204e-01
4.576087675898053431e-01
4.443322894864891182e-01
4.840051109283584618e-01
4.930608054996320488e-01
4.463611554008959370e-01
4.449435450751252352e-01
4.305256747392463557e-01
4.306063744580406194e-01
4.741422406962089720e-01
4.741658662726438989e-01
4.652683652080010224e-01
4.638454553014975112e-01
4.635613154569781513e-01
4.637550713679245429e-01
4.645056060906989637e-01
4.621690981338873461e-01
4.688471605657257846e-01
4.453314613500981012e-01
4.398949677198146779e-01
4.593067868552714872e-01
4.645255409600710372e-01
4.648009425565970965e-01
4.410868986832106042e-01
4.570607677907756461e-01
4.709272294894797373e-01
4.577509301899814198e-01
4.378391886170918679e-01
4.793985106862371781e-01
5.060072034728408941e-01
4.786430692421040911e-01
4.424585856557277097e-01
4.400224647208301199e-01
4.381503295574186718e-01
4.358251360291539034e-01
4.304246112095467813e-01
4.732586241434205143e-01
4.781027005338286395e-01
4.777486323042025584e-01
4.604955147163959372e-01
4.759129637304264637e-01
4.673677455644075218e-01
4.495355390696668119e-01
4.491645664482493694e-01
4.587309837941595525e-01
4.743351659381709884e-01
4.436474882234811012e-01
4.580571254174226614e-01
4.836931692632260305e-01
4.624782281026920683e-01
4.618047164570306395e-01
4.509030963825201299e-01
4.700688279890015142e-01
4.980697949559148019e-01
5.017662714234037979e-01
4.345056956888015409e-01
4.574354305941684129e-01
4.752813333053776956e-01
4.554289974580409406e-01
4.431436031987089352e-01
4.625746809905113555e-01
4.505965495221307959e-01
4.626301951361679321e-01
4.743466247518379197e-01
4.247741399373958227e-01
4.381352185956638445e-01
4.764427410654349937e-01
5.007945805157525410e-01
4.798641995126983750e-01
4.367415663741038845e-01
4.399712482114232492e-01
4.488742278546739017e-01
4.560347575700229861e-01
4.754503311984823455e-01
4.809195560037641815e-01
4.631107718188279820e-01
4.708305282969375005e-01
4.635213947546313329e-01
4.634904552653197340e-01
4.464550107428396086e-01
4.558345306259452001e-01
4.474680647075311990e-01
4.502132964723326025e-01
4.658547060644185334e-01
4.744901193513052506e-01
4.408363322902815740e-01
4.612901974979232711e-01
4.687608358335672021e-01
4.619912463256172219e-01
4.611970952482557506e-01
4.467349953870918822e-01
4.713351451534530390e-01
4.508290806876372181e-01
4.536415171109361988e-01
4.818171527766711426e-01
4.535031893143595116e-01
4.417895574817827797e-01
4.579028099609648850e-01
4.773555672897068503e-01
4.562414042212795118e-01
4.463287051138222217e-01
4.491939992592172137e-01
4.466080966868064550e-01
4.489531425814105581e-01
4.730947208100184653e-01
4.366318190383858822e-01
4.816257178290883068e-01
4.907996883614000327e-01
4.850681769670914800e-01
4.376846971142132059e-01
4.496409649410105791e-01
4.376555850069300813e-01
4.593593818569415843e-01
4.608953711556964539e-01
4.769503436542281150e-01
4.824730852865969366e-01
4.599150902961510745e-01
5.040347477006386079e-01
4.625268139289276936e-01
4.630351529786600473e-01
4.451622343346282595e-01
4.476256876407905261e-01
4.494690812491820564e-01
4.788643459338405850e-01
4.407169535396440185e-01
4.534245952665906798e-01
4.630253967919731317e-01
4.691469281519524692e-01
4.614662610573149748e-01
4.669187308589303753e-01
4.427490072114285136e-01
4.505643855571582201e-01
4.514657496182366558e-01
4.507376618639322152e-01
4.732197640388581816e-01
4.367999229609871303e-01
4.581464998035615910e-01
4.779128087900123001e-01
4.579673565611779296e-01
4.426327752759753875e-01
4.636179936656352751e-01
4.481485528284395725e-01
4.663333566764905069e-01
4.747342186997974278e-01
4.351578924523090142e-01
4.404571211264222130e-01
4.811562590631539571e-01
4.850415730282309767e-01
4.867104102116883713e-01
4.382459048749841046e-01
4.355024702016239146e-01
4.397192504225728715e-01
4.362360600941587729e-01
4.472426959929373114e-01
4.900643997368285820e-01
4.954035247233232742e-01
4.394135843319913470e-01
4.457316944421156890e-01
4.413523799183882712e-01
4.588449117418006984e-01
4.675395323957979299e-01
4.433302858393374790e-01
4.497845591395838727e-01
4.500375684347245886e-01
4.471114156314211496e-01
4.556274058912196945e-01
4.559082487304215170e-01
4.603714023180131010e-01
4.783124783406559888e-01
4.644492335442926834e-01
4.670777583273804101e-01
4.418214216793138749e-01
4.398389251459772220e-01
4.500789344868099673e-01
4.478795340115040990e-01
4.880515732634176373e-01
4.817368028426827209e-01
4.370959235441663204e-01
4.360892506097759358e-01
4.579208057578141866e-01
4.748107055294600309e-01
4.580241442698077536e-01
4.414468361771969329e-01
4.668125280736479255e-01
4.402531722916851464e-01
4.599514841516919583e-01
4.434283022979459976e-01
4.787147541467918210e-01
4.948008781419087065e-01
4.851386688961940585e-01
4.348855675916154517e-01
4.533887153336620401e-01
4.392397364837427598e-01
4.400491841112570413e-01
4.510659393331710731e-01
3.845986913669851015e-01
3.707844417434832951e-01
4.950385974098586161e-01
5.097748162714172970e-01
5.180217595330239844e-01
4.799160421718031699e-01
4.596883810056244246e-01
4.525458529382748729e-01
4.735440450760148856e-01
4.457269462029312956e-01
4.453218216180511724e-01
4.541415680187640413e-01
4.456104285603034176e-01
4.745187414830334127e-01
4.444627795434353268e-01
4.596683228850888536e-01
4.475076764796930284e-01
4.490966949135621333e-01
4.624568113144419956e-01
4.396816877728724204e-01
4.597928875488878631e-01
4.709943440907002898e-01
4.571317009136472986e-01
4.406134329622102830e-01
4.637004723741030565e-01
4.385650304677695122e-01
5.062847860573755909e-01
5.064260619196047086e-01
4.232593333570977556e-01
4.571658683147438729e-01
4.713057357673847703e-01
5.023382975306435183e-01
4.887939855005759004e-01
4.326622723487471012e-01
4.574093735381408732e-01
4.361633170783664748e-01
4.419729658963060803e-01
4.700312111652974467e-01
4.404476676045348538e-01
4.148313044127833749e-01
4.877182880925398645e-01
3.034895417721367172e-01
3.511611887761777462e-01
3.769359205145749736e-01
4.620857765342011869e-01
4.976141631595319414e-01
4.629533588552012802e-01
4.539427379540048046e-01
4.521962529279209830e-01
4.553450490761257741e-01
4.564430174994338896e-01
4.511554812907292988e-01
4.531645548115662558e-01
4.587351595076103461e-01
4.594040173664176163e-01
4.424969883090474343e-01
4.707760609194931445e-01
4.451935332842808513e-01
4.468829812387749567e-01
4.847156957763087415e-01
4.455244579058578736e-01
4.357876839320518614e-01
4.629734057599457775e-01
4.619736960601036335e-01
4.652688942841566311e-01
4.595867013099830256e-01
4.403430215275294657e-01
4.700643804741480580e-01
4.373991277374252862e-01
4.690053837434756678e-01
4.919886240362676411e-01
4.324953821520382546e-01
4.588001128193118228e-01
4.332264347066476229e-01
4.520330555941016182e-01
4.297586994618787237e-01
4.462180773361342778e-01
4.404047934847372114e-01
4.650127215358795252e-01
4.276467279679362909e-01
4.565144020432355676e-01
4.442160383301966275e-01
4.533409439835229260e-01
4.615180730850903523e-01
4.641231055417278650e-01
4.637683672000055268e-01
4.633659535066899093e-01
4.601485864900656253e-01
4.575652956143557715e-01
4.575722142130945747e-01
4.586767058832955102e-01
4.608034188560039546e-01
4.403907259397655816e-01
4.510946518211559897e-01
4.476650347662967100e-01
4.977242594824431987e-01
4.795072852393038598e-01
4.181438421963856178e-01
4.598305515882845085e-01
4.691017284399934262e-01
4.629826864942093168e-01
4.400905742140141519e-01
4.696189652269485149e-01
4.408916271724040437e-01
4.710936699830142738e-01
4.885019952240072794e-01
4.834108129199711779e-01
4.330164044295569115e-01
4.521667332556642549e-01
4.332985558902768819e-01
7.933197852490432300e-01
3.980404119884985437e-01
4.080121914751992929e-01
3.922534089613773922e-01
4.934964849265154330e-01
3.695518350713022371e-01
4.401777199653333916e-01
4.628223867238026035e-01
4.650016708482411776e-01
4.607097418251326348e-01
4.578743944590680237e-01
4.373915727364486306e-01
4.734005043438385685e-01
4.460059501543801042e-01
4.447970087357711044e-01
4.816610612255317614e-01
4.577531195692777777e-01
4.383511264766331572e-01
4.650677317972169988e-01
4.402729969461796067e-01
4.670591686679625432e-01
4.946238424453003879e-01
4.751975118029861389e-01
4.961982812830698641e-01
4.355941559800422525e-01
4.392708961346664109e-01
4.345537534975100757e-01
1.000294274003268091e+00
4.568688411859536669e-01
4.344862237614479650e-01
4.799223714693870990e-01
4.417489857851467638e-01
4.603048359376283871e-01
4.649659316134966414e-01
4.585189866920940660e-01
4.595514094826435025e-01
4.609777018804900317e-01
4.694134014824346557e-01
4.388384945989929897e-01
4.508774501014953806e-01
4.402461113882383259e-01
4.698973938613741907e-01
4.982627025128785747e-01
4.731113183550436641e-01
4.826423490338340172e-01
4.826384897343296010e-01
4.361904969172155089e-01
4.327819413386222447e-01
1.112375033680806036e+00
4.453580046044311458e-01
3.930352963944788725e-01
4.206835954820969392e-01
4.443781663402653903e-01
4.589687623775512426e-01
4.622429146118445797e-01
4.579975763135628597e-01
4.574456967604688118e-01
4.569854664639556030e-01
4.571648025236105251e-01
4.579255563705878496e-01
4.597237869201249438e-01
4.603287222437644766e-01
4.638329846194768624e-01
4.673632786369896208e-01
4.372992721981119324e-01
4.437492873150638562e-01
4.656746701920811971e-01
4.864533830184942786e-01
4.705129344643819711e-01
4.794616433323464766e-01
4.903560765590418424e-01
4.339651391885409604e-01
4.387788238611922131e-01
4.373204121795482013e-01
1.279152282344508063e+00
4.116766850459345761e-01
3.608057813344351938e-01
3.740614997379202999e-01
4.385752624279375400e-01
5.045592318271063803e-01
4.993291431908957190e-01
4.744905868361422030e-01
4.565831139907055025e-01
4.542553317405339519e-01
4.578409722845454555e-01
4.623169869616745031e-01
4.652532471478552645e-01
4.688976950465141846e-01
4.657555749827827496e-01
4.165734517028122363e-01
4.569606061462760938e-01
4.375733820208333458e-01
4.756093825931446140e-01
4.794242612891072008e-01
4.640299837419753493e-01
4.709138768825933963e-01
4.804671687839222605e-01
4.823572388872390815e-01
4.330648137091286376e-01
4.504181776764559775e-01
4.346203047135825392e-01
1.468035014993363196e+00
4.376548089227522698e-01
4.006506817832841683e-01
4.712463330786533788e-01
4.803942634999355255e-01
4.603649563832402092e-01
4.684033013676025536e-01
4.721606286948178410e-01
4.879787161040639032e-01
4.307402631721102826e-01
4.538572127265604883e-01
4.277242048027306009e-01
4.659319401259089943e-01
4.702076523523379126e-01
4.835009651622754756e-01
4.328582239893606909e-01
4.338795571134331230e-01
4.309205713309814390e-01
4.328558164696623134e-01
4.449516524355624503e-01
4.335486187441334738e-01
2.228492160114046605e+00
1.935538138544955711e+00
4.298493161898745418e-01
4.414588828912875407e-01
4.390484348685136373e-01
2.577961631207761783e+00
4.248577525054368920e-01
4.375189391713729115e-01
4.414181350038124396e-01
4.391461471796634930e-01
3.007800514354282306e+00
4.365304341927032095e-01
4.565977467924362543e-01
4.345036260577440079e-01
4.447222141948033447e-01
4.469310587334983098e-01
4.378482101003288163e-01
3.562723001872336592e+00
4.342281882716211849e-01
4.439075232752524025e-01
4.429481325663344182e-01
4.477625822302178649e-01
4.463165209711369985e-01
4.341083610482482591e+00
4.333139264951650915e-01
4.434935279563584354e-01
4.460683465297229922e-01
4.425545238046837970e-01
4.424818515147092568e-01
5.627144566433376127e+00
4.353667164410493506e-01
4.434095656113453687e-01
4.480453599640934481e-01
4.494740776881881450e-01
4.435168288592986063e-01
8.791922408221887864e+00
4.407419144337099692e-01
4.492689865036288976e-01
4.500615706050776765e-01
4.490780669001907532e-01
4.434562472724756788e-01
1.134903393808861871e+01
1.791732719393568729e+01
7.395228875283816450e+00
5.657055577486207909e+00
5.011691356696638344e+00
4.605159265738614671e+00
4.300222941736489446e+00
4.051946321044602506e+00
3.840113374990036466e+00
3.653534709668100788e+00
3.485408863182053896e+00
3.331375943678477558e+00
3.188560873816215668e+00
3.055052531582473918e+00
2.929596958061126077e+00
2.811401646215389682e+00
2.699999808418560576e+00
2.595149102538707897e+00
2.496752364481461317e+00
2.404794302645076431e+00
2.319290825757913677e+00
2.240248538134296030e+00
2.167632161243743472e+00
2.101337977682032232e+00
2.041172194908649651e+00
1.986834409056437822e+00
1.937907858392313276e+00
1.893859420423898543e+00
1.854052722017064170e+00
1.817776732115347960e+00
1.784289548156446248e+00
1.752873173455660849e+00
1.722891105072926754e+00
1.693838215106260314e+00
1.665373181867321639e+00
1.637327950222821737e+00
1.609695107930330549e+00
1.582600177783589634e+00
1.556269098349785995e+00
1.531000270108789030e+00
1.507146040780339424e+00
1.485102527485774093e+00
1.465301827323455930e+00
1.448198747455804014e+00
1.434245429979919439e+00
1.423850476652171348e+00
1.417322694413109874e+00
1.414802260505125364e+00
1.416184076965402827e+00
1.421040624599742230e+00
1.428556233243444717e+00
1.437491601666261110e+00
1.446204139573268987e+00
1.452750593089188635e+00
1.455086610556005633e+00
1.451350267859544463e+00
1.440179452786234826e+00
1.420983077461720701e+00
1.394082795883407444e+00
1.360673718287771949e+00
1.322608840717602874e+00
1.282067306912864302e+00
1.241196663262832844e+00
1.201813866618244520e+00
1.165216924663005083e+00
1.132118143043063574e+00
1.102679693006072714e+00
1.076620831150632007e+00
1.053368962440671242e+00
1.032232881838810901e+00
1.012577837123835645e+00
9.939787051430303277e-01
9.212416932424252192e-01
9.202543451132618735e-01
9.278927219759718348e-01
9.793889768054481193e-01
9.578730904197768625e-01
1.002501080957609370e+00
1.023628973272873610e+00
1.037761924926974055e+00
1.038435440893305417e+00
1.017885960592212591e+00
9.672633737367765105e-01
8.765281439641028349e-01
7.380363546298600586e-01
5.682635471735167920e-01
4.395227063969347481e-01
4.482039815108504466e-01
4.494870093273734546e-01
4.461653146303289352e-01
4.472465704275187526e-01
