1.795684470309564418e+01
1.137052088095859048e+01
8.808728690553662588e+00
7.404834644142827216e+00
5.660891065223815133e+00
5.012885566496515288e+00
4.604659480624655465e+00
4.298531619735928899e+00
4.049394425517649942e+00
3.836948459523122690e+00
3.649955727698739327e+00
3.481580091377921349e+00
3.327430867201775833e+00
3.184602331959381694e+00
3.051153170008203297e+00
2.925802105143657794e+00
2.807734976513839520e+00
2.696470880318304619e+00
2.591761275965919875e+00
2.493509687898978644e+00
2.401706466471757118e+00
2.316375898107888354e+00
2.237533673414723534e+00
2.165152675698838181e+00
2.099135119197513610e+00
2.039289689590485288e+00
1.985313591835453639e+00
1.936781068709065412e+00
1.893141550258819583e+00
1.853731466055624777e+00
1.817803160782745620e+00
1.784571770538341484e+00
1.753276455176892457e+00
1.723247170488850788e+00
1.693964292635610214e+00
1.665098155202341168e+00
1.636520078689893243e+00
1.608284689667403455e+00
1.580591996305708236e+00
1.553742904351872012e+00
1.528101236312330524e+00
1.504069381803452066e+00
1.482076536259461452e+00
1.462571873535737366e+00
1.446012416899456365e+00
1.432836977119591459e+00
1.423421624850198519e+00
1.418016633062583187e+00
1.416668514329645578e+00
1.419134139574328657e+00
1.424798541052377798e+00
1.432615096150033906e+00
1.441095187596213023e+00
1.448378965905388727e+00
1.452411079576603203e+00
1.451218390787475609e+00
1.443243815950179032e+00
1.427649752264806615e+00
1.404493083157352773e+00
1.374708219112737773e+00
1.339903436621817878e+00
1.302042214660999786e+00
1.263109338391206427e+00
1.224842560615714060e+00
1.188565690376993667e+00
1.155118495255895494e+00
1.124860449390124639e+00
1.097727479949520024e+00
1.073330564338317972e+00
1.051089709615795842e+00
1.030391768608359682e+00
1.010749724759993695e+00
9.919333365628185684e-01
9.210898774103654096e-01
9.235747814529232658e-01
9.317323135366367692e-01
9.637936989620711214e-01
9.852620944654240098e-01
1.007097053582962864e+00
1.025310187167022269e+00
1.034525474390327604e+00
1.028021249702565809e+00
9.978884241682244305e-01
9.350969627524509109e-01
8.290973708792563901e-01
6.750318190317667888e-01
5.073592539469284901e-01
4.432547685633556056e-01
4.499542724633989188e-01
4.513332745015429803e-01
4.516590957378614490e-01
4.628440496408011695e-01
5.637353685399808079e+00
4.457965647368817841e-01
4.446959835467952926e-01
4.500746677672466944e-01
4.496012749551353549e-01
4.673655831924751758e-01
4.349584837911218749e+00
4.457321928285654100e-01
4.447728285265009074e-01
4.500739215027719231e-01
4.485557137602768085e-01
4.584672327727193908e-01
3.570844915005555453e+00
4.417744234546764903e-01
4.433891393052508123e-01
4.491550014699913773e-01
4.487100564917505530e-01
4.629895529692061862e-01
3.016086753401311160e+00
4.404382003217779951e-01
4.395697869651342682e-01
4.471517749105944906e-01
4.491964328039997345e-01
4.413360147518824994e-01
4.412611629153490589e-01
2.586702648241955949e+00
4.316087801454952522e-01
4.464702924322745958e-01
4.475834527797287188e-01
4.442562582564987261e-01
4.435299589108857576e-01
2.237864060634706220e+00
4.343681302213902584e-01
4.393167628057185192e-01
4.433632514839295768e-01
4.583422037636362689e-01
1.945657006375338893e+00
4.338889195853771752e-01
4.355675704381339330e-01
4.396727578829143779e-01
4.467663158753600317e-01
4.329384804947599696e-01
4.362877066334963638e-01
4.516670643637532012e-01
3.940914220929260248e-01
4.142388243681779381e-01
4.717798903191617321e-01
4.645769903032019310e-01
4.852578379531564123e-01
4.961170900700233033e-01
4.329399423219769116e-01
4.379195113007091633e-01
4.422384081301413694e-01
1.292378504918442195e+00
1.479941474943343938e+00
5.442118470086124704e-01
5.301008178999458975e-01
6.050789064121521177e-01
4.217314670898619777e-01
4.331694380870421690e-01
4.217071147393844366e-01
4.556859915848381348e-01
4.609878849061284645e-01
4.668929451657587992e-01
4.772514177388811341e-01
4.741797129989070991e-01
4.858181730710212642e-01
4.357140280732101911e-01
4.406431152024523623e-01
4.369576779130158739e-01
1.126745253103235367e+00
3.804257090960169729e-01
4.012807005311304631e-01
6.046786897909078862e-01
5.705882293750496048e-01
4.978857833264881405e-01
4.312995340423688706e-01
4.324434203591314696e-01
4.387897661084044776e-01
4.528111977688077383e-01
4.599025619384171093e-01
4.622348708761070402e-01
4.645105546923233297e-01
4.652389126200068836e-01
4.691579427719630435e-01
4.632785401402662040e-01
4.346293507395994071e-01
4.559738031522156954e-01
4.622514140438058750e-01
4.657713045264834095e-01
4.729467359126565684e-01
4.828159457530992738e-01
4.814326948147649166e-01
4.390809881657279923e-01
4.410162709827898930e-01
1.031766975332275571e+00
4.240013979545160794e-01
4.816870991227271692e-01
4.645424211617399934e-01
4.333611113114269608e-01
4.436496900201773452e-01
4.598809425862595557e-01
4.587692930543987302e-01
4.573626801029421762e-01
4.555705807658908535e-01
4.553730595633642131e-01
4.565083669288044210e-01
4.579654532432512193e-01
4.597294861261615462e-01
4.621642902990809598e-01
4.660275600136944973e-01
4.638011408629887367e-01
4.650854940052487341e-01
4.349159406098715985e-01
4.303234607472508633e-01
4.539097522256340667e-01
4.620084568855449270e-01
4.665142694212876529e-01
4.733447620897899277e-01
4.864926517672972794e-01
4.818544361018249900e-01
4.360625541344886336e-01
4.341458881928020874e-01
4.613776165670682716e-01
8.142039971826620093e-01
4.521595114144324468e-01
4.538146155400558657e-01
4.288517860063846832e-01
4.433672481816345323e-01
4.453617043885043647e-01
4.746807247901813076e-01
4.584082976081754190e-01
4.585782851314268438e-01
4.619373186821081334e-01
4.644191966221979384e-01
5.010289635430571487e-01
5.033831692472074959e-01
4.350100599230853904e-01
4.386586640807355053e-01
4.548673707066661631e-01
4.646025496207512595e-01
4.683392838051721463e-01
4.762801307332338863e-01
4.839206895996531754e-01
4.967462739046283327e-01
4.337947677909211319e-01
4.349155135366841729e-01
4.536334747402082090e-01
4.517914446017163299e-01
4.516569888194491011e-01
4.501206283696738697e-01
2.737779972905415860e-01
3.182439613108408727e-01
4.437987670099303728e-01
5.114714024263260495e-01
4.775299701071936131e-01
4.618469164670990224e-01
4.593719220312151852e-01
4.576395908053653705e-01
4.619390019714688100e-01
4.452119838501426008e-01
4.475237839487044567e-01
4.515753137036330189e-01
5.538356797010027810e-01
4.648795377649811988e-01
4.225933302354359378e-01
4.725844806214128946e-01
4.350652698709131516e-01
4.405420631665741271e-01
4.545465774673146941e-01
4.667839463182240078e-01
4.710680311151508870e-01
4.846499058070747323e-01
4.894738529176969055e-01
4.360718570719314124e-01
4.401340047841906800e-01
4.465935968238477494e-01
4.524806699411371702e-01
4.488386080062144456e-01
4.682916624166879593e-01
4.832381789711201470e-01
5.006663454929154433e-01
3.572372791319090579e-01
3.763969898707443251e-01
5.153821924520914921e-01
5.691706030802048399e-01
4.582807113773947894e-01
4.564367266156861280e-01
4.551406459409031435e-01
4.575333014690775024e-01
4.599099265951743787e-01
4.590604242979440808e-01
4.620538629459334801e-01
4.643393748176924962e-01
4.689711401997581630e-01
4.434799624642805083e-01
4.442790988412221864e-01
4.466176743862109721e-01
4.704602404860569465e-01
5.381245459470873627e-01
4.521155960432208243e-01
4.331350678627718942e-01
4.272484895463325438e-01
4.593094666855279118e-01
4.708830030787651832e-01
4.628580323935870822e-01
4.366346632088760615e-01
4.412239394918732738e-01
4.581873443561503279e-01
4.779122535767142410e-01
4.630306606241342826e-01
4.782264407691254604e-01
4.815645320706974930e-01
4.380993603670588210e-01
4.422672493581132347e-01
4.422669616946418025e-01
4.453352040756737296e-01
4.401815506089145069e-01
4.592604146728638814e-01
4.511803746519413294e-01
3.252350062409563036e-01
3.522874474524869681e-01
4.633396825821112230e-01
5.097530435401983473e-01
5.313691974258247797e-01
4.916104720065026523e-01
4.589023098588322913e-01
4.573334073131191668e-01
4.617969055618664220e-01
4.670366382547789241e-01
4.705803426661982480e-01
4.678826492098643319e-01
4.697826099447121595e-01
4.737540651915247425e-01
4.663057592690298403e-01
4.415269457022135691e-01
4.480824187515739521e-01
4.490996926737414463e-01
4.416556290796883610e-01
4.803498614616510953e-01
4.335297975999518605e-01
4.665691621579975412e-01
4.688956961820268665e-01
4.691789984183086237e-01
4.377821595328356685e-01
4.427611538446127870e-01
4.577387396500667838e-01
4.839939948031367623e-01
4.624634756275813330e-01
4.850621124929624939e-01
4.696122457054885957e-01
4.849565762946300151e-01
4.391766142346144042e-01
4.433731935845121042e-01
4.351569688793079926e-01
4.372446766749579772e-01
4.360671663247612795e-01
4.859328994634608545e-01
5.099047108350227564e-01
5.037512155801918690e-01
4.761974148633270620e-01
4.538529349920614742e-01
4.526997227002730328e-01
4.464402614893210886e-01
4.551180070077859297e-01
4.546949248282754485e-01
4.699883899477332316e-01
4.449373035512722563e-01
4.506799705032831227e-01
4.639211321571101720e-01
4.664007581481921516e-01
4.420025603394369673e-01
4.493660932327191992e-01
4.462846994471098006e-01
4.451133405852824021e-01
4.847351795350883230e-01
4.387262898080231954e-01
4.278110051649132717e-01
4.693567455789826037e-01
4.667596850924030094e-01
4.667155432470644350e-01
4.397993972464001589e-01
4.430412714365032367e-01
4.632646360189777712e-01
4.570074006735959649e-01
4.362427592280884725e-01
4.443572554891132564e-01
4.737155471895974079e-01
4.831158111514086140e-01
4.934990638909381166e-01
4.417233948766817186e-01
4.447780294386897704e-01
4.301900522354891176e-01
4.393558760526445339e-01
4.458199094640035165e-01
4.579845665572824798e-01
4.950832075383745923e-01
4.915928967230710489e-01
4.347439525493075885e-01
4.427774572656248964e-01
4.575160883137177614e-01
4.632443831157449510e-01
4.927277338518688543e-01
4.509135331348360642e-01
4.496067716016076687e-01
4.540341378238882952e-01
4.695993270171067713e-01
5.015489577985690062e-01
4.361731851250414405e-01
4.345839652120644936e-01
4.495832128080834433e-01
4.541617317454189062e-01
4.621319305903445196e-01
4.662879550193199663e-01
4.453120423927144356e-01
4.503784471439762349e-01
4.570305488666435156e-01
4.949649820987653825e-01
4.734532883240680223e-01
4.348792228683132088e-01
4.675298852467210109e-01
4.655927808621398989e-01
4.640977816899939379e-01
4.654861408289363567e-01
4.428591079855366819e-01
4.445823607536614208e-01
4.647760801255494401e-01
4.661587917123741764e-01
4.411272576299599124e-01
4.416809921125305349e-01
4.792104946820611167e-01
4.808676231908667331e-01
4.987613339724953909e-01
4.430774756496450029e-01
4.424463985255097653e-01
4.404388607542638057e-01
4.542004512757051304e-01
4.585007807820386527e-01
4.854567587758037428e-01
4.774074246930177234e-01
4.579555830320796161e-01
4.585098253637004961e-01
4.553554031534372548e-01
4.681394371327450288e-01
4.489174637540783164e-01
4.490246792924451613e-01
4.509477737573537870e-01
4.718060854509810720e-01
4.788959352083213550e-01
4.728728537594979464e-01
4.373131060531819103e-01
4.578029314833954588e-01
4.595066808278535087e-01
4.614392851939910778e-01
4.762442575103102427e-01
4.457719481361175351e-01
4.446538605576187408e-01
4.509867654544697513e-01
4.479544508841477590e-01
4.538634702337853155e-01
4.770425557509227477e-01
4.289789130843151277e-01
4.284083162429624947e-01
4.638387244978592894e-01
4.620696209975889146e-01
4.659705429826269674e-01
4.416486191450981202e-01
4.457827870004456572e-01
4.667778192931322789e-01
4.614613176721648613e-01
4.657506157308203276e-01
4.413040749710565036e-01
4.819842158718243841e-01
4.784141184261141988e-01
4.889187578106093390e-01
4.354883552619850939e-01
4.591312445549162180e-01
4.564279317314823281e-01
4.381007778359022331e-01
4.747611224410818731e-01
4.778450707143914733e-01
4.543334664403788636e-01
4.606576923076378671e-01
4.637527120483116438e-01
4.474735365568149326e-01
4.506558282938830651e-01
4.515554198002564856e-01
4.533794764194174487e-01
4.747771657668661272e-01
4.557269559195024633e-01
4.572880142767219991e-01
4.610111740813985226e-01
4.600075452128374320e-01
4.783879541726325790e-01
4.431175436127767209e-01
4.462174401713348559e-01
4.512424993118120953e-01
4.498223784591245389e-01
4.856073475885298030e-01
4.569448590149539635e-01
4.259777500421124130e-01
4.625532167093590052e-01
4.603358745528872142e-01
4.664186660690772257e-01
4.442185661752824921e-01
4.476552109409908664e-01
4.482758273306036156e-01
4.631579731556370039e-01
4.640260359979159754e-01
4.479598945993027437e-01
4.396259693699469118e-01
4.794333082520454981e-01
4.797558797598928670e-01
4.403842159472129980e-01
4.432016106160817093e-01
4.414761151423441943e-01
4.386028840839839571e-01
4.318364624722009215e-01
4.387870398792420024e-01
4.777767769122216457e-01
4.779789071435260328e-01
4.775606736487230664e-01
4.641125233431185881e-01
4.638737316641474706e-01
4.653280279274943920e-01
4.746922757013198879e-01
4.512398254232722339e-01
4.523091543792803204e-01
4.562324453672411684e-01
4.946907741447386653e-01
4.469600620920545220e-01
4.725020438569833559e-01
4.576732981336707473e-01
4.622723163577164285e-01
4.622740389376475134e-01
4.428596405435147876e-01
4.433559869932321984e-01
4.613370538725379277e-01
4.589924568119365111e-01
4.646670309962248058e-01
4.423585553929162417e-01
4.548362305500274760e-01
4.605181829969163809e-01
4.401920817660668339e-01
4.813379628709832936e-01
4.816435914541869479e-01
4.820994552932688082e-01
4.423510930541009745e-01
4.442432789847259866e-01
4.320375187194030464e-01
4.303685375988448580e-01
4.773150829726985345e-01
4.794324464188189916e-01
4.633332409407361907e-01
4.612585056466241284e-01
4.544224905233190670e-01
4.731774590265040437e-01
4.761453035606147965e-01
4.474152609900188260e-01
4.618098040629596279e-01
4.594230433263690183e-01
4.611472357853806381e-01
4.727046994849058992e-01
4.423401204214424398e-01
4.385532437542328243e-01
4.596422306980011974e-01
4.583706642079699578e-01
4.601488180367328540e-01
4.431094531654065638e-01
4.787664790978814477e-01
4.778895239647504289e-01
4.880035251408028074e-01
4.445124675554448790e-01
4.433926053505845011e-01
4.306659576776801224e-01
4.330507661076088421e-01
4.745397072815799033e-01
4.766922094697054746e-01
4.516347344765292982e-01
4.544280147189426744e-01
4.513905124885621012e-01
4.550376110708589938e-01
4.577364814054031283e-01
4.620916589515206008e-01
4.629010515239064261e-01
4.233861460792747167e-01
4.568922742381449353e-01
4.594940657981119725e-01
4.357696236453776906e-01
4.341707969788828336e-01
4.759295766513894077e-01
4.722149875132097274e-01
4.958368784839515819e-01
4.461800617375433209e-01
4.473574218574080663e-01
4.315106839329671540e-01
4.341645105558440965e-01
4.678049910923622878e-01
4.737195875587872362e-01
4.531437452148115441e-01
4.533498187845805272e-01
4.538942934877913671e-01
4.753635724839851973e-01
4.557267045397427885e-01
4.618503786297643021e-01
4.616490582696751721e-01
4.603111305647545892e-01
4.628301829318223204e-01
4.693149209472495254e-01
4.478312994658394386e-01
4.572383091640029318e-01
4.365379267635834948e-01
4.568477276618538863e-01
4.539560532858098463e-01
4.750283892440707589e-01
4.733371701419226141e-01
4.812190374809154902e-01
4.486598125001875492e-01
4.492822771686765804e-01
4.350112899888774476e-01
4.350691448603942746e-01
4.422650461886579176e-01
4.712211324852367822e-01
4.747321686324925127e-01
4.652873326184088776e-01
4.515726461185646246e-01
4.561415896964107208e-01
4.706326588014915213e-01
4.572645360810372872e-01
4.594530054460196355e-01
4.470762447406804174e-01
4.605499571381334034e-01
4.594156015420575168e-01
4.543159188202458565e-01
4.642890265618728196e-01
4.541548316328767876e-01
4.546046475527718012e-01
4.684902032003376293e-01
4.774091867838013425e-01
4.694613554123351906e-01
4.493493472612429263e-01
4.508473116776345879e-01
4.355324956886738041e-01
4.400379876310024918e-01
4.723358062701127902e-01
4.740235557919380005e-01
4.538558265196555586e-01
4.561297479642877906e-01
4.653705942020083808e-01
4.576478589589855761e-01
4.569543164568322102e-01
4.630058978256415547e-01
4.777129161100475696e-01
4.539143280713285322e-01
4.597039162044162519e-01
4.580821094321677056e-01
4.541680861863915397e-01
4.522745655307261470e-01
4.585703241834986899e-01
4.789722462389887636e-01
4.698453530759285068e-01
4.777916337227908206e-01
4.503501530690990906e-01
4.510755624621460846e-01
4.341565394320517357e-01
4.392397828926778436e-01
4.699463152390103704e-01
4.712488072112806514e-01
4.556993387110243598e-01
4.629533258630985082e-01
4.219953336735615124e-01
4.581563463659386604e-01
4.607348076620050858e-01
4.508747300194307916e-01
4.589760416821414002e-01
4.582955701883922872e-01
4.555269252209641073e-01
4.541506484668755839e-01
4.447097877821597489e-01
4.566118521994080859e-01
4.429472637401807300e-01
4.641251737408563782e-01
4.571840050991103910e-01
4.599461573485914556e-01
4.565390377813524081e-01
4.546880953133793368e-01
4.515283890191426064e-01
4.517485762871026322e-01
4.337537610959545376e-01
4.367941026164385843e-01
4.666025660546305187e-01
4.689826378640281068e-01
4.392560544949493662e-01
4.560759542296484725e-01
4.586185884555884495e-01
4.593611006918197903e-01
4.662277413450157670e-01
4.521296793038853123e-01
4.572662868622104915e-01
4.597895272802746125e-01
4.540159243543351875e-01
4.530835813539778045e-01
4.511336252256248902e-01
4.506515329649075641e-01
4.458947345093910997e-01
4.500379346711228523e-01
4.517963486874557177e-01
4.584365774331680132e-01
4.580533340879818227e-01
4.564125165384433358e-01
4.519670164014915059e-01
4.521290488039173550e-01
4.384074233952978128e-01
4.391389230858901427e-01
4.462241915331635611e-01
4.651457403848821004e-01
4.715742584296113149e-01
4.682009594507803296e-01
4.389646643593505537e-01
4.384614076002743555e-01
4.817141506477687907e-01
4.499001587750262043e-01
4.760734626991620644e-01
4.588522906460758000e-01
4.609724920200595766e-01
4.540737023033699638e-01
4.531103123704336433e-01
4.567088093523263836e-01
4.527489278405330553e-01
4.362579106365089276e-01
4.631032081509469100e-01
4.581108300316285575e-01
4.628119405796825570e-01
4.561250504176538323e-01
4.523684039851653127e-01
4.527753853966562936e-01
4.562588250582941263e-01
4.518733485897875046e-01
4.491280571684019840e-01
4.553200282698862678e-01
4.588703933159644643e-01
4.548981330599002337e-01
4.519575764051730893e-01
4.531341353034291086e-01
4.584204606252996195e-01
4.645462298908228371e-01
4.704792670468685434e-01
4.737100384677166987e-01
4.528765853647752082e-01
4.530988656794888714e-01
4.415386655591768683e-01
4.451952790325503506e-01
4.707127196126029145e-01
4.746331501350123383e-01
4.468885556894416911e-01
4.322583125118261149e-01
4.814734029032585183e-01
4.701253139936175107e-01
4.561178003453744689e-01
4.511291133208342186e-01
4.622375752428825035e-01
4.568305499354985422e-01
4.553539843613195748e-01
4.740358014729416092e-01
4.551831402832917095e-01
4.522275954548189980e-01
4.558529045418678871e-01
4.551647035589815316e-01
4.408542240965551695e-01
4.453290370003598619e-01
4.523067369319238029e-01
4.644352231445158519e-01
4.644619460767086538e-01
4.514977597278030941e-01
4.522609752992419740e-01
4.536457678480731448e-01
4.544703847441478595e-01
4.489237633333485467e-01
4.534837819250409074e-01
4.583546836645687739e-01
4.575444546202076523e-01
4.529605414815852660e-01
4.529405278900843212e-01
4.480731431945062515e-01
4.618055443492694589e-01
4.724311778054347544e-01
4.831366936312197491e-01
4.528276289570275503e-01
4.548930969292354631e-01
4.388699427113983420e-01
4.418980498213118668e-01
4.645062535674529536e-01
4.708733749317082773e-01
4.385552503428759574e-01
4.378849081713936942e-01
4.687416703427185194e-01
4.690006119514178451e-01
4.532333447501738499e-01
4.537683265388264831e-01
4.565311271838081164e-01
4.546375429179877470e-01
4.547058949993851296e-01
4.718554035341427921e-01
4.575051567833256505e-01
4.520474099154809799e-01
4.557262892676818278e-01
4.568643043948784066e-01
4.488493534070744917e-01
4.461598375728879629e-01
4.573156509798417813e-01
4.653650814890898380e-01
4.502929771206333753e-01
4.553238782569300480e-01
4.497599835467873675e-01
4.516655064956286436e-01
4.552726172333454446e-01
4.592464655195517276e-01
4.499960327389691539e-01
4.541554078438484465e-01
4.515993386679319488e-01
4.596872906818509907e-01
4.693442370175328060e-01
4.763850525215911902e-01
4.517914728953629777e-01
4.561977709215179755e-01
4.393612855146947771e-01
4.390911473128376596e-01
4.609056665980462153e-01
4.646861207125717041e-01
4.401551527331254432e-01
4.744054495799304161e-01
4.521248509092306578e-01
4.573608243053265965e-01
4.561145017244438993e-01
4.573132565567841201e-01
4.596979328162731915e-01
4.546544757888655863e-01
4.541813748594816791e-01
4.560210186566433510e-01
4.569810102967626908e-01
4.460174977064011448e-01
4.417146698942706617e-01
4.550167001574778047e-01
4.608695425650749522e-01
4.599335124164357080e-01
4.557389812192240153e-01
4.499863844753126951e-01
4.532342165135765932e-01
4.549404389002362770e-01
4.508756736783137153e-01
4.477403433598902138e-01
4.545021430224598924e-01
4.580097591772610555e-01
4.537040959709163213e-01
4.562256395938650289e-01
4.558204908721513737e-01
4.753190432622840245e-01
4.713672300640689983e-01
4.505547138483061986e-01
4.560219241418157488e-01
4.431469519224129350e-01
4.435097608947481396e-01
4.483249635698720037e-01
4.601798917927282795e-01
4.644350171899399582e-01
4.687091593167741488e-01
4.465605581637460686e-01
4.407098718453257846e-01
4.698792860434097829e-01
4.712483003651461444e-01
4.521241783136168979e-01
4.534193210926904527e-01
4.553929151979624335e-01
4.583465627416144494e-01
4.552456304414728150e-01
4.468315136640251817e-01
4.594680377372881153e-01
4.586624960498245085e-01
4.488403982369627565e-01
4.463270487988530988e-01
4.482048447316961393e-01
4.563990013103882415e-01
4.662296401298228199e-01
4.513742126584883718e-01
4.494746672831786971e-01
4.574495823015644613e-01
4.544979355508463881e-01
4.519087969145979544e-01
4.496683541931529304e-01
4.560580242761742564e-01
4.562072097721663888e-01
4.589904177685245057e-01
4.535431227179778091e-01
4.569947839415949842e-01
4.568057122140916082e-01
4.723941727810249680e-01
4.650700056936166171e-01
4.684331049219735421e-01
4.528471746120689145e-01
4.559281336214749403e-01
4.478368996526744805e-01
4.502002264534695763e-01
4.647275809446316797e-01
4.706782598872553125e-01
4.435529888154486344e-01
4.393490640650968282e-01
4.743465214844528877e-01
4.712097717276294562e-01
4.525109708540951403e-01
4.539398613554068707e-01
4.591465734883365402e-01
4.543532093797986171e-01
4.545871517052920696e-01
4.567981517253398294e-01
4.567651477303493746e-01
4.481710018445971278e-01
4.509264758493841119e-01
4.572088440205424598e-01
4.575760403560872325e-01
4.484246607631674486e-01
4.505514422317800638e-01
4.594275856079885756e-01
4.544013489578606624e-01
4.512691639858512627e-01
4.515921886231034632e-01
4.523851585152422472e-01
4.598188437054611111e-01
4.598753807551924089e-01
4.491097029046648981e-01
4.555997705337483938e-01
4.556190863208322561e-01
4.574197298923823318e-01
4.633853640721488087e-01
4.658490773482228398e-01
4.549142860129951615e-01
4.436624474701607035e-01
4.469595944522721798e-01
4.561736257052406152e-01
4.551683626018360185e-01
4.738117640461243507e-01
4.375821123255652645e-01
4.470933399419130261e-01
4.708700779788864699e-01
4.645747949614474903e-01
4.529600482175119569e-01
4.529276192893936237e-01
4.549791007843896340e-01
4.639952001820680794e-01
4.554377189204344423e-01
4.444944498495477792e-01
4.480294061433181541e-01
4.574314696067257047e-01
4.542078680290843051e-01
4.696993579395433716e-01
4.459862195410704833e-01
4.525381688055155061e-01
4.611105782891054550e-01
4.559593007420815747e-01
4.524235803391853383e-01
4.528229557805544259e-01
4.559554475169395049e-01
4.572082588283866156e-01
4.471264069001714692e-01
4.534695402680947729e-01
4.566761182419566412e-01
4.552689664712154527e-01
4.636937522654949184e-01
4.640227862433129458e-01
1.162480820034206275e+00
4.442847031139285363e-01
4.486285789352981723e-01
4.546830815250314517e-01
4.413195751352680940e-01
4.696342013092690282e-01
4.648576604752843733e-01
4.532502894360115331e-01
4.534259642759004838e-01
4.591851362941826165e-01
4.454446299209246507e-01
4.443160483969035845e-01
4.532886421817990397e-01
4.526279131631244512e-01
4.551704194428148886e-01
4.509935403929292708e-01
4.543677366771793902e-01
4.575949064231863983e-01
4.509638136231997607e-01
4.463187151413922638e-01
4.581821257342810760e-01
4.572817242370796897e-01
4.549943767324219901e-01
4.639328408760016176e-01
4.656411365474099062e-01
5.599654508749271287e+00
4.446893372120508947e-01
4.417681712152297657e-01
4.559647181208781874e-01
4.532020155276231810e-01
4.518942635713846245e-01
4.603286409269408130e-01
4.576005389816868441e-01
4.446779998094256836e-01
4.416092651701185035e-01
4.640502089012760734e-01
4.581369285286853721e-01
4.523484501003481872e-01
4.492922552071816900e-01
4.579542912982711433e-01
4.531619224459051964e-01
4.503605191172300737e-01
4.642987467403281165e-01
4.641564447588161224e-01
1.727278810567670320e+01
4.475251832471076052e-01
4.459440903189951788e-01
5.005344076747250126e-01
4.620287222197804189e-01
4.556552791747552345e-01
4.448227992258979024e-01
4.651894436884143613e-01
4.553818589433135111e-01
4.427525277049882413e-01
4.391379211565064611e-01
4.538704226528477714e-01
4.664776685331724626e-01
4.537943639192231760e-01
4.548531142171312602e-01
4.694660221380838050e-01
4.532957079481006457e-01
4.678993644355434744e-01
4.565886118398203575e-01
2.765165328660441801e+01
4.600884656920724014e-01
3.999332366455563559e-01
4.698245427509235572e-01
4.705687455708223998e-01
4.510899982454077972e-01
4.567654375909989128e-01
4.538770533030056509e-01
4.340043440878380010e-01
4.629676703676169347e-01
4.462957959395625895e-01
4.511121799891647521e-01
4.564636962756043470e-01
4.762283011328136695e-01
4.521496071750363832e-01
3.151635050037617347e+01
4.510369858727931724e-01
4.364344831849264472e-01
4.634272115683867321e-01
4.718592154378867809e-01
4.463172215125406628e-01
4.534138758619418730e-01
4.550994862181880762e-01
4.407555095374608434e-01
4.663659064099206497e-01
4.462876636163288779e-01
4.549289875102788261e-01
4.535255996858640337e-01
4.757798528199436161e-01
4.561250798172657994e-01
2.765333290528055699e+01
4.372481815439402952e-01
4.317556510150824534e-01
5.049035384894802192e-01
4.608115150988065789e-01
4.567566483240577124e-01
4.527887922343113991e-01
4.627832126802813861e-01
4.555530833449951689e-01
4.443437943505279542e-01
4.430927635957682131e-01
4.537779540591426741e-01
4.580948951291353155e-01
4.539101019919951074e-01
4.493441418042271596e-01
4.698514041594456514e-01
4.507496875839086536e-01
4.674597032970574939e-01
4.637794733527868529e-01
1.727429874846005120e+01
4.349232489916617372e-01
4.390608744252304518e-01
4.687885694504524414e-01
4.536176790025239769e-01
4.535969470607012499e-01
4.614199303898888771e-01
4.571925066581928876e-01
4.462401230713837763e-01
4.458565130322870163e-01
4.640349383885832291e-01
4.549757412758424491e-01
4.524354881375203807e-01
4.545002601892330074e-01
4.581243027837162973e-01
4.511031123579570257e-01
4.529682192881392400e-01
4.575101035040524122e-01
4.551974090290556441e-01
4.640067577428267920e-01
4.653825113892063881e-01
5.600259722731664169e+00
4.356012106703142650e-01
4.387031695269421605e-01
4.585571097595847467e-01
4.799515983011196085e-01
4.420514146031985780e-01
4.461401157999183020e-01
4.735050904053090814e-01
4.673350020032464580e-01
4.531497752292797943e-01
4.543885616000595817e-01
4.531719326221816391e-01
4.465684620008689154e-01
4.489043538844422754e-01
4.523868139598158367e-01
4.684322967252147474e-01
4.521974156511801568e-01
4.526059695523449444e-01
4.546921920807283635e-01
4.511113490404696780e-01
4.529740411343807227e-01
4.578655561665914142e-01
4.574460461476377859e-01
4.456577321131242053e-01
4.526444549889409585e-01
4.576161182147941431e-01
4.553142464391920496e-01
4.637045911079599181e-01
4.638219961704546646e-01
1.162613327145427977e+00
4.359968902349085629e-01
4.431443086220091532e-01
4.639627154803578346e-01
4.788508012685755988e-01
4.620256412327197193e-01
4.365457485884755018e-01
4.388565304840378878e-01
4.728692120067810034e-01
4.724675829456022047e-01
4.519619255934930746e-01
4.529324858970538714e-01
4.522882064069640995e-01
4.619115015028182891e-01
4.550112528670671730e-01
4.452242668823220839e-01
4.514979209251129832e-01
4.560064696785838256e-01
4.561439603424186640e-01
4.529285426413828808e-01
4.460592019457408908e-01
4.506660056378654633e-01
4.596651908925798447e-01
4.538700590740011309e-01
4.525873121570048174e-01
4.525869559444011814e-01
4.561924324024994593e-01
4.600994754329027492e-01
4.463291422678839493e-01
4.550079086892564462e-01
4.568233481228320403e-01
4.573832100672090006e-01
4.635057893467328105e-01
4.656926999413056323e-01
4.551610717876961587e-01
4.407785164674226652e-01
4.436538624879909354e-01
4.724977640000945223e-01
4.758084651536637621e-01
4.439630936222251356e-01
4.417543420267741605e-01
4.744857032814409070e-01
4.708998599743806635e-01
4.510680025074613186e-01
4.534384229968880242e-01
4.589325986931395152e-01
4.551789130458148147e-01
4.488971578586961608e-01
4.534113678619095533e-01
4.630092272239886841e-01
4.558551871843833370e-01
4.578065856932070354e-01
4.486143175231624980e-01
4.481352805078318013e-01
4.559464981804099981e-01
4.651114725595682509e-01
4.485551850742162117e-01
4.495766646025741720e-01
4.592599787415704293e-01
4.545215887069519733e-01
4.514314652774359948e-01
4.498105460798249022e-01
4.517400565339632634e-01
4.600172092919622147e-01
4.591468815256864455e-01
4.484836934115963292e-01
4.564964821307326281e-01
4.554526404501778036e-01
4.565720879357870743e-01
4.632383746081626952e-01
4.683378671263592197e-01
4.562332481709543974e-01
4.414535657580777039e-01
4.375849314134968027e-01
4.392723471704563787e-01
4.662937316559700451e-01
4.710419730287209727e-01
4.715599637068890182e-01
4.490900658921361810e-01
4.427078472190296710e-01
4.683152793413916104e-01
4.715856397603457317e-01
4.496953521510208551e-01
4.553316748776541356e-01
4.511874404111000381e-01
4.588376313508180093e-01
4.598634756538783619e-01
4.501673267676953860e-01
4.569398810752707263e-01
4.571014337886165069e-01
4.482083849134843589e-01
4.409139629505519076e-01
4.462321839163607140e-01
4.553624053102479641e-01
4.593164586266197391e-01
4.514169555251022481e-01
4.499386105826125859e-01
4.575367362688479989e-01
4.550112267221693152e-01
4.520761550322817124e-01
4.479512307080847910e-01
4.562348970120586600e-01
4.582198636425330873e-01
4.563973215069947464e-01
4.531705083704551384e-01
4.533996953657410955e-01
4.552455908583601385e-01
4.723870171469107815e-01
4.713603641248629295e-01
4.649849121212733527e-01
4.531094940251093606e-01
4.562232198897401281e-01
4.393675213743949981e-01
4.424589570235205049e-01
4.656569840557620021e-01
4.749737759078592192e-01
4.412838618348868813e-01
4.667466210287869455e-01
4.496024020190196313e-01
4.531090453115634853e-01
4.557224419105547764e-01
4.714156746516051100e-01
4.572912354882001651e-01
4.570097093228822072e-01
4.537007539623319485e-01
4.562953787268315686e-01
4.578445566830421365e-01
4.449679060151983667e-01
4.449805550885364558e-01
4.548093873007080790e-01
4.652336902733395507e-01
4.602624702064550544e-01
4.555060036185380468e-01
4.500447384569263853e-01
4.533538573429252705e-01
4.554379669976300060e-01
4.510813641182809253e-01
4.519078334834171207e-01
4.546938076627892178e-01
4.594479443784763584e-01
4.541808002682443668e-01
4.556101316182802341e-01
4.589254731724757286e-01
4.753287302523236391e-01
4.764067852466774000e-01
4.507445616818130385e-01
4.563856152263007782e-01
4.404807678210381772e-01
4.478910330872012957e-01
4.675315755317497879e-01
4.765702749536074312e-01
4.421763809346048180e-01
4.325957832216693610e-01
4.680238042856267322e-01
4.684218239094933844e-01
4.501408930347000070e-01
4.591201470867962153e-01
4.505408532855073589e-01
4.544749565221790633e-01
4.740292073906213210e-01
4.542209143330744325e-01
4.585987396275510442e-01
4.530267997624150556e-01
4.569943681426497650e-01
4.567780406997424825e-01
4.474325756831242229e-01
4.505211887805236071e-01
4.574592132080467777e-01
4.648532902577946491e-01
4.519992033619261163e-01
4.546079033271673286e-01
4.500232546607073614e-01
4.537960410239205711e-01
4.554282107427466419e-01
4.576826481275561020e-01
4.500367458364742390e-01
4.531658907383941393e-01
4.507961786190612941e-01
4.609483461755776723e-01
4.694153568807979404e-01
4.832182300929728225e-01
4.519789915017594639e-01
4.550666904160933224e-01
4.449198176511756087e-01
4.514512604249177330e-01
4.720816316142913416e-01
4.677451090735588735e-01
4.524148814056131451e-01
4.444862023406848106e-01
4.796571358544245989e-01
4.486230824114085802e-01
4.527675436659192587e-01
4.739554976184439661e-01
4.477244404736839267e-01
4.575501567330566011e-01
4.618008435462146455e-01
4.555093582621992376e-01
4.550811830261947688e-01
4.539139862280360260e-01
4.575585083312303514e-01
4.586129501772898687e-01
4.385730944925953501e-01
4.607587644234257263e-01
4.436583318471764015e-01
4.649133470473529872e-01
4.568674916766821692e-01
4.512196744536000614e-01
4.524366422572210222e-01
4.537793129959281635e-01
4.520566485333064044e-01
4.492371316118694557e-01
4.557470076500921286e-01
4.584717648493253361e-01
4.549694566538783347e-01
4.532721730282443517e-01
4.535431033770487841e-01
4.472108585822718307e-01
4.635713679863457393e-01
4.725827562478108201e-01
4.738449249986416145e-01
4.530022328534225595e-01
4.532396072451325142e-01
4.445092045835843386e-01
4.430878419230970811e-01
4.455634643900505121e-01
4.621412580477884391e-01
4.655891847688006235e-01
4.709329167865555776e-01
4.434777675234596317e-01
4.442296395083691896e-01
4.800453296188179064e-01
4.598974293076120157e-01
4.607390127351549403e-01
4.511133497348844834e-01
4.546424551097270061e-01
4.523189205965832405e-01
4.344703978064980987e-01
4.596532459954394967e-01
4.614124177735717813e-01
4.637461346963408504e-01
4.520414776030808879e-01
4.527085627748469454e-01
4.564554848206620608e-01
4.508783268761145657e-01
4.494836345679677492e-01
4.521275194949306298e-01
4.589541492547289936e-01
4.580639074662304910e-01
4.523604919900653387e-01
4.569638132941110653e-01
4.579817894286809521e-01
4.704843010614153109e-01
4.529489447946871139e-01
4.522532455441533039e-01
4.396694382547406965e-01
4.462596534065390030e-01
4.613872268217719674e-01
4.655677183236716643e-01
4.233537205616952903e-01
4.582739036075729189e-01
4.622221981040454675e-01
4.602186064317128067e-01
4.649204894958274270e-01
4.492997897236853944e-01
4.593890037340961907e-01
4.605354855847753059e-01
4.536003449375718422e-01
4.537053568466331011e-01
4.513840638243600267e-01
4.568436352897601305e-01
4.462162921126616721e-01
4.645166205667161652e-01
4.503799186544466537e-01
4.584704709442767867e-01
4.565478463496628336e-01
4.549788295199860833e-01
4.520399729142321466e-01
4.517703687683266578e-01
4.440733498126435141e-01
4.517917176728326600e-01
4.636010432352685173e-01
4.667320634860825379e-01
4.563385591828764687e-01
4.655044506085772582e-01
4.644020479390216227e-01
4.605452169040382682e-01
4.654837965165368741e-01
4.510865852337231918e-01
4.612326651880666040e-01
4.598208564159827483e-01
4.550889327137719320e-01
4.537549104865497007e-01
4.448859292261370113e-01
4.431007822446869637e-01
4.571921908258505529e-01
4.585883023155655769e-01
4.599397397507338225e-01
4.780024775934042514e-01
4.515288589039959666e-01
4.510647642483867070e-01
4.483615406184217056e-01
4.572969373671978421e-01
4.647291601336290268e-01
4.569904668524087943e-01
4.586508515713879630e-01
4.755931030167050988e-01
4.584744536558419958e-01
4.608899612188249728e-01
4.628510049835190543e-01
4.597809697938616269e-01
4.754316994800323326e-01
4.601191154868297661e-01
4.619376810725382976e-01
4.564672375918404912e-01
4.537075250071895827e-01
4.522807162764733713e-01
4.685604016381212378e-01
4.791555975764540953e-01
4.695523966796089077e-01
4.700654391759454542e-01
4.503033776008498745e-01
4.507872460924875480e-01
4.492490925386373180e-01
4.464885358807992310e-01
4.496655455813777791e-01
4.597330558857753990e-01
4.614636583131696002e-01
4.657247535744730715e-01
4.614603355718281397e-01
4.852353735436069071e-01
4.619539221498684123e-01
4.614825880116314449e-01
4.657383113397186025e-01
4.484162495790330327e-01
4.722467946915526182e-01
4.615870824824972463e-01
4.489617256916481614e-01
4.641256010804568621e-01
4.567825246007520268e-01
4.545952792280081867e-01
4.540648611020948189e-01
4.775523148103619775e-01
4.814407462217270006e-01
4.492590708306540281e-01
4.491843491643464636e-01
4.487394840599459589e-01
4.475180114793528841e-01
4.526775529272794585e-01
4.611145120282802989e-01
4.684357735915687382e-01
4.648512231510227855e-01
4.666143822917176998e-01
4.631631794128757695e-01
4.592260407721973636e-01
4.561348468014119750e-01
4.640121928053095868e-01
4.651496532507314874e-01
4.627313471469533535e-01
4.650838911782759766e-01
4.235371001288415482e-01
4.575029059768499495e-01
4.598354496955202042e-01
4.328080013992081088e-01
4.344399551858247888e-01
4.752461307016799807e-01
4.960608140627065787e-01
4.735234955656974498e-01
4.485444922721354977e-01
4.472305458462338956e-01
4.486652370936156098e-01
4.492662276280834921e-01
4.586046648133642600e-01
4.629083342044097438e-01
4.626255765200752434e-01
4.809971190257675278e-01
4.672638730092855686e-01
4.382194839464793601e-01
4.600295813566516179e-01
4.744839249503642886e-01
4.640568565006754076e-01
4.379016348465447628e-01
4.572873424714032908e-01
4.605401220384980343e-01
4.360961957886935192e-01
4.435439019918234749e-01
4.762054127717647023e-01
4.882332741529768483e-01
4.724504671226197328e-01
4.460425718662567318e-01
4.432530031861273145e-01
4.522678840389584565e-01
4.615782825460927330e-01
4.608463308400148617e-01
4.605500094994487981e-01
4.520782017179600376e-01
4.639884080092648855e-01
4.581862692417069116e-01
4.610487882749417787e-01
4.707196103223053041e-01
4.553760000497419358e-01
4.824642822887863503e-01
4.551247550918293139e-01
4.627118162283967995e-01
4.629936139437348386e-01
4.606666614067814192e-01
4.627321961555202479e-01
4.418965789146521717e-01
4.430954121022439574e-01
4.600427371699795653e-01
4.649956128458710425e-01
4.587948198055115112e-01
4.404667080149808900e-01
4.790433584603314698e-01
4.823354442837688993e-01
4.781513421462669777e-01
4.443694468322790248e-01
4.440980281929841067e-01
4.441524907961758029e-01
4.437655663584675336e-01
4.539378472054244607e-01
4.597895674198634874e-01
4.569258303866396975e-01
4.563459411937829113e-01
4.562836150226060039e-01
4.536786406560637808e-01
4.544701791723357864e-01
4.526060910652662250e-01
4.545640355836664814e-01
4.528484171159956606e-01
4.618516472326141264e-01
4.177319508526808889e-01
4.427004120775452911e-01
4.577516363524481990e-01
4.783210640112744994e-01
4.627038616075314637e-01
4.422304362202834072e-01
4.487754538802994353e-01
4.564526872135880597e-01
4.261359621150145327e-01
4.616682231329422015e-01
4.666778082467007982e-01
4.593585813588098032e-01
4.423851585683858390e-01
4.632647859707074156e-01
4.544721669897556771e-01
4.597218307479732369e-01
4.633335984617504288e-01
4.397065723644799640e-01
4.815882734624734596e-01
4.800455516629767994e-01
4.819117658170691265e-01
4.422071091626166295e-01
4.413127297466393206e-01
4.269125640354659579e-01
4.252047571359136025e-01
4.496122403162560177e-01
4.512554110484096603e-01
4.584597531427750949e-01
4.598673422513466780e-01
4.750325191969638761e-01
4.596796185278091418e-01
4.466453094175227290e-01
4.705806760947886525e-01
4.508458727310440395e-01
4.522929025691992400e-01
4.594880851976704816e-01
4.283434976469897015e-01
4.558389266413629959e-01
4.747071474902838095e-01
4.602296319394388324e-01
4.598024758441185966e-01
4.418030277273221618e-01
4.519289919673996070e-01
4.450088487641738477e-01
4.500816717316741822e-01
4.850550801024564040e-01
4.765085458641666882e-01
4.291073729294446193e-01
4.627877981801085117e-01
4.662519883992053971e-01
4.606748044437443679e-01
4.440879176230257963e-01
4.666627827589300281e-01
4.476298952553092736e-01
4.483735408812389300e-01
4.651903934300394283e-01
4.479439902192847711e-01
4.410942096576963012e-01
4.797032877321035227e-01
4.893120480739279743e-01
4.401844990655084944e-01
4.589289072306243500e-01
4.430358441149290227e-01
4.246537224418691636e-01
4.460740725093294001e-01
4.569693565272245350e-01
4.578397465285964363e-01
4.507424565190523702e-01
4.836017446587794200e-01
4.594181404381628142e-01
4.616054583266807620e-01
4.448616926890127110e-01
4.626400513118925639e-01
4.469107482827799349e-01
4.487031845422786436e-01
4.661047576022265826e-01
4.878455169704148386e-01
4.270931517962006652e-01
4.279571465843848288e-01
4.573386102619811933e-01
4.658989155323746134e-01
4.585627581022704846e-01
4.600895974624372720e-01
4.441929398959729158e-01
4.554222841928010634e-01
4.431016815645740792e-01
4.487124355124013642e-01
4.458061798075071969e-01
4.725115189722038922e-01
4.300745563793110793e-01
4.357429733019879126e-01
4.640152898462279740e-01
4.655428933222513499e-01
4.624106092339401730e-01
4.415587471376902773e-01
4.647024259090692389e-01
4.456664640962158530e-01
4.610373020716700410e-01
4.658774396242900129e-01
4.411271534890406909e-01
4.822791525030595272e-01
4.991669232682276469e-01
4.786908302463882547e-01
4.353113190669535282e-01
4.402422489116198379e-01
4.539689291301285401e-01
4.512641263812979253e-01
4.435187468529468990e-01
4.408971056975248826e-01
4.461231250452755703e-01
4.784573870497044745e-01
4.884923883188231897e-01
4.699936270443640929e-01
4.602237560626164514e-01
4.540858133960820053e-01
4.445233331305226132e-01
4.441032199546376957e-01
4.470383031138838725e-01
4.532178784291487905e-01
4.456778552611215805e-01
4.493202983873002543e-01
4.657032724440865468e-01
4.542890813924490012e-01
4.628264612962313396e-01
4.443382044183913360e-01
4.445302917237122231e-01
4.487568909215922108e-01
4.938761299170519870e-01
4.836709055404276869e-01
4.286965012404444497e-01
4.676739410148063603e-01
4.668087218193835986e-01
4.657565815411530696e-01
4.642313080287118754e-01
4.428160578738746245e-01
4.632367814680740103e-01
4.445311779418162912e-01
4.571765117514503540e-01
4.404838884744006755e-01
4.437680539835398563e-01
4.795745959681334547e-01
4.940412017660645860e-01
4.811413260612824039e-01
4.428651994163057548e-01
4.299698810388160042e-01
4.422512094452306641e-01
4.491204583168751374e-01
4.681884129438065312e-01
5.656218144573956774e-01
5.793425473429009154e-01
4.423358759924290173e-01
3.961226736024724970e-01
3.967921086980192857e-01
3.874041622892109293e-01
4.319295238558686911e-01
4.698339454624422817e-01
4.404502613351813922e-01
4.492693016376395621e-01
4.459399222456356116e-01
4.441498944738028198e-01
4.621568089620164410e-01
4.431538141261104902e-01
4.630044920760868488e-01
4.420596202554700205e-01
4.419326958916436898e-01
4.490894444068550539e-01
4.456514129020616721e-01
4.788647235666046442e-01
4.397021085799927009e-01
4.257131965114614447e-01
4.693325743763723246e-01
4.691843558185891383e-01
4.668728389903145648e-01
4.397624581478600803e-01
4.577919180762262674e-01
4.429662358091094876e-01
4.628233359240521705e-01
4.360607645368382856e-01
4.691853141974616226e-01
4.741135367051561023e-01
4.852644419321133218e-01
4.834793321294036939e-01
4.414780815594953611e-01
4.349043702031524239e-01
4.445382663780348964e-01
4.469696841484780414e-01
4.684898201855176580e-01
4.472059407505400430e-01
4.912416779977734627e-01
4.497648663801174229e-01
5.725169372023983794e-01
5.591865324037368357e-01
4.508144731601237964e-01
4.074879904598000535e-01
4.153450164669278966e-01
4.342285621753271818e-01
4.383368232738143466e-01
4.640335307660090614e-01
4.667994218391797179e-01
4.670413399182550829e-01
4.660815055020529618e-01
4.691665561538423956e-01
4.709258329761868422e-01
4.425087427045345523e-01
4.716545375769268800e-01
4.488604389789142557e-01
4.500538068873126685e-01
4.501886183776490080e-01
4.278082560484274821e-01
4.662954489819021719e-01
4.629023125343257883e-01
4.689469659549791447e-01
4.378231959212375846e-01
4.584217178778992041e-01
4.427681227134094843e-01
4.827800967600172077e-01
4.817896907631761816e-01
4.853686806374225560e-01
4.389072333368846390e-01
4.419901664579243272e-01
4.430883525933542177e-01
4.505999529963833350e-01
4.495514867450827179e-01
4.487185393382089327e-01
4.282610146594762468e-01
5.195724177548733946e-01
6.130452314881333908e-01
6.113357236985997867e-01
5.406021606598552243e-01
3.969580517468339620e-01
4.415533363013886547e-01
4.490994136026533745e-01
4.369911164642306667e-01
4.410460309870477547e-01
4.494320125912983355e-01
4.560181184526028164e-01
4.576326751230769263e-01
4.614199965494290012e-01
4.631913747559140426e-01
4.473757300244297075e-01
4.580025456551424790e-01
4.456787433152465394e-01
4.484927777787289793e-01
5.364954163494238815e-01
5.522684183064466845e-01
4.337064941125353679e-01
4.229254397084644124e-01
4.594879476564024401e-01
4.729021992154549547e-01
4.709612901199164980e-01
4.368074191953869589e-01
4.547905273397168657e-01
4.413703021016642247e-01
4.780819781822670533e-01
4.895689792934222462e-01
4.633297326859632248e-01
4.785129079391939322e-01
4.378040830565502750e-01
4.463009881841909499e-01
4.419512233382008048e-01
4.496662317667045050e-01
8.113609397408175772e-01
4.052362533144299728e-01
4.055237067327083778e-01
7.230281328991422507e-01
7.479552199129441137e-01
5.114954196855916457e-01
4.218406392357504364e-01
4.250351780686499326e-01
4.408389323042963270e-01
4.536961568412261059e-01
4.520968242324708286e-01
4.426494174665307479e-01
4.714878340947906699e-01
4.532313150271778945e-01
5.031531136749272104e-01
4.651979371833867005e-01
4.353352559640164543e-01
4.554170745709229529e-01
4.407368768403716608e-01
4.670337446172125873e-01
4.968946248547750910e-01
4.712816262534658129e-01
4.847976464798566809e-01
4.357529608758144435e-01
4.533559893439472743e-01
4.397969644036974213e-01
1.029513867116468973e+00
4.070964166791830596e-01
5.831845719258891281e-01
4.421601288679846142e-01
4.530887870633181214e-01
4.428584922141339253e-01
4.583501832660690778e-01
4.651163689688907477e-01
4.586017176947985718e-01
4.621474101187352246e-01
4.647179336218957846e-01
5.009408232468449684e-01
4.351551945371897601e-01
4.543193670368071979e-01
4.388989683396011809e-01
4.647724047631917599e-01
4.819672836692719953e-01
4.685239159325998992e-01
4.764103534159827014e-01
4.840786566856974393e-01
4.334575956149948062e-01
4.609815302282362359e-01
4.345744272875013414e-01
1.125099073836707042e+00
4.231757723663590598e-01
4.002645890328612732e-01
4.801786548953565492e-01
4.685778267151862742e-01
4.434243606283703731e-01
4.587632040613121576e-01
4.623026118945435248e-01
4.571092499872961290e-01
4.557869200715467528e-01
4.543679681161658102e-01
4.545922123947572779e-01
4.560421739790845863e-01
4.577036312679657049e-01
4.596284638780230858e-01
4.621761883000344295e-01
4.661160209398798604e-01
4.638262905526527868e-01
4.350908827081662600e-01
4.561448126840295658e-01
4.305408884857430674e-01
4.621364647494358158e-01
4.815190834655819763e-01
4.666531808036086804e-01
4.734387823214600277e-01
4.865904272010322940e-01
4.357471730669073562e-01
4.406028728051437637e-01
4.338094106933145233e-01
1.291075262055191741e+00
3.789832381152539176e-01
5.275261317485743229e-01
6.006920877634892575e-01
6.004714442263330287e-01
5.724008522519355990e-01
5.015326501669399306e-01
4.282986838420052567e-01
4.261692707415051795e-01
4.345221124855228600e-01
4.514454926037074212e-01
4.596487920105685743e-01
4.621678613770656141e-01
4.644227922751752446e-01
4.651710709804421917e-01
4.688995411445628925e-01
4.347698372131236222e-01
4.218359939177129814e-01
4.622482770761749404e-01
4.858265225486728678e-01
4.658016528266035738e-01
4.729926376431347057e-01
4.828940327873282312e-01
4.387251480084677913e-01
4.366258077485108968e-01
1.479029207343094843e+00
5.411048268726068589e-01
4.216612688663772812e-01
4.141983034957250065e-01
4.333056379393363522e-01
4.555681527789969820e-01
4.960441361519004611e-01
4.608406428126131105e-01
4.668567545305096211e-01
4.772994027582060372e-01
4.742120667423476710e-01
4.353459780760728370e-01
4.419126951042288698e-01
4.402705189627500459e-01
3.940815587609884929e-01
4.717711126067336558e-01
4.646124329202641623e-01
4.852067205396335958e-01
4.326260798481280090e-01
4.513716503295895910e-01
4.375366854297585428e-01
4.326890883247137554e-01
4.465192175936660846e-01
4.359428700950472857e-01
2.238398503659885908e+00
1.945686747598988298e+00
4.336784030703711990e-01
4.579538856794871937e-01
4.353381492467405800e-01
4.393401780749618402e-01
2.587739512942711873e+00
4.342338608711496795e-01
4.433037931865274062e-01
4.390671746842224055e-01
4.429917467293109090e-01
3.017628558720999443e+00
4.315378509083910297e-01
4.410370291997737779e-01
4.461989511734114622e-01
4.471305845300265203e-01
4.439087969379203469e-01
3.572926395394542265e+00
4.403208446368533369e-01
4.627966764410719192e-01
4.394447752034525978e-01
4.468359468608124607e-01
4.487436229614986116e-01
4.411240914247818168e-01
4.352318469305762605e+00
4.417005733803194278e-01
4.583241089449910932e-01
4.432697587467928635e-01
4.488828301570935153e-01
4.483953970201046690e-01
5.641047993322664489e+00
4.456881889562644972e-01
4.672414378406383739e-01
4.446987908914582510e-01
4.498907691555112942e-01
4.483520840107743100e-01
8.814564649232405458e+00
4.457663481922866655e-01
4.627983400556565652e-01
4.446654268024457513e-01
4.499716982722312686e-01
4.494645822109842315e-01
1.137826093302634689e+01
1.796846038619185038e+01
7.410312993275335103e+00
5.665316768092216293e+00
5.016775600022599590e+00
4.607998971492902385e+00
4.301229863627476391e+00
4.051354260348616343e+00
3.838098309575553646e+00
3.650273167012442421e+00
3.481109343814173140e+00
3.326291049593786298e+00
3.182983369330950385e+00
3.049298706192771213e+00
2.923982104119174696e+00
2.806213613619136460e+00
2.695476516274449175e+00
2.591464282106918926e+00
2.494011104234608478e+00
2.403037085344886137e+00
2.318502656993483679e+00
2.240369059420149966e+00
2.168563360075046909e+00
2.102947846154722633e+00
2.043294848038556655e+00
1.989269177351808748e+00
1.940421238800605908e+00
1.896194090849299130e+00
1.855946731698017160e+00
1.818993296643462765e+00
1.784653919922088328e+00
1.752308908654020225e+00
1.721445467645896565e+00
1.691687203828474040e+00
1.662801414466269501e+00
1.634686172420805272e+00
1.607345512608730376e+00
1.580863785975213487e+00
1.555388360479276200e+00
1.531124400472082536e+00
1.508338990613176112e+00
1.487367004242456048e+00
1.468609399971401830e+00
1.452516124560175426e+00
1.439549356268895686e+00
1.430126805494912334e+00
1.424547943018269036e+00
1.422908154117740853e+00
1.425007969701218125e+00
1.430268464172903098e+00
1.437670773752197428e+00
1.445746141629008719e+00
1.452647621131723410e+00
1.456327037580158468e+00
1.454814131940116440e+00
1.446551956196667765e+00
1.430701770212939872e+00
1.407319031969474388e+00
1.377336542938528918e+00
1.342359997685530493e+00
1.304348242340121367e+00
1.265278999516911362e+00
1.226881546341463070e+00
1.190472017145761008e+00
1.156885654462000534e+00
1.126481803432010764e+00
1.099200191651808600e+00
1.074657668553723022e+00
1.052279875476824333e+00
1.031457267016047119e+00
1.011703660980982411e+00
9.927872138446438566e-01
9.238413367387755537e-01
9.214358555497896841e-01
9.319221493509027843e-01
9.852466366255253627e-01
9.638417241440607741e-01
1.007024133413193079e+00
1.025186682956686246e+00
1.034359111484713267e+00
1.027820427285695226e+00
9.976617542113562775e-01
9.348524210965161174e-01
8.288412813663676992e-01
6.747740044130365877e-01
5.071371068316150588e-01
4.432119802154803612e-01
4.499036093938013070e-01
4.512423481368758038e-01
4.515548685891299652e-01
