1.169375015326653866e+01
7.892012305494557012e+00
6.193301102749763309e+00
5.782176238326524498e+00
4.990733092255948300e+00
4.833983141132054406e+00
4.776321510795034087e+00
4.730498827357487279e+00
4.658236693797892514e+00
4.532627192763674984e+00
4.334370036532795289e+00
4.055509144384955356e+00
3.703824603413517824e+00
3.304268141569971728e+00
2.895233132469103410e+00
2.520060924000581792e+00
2.216996839979099576e+00
2.011709260848667302e+00
1.914571467433337393e+00
1.921804664508122373e+00
2.018082380790406916e+00
2.179204565468279675e+00
2.375266474885081358e+00
2.575123049938726538e+00
2.751699530001516347e+00
2.886444794594984931e+00
2.971311476299357324e+00
3.007899674611926866e+00
3.004658079444060270e+00
2.973514306077089220e+00
2.927001333441253017e+00
2.876340481140825744e+00
2.830440151579572738e+00
2.795522614212567092e+00
2.775053903954326717e+00
2.769725299014694997e+00
2.777348690976154888e+00
2.792656598319366079e+00
2.807141288393657508e+00
2.809222405892326080e+00
2.785154685661443530e+00
2.721068100861348427e+00
2.606225770157545085e+00
2.436928319232575912e+00
2.219696091274835137e+00
1.971990692172475912e+00
1.719393398815084684e+00
1.489849173294157669e+00
1.307287946458036254e+00
1.187249154111510441e+00
1.135652174311492457e+00
1.149819204318018206e+00
1.220081216288806170e+00
1.331190227489415401e+00
1.464043352481597005e+00
1.598407097531074239e+00
1.716387011413439412e+00
1.805470175028716762e+00
1.859991130675041626e+00
1.880707650855382607e+00
1.873035579030429609e+00
1.844843707228167373e+00
1.804533217084067553e+00
1.759733846989146144e+00
1.716613400128768729e+00
1.679624259267652908e+00
1.651476228975654825e+00
1.633165359285466911e+00
1.623955845098471240e+00
1.621287756675978242e+00
1.620667711682037160e+00
1.615694288351958718e+00
1.598456160736775988e+00
1.560560635739822954e+00
1.494913004533117373e+00
1.398011782674423609e+00
1.272032897821421038e+00
1.125654564499606103e+00
9.728170175150666621e-01
8.295382129152629735e-01
7.100235604117347554e-01
6.237471850969300569e-01
5.744908630129267335e-01
5.610392916130325647e-01
5.784618965173701222e-01
6.191898348540525454e-01
6.739032171019334605e-01
7.326473232633290422e-01
7.863045913630393180e-01
8.280361768250062982e-01
8.541422683932922144e-01
8.640769028249504213e-01
8.597663536819171171e-01
8.446143660127077846e-01
8.225557723308510871e-01
7.973599825083061976e-01
7.722222962489289078e-01
7.495820317411631128e-01
7.310738696783209978e-01
7.175268907234964022e-01
7.089513734177113058e-01
7.044857136796164321e-01
7.023145782301016826e-01
6.996174680995314032e-01
6.926595258874437278e-01
6.771694611534639918e-01
6.491154113526799163e-01
6.058396929114948648e-01
5.472548814831269537e-01
4.765639953382211913e-01
3.999697232663380619e-01
3.252345652978556045e-01
2.595976081666715451e-01
2.079910664353085137e-01
1.723291053559896646e-01
1.519421092586935307e-01
1.445711432809123342e-01
1.472279674902751412e-01
1.566377522945946732e-01
1.694365635951858851e-01
1.824082163025947390e-01
1.928478487067211422e-01
1.989182215045000590e-01
1.998229214807740739e-01
1.957303057591879558e-01
1.875116868977147466e-01
1.764137301883853259e-01
1.637668511617018374e-01
1.507806355975026269e-01
1.384317512531116068e-01
1.274240553953869259e-01
1.181922733233214395e-01
1.109221779901190530e-01
1.055658924355511730e-01
1.018391067507281172e-01
9.919945289870304994e-02
9.682469659927003813e-02
9.363443158539290490e-02
8.841763274305410036e-02
8.011566220751155376e-02
6.824022846840888112e-02
5.328419822140952056e-02
3.687931252242232505e-02
2.148224109212789126e-02
9.590198602066335454e-03
2.800864068154942758e-03
1.203576273036044766e-03
3.441287851028452041e-03
7.388025787061861319e-03
1.103597861564055253e-02
1.313093831508685243e-02
1.333190472113012469e-02
1.197795078008043884e-02
9.708152639687710195e-03
7.149778169691090902e-03
4.762034296020238762e-03
2.811568045090799117e-03
1.410339632858344542e-03
5.546320879741471711e-04
1.428694485845824339e-04
1.120864247626354250e-05
-6.342227605228055259e-06
1.378586111488674925e-05
4.145338376140468739e+00
1.477019592060209278e-04
3.199806662673782220e+00
5.186417318930278695e-04
2.553015478388288351e+00
1.157553936287542906e-03
2.050847525698586971e+00
1.918870667834619457e-03
1.641519403626262363e+00
2.505713786439114910e-03
1.303776477019712665e+00
2.614294481482920020e-03
1.027619784961862237e+00
2.113137431796733093e-03
8.075521120728933466e-01
3.386605926124738097e+00
2.471841079580364031e+00
4.530105963742469655e+00
5.439062440423681366e+00
5.621934236704689170e+00
5.458807631477278655e+00
4.647962110784906287e+00
2.279506970768289342e+00
1.683335690096885662e+00
2.982318629889239681e+00
3.528297101793765211e+00
3.612659559151795374e+00
3.486387275156435095e+00
2.960713713517350687e+00
1.024208497835315423e+00
7.242421413731604529e-01
1.439272995401578603e+00
1.796587774960009432e+00
1.928631596891850375e+00
1.959229994097328564e+00
1.712308570066348068e+00
2.784994460139775252e-01
1.785389813494369093e-01
4.668112749341949974e-01
6.640357487796765268e-01
7.968893212980588947e-01
9.097544255888763143e-01
8.457119390139862247e-01
2.011011971553920696e-02
3.184282717129532925e-02
2.649666131575700162e-02
6.849269849098871266e-02
1.300272333308876704e-01
2.249573540919012626e-01
2.557312807552858946e-01
1.186140029649007666e-03
6.392700141899299027e-01
1.251324924646469272e+00
2.178852053206575268e-01
3.005778257330873782e+00
1.027579403025262295e+00
8.703451504615170586e-01
1.664470912891551913e-01
1.907664345358133451e+00
6.450891962934383050e-01
3.505659139112766165e-01
7.443072611613589518e-02
1.151673950694211745e+00
4.436699524622583213e-01
7.948380385965471417e-02
5.302862878494016274e-02
6.206474014509202330e-01
3.019784242746890723e-01
4.943422058591172980e-02
9.079399256299873489e-02
2.421935811797852611e-01
2.123434944521065681e-01
3.781493090332753567e-04
5.179333347045208535e-01
1.394082430843735232e-01
1.974148929484292603e-01
5.905219906942126284e-01
2.093234769652256022e-01
1.195279073253602414e-01
1.787576460030668724e-01
3.691731601839424171e-01
1.339794238278197436e-01
7.861923165792818191e-02
1.275123466790670512e-01
2.730373746946611058e-01
9.882541154908565384e-02
7.953884432681500305e-02
1.065317460879706135e-01
2.101056860200407883e-01
8.601824718755585186e-02
1.032808063341476290e-01
8.589528619127609343e-02
1.950774242888584642e-01
1.274555670536659802e-01
5.028112036416555481e-04
4.374181428242409075e-01
3.440900975271666828e-01
1.937488094540191774e-01
3.590065562078690320e-01
1.533151768289448547e-01
2.120598310467645409e-01
6.657401736189516583e-02
1.285005887223970578e-01
3.233745754789763005e-02
5.338698850749842850e-02
5.794156031026159032e-02
2.419213730062666490e-03
3.903083942117590577e-01
3.670009300714557332e-01
4.553378345347499634e-01
4.493011711411580289e-01
3.706506729952237511e-01
2.280060531265279689e-01
1.819694493987961958e-01
1.113601712613178918e-01
9.401288471430495342e-02
2.990585883928458671e-02
2.587808657134341508e-02
6.745712481650630032e-03
3.683841740949873600e-01
2.008095466535273765e-01
4.752381489359845945e-01
2.785182085147322462e-01
4.126861029091659083e-01
1.269385099674487927e-01
2.333948011935039479e-01
5.683169688096738337e-02
1.552720323852145590e-01
3.406213856453822048e-02
2.342385776796618996e-02
1.362396127269221643e-02
3.633390485002563342e-01
1.472530055983146124e-01
2.361443166704205454e-01
1.124341533146540340e-01
2.382397865460640918e-01
7.368484444966082181e-02
1.626035570706506062e-01
5.526539322050667141e-02
1.477466937276694092e-01
8.868205590667228855e-02
4.988998320563545891e-02
2.263982087145603381e-02
3.674919619807748838e-01
5.811133826590505480e-01
1.178357017220035691e-01
3.855830133400480753e-01
1.025206345547138992e-01
2.993254651344697259e-01
8.407845305838414218e-02
2.176890089133755868e-01
1.161460838873538542e-01
2.416446164554596487e-01
1.052846822966012064e-01
3.294322883550103442e-02
3.743443123834196418e-01
8.344820121772299482e-01
1.446618456173369927e+00
1.300649205455081669e-01
3.192994899786515406e-01
5.894919115742203175e-01
1.145931954122586305e+00
7.662814599126201165e-02
1.203221342586843490e-01
4.391138570272848929e-01
7.816748781456589468e-01
5.764685502998133371e-02
3.783052097552770665e-02
3.047007646510956902e-01
4.959440467431461830e-01
9.473580564554438810e-02
4.704520698532920625e-02
3.050123011259406325e-01
4.115297336846580056e-01
1.189842451315514665e-01
1.210531998863749736e-01
4.351808509946140241e-02
3.789215053576213132e-01
1.824122420520005727e+00
3.313380768930933584e+00
3.815596289572811717e+00
1.745015331315641349e+00
2.202479291797365235e+00
5.535901064158449403e-01
1.494788933985925272e+00
2.733701707976870843e+00
3.122493478838403114e+00
9.557035769801681679e-01
1.259617456715229622e+00
2.325241982025055831e-01
9.724542332936717548e-01
1.617381775479088901e+00
1.812040827734705095e+00
3.587346291385690167e-01
4.958613243464565223e-01
6.582326402443682001e-02
5.864255460536657028e-01
8.708967040070756394e-01
9.511646603115782028e-01
8.274810223693973565e-02
1.254509926418484189e-01
2.821408856207708454e-02
4.371269492535340140e-01
5.011301775145766690e-01
5.121928921882175079e-01
5.563420110191596990e-02
4.972452430577774946e-02
1.023020719973636999e-01
5.348843356195408238e-02
3.778964713290985933e-01
3.569677265268759392e+00
2.897765756624198552e+00
2.565537636283532041e+00
2.808177988755406140e+00
2.073876756220438988e+00
1.618536762165620368e+00
1.550522174547487753e+00
1.039521472807851232e+00
7.128527053412840875e-01
7.582131481454573718e-01
4.341563570878895773e-01
2.321837363775837715e-01
3.450250752030722401e-01
1.312842118748373255e-01
4.860284242003749811e-02
6.234489628661701865e-02
3.695209028502806081e-01
7.002995297732467206e-02
3.534056804627794257e-01
7.689311623048608602e-02
3.302050010439885330e-01
1.051952547401478810e+00
8.133673381565494909e-01
1.319080277259401246e+00
1.727455909981517879e+00
1.874198674488759320e+00
4.853932072743482595e-01
3.406986687276471470e-01
6.798554033817102438e-01
9.689328168458927193e-01
1.100393229832344000e+00
1.842042764816773648e-01
1.077811731446663840e-01
3.149011233885307681e-01
5.158825394629267258e-01
6.276477076570774472e-01
7.736810684744140076e-02
3.791514298846531544e-02
1.671315622086993469e-01
3.175911090257755864e-01
4.120739192982315613e-01
8.357613391799567637e-02
3.012660160971746826e-01
1.453975612172492549e-01
9.190469634291949241e-02
6.177254584141910199e-01
1.637411170009452022e+00
8.548233823751651972e-01
6.309119217464520535e-01
5.528511554381206061e-02
5.611758050979552548e-02
2.480086805888635226e-01
9.790927252381680379e-01
5.623642002398352435e-01
4.371856558253263692e-01
3.025253613403470349e-02
5.329189987508604204e-02
7.342764355784651975e-02
5.729616539251819463e-01
3.734341679984023443e-01
3.096840002346996079e-01
3.918825034876733532e-02
6.752306942521207889e-02
2.687261393514879179e-02
3.844647685883382238e-01
2.779749798425259488e-01
2.423385182215446187e-01
9.089739236144712964e-02
2.683010307307505116e-01
1.301457128621900661e-01
1.819270836101878341e-01
2.999514809353500677e-01
1.878780646765426110e-01
1.209027090221181794e-01
1.619436074267314452e-01
2.297590846890038563e-01
1.505660181683833310e-01
1.125510286240744146e-01
1.381953946218397178e-01
1.840266030703615052e-01
1.289722707630582277e-01
1.149208654756767034e-01
1.300931043379498220e-01
1.581752242013355902e-01
1.168533477520756064e-01
9.978450529656196499e-02
2.331222801474583939e-01
3.141716435114902395e-01
5.393449857133743308e-02
2.347578680294227227e-01
3.148605766613864210e-02
1.647283496532557234e-01
2.856452565243159519e-02
1.330702687346336788e-01
3.146210706831132492e-02
1.112772651829306431e-01
1.974563431695615379e-01
3.922129958987576326e-01
1.560319501631260430e-01
2.503880499364236067e-01
6.858267902083499401e-02
1.513162783569810821e-01
3.176493344031335042e-02
1.110011789170085167e-01
2.423626435779945368e-02
1.266073779295573409e-01
1.628343054810717783e-01
2.585124090156295518e-01
2.466164444304381753e-01
1.449314191371532112e-01
1.276935836216481213e-01
7.847472543991466931e-02
6.937558148758651844e-02
5.387640360658788735e-02
5.243853527607378329e-02
1.473634535899933928e-01
1.305399699913784295e-01
9.348180702893391092e-02
2.141401223403552878e-01
5.944032546509919052e-02
1.349591347103405725e-01
4.334688662422277877e-02
9.528321529557197411e-02
3.011583500545826630e-02
8.089144247269959564e-02
1.757700300856853415e-01
1.015929651309840642e-01
1.909828454184178681e-01
1.478498593713153675e-01
1.641394644102942835e-01
1.224630922369735891e-01
1.431028460100964572e-01
1.170806630733062653e-01
1.014524984997901141e-01
1.085200451713795450e-01
2.151516170503993408e-01
7.674520317541946857e-02
4.300446455608111784e-01
5.842466585655395894e-01
1.097484896579199315e-01
7.372936520479890510e-02
3.441486499571305702e-01
4.429304067991955973e-01
1.127646164865840628e-01
8.745463852149389095e-02
2.819886760303694229e-01
3.486221410121234099e-01
1.306047733747331407e-01
1.151673433021588450e-01
1.985165197782780555e-01
2.438869593938084723e-01
1.250523198731558761e-01
1.116765316072243913e-01
2.707364347050031372e-01
5.647564481623446042e-02
1.013153717406762633e+00
1.252449550056302874e+00
4.231804791280101979e-02
8.548120191579308691e-02
6.846752562495579397e-01
8.041904052083389542e-01
3.777447801542804795e-02
3.657844275538367496e-02
4.913689982247777532e-01
5.511941907357651438e-01
6.551145350411116675e-02
4.572883501261465478e-02
3.392979681346742216e-01
3.782978908587353861e-01
6.642033057982668631e-02
4.589459329830206102e-02
3.511420845388608658e-01
4.097767672364622388e-02
1.238572572523141346e+00
8.771501040630382828e-01
5.761639212351746808e-01
3.115886947922625883e-01
1.452983559540920178e-01
7.632290123369325219e-01
4.921817101287956908e-01
2.857446549256117962e-01
1.270584339001965268e-01
5.008911360412367925e-02
5.024588763022865834e-01
2.914989689346785262e-01
1.445322732227012630e-01
5.107331412930588704e-02
3.285152323212019165e-02
3.428046518612996030e-01
1.953459448354170902e-01
9.390837037724220071e-02
3.270168978896443451e-02
2.976394341773364732e-02
4.713707181462784557e-01
3.014356991567193958e-02
6.596262866989318630e-01
2.355896546153675788e-02
9.758089264113690708e-01
2.052414089000742861e-02
1.576615214025492984e+00
2.011548053078683965e-02
1.069865453762442048e-01
2.204088073833467831e-01
5.200245704494756843e-02
1.101646397689009654e-01
2.643324151991846005e-01
4.183201180052572576e-01
5.185394791462419883e-01
8.772395818352785035e-02
1.849809386899182728e-01
3.691919536023720305e-02
5.581652912348892409e-02
1.445871434184335669e-01
2.499615124657578180e-01
3.306071781339676163e-01
9.866527858263518524e-02
1.863765693821726743e-01
4.234569203431368112e-02
4.475263914995830650e-02
1.146991935588765471e-01
2.091053900117043063e-01
2.891024905164790160e-01
1.068449888489078625e-01
1.895659789343797086e-01
4.710658032728864963e-02
3.878311797528163213e-02
9.335944594441773769e-02
1.729410050536032695e-01
2.407884405439512376e-01
4.862436756779770636e-02
9.740374048851392630e-02
2.209071984711315217e-02
3.762646194169564501e-02
9.118882908104458673e-02
1.463379380561652676e-01
1.802449443455645672e-01
3.020074424777474231e+00
2.129001987789463923e-02
2.420345642755110382e-01
3.445434219548199062e-01
2.394034236137608518e-01
2.360881792832042469e-01
2.139592586138718833e-01
2.202381844046249759e-01
2.014665633753761065e-01
1.835859201257777074e-01
1.113737511190970864e-01
1.107285881313312959e-01
7.876573545566004420e+00
2.302172883647049875e-02
1.467038561715415246e-01
1.470177542409349947e-01
1.692740276556399803e-01
1.073794097416532478e-01
1.415759383219954426e-01
1.067362020659590599e-01
1.268404483242323022e-01
8.924586762949655860e-02
7.212058253401587571e-02
3.903427065292606329e-02
1.951803863691843333e+01
2.444649570452385456e-02
6.739062741215375019e-02
4.972564868221217987e-02
8.906842996920975863e-02
3.869074387743418053e-02
7.100742217849610738e-02
4.100544512818836418e-02
6.119900192629603580e-02
3.446531246860232850e-02
3.536918695360437292e-02
8.887302698692530617e-03
2.868514719787687994e+01
2.498870198529655820e-02
3.479510401305252465e-02
1.771710475121749187e-02
5.014286877463187270e-02
1.494439903874719526e-02
3.847870014072822531e-02
1.711922006093384921e-02
3.207173832078050180e-02
1.455947552511470747e-02
1.876194430043547426e-02
6.794082295408074203e-04
3.150265230958370211e+01
2.444649570452434723e-02
6.739062741214613128e-02
4.972564868216781953e-02
8.906842996948513558e-02
3.869074387721248981e-02
7.100742217865464723e-02
4.100544512792050206e-02
6.119900192664493727e-02
3.446531246824224154e-02
3.536918695384387579e-02
8.887302698606429352e-03
2.868514719787979672e+01
2.302172883647420065e-02
1.467038561714484046e-01
1.470177542410275873e-01
1.692740276558986345e-01
1.073794097414206006e-01
1.415759383220984713e-01
1.067362020657514621e-01
1.268404483247630721e-01
8.924586762921071781e-02
7.212058253429902421e-02
3.903427065280826169e-02
1.951803863691931085e+01
2.129001987790661229e-02
2.420345642752083359e-01
3.445434219554073807e-01
2.394034236136601268e-01
2.360881792833221804e-01
2.139592586136874475e-01
2.202381844050048665e-01
2.014665633756281271e-01
1.835859201256359041e-01
1.113737511191972285e-01
1.107285881310872411e-01
7.876573545565936918e+00
2.011548053081399501e-02
2.204088073827828176e-01
5.185394791476584109e-01
1.849809386892791729e-01
3.306071781349129712e-01
1.863765693816673008e-01
2.891024905172721038e-01
1.895659789339782242e-01
2.407884405443282139e-01
9.740374048843779275e-02
1.802449443455863276e-01
3.020074424777142941e+00
2.052414089005780845e-02
1.069865453757976453e-01
5.200245704491323478e-02
1.101646397695484753e-01
2.643324152004435934e-01
4.183201180067409597e-01
8.772395818289091540e-02
3.691919536002079283e-02
5.581652912392161270e-02
1.445871434193712890e-01
2.499615124668579935e-01
9.866527858216433966e-02
4.234569203409340593e-02
4.475263915018321687e-02
1.146991935594949830e-01
2.091053900124614784e-01
1.068449888485039218e-01
4.710658032701284942e-02
3.878311797540993922e-02
9.335944594502439131e-02
1.729410050541058397e-01
4.862436756760293854e-02
2.209071984704950517e-02
3.762646194191648225e-02
9.118882908132729115e-02
1.463379380564022170e-01
1.576615214024920997e+00
2.355896546161867153e-02
9.758089264107001615e-01
3.014356991579323838e-02
6.596262866983240158e-01
4.097767672381397164e-02
4.713707181459120266e-01
5.647564481645414580e-02
1.238572572525970861e+00
1.252449550059115957e+00
8.771501040653980619e-01
5.761639212372318131e-01
3.115886947936878371e-01
1.452983559549574366e-01
8.548120191631590481e-02
7.632290123390871317e-01
8.041904052102856193e-01
4.921817101304604702e-01
2.857446549267803615e-01
1.270584339009978858e-01
5.008911360448867894e-02
3.657844275551810215e-02
5.024588763035693351e-01
5.511941907370172533e-01
2.914989689356966007e-01
1.445322732233375873e-01
5.107331412961610417e-02
3.285152323209584307e-02
4.572883501247660548e-02
3.428046518622609451e-01
3.782978908595467371e-01
1.953459448362320217e-01
9.390837037774033003e-02
3.270168978913134267e-02
2.976394341767614818e-02
4.589459329824622374e-02
3.511420845387026035e-01
7.674520317569505368e-02
1.013153717408793231e+00
5.842466585663376177e-01
4.231804791293368451e-02
7.372936520466301380e-02
6.846752562508569007e-01
4.429304067991962635e-01
3.777447801537048289e-02
8.745463852138510297e-02
4.913689982258637734e-01
3.486221410125106557e-01
6.551145350395015665e-02
1.151673433021533771e-01
3.392979681350769550e-01
2.438869593937395275e-01
6.642033057984675359e-02
1.116765316074946196e-01
2.707364347047901965e-01
1.015929651313172560e-01
4.300446455613101127e-01
1.909828454185777125e-01
1.097484896578151820e-01
1.478498593714099307e-01
3.441486499570172164e-01
1.641394644102061873e-01
1.127646164865636902e-01
1.224630922371273967e-01
2.819886760305074791e-01
1.431028460100267907e-01
1.306047733747857098e-01
1.170806630735279630e-01
1.985165197781118274e-01
1.014524984995846119e-01
1.250523198735599417e-01
1.085200451719274539e-01
2.151516170497738134e-01
1.305399699917695888e-01
9.348180702915867557e-02
2.141401223409269694e-01
5.944032546524900817e-02
1.349591347108142492e-01
4.334688662428011485e-02
9.528321529600881912e-02
3.011583500546095513e-02
8.089144247354271289e-02
1.757700300851257613e-01
1.628343054815192814e-01
2.585124090164320765e-01
2.466164444313531934e-01
1.449314191377655270e-01
1.276935836222196363e-01
7.847472544040899611e-02
6.937558148809219727e-02
5.387640360730795719e-02
5.243853527681296978e-02
1.473634535896868047e-01
1.974563431700623595e-01
3.922129958997435106e-01
1.560319501637807416e-01
2.503880499371595181e-01
6.858267902113396319e-02
1.513162783578148041e-01
3.176493344055843215e-02
1.110011789181961084e-01
2.423626435801938539e-02
1.266073779292768986e-01
2.331222801480067330e-01
3.141716435120069928e-01
5.393449857150877519e-02
2.347578680298570142e-01
3.148605766617086632e-02
1.647283496537818026e-01
2.856452565237731223e-02
1.330702687355869440e-01
3.146210706805202539e-02
1.112772651826306053e-01
2.683010307313390963e-01
1.819270836103362432e-01
1.878780646768081208e-01
1.619436074268365278e-01
1.505660181684250754e-01
1.381953946220341456e-01
1.289722707628512821e-01
1.300931043384931374e-01
1.168533477515477925e-01
9.978450529631721633e-02
3.012660160977945756e-01
1.301457128622948711e-01
9.190469634322789849e-02
2.999514809358139189e-01
6.309119217475812613e-01
1.209027090221509310e-01
5.611758050986501156e-02
2.297590846891106875e-01
4.371856558257645187e-01
1.125510286241920427e-01
5.329189987514667409e-02
1.840266030701555866e-01
3.096840002347958087e-01
1.149208654760641019e-01
6.752306942535202250e-02
1.581752242008170051e-01
2.423385182214111977e-01
9.089739236132242384e-02
3.302050010446288542e-01
1.453975612178780297e-01
6.177254584163803797e-01
8.133673381592796403e-01
1.637411170012760486e+00
1.874198674492570049e+00
8.548233823768232043e-01
5.528511554406287387e-02
2.480086805902272096e-01
3.406986687294144556e-01
9.790927252405349224e-01
1.100393229835262998e+00
5.623642002405868645e-01
3.025253613413854403e-02
7.342764355834564827e-02
1.077811731453546390e-01
5.729616539268611586e-01
6.276477076591675530e-01
3.734341679987920326e-01
3.918825034878189312e-02
2.687261393524329259e-02
3.791514298862792148e-02
3.844647685888842870e-01
4.120739192989229527e-01
2.779749798426964791e-01
8.357613391799426084e-02
3.534056804634281845e-01
1.051952547404717775e+00
1.319080277262970835e+00
1.727455909985480487e+00
4.853932072763832428e-01
6.798554033838956068e-01
9.689328168485829007e-01
1.842042764825964629e-01
3.149011233897635598e-01
5.158825394647649221e-01
7.736810684792765069e-02
1.671315622095798092e-01
3.175911090267533599e-01
7.689311623047603850e-02
3.695209028509254812e-01
7.002995297728716040e-02
3.778964713297272016e-01
6.234489628657735594e-02
3.789215053582228321e-01
3.569677265274219469e+00
3.815596289578273126e+00
2.897765756629132383e+00
2.565537636288281131e+00
2.202479291801607619e+00
2.808177988760760524e+00
3.122493478844186043e+00
2.073876756224624973e+00
1.618536762169532794e+00
1.259617456718972406e+00
1.550522174550697851e+00
1.812040827738499393e+00
1.039521472810562841e+00
7.128527053437482275e-01
4.958613243484869537e-01
7.582131481467941914e-01
9.511646603129784161e-01
4.341563570889755419e-01
2.321837363785272390e-01
1.254509926426425059e-01
3.450250752040487923e-01
5.121928921894561837e-01
1.312842118752217124e-01
4.860284242005397798e-02
4.972452430567073783e-02
5.348843356190698117e-02
3.743443123839899633e-01
1.824122420522229504e+00
1.446618456174971090e+00
3.313380768935607623e+00
1.745015331319083041e+00
5.535901064171999675e-01
3.192994899795429942e-01
1.494788933987819979e+00
1.145931954123695862e+00
2.733701707981807338e+00
9.557035769831150329e-01
2.325241982034016719e-01
1.203221342591485471e-01
9.724542332949448475e-01
7.816748781463539464e-01
1.617381775482469308e+00
3.587346291401340426e-01
6.582326402480848104e-02
3.783052097565679089e-02
5.864255460539261611e-01
4.959440467432398858e-01
8.708967040083059885e-01
8.274810223752149252e-02
2.821408856205808238e-02
4.704520698525813116e-02
4.371269492536795642e-01
4.115297336846215348e-01
5.011301775155536653e-01
5.563420110177501321e-02
1.023020719970307441e-01
1.210531998859663283e-01
4.351808509948611875e-02
3.674919619813143967e-01
8.344820121780311961e-01
5.811133826595775709e-01
1.300649205458381530e-01
1.178357017222209369e-01
5.894919115746677374e-01
3.855830133403715387e-01
7.662814599132480864e-02
1.025206345547220177e-01
4.391138570273733777e-01
2.993254651343955075e-01
5.764685502991671873e-02
8.407845305830867477e-02
3.047007646509574674e-01
2.176890089131267858e-01
9.473580564565935169e-02
1.161460838875785356e-01
3.050123011252470762e-01
2.416446164547022546e-01
1.189842451312075194e-01
1.052846822963435652e-01
3.294322883552790182e-02
3.633390485007721993e-01
1.472530055984417052e-01
2.361443166707256069e-01
1.124341533148800754e-01
2.382397865463514453e-01
7.368484444964487623e-02
1.626035570708280198e-01
5.526539322040390639e-02
1.477466937281984583e-01
8.868205590602734611e-02
4.988998320552380517e-02
2.263982087142990540e-02
3.683841740954947874e-01
2.008095466537801743e-01
4.752381489367352163e-01
2.785182085155236686e-01
4.126861029102042999e-01
1.269385099678787265e-01
2.333948011940396861e-01
5.683169688126150920e-02
1.552720323860888596e-01
3.406213856422851682e-02
2.342385776791843996e-02
1.362396127265716461e-02
3.903083942122819727e-01
3.670009300718976575e-01
4.553378345355735823e-01
4.493011711421222021e-01
3.706506729963623403e-01
2.280060531270587665e-01
1.819694493992816964e-01
1.113601712617298678e-01
9.401288471481125675e-02
2.990585883948086374e-02
2.587808657126210513e-02
6.745712481663675153e-03
4.374181428248116732e-01
3.440900975275287266e-01
1.937488094543949324e-01
3.590065562083021855e-01
1.533151768293830042e-01
2.120598310469476999e-01
6.657401736204326959e-02
1.285005887226557952e-01
3.233745754792546889e-02
5.338698850780336513e-02
5.794156031009092822e-02
2.419213730078518393e-03
5.179333347051804370e-01
1.974148929486000126e-01
2.093234769653934124e-01
1.787576460031697068e-01
1.339794238278864957e-01
1.275123466792330018e-01
9.882541154907342751e-02
1.065317460882370254e-01
8.601824718740727627e-02
8.589528619144352894e-02
1.274555670533704943e-01
5.028112036467818728e-04
6.392700141907242672e-01
1.394082430845203779e-01
2.178852053209991979e-01
5.905219906946697073e-01
1.027579403026257276e+00
1.195279073254804370e-01
1.664470912895293642e-01
3.691731601841389265e-01
6.450891962940091817e-01
7.861923165804915459e-02
7.443072611630362212e-02
2.730373746948319691e-01
4.436699524626788183e-01
7.953884432695738915e-02
5.302862878502521971e-02
2.101056860200812282e-01
3.019784242749329328e-01
1.032808063339929749e-01
9.079399256245974936e-02
1.950774242882759024e-01
2.123434944514263345e-01
3.781493090347936735e-04
8.075521120738747838e-01
1.251324924648454573e+00
2.471841079584015333e+00
3.005778257334822179e+00
4.647962110791020507e+00
8.703451504633623603e-01
1.683335690100266069e+00
1.907664345360601033e+00
2.960713713521465618e+00
3.505659139126274249e-01
7.242421413756934268e-01
1.151673950696731952e+00
1.712308570070321334e+00
7.948380386010939214e-02
1.785389813503799328e-01
6.206474014517003868e-01
8.457119390151753846e-01
4.943422058545676040e-02
3.184282717090942960e-02
2.421935811794968529e-01
2.557312807550647382e-01
1.186140029641069137e-03
1.027619784963085037e+00
3.386605926129353517e+00
4.530105963748678910e+00
5.439062440431578160e+00
5.621934236711939370e+00
5.458807631483934664e+00
2.279506970772726238e+00
2.982318629894639805e+00
3.528297101799725777e+00
3.612659559157507250e+00
3.486387275161617172e+00
1.024208497838581922e+00
1.439272995405567190e+00
1.796587774963739781e+00
1.928631596895154843e+00
1.959229994101415517e+00
2.784994460152181439e-01
4.668112749356088664e-01
6.640357487812441617e-01
7.968893212995804554e-01
9.097544255902482169e-01
2.011011971533136974e-02
2.649666131591583290e-02
6.849269849113012731e-02
1.300272333309457906e-01
2.249573540917585712e-01
2.113137431780897236e-03
1.303776477021234337e+00
2.614294481475376141e-03
1.641519403628142859e+00
2.505713786431342481e-03
2.050847525700902452e+00
1.918870667830766420e-03
2.553015478391132298e+00
1.157553936294307244e-03
3.199806662677298075e+00
5.186417318962710434e-04
4.145338376144996673e+00
1.477019592073768311e-04
6.193301102756475274e+00
1.378586111600969809e-05
7.892012305503073755e+00
1.169375015327919165e+01
5.782176238332727536e+00
4.990733092261267601e+00
4.833983141137194295e+00
4.776321510800101144e+00
4.730498827362480618e+00
4.658236693802781936e+00
4.532627192768367230e+00
4.334370036537190884e+00
4.055509144388987686e+00
3.703824603417164685e+00
3.304268141573196704e+00
2.895233132471855431e+00
2.520060924002906155e+00
2.216996839981145051e+00
2.011709260850555570e+00
1.914571467435119523e+00
1.921804664509877192e+00
2.018082380792299180e+00
2.179204565470462374e+00
2.375266474887591794e+00
2.575123049941490994e+00
2.751699530004506400e+00
2.886444794598208574e+00
2.971311476302722632e+00
3.007899674615408969e+00
3.004658079447540597e+00
2.973514306080479397e+00
2.927001333444655629e+00
2.876340481144202155e+00
2.830440151582931829e+00
2.795522614215852020e+00
2.775053903957506840e+00
2.769725299017843145e+00
2.777348690979361212e+00
2.792656598322598605e+00
2.807141288396906464e+00
2.809222405895717589e+00
2.785154685664794627e+00
2.721068100864514783e+00
2.606225770160490285e+00
2.436928319235267093e+00
2.219696091277241212e+00
1.971990692174583337e+00
1.719393398816850826e+00
1.489849173295648699e+00
1.307287946459370964e+00
1.187249154112733907e+00
1.135652174312782536e+00
1.149819204319438404e+00
1.220081216290295645e+00
1.331190227490996580e+00
1.464043352483313187e+00
1.598407097532814403e+00
1.716387011415323016e+00
1.805470175030909008e+00
1.859991130677437265e+00
1.880707650857903701e+00
1.873035579032983566e+00
1.844843707230786167e+00
1.804533217086722763e+00
1.759733846991769157e+00
1.716613400131356215e+00
1.679624259270127817e+00
1.651476228978133953e+00
1.633165359288024421e+00
1.623955845101058726e+00
1.621287756678547520e+00
1.620667711684588230e+00
1.615694288354523112e+00
1.598456160739222254e+00
1.560560635742272328e+00
1.494913004535543433e+00
1.398011782676620296e+00
1.272032897823330178e+00
1.125654564501227917e+00
9.728170175165495870e-01
8.295382129166442020e-01
7.100235604130020750e-01
6.237471850981781696e-01
5.744908630142184780e-01
5.610392916143782660e-01
5.784618965188288442e-01
6.191898348556855725e-01
6.739032171038296104e-01
7.326473232655231760e-01
7.863045913656564467e-01
8.280361768275588119e-01
8.541422683954256190e-01
8.640769028269255081e-01
8.597663536837355513e-01
8.446143660143954346e-01
8.225557723324433690e-01
7.973599825099203509e-01
7.722222962505980171e-01
7.495820317427819290e-01
7.310738696797989267e-01
7.175268907249071626e-01
7.089513734191034144e-01
7.044857136809309361e-01
7.023145782314661467e-01
6.996174681010250973e-01
6.926595258889030049e-01
6.771694611548332299e-01
6.491154113539565618e-01
6.058396929124940655e-01
5.472548814837767672e-01
4.765639953385558680e-01
3.999697232664997104e-01
3.252345652979893864e-01
2.595976081668868174e-01
2.079910664355729133e-01
1.723291053562116815e-01
1.519421092588984501e-01
1.445711432811091213e-01
1.472279674905239699e-01
1.566377522948645962e-01
1.694365635955001614e-01
1.824082163032639259e-01
1.928478487079522130e-01
1.989182215057209713e-01
1.998229214812460852e-01
1.957303057591807949e-01
1.875116868977683704e-01
1.764137301884894093e-01
1.637668511617464961e-01
1.507806355975615242e-01
1.384317512531994532e-01
1.274240553954892607e-01
1.181922733234554435e-01
1.109221779902276328e-01
1.055658924355403760e-01
1.018391067505992342e-01
9.919945289845946701e-02
9.682469659888565117e-02
9.363443158495936280e-02
8.841763274271058348e-02
8.011566220730519106e-02
6.824022846826785504e-02
5.328419822128867278e-02
3.687931252231648610e-02
2.148224109205537982e-02
9.590198602033561323e-03
2.800864068126759140e-03
1.203576273022890575e-03
3.441287851036447382e-03
7.388025787089631639e-03
1.103597861567297451e-02
1.313093831506723097e-02
1.333190472105539280e-02
1.197795078000301293e-02
9.708152639648465546e-03
7.149778169683977669e-03
4.762034296005353967e-03
2.811568045071644300e-03
1.410339632841394126e-03
5.546320879651041660e-04
1.428694485835012133e-04
1.120864247666401460e-05
-6.342227605595996206e-06
