1.340100767515527025e+01
8.634075415629515859e+00
6.768132097354867760e+00
5.814016550027319319e+00
4.618265571694823990e+00
4.215405437583850556e+00
3.971302309946370901e+00
3.786184005873697078e+00
3.627991305266084154e+00
3.483067887804950580e+00
3.345091600959330780e+00
3.211746562063966248e+00
3.083070442033817748e+00
2.960365779215831328e+00
2.845418105804277342e+00
2.739965153110203833e+00
2.645387300857470425e+00
2.562573148844613957e+00
2.491900713947460932e+00
2.433275672845194304e+00
2.386182175287895557e+00
2.349724461562446187e+00
2.322662318826475669e+00
2.303461692583294695e+00
2.290385363618695713e+00
2.281634683355052040e+00
2.275527607470834379e+00
2.270673058801354838e+00
2.266089837375230953e+00
2.261226316163169603e+00
2.255862022763541308e+00
2.249904114154420487e+00
2.243120325818650951e+00
2.234869462835867626e+00
2.223900408930052919e+00
2.208291637722188838e+00
2.185591836022160894e+00
2.153189547555011352e+00
2.108878088491219494e+00
2.051498741796658809e+00
1.981473038284012445e+00
1.901023353856206244e+00
1.813963568541104632e+00
1.725098372339219033e+00
1.639424031220231059e+00
1.561387980029738776e+00
1.494406793598260785e+00
1.440706909513783440e+00
1.401423319110902455e+00
1.376827426878265870e+00
1.366561671980000003e+00
1.369803812575650204e+00
1.385334710598009833e+00
1.411524733908321450e+00
1.446285010581181085e+00
1.487050753768688782e+00
1.530866306172925961e+00
1.574613511207478833e+00
1.615366048298304102e+00
1.650783782353907769e+00
1.679418423614851941e+00
1.700811317500053876e+00
1.715323584899483222e+00
1.723718479790338876e+00
1.726580731934637347e+00
1.723690706516112447e+00
1.713478944355334210e+00
1.692683424641607370e+00
1.656313162800258976e+00
1.597942513901631889e+00
1.510164501403953752e+00
1.384675770719545174e+00
1.213538163921138668e+00
1.002532023017106422e+00
7.934916014236690351e-01
6.771986967055639850e-01
7.082073535034631995e-01
8.266206248805935131e-01
9.254365720146282559e-01
9.581010939242874391e-01
9.662118052007657720e-01
9.683976836465393312e-01
9.603482276588747313e-01
9.431769394029364539e-01
9.502460281201520198e-01
9.764765152905812151e-01
9.713647934742108969e-01
1.043493343025545750e+00
8.448624039531064112e-01
7.640359925534653263e-01
7.595591203171553341e-01
8.205492050799617632e-01
9.180902866126557926e-01
1.028889280306050313e+00
1.139082814101128660e+00
1.233883508944458418e+00
1.291400428090284436e+00
1.281534612472494006e+00
1.196381109724731662e+00
1.063406797023106476e+00
9.369486533561419694e-01
8.581582324876606549e-01
8.359524253674577299e-01
4.440044996900761376e+00
9.866914553720621539e-01
1.021291531482772852e+00
1.050429169163660026e+00
1.079362686483068767e+00
1.062959924578122717e+00
7.615862143875867796e-01
6.208429817981606647e-01
6.066533025465766782e-01
7.438843278141807902e-01
8.293144588976759657e-01
7.893779107342860923e-01
3.470455076429344921e+00
6.791429801984867343e-01
4.913829950584129858e-01
4.411405440927209098e-01
4.994564634587927432e-01
5.941630910007705824e-01
6.069922217106393791e-01
2.862670847666659579e+00
5.829987942577508075e-01
4.958550955646823799e-01
3.976080704303744384e-01
3.356548632256195486e-01
3.002091379808662919e-01
2.842870337710037831e-01
2.818966767032432541e-01
2.855478036996197955e-01
2.868515297706114020e-01
2.791585554486548104e-01
2.599661236823280763e-01
2.308333729331464301e-01
1.974562277665175558e-01
1.626949719373382286e-01
1.351616548021744857e-01
1.152253226594022045e-01
1.043221410249842995e-01
1.036258297229328135e-01
1.149226258918216587e-01
1.411435615958012701e-01
1.872853669975910185e-01
2.601242617803650736e-01
3.663335239174193569e-01
5.009979954980263717e-01
6.496580734323996742e-01
7.642763426052130438e-01
7.441633079421620112e-01
5.370334217122011422e-01
3.458315621000076501e-01
2.495458972629935324e-01
1.406608326992494773e-01
4.859728741621966580e-02
4.473212072789386345e-02
6.950880314101504087e-02
7.766826461308645735e-02
7.838455238122671309e-02
7.077087607040356831e-02
5.913044993250391596e-02
4.299913000691597820e-02
2.450260037167417693e-02
9.776730296345282484e-03
2.215166075536255386e-03
1.511058231944693723e-03
2.413978228307720908e+00
2.544995661718233992e-01
1.899640982666126465e-01
4.123127389787782371e-01
5.157629827311420723e-01
1.589460820427111235e-03
2.134677951999561403e-03
2.054967520091417033e+00
1.686444611886769585e-01
2.111921117285776861e-01
1.466406481041712673e-01
4.856591487013309227e-01
5.333729101384713234e-01
6.703898105739206636e-01
8.315677455784438454e-03
1.755816804034173950e+00
2.370705658503117763e-01
2.435468919029691592e-01
6.203399527931798829e-01
4.421120650047636325e-01
4.445502149343773524e-01
4.271239559692205923e-01
1.780069555627694991e-02
1.503262865719031671e+00
6.324752367175775492e-01
4.546620988572450672e-01
9.206249582025429756e-01
1.068495372756640638e+00
1.039337036486490673e+00
2.311110997030957626e-01
2.040586255400296534e-01
3.657300486865130429e-01
3.145642814887162353e-01
2.432359774749695558e-02
2.326920657307988416e-01
2.173014199593068796e-01
1.030903583461446393e+00
1.067962611554309937e+00
1.077381295848269582e+00
1.092127860471388656e+00
1.133968903545455875e+00
1.241810088052762717e+00
1.218163329304437381e+00
1.688953993039923884e-01
1.648501760602852362e-01
2.824972164049117107e-01
2.021474263400367677e-01
2.163488989417566150e-02
5.009376518359449637e-01
4.381911555964537186e-01
9.764181675840970520e-01
1.034542205194662889e+00
9.645134158134640590e-01
1.008213540815545706e+00
1.047324480388451828e+00
1.081723759112685146e+00
1.132271549716070025e+00
1.091205660345914596e+00
1.078238253202937091e+00
2.149307831385090517e-01
1.204599053891800331e+00
1.121809688970789809e+00
1.138848906041113773e+00
1.268680956769117962e+00
1.296096887686443822e+00
1.294355667866060877e-01
1.967745444851960457e-01
1.409852550213348543e-01
1.340567550833213217e-02
1.349029152357504868e-01
9.979452298183288939e-01
1.014053616493638454e+00
1.007900224304518089e+00
9.851645594898075231e-01
1.126512348839279865e+00
1.076260073615497470e+00
2.649410263389325726e-01
1.122039198883524103e+00
5.882751299871382678e-01
1.209480501012387688e-01
8.133487766638181071e-02
1.235713493379700656e-01
8.819636568768686458e-02
2.060362958334410050e-02
1.017605096331820835e+00
1.039451768826789690e+00
1.003268303562299568e+00
9.246529955300565318e-01
1.159419291900812832e+00
6.679437515407045112e-01
4.314426759431028713e-01
1.028739324485359319e+00
1.007775960115531833e+00
9.715562758104973051e-01
1.020837891788914042e+00
1.034150047756517088e+00
1.053035105576593855e+00
1.096549726601890207e+00
1.155930478107732640e+00
1.225233059525688839e+00
1.144729160337752516e+00
1.123518941562023921e+00
2.200117412197483968e-01
8.612747960122977275e-01
4.279168538817958445e-01
4.275258374775180448e-01
3.004925133046650876e-01
2.965770147228077303e-01
5.778440086227781824e-01
4.667433309577864176e-01
5.300951686405539626e-02
4.741946769428115327e-02
6.494139662211263764e-02
1.029614054612260077e+00
2.276148315085326224e-01
2.536635696649586769e-01
1.112141671039982516e+00
8.955136757874562203e-01
9.465373974457237383e-01
9.664940575468005113e-01
1.005512943215326693e+00
1.106611646092068080e+00
1.176705622930963813e+00
1.219839309067814792e+00
1.139633082992401958e+00
1.435856264675419713e-01
8.638412764504350694e-01
9.073159344507747415e-01
1.032611282893375781e+00
7.522508207065631280e-01
6.405695079226678690e-01
2.622600107707105388e-01
2.611608064312510025e-01
4.176112584282066220e-01
1.869274352465163658e-01
6.543454963994647100e-01
1.945038893492942178e-01
6.492729619069499691e-02
1.350433120740915927e-01
9.488546775688455615e-01
2.699582150779051282e-01
6.367980376104618312e-01
9.688956208634700307e-01
9.289424613506128692e-01
1.025822768243261907e+00
1.124266676428997913e+00
1.323605942487091625e+00
1.227782026804499882e+00
1.521973992953841726e-01
5.183222020917102046e-01
1.572695257065145069e-01
4.230600272427650355e-01
3.661119463062948998e-01
1.008523384679866353e-01
6.563021904949255525e-01
5.523201050276534962e-01
5.490228943970762998e-01
1.258486340097287881e-01
1.946494172305337778e-01
8.028556873693487583e-01
7.272771699552350588e-01
7.927347519232823547e-01
7.350138296217644251e-01
8.476875344968709536e-01
4.120101929286110187e-01
2.891854374879538336e-01
7.379074472712706667e-01
1.712515471250219690e-01
3.198847014798320010e-01
1.345806530357621378e-01
5.260220199426982601e-01
9.256480390893330190e-01
9.694492781776788970e-01
2.380497797366385726e-01
2.309531831663574897e-01
7.379061983261199220e-01
7.006834977609563975e-01
7.090772410578889406e-01
7.771522584779295695e-01
7.497799047673675554e-01
2.731690065424529634e-01
5.659599281385768732e-01
8.150268242079915515e-01
8.202936885703105974e-01
7.792213687652405074e-01
2.081864236687170078e-01
3.455858262573722195e-01
4.208996517071464383e-01
2.696064490130837821e-01
3.388729068439104708e-01
7.390572909506106791e-01
1.048577736020068985e+00
1.088951955992082388e+00
3.463037097367782091e-01
3.261694247781911637e-01
2.603881130610145034e-01
7.425331361673342956e-01
6.535283449580847615e-01
6.139167026247965842e-01
7.575856452454848844e-01
8.766589501034126597e-01
8.973355519378316547e-01
9.012217166935598822e-01
9.378805245617584108e-01
9.156556094806138635e-01
8.772420005796556230e-01
3.757519928694280642e-01
7.187370946467880328e-01
6.072558545185303691e-01
5.684411024398658974e-01
7.563617559526212286e-01
7.236110944989539995e-01
7.157112721595275673e-01
7.074221324902363328e-01
5.369306696200391027e-01
4.266482455974109356e-01
6.214459181102585106e-01
6.470591974386077361e-01
5.755356826311335272e-01
5.519423069921925995e-01
6.252275481861572226e-01
7.915749456119796079e-01
7.391627944485781310e-01
1.116177280082562229e+00
1.135668365385354761e+00
2.809494806482899509e-01
2.793471387289074293e-01
7.235530804296540497e-01
8.996910408379432678e-01
8.960972651252927523e-01
8.045162960036420507e-01
6.030515371728393248e-01
6.743179396259599834e-01
8.503604277519722920e-01
9.385799387922278969e-01
9.422182331229583818e-01
5.962054143041540799e-01
6.723015550070493562e-01
5.978173680357238284e-01
5.454576895116470814e-01
7.113809296459857601e-01
7.204653871599694392e-01
4.924775349398661239e-01
6.025946227046516945e-01
6.273914154859505654e-01
6.904527249652088194e-01
5.478598309245822362e-01
1.092718595284602578e+00
1.108744287833479003e+00
1.141096669903499228e+00
3.021544093593272473e-01
3.021451789133529631e-01
2.796983912349771950e-01
7.034678005691883396e-01
9.301588608214412801e-01
9.754468373564912920e-01
8.586069488517203974e-01
6.192264123202526616e-01
5.556237122712279763e-01
7.193780950464245816e-01
7.174762974792899817e-01
4.911796384351108102e-01
1.692376985176982096e-01
1.263497325099823265e-01
1.123443811044464308e-01
2.431629923484240619e-01
3.734060110531443599e-01
4.283332059043601370e-01
6.683775260470915525e-01
6.582578784770678482e-01
7.304696614067495153e-01
7.296799213546326657e-01
4.352656551295120968e-01
1.601841890667113355e-01
1.137519351246846500e-01
2.135020590475255886e-01
2.862538320983237239e-01
4.035999711567440085e-01
5.162903636661951845e-01
5.172314466972391944e-01
1.105573399992765493e+00
1.085661766147481888e+00
3.065382270669376741e-01
2.984148146548058489e-01
2.592982092357665747e-01
8.220923918646876327e-01
3.135778148333299153e-01
3.055867870636160277e-01
4.352002405077203817e-01
5.506266254753405809e-01
6.293720454920525009e-01
6.422977557863679410e-01
6.214598889633272671e-01
4.191482552012176788e-01
3.526870352700118838e-01
3.227078626146222540e-01
2.037139193842518459e-01
1.445656524312147750e-01
5.529073468589939394e-02
1.402681604089064671e-01
4.273900540767690548e-01
3.611040809644153748e-01
4.521141188794153276e-01
5.318843469107522592e-01
6.379503365136034443e-01
6.961405155849759163e-01
7.019460803839435714e-01
3.438363572243992028e-01
1.778084855175366130e-01
4.777954853808537294e-02
4.834945300734152379e-02
4.427675267663672698e-01
3.940323789526183895e-01
4.579260870217516932e-01
1.084236569213775869e+00
1.066178538383955487e+00
1.084762069637646986e+00
2.718511735731794499e-01
2.620478310456694215e-01
2.257210246635802386e-01
8.899733830435868631e-01
5.113936685406619276e-01
3.781105887185246539e-01
6.317402884424329068e-01
7.082438717987268317e-01
7.765231856969024848e-01
7.801525457167313160e-01
3.805099117908424811e-01
4.149805529532595294e-01
5.801858219530493521e-01
4.257912453861611435e-01
4.951754341735967180e-01
6.593244575838143051e-01
2.995683569540977254e-01
3.750127931106518320e-01
5.281269132196889649e-01
4.626978803802136997e-01
5.074046350524579196e-01
5.138363797703903169e-01
5.981366565464204532e-01
4.533267074293030330e-01
4.303014824186826570e-01
2.330680839918585212e-01
9.695425234944628212e-02
1.008211591856383732e-01
1.939595415086873553e-01
4.579466279164912113e-01
3.973873796852993578e-01
4.028068491108429128e-01
4.078740645452424984e-01
1.017450080692975378e+00
1.164077558911544408e+00
1.206374975404589600e+00
1.662073548762628972e-01
1.923342522261347054e-01
1.886037862565750345e-01
5.742536981329984247e-01
2.512903166200526339e-01
1.952105036385028969e-01
6.938659932352363446e-01
5.057169682608240180e-01
5.287028374918985030e-01
7.146998075917186943e-01
7.169426501132512008e-01
4.620645563767671327e-01
6.616238272119285835e-01
5.799225178627753774e-01
5.477312450487731299e-01
6.332056891827714251e-01
4.441046993604504389e-01
4.484777777992957071e-01
3.997510255261599865e-01
3.936068959596532024e-01
4.157732759308389592e-01
3.921694651933708697e-01
3.330442700114137344e-01
7.900025905233496459e-01
2.894258680795029348e-01
1.550246114776654971e-01
4.428211475944983100e-01
2.363145429445588641e-01
2.220904688920863068e-01
2.609295325247552033e-01
2.774664701900381725e-01
7.531633066125899001e-01
6.042618076607700894e-01
6.821712369004307996e-01
6.882537834702807666e-01
4.554388684995576142e-01
6.295189455098635367e-01
5.369653186069737183e-01
4.532913667374618982e-01
4.496227008334520714e-01
5.365952487531160386e-01
3.137072615646451790e-01
1.739734758673029402e-01
5.331884579829095916e-01
5.274868859860786241e-01
2.900303011955068233e-01
1.770511745795091685e-01
1.290695292423263696e-01
1.324071689649823080e-01
1.952951720287879334e-01
6.986267301831278198e-01
5.153993974615969087e-01
4.638646609493073392e-01
4.701153686421764011e-01
4.387232441070914035e-01
1.911435853228908577e-01
1.737169614179902011e-01
5.542308572310599146e-01
4.591946272471764123e-01
1.087604605493042303e-01
5.777000858144146905e-02
4.263479383544734325e-01
1.345289828977275226e-01
7.348216784283441438e-02
1.131465838958277681e-01
1.188594666342792094e-01
5.648339703331007461e-02
1.572578794418728332e-01
2.788822203525175292e-01
1.962733051081030078e-01
3.466900755175424953e-01
6.960506594292083238e-02
3.882825560177237678e-01
3.117551868778916518e-02
4.713455129951616418e-01
2.343186892782369787e-02
1.095438588549271092e-01
1.591300704530203974e-02
1.498744583221768567e-01
1.410489239853557619e-01
1.100573495046440475e-01
3.310936616512228370e-01
3.302798146538232782e-01
9.663556952896658336e-02
4.027878655391039509e-01
3.778387828571606599e-01
6.288487265289555150e-02
5.282075839183596466e-01
5.143067452328022870e-01
4.201135807464467797e-02
1.221480108833932210e-01
6.687153002190459987e-03
9.749692530754773545e-02
1.891742295208426461e-01
1.893679862803819280e-01
1.690208160533877013e-01
1.778749754220245449e-01
9.932328921073550754e-02
2.975709261519753346e-01
7.148295838656952561e-02
1.636765271291014123e-01
6.806206899127599172e-03
2.289980503536797052e-01
2.575858252159941020e-01
2.195934551470715423e-01
2.560412486547664068e-01
1.293644851447060262e-01
1.420963137175969560e-01
1.258125453911698444e-01
9.531774727278531645e-02
2.530243494157329853e-01
1.063141482794688515e-02
3.332987797508564221e-01
4.517827145272157452e-01
2.602504093547757247e-01
2.323657659075070991e-01
3.769101488142055367e-01
4.260257672240425619e-01
2.781700306922018640e-01
2.647153704970608423e-01
2.571855623407510172e-01
1.977473928834214134e-01
7.666071363783674708e-02
1.282635660782525111e-01
3.063557215790085886e-01
3.227905319017279617e-01
1.786484350524374445e-02
5.804740465456328380e-01
6.007519354396628763e-01
2.570538529672283801e-01
5.904381840304873119e-01
6.060559662902578193e-01
2.685872891510375782e-01
2.838921296503317815e-01
4.025223529264918554e-01
2.039406354835479052e-01
2.007717641339393511e-01
1.180085078107738217e-01
1.339515140778319291e-01
1.377186325240521148e-01
1.278969686519335902e-01
3.186171386689390927e-01
2.855353301994378867e-02
5.641017921676644287e-01
5.615956348708227575e-01
5.714649648876789501e-01
3.438459094205970068e-01
3.452661564880304956e-01
6.334071284745766972e-01
6.307481598000026501e-01
3.462588525116038762e-01
3.466306427245017252e-01
4.298466325200686056e-01
4.890872592341827807e-01
2.499342102892019302e-01
2.617434375368810628e-01
2.695522133964718958e-01
1.273652849410881471e-01
4.501779752688874758e-01
4.146796461532498146e-02
4.051300095866497419e-02
4.649922039189198497e-02
4.334178286994325169e-02
1.388300557563293403e-01
3.169578893138416120e-01
4.508413209446217595e-01
5.649011794902306649e-01
5.781024827182403847e-01
5.779962319808262805e-01
3.777075536513263554e-01
1.815709203528401428e-01
2.982038876176578146e-01
1.022614031124965406e-01
1.699321709046871798e-01
3.705422000777771063e-01
4.071447891607221092e-01
5.874222111469227237e-01
5.918692827056190042e-01
6.201247269925909134e-01
3.762164757212256294e-01
1.925065908758830102e-01
2.841034725234854452e-01
9.454639732698602583e-02
1.195523967360043183e-01
2.798687230298514406e-01
3.779545215836822569e-01
4.885458243859153171e-01
5.454302085630331476e-01
5.764101650048824022e-01
2.628497550415974104e-01
3.013058756795689019e-01
2.581154393081003806e-01
3.080041660543558768e-01
1.283232739054182003e-01
1.084916171271166491e-01
2.292456360554298300e-01
3.751286976089157621e-01
3.874828574873703246e-01
4.242437947410759302e-01
1.412492198564649637e-01
1.384238896654911843e-01
1.537312896259328265e-01
1.594837644010219380e-01
8.066815486135485436e-02
5.331449529838902524e-02
1.074856276130818633e-01
2.630708970719942141e-01
3.948149959621535809e-01
5.298938261140297978e-01
5.557497181993966695e-01
5.430335864542602808e-02
7.030370721551038038e-02
9.785918448278056736e-02
4.438810465957707674e-01
4.207321842814701340e-01
4.408639974921339522e-01
5.291793967678468658e-01
5.489140161599992407e-01
5.462341269909932739e-01
4.101523017356314416e-01
3.961878022885690354e-01
3.114113285162875000e-01
3.191308602230216729e-01
2.900856380028107862e-01
4.136866119852341539e-01
4.263660569612555129e-01
5.772313082739275458e-01
5.930032126477017274e-01
5.995084886447226147e-01
4.013336567491398998e-01
4.007271365945874741e-01
2.921525294158155428e-01
3.042580995457632165e-01
2.733508202795387754e-01
3.749928844895978330e-01
3.931144883142292379e-01
4.151009200835607538e-01
5.361773878959333883e-01
5.478367134378933079e-01
5.573568198095013582e-01
3.202262498308250382e-01
3.240644110366300290e-01
3.075731946801490979e-01
3.133899799125741681e-01
2.982272915647826705e-01
3.722092636722587611e-01
4.096000473202563441e-01
4.382261032756747943e-01
4.108655431508235756e-01
4.405435884921219403e-01
4.519328395333554460e-01
1.303303259475935283e-01
1.285858516289248576e-01
1.800905001884024470e-01
2.174951815539003797e-01
3.990717682105366926e-01
4.648722923121620942e-01
5.137110280303459620e-01
6.231369034536268225e-01
6.458872070097075591e-02
9.720742723879557956e-02
1.058403601090288915e-01
4.198465406752401319e-01
4.110453473578253858e-01
4.354780165141021731e-01
4.777671201324122929e-01
5.061438040892051182e-01
5.093806461110008676e-01
3.303517617736460021e-01
2.720086809377432746e-01
3.525367823120789113e-01
3.586547176756376687e-01
4.282348374934011326e-01
4.190311282675396876e-01
4.297791879592301467e-01
5.380459037388964916e-01
5.526372064303745058e-01
5.722307952542482479e-01
3.666433526554329081e-01
3.210688442046163438e-01
3.396560038031468109e-01
3.516965100166558611e-01
3.996154398459336177e-01
3.864840859305253007e-01
5.100042698435447441e-01
5.049729888393265087e-01
5.104356185322940220e-01
3.110987453150437232e-01
2.865594753689776342e-01
3.375329723042856944e-01
3.470631705671868850e-01
4.213455861503960231e-01
4.031864291660580690e-01
4.132412714218136052e-01
4.303230852720287825e-01
4.432735588432065166e-01
1.077120320157152061e-01
1.054397487345894169e-01
2.196815805735531646e-01
2.540223961601102975e-01
5.317449888780082512e-01
5.575787228245460136e-01
7.287516244968992307e-01
7.895243429995373319e-01
7.022139283853401359e-02
1.068477329032193612e-01
1.146182084312946936e-01
4.161553466393678180e-01
3.812912375967234535e-01
3.120269486282434279e-01
1.465994736832541556e-01
2.018523780177781668e-01
3.662480431484405052e-01
3.615909175247670193e-01
4.029210573571013199e-01
3.472199520689947527e-01
3.458771503368373024e-01
4.243209965900046066e-01
2.319660640567771104e-01
1.547974980923448873e-01
2.607895181188396583e-01
3.571179373895155829e-01
3.455422326517368914e-01
3.773049331113819127e-01
3.108615875014562047e-01
3.040518632982744385e-01
4.235856273883080170e-01
3.399689713706694483e-01
2.884194829018927875e-01
1.640188340538025480e-01
1.614281543958251963e-01
2.548972236379458134e-01
3.469687394507986467e-01
3.349284817135014247e-01
3.998840364578014062e-01
3.248520967383967673e-01
2.979870814150444858e-01
3.772766000568644196e-01
3.401809353614607123e-01
3.249330889977340986e-01
6.999569203786788762e-02
5.283119140196255309e-02
2.592711625179295876e-01
2.703317361215089032e-01
5.572501236425350113e-01
5.467349714180299580e-01
5.488937796961912419e-01
7.659044276659520145e-01
6.914687049528063512e-02
1.217462390447437981e-01
1.095152355467261251e-01
3.729811682505936865e-01
2.898194557138059069e-01
2.888059415028587096e-01
3.706931107937301850e-01
2.616682188775882878e-01
2.510403683393212515e-01
3.461482934092965369e-01
2.412876573784849266e-01
2.114621982151820567e-01
1.952338570474477786e-01
3.092886340858969074e-01
3.086276354618849305e-01
2.252094647744621869e-01
1.634815167957620052e-01
2.853446031403805705e-01
1.239700370228973697e-01
5.288967993156537539e-02
2.782322841390596491e-01
2.464353196532987900e-01
5.158215837555871763e-01
5.072497783056428844e-01
1.380692198687303529e+00
6.008969475246036390e-02
1.054104157191863567e-01
1.045236751922087315e-01
2.079343844109655948e-01
3.926831252827650554e-01
3.666838988987621284e-01
1.752081024329791847e-01
3.517290069128189423e-01
3.331317151135008148e-01
1.320403573380226347e-01
1.289383723591538133e-01
2.812345875236634818e-01
8.701499275164602254e-02
7.305623778950881553e-02
2.342738643433907586e-01
3.938859759714691822e-01
6.031013182786436388e+00
4.089636994803095421e-02
6.213236737940634746e-02
1.978433183915117022e-01
1.120677154691259308e-01
3.723255838062117240e-01
1.728944844430747030e-01
8.512466036819733850e-02
3.330565483177300168e-01
3.255231891816403600e-01
5.665374913246801897e-02
2.784578239770960639e-01
2.504337481524342990e-01
1.998024889114620103e-02
2.406302741247985932e-01
1.718820630902136715e-01
3.876968257409092455e-01
1.865674282107507853e-01
1.786177344763487440e+01
2.014155720989184786e-02
3.327355336780510320e-02
4.003377905404707782e-02
3.814538761484223550e-01
2.482509645858894387e-01
2.994846218881877867e-02
1.838064451454263226e-01
1.918734101448988510e-02
1.241379687244666269e-01
4.013966110160846479e-03
8.568551310626569550e-02
5.662062382259690912e-02
2.794503028304533743e+01
1.092479436455964792e-02
2.278969646157712539e-02
1.838060095064646474e-02
1.595984013518729205e-01
1.304311695640099009e-02
1.210297507524329963e-01
7.581882281227220188e-03
8.454287561908867266e-02
2.620073761659021117e-04
5.578912089930354590e-02
7.603716680928958131e-03
3.149564407185581416e+01
2.014122054616354629e-02
3.327343788649583106e-02
4.003537449835502249e-02
2.482506876762548553e-01
2.994836489852164066e-02
1.838070472844120784e-01
1.918724692598870740e-02
1.241390040078051149e-01
4.014039646973919379e-03
8.568439723704154853e-02
5.662067707556753954e-02
2.794501811249129375e+01
4.089578736945570503e-02
6.213218680050496684e-02
1.120705603926187011e-01
3.814524908766218636e-01
3.723239081267535333e-01
8.512446724308000978e-02
3.255243102839418534e-01
5.665363574422827009e-02
2.504352778121611833e-01
1.998037497604686699e-02
1.718801025324107334e-01
1.865676932684276201e-01
1.786176133499369811e+01
6.008899879201023281e-02
1.045233003696673102e-01
1.978473322135225754e-01
2.079380383489062845e-01
3.666825720816561662e-01
1.728943276460598588e-01
1.752079019460200116e-01
3.330577193490191212e-01
3.331326442903195240e-01
1.289382895975027810e-01
2.784591126107101577e-01
2.812355002538756144e-01
7.305636438874558991e-02
2.406280141152656038e-01
2.342718163391404873e-01
3.876973289415688306e-01
3.938865516976884917e-01
6.031006446065847015e+00
6.914618696194355096e-02
1.054100072491764989e-01
1.095148299294805005e-01
2.888082205232948563e-01
3.926821064475450873e-01
3.706922174054949060e-01
2.510404245717489102e-01
3.517296277238524671e-01
3.461488430892392110e-01
1.320402104915634756e-01
2.114623196251669834e-01
3.086277561228650268e-01
8.701507641083164324e-02
1.634814745677832248e-01
2.464339151539010619e-01
5.072504209554239418e-01
1.380689036607163578e+00
7.022078208706095115e-02
1.217458637463786353e-01
1.146178669425037683e-01
3.729816879868592672e-01
3.812913516808995595e-01
2.898218684888683172e-01
3.615906218862510735e-01
2.616684237766078169e-01
3.458774640066216710e-01
3.455421742074745728e-01
2.412878109577453467e-01
3.040523628612637475e-01
1.952340579220120664e-01
2.884206209945707755e-01
1.614274126786983676e-01
3.092887146921977082e-01
3.349276121662039252e-01
2.252092348341230565e-01
2.979866219081057088e-01
2.853442119946164035e-01
3.249326795042196125e-01
1.239698650567013366e-01
5.288988467465138843e-02
5.283139737468223879e-02
2.782311849200559406e-01
2.703310037756276318e-01
5.158221554658024566e-01
5.488945573595528371e-01
7.659036276448716318e-01
6.458821026218618255e-02
1.068474192807685325e-01
1.058400390453826251e-01
4.161539558382115200e-01
4.354758090827384187e-01
3.120264243118655023e-01
5.093790383460072846e-01
1.465992927471317098e-01
2.018520365415313600e-01
2.720079840897932644e-01
3.662477220253452237e-01
3.586547045528075128e-01
4.029218330777458723e-01
4.297798489489858542e-01
3.472203148379673365e-01
4.243214923707508968e-01
5.722316120156640817e-01
2.319662981067362462e-01
1.547972068683234337e-01
2.607887416415650139e-01
3.210676616333887345e-01
3.571176891174516754e-01
3.516958311862204423e-01
3.773058801467223944e-01
3.864851118071725433e-01
3.108621183727305337e-01
4.235870798039750307e-01
5.104372082241036557e-01
3.399704262751088168e-01
1.640174755543456209e-01
2.548955064022989103e-01
2.865579043411128901e-01
3.469675952578768485e-01
3.470613659394635730e-01
3.998831460473071253e-01
4.031854989077527374e-01
3.248515528669790875e-01
3.772765174739658445e-01
4.432734742602156275e-01
3.401806394096622554e-01
6.999615082231262775e-02
1.054401998775794658e-01
2.592712281177511624e-01
2.540226091908276973e-01
5.572510521850287946e-01
5.575797029510062286e-01
5.467357951198825727e-01
7.895235294473402776e-01
5.430295448726692870e-02
9.720718718787724200e-02
9.785897381188488064e-02
4.198431974363203145e-01
4.408604297155846452e-01
4.110429119462714054e-01
4.777652762738412440e-01
5.462318428764620926e-01
5.061420877926813278e-01
3.303509964652193709e-01
3.961864645948867114e-01
3.525368619336428644e-01
3.191309843960226100e-01
4.282353935082829910e-01
4.263666576412918907e-01
4.190319164479037739e-01
5.380465003060775908e-01
5.995090430340970222e-01
5.526380543663842460e-01
3.666423754021293502e-01
4.007263331356321068e-01
3.396551722245669258e-01
3.042570748985595208e-01
3.996165999980251238e-01
4.151021727995555244e-01
5.100059441745475874e-01
5.573587340298487014e-01
5.049745464517759741e-01
3.110974947089387710e-01
3.240636239259857554e-01
3.375309516326215342e-01
3.133874640093176067e-01
4.213446782326699114e-01
4.382252065323187229e-01
4.132413264423430155e-01
4.519329896044472772e-01
4.303229976771089094e-01
1.077123587016946688e-01
1.285855727201714038e-01
2.196824412027105211e-01
2.174961810695442699e-01
5.317457952081686701e-01
5.137117083908724346e-01
7.287506772130500909e-01
6.231353346016459405e-01
4.146766136067735892e-02
7.030373472282203107e-02
4.649938784850993212e-02
4.438763284607215587e-01
4.508364860759663251e-01
4.207284466097425124e-01
5.291771728819494314e-01
5.779941636056467047e-01
5.489117637726144139e-01
4.101506264834741122e-01
3.777055954831063933e-01
3.114113130917471883e-01
2.900852670539479927e-01
2.982034140685040913e-01
4.136872599595021183e-01
4.071456823678086812e-01
5.772318731608530040e-01
6.201252516846585960e-01
5.930038151780021582e-01
4.013332155135699852e-01
3.762164657433698656e-01
2.921515758391094453e-01
2.733496813566503869e-01
2.841022101615496287e-01
3.749943056802879093e-01
3.779560576606619815e-01
3.931157111460870657e-01
5.361791261570931777e-01
5.764119496503462559e-01
5.478385312939705321e-01
3.202259573101801648e-01
3.013061228767331956e-01
3.075704987082531483e-01
2.982246374526794641e-01
3.080015584384996896e-01
3.722084060496501090e-01
3.751277877001474859e-01
4.095991845632086514e-01
4.108657917265667869e-01
4.242442725161386652e-01
4.405436343323106407e-01
1.303299362866318645e-01
1.384228040649751190e-01
1.800916052227340969e-01
1.594849871666776109e-01
3.990718417873319601e-01
3.948149453082585025e-01
4.648728382891513244e-01
5.557475814048463691e-01
2.855331853157127078e-02
4.051312050683464339e-02
4.334133920733163059e-02
1.388283920552507988e-01
3.169546543283434659e-01
5.649001611097729247e-01
5.714652384147580477e-01
5.781005157257549376e-01
3.452643697443681936e-01
1.815703632433262327e-01
1.022611441031639756e-01
1.699321506868760323e-01
3.705426666801689417e-01
5.874223283352754121e-01
6.307480735216214329e-01
5.918697161656311101e-01
3.466313691451354262e-01
1.925058261877187760e-01
9.454615024825710479e-02
1.195528415976870595e-01
2.798699479959645409e-01
4.885469983849785591e-01
4.890883847745462476e-01
5.454317732226636739e-01
2.628505806362951835e-01
2.499353065162553400e-01
2.581130407730092835e-01
1.283221317535570838e-01
1.084910218309865643e-01
2.292449500514478766e-01
3.874833533348182590e-01
2.695533395350173667e-01
1.412478428317486545e-01
1.273638073248644087e-01
1.537325419679264060e-01
8.066901655144022298e-02
5.331471951634487311e-02
1.074852649815945804e-01
2.630703489807507678e-01
5.298912708596220655e-01
4.501751458367493353e-01
1.786469443895233322e-02
5.641062774201722751e-01
6.007584478739845801e-01
5.615965394730850768e-01
3.438440532133426042e-01
2.570528451688187666e-01
6.334069087344227356e-01
6.060557477006138782e-01
3.462596141794505589e-01
2.685882260401133981e-01
4.298470705783074552e-01
4.025228697224017549e-01
2.007733831393516133e-01
2.617444171510516226e-01
1.339524350652120666e-01
1.278951106763313306e-01
3.186168843025760089e-01
1.063133628460017320e-02
5.804824568654078920e-01
4.517907309299799001e-01
2.323637548533938890e-01
5.904378180203075921e-01
4.260254250647830809e-01
2.647164624552241774e-01
2.838922963717813719e-01
2.571859294947114183e-01
2.039427229572572664e-01
1.977496953809186331e-01
1.180092652416324384e-01
7.666099471014509170e-02
1.377165314177895838e-01
1.282616461281422260e-01
3.227941193889976579e-01
6.806229642363067697e-03
3.333063805541298663e-01
2.290026637068798554e-01
2.602480834560868539e-01
2.575836659621110192e-01
3.769095012216471252e-01
2.195934811338451642e-01
2.781711813660341370e-01
2.560422081453637144e-01
1.293647060087317613e-01
1.420984913641929470e-01
1.258123008816225685e-01
9.531650991509918458e-02
3.063638309481801492e-01
2.530209665037190248e-01
6.686580363949179949e-03
9.749732842028192847e-02
1.891732308046344957e-01
1.893683741107352048e-01
1.690213115282563627e-01
1.778750977620913720e-01
9.932527197898091686e-02
2.975705610788351718e-01
7.148226710916709414e-02
1.636719070595604730e-01
1.591294840124716711e-02
1.410474359829947955e-01
1.100604269628803755e-01
3.302803948791490640e-01
9.663579623857922185e-02
3.778391974844917955e-01
6.288657449771062335e-02
5.143066785869525592e-01
4.201074039795615889e-02
1.221464211370449915e-01
5.648345082503558601e-02
1.498729356998610152e-01
1.572570472831939792e-01
1.962620707939581877e-01
3.310942021431723115e-01
3.466906000919158792e-01
6.960606194899737753e-02
4.027883930790337463e-01
3.882830332053820444e-01
3.117488607760637853e-02
5.282076007470460910e-01
4.713456185788657549e-01
2.342918868549060188e-02
1.095428037080386358e-01
1.188591956282914891e-01
1.324060198071729255e-01
1.952956171087735504e-01
2.787643607115269928e-01
4.638594048956424798e-01
4.387235656789885141e-01
1.737192067796098915e-01
4.591949308700616905e-01
5.777050509872630468e-02
4.263480103582662495e-01
7.348378860907037180e-02
1.131452925082318400e-01
2.220872905275480813e-01
2.774681396225478491e-01
6.986327281057952421e-01
6.882580697979565620e-01
5.155234828327327490e-01
4.701152407312105819e-01
4.554384931652263879e-01
1.911489173482901205e-01
4.496244129142497603e-01
5.542312645864142517e-01
5.365956017954833790e-01
1.087884399136387209e-01
1.739928410295981109e-01
5.274865830250115017e-01
1.345709923234696681e-01
1.770802585824405306e-01
1.290681117289080027e-01
4.428179282413465812e-01
5.742416859612626823e-01
2.363114317580710666e-01
2.609315006111432300e-01
1.952121955101598083e-01
7.531686210465747822e-01
7.169488009711068033e-01
6.042632982506858097e-01
6.821543481644416484e-01
4.620648655120678239e-01
6.295201427753103207e-01
6.332070451106016629e-01
5.369652354453215981e-01
4.532850201855176953e-01
4.441048099533507765e-01
3.137362069075371740e-01
3.935999495873118148e-01
5.331879595974166053e-01
4.157722375295389572e-01
2.900558204156211128e-01
3.330445172303871382e-01
1.550231479675745205e-01
8.899647293302359596e-01
2.512897633175505407e-01
3.781074099648694120e-01
6.938679038079784700e-01
7.801533922710300883e-01
5.057157635596917222e-01
5.286960828608915364e-01
7.146956303679447009e-01
4.149810782955474231e-01
6.616254432821035980e-01
6.593259878340889113e-01
5.799239535144710134e-01
5.477326284574116633e-01
3.750128348597736583e-01
4.484740293763975205e-01
5.138373630317040197e-01
3.997506853164288221e-01
1.939582555590965152e-01
3.921442379397838129e-01
4.078658244882837347e-01
7.900083797801824570e-01
1.206375255895322463e+00
2.894284523899570138e-01
1.923348522560419105e-01
1.886023941613987065e-01
8.220844805474085693e-01
5.113909506137225280e-01
6.317372693507739001e-01
7.082416534552652410e-01
7.765225766694103804e-01
3.805108947850123213e-01
3.055874420716659934e-01
5.801870477914662372e-01
6.422991976410828974e-01
4.257921680541306708e-01
4.951766687773976883e-01
2.995684878799171336e-01
1.402682710115181197e-01
5.281252110396981170e-01
5.318821585023839615e-01
4.626950145205675491e-01
5.074021370362634675e-01
5.981401384339685157e-01
7.019479778625464794e-01
4.533299238166516032e-01
4.303046131196712754e-01
2.330703695743886195e-01
9.695500416671409827e-02
1.778087217182121871e-01
1.008201444061850444e-01
4.834958498291464651e-02
4.579394451014145440e-01
4.579187866819067754e-01
3.973823438162498167e-01
4.028007566130074046e-01
1.017451484516521676e+00
1.084763676876189020e+00
1.164078013317473292e+00
1.662068892932952735e-01
2.620474746333081306e-01
2.257198977673508800e-01
7.034598866153898289e-01
3.135783417174881071e-01
4.352012316421877691e-01
5.506279251863331892e-01
6.293735205249197939e-01
6.214596343965229641e-01
7.174764400028592615e-01
4.191476947994050017e-01
3.526868913142672812e-01
3.227081366524426342e-01
2.037138889083973670e-01
1.445652720599140129e-01
1.692375357173597217e-01
5.529071814126829132e-02
1.123438313803780397e-01
4.273892594053981808e-01
4.283325101322427164e-01
3.611029607604451797e-01
4.521113431380160974e-01
6.379527365496535651e-01
7.296817818207804729e-01
6.961421129096757587e-01
3.438368006765220586e-01
4.352665290149733690e-01
4.778114373743852505e-02
1.137544774404344317e-01
4.427636396459906365e-01
5.172274100122119522e-01
3.940264591308653697e-01
1.084238850775752772e+00
1.085662702894955922e+00
1.066180543302549077e+00
2.718508447385997173e-01
2.984153342296737010e-01
2.592976228764471980e-01
7.235465367327351682e-01
9.301578998649244756e-01
9.422167790128738174e-01
9.754485725593596834e-01
8.586083641413211343e-01
6.723142713031492468e-01
6.192264148693799042e-01
7.204653060491823524e-01
5.556238157928132804e-01
7.193782868519008611e-01
4.911791911739363248e-01
4.924773831064276353e-01
1.263493536439367626e-01
2.431620298847446404e-01
3.734047395649062184e-01
6.683765511999266717e-01
6.904510894050409631e-01
6.582582312244945610e-01
7.304714305330918256e-01
5.478616233925587276e-01
1.601870839379402611e-01
2.135040476052706693e-01
2.862544097569481027e-01
4.035983394057501839e-01
5.162866556944912810e-01
1.105574871453382624e+00
1.141099740014334341e+00
3.065390830983328319e-01
3.021469723068289648e-01
2.796986233222289453e-01
7.425293169855573527e-01
8.995950828333763027e-01
9.012367019407994118e-01
9.153689010842818163e-01
8.960184713241894361e-01
8.770875806502473893e-01
8.045321244296006480e-01
7.187483675940693484e-01
6.030549628332848577e-01
7.157147906278052973e-01
6.743210138496984474e-01
8.503599536866180975e-01
9.385769954608422783e-01
5.961996125706640060e-01
5.369298049849293708e-01
5.978171688600504297e-01
6.470577079959948241e-01
5.454577020160460421e-01
7.113807334730619658e-01
5.755353313063238385e-01
6.025994814269677313e-01
6.252401192141920916e-01
6.273883172677658937e-01
7.391654038117299041e-01
1.092724024381958037e+00
1.135674411295364727e+00
1.108746986686550695e+00
3.021570211156468511e-01
2.809524521795713214e-01
2.793482806205472291e-01
7.379062806963078147e-01
6.535226360930451728e-01
7.498371418814389067e-01
6.139401025237893883e-01
7.576179448514994696e-01
8.766949104690198169e-01
8.973526761583775491e-01
9.376306716344298131e-01
3.757592891810926927e-01
2.731707057739583555e-01
6.072594640038684322e-01
8.202917960395353925e-01
5.684447470129553315e-01
7.563658742672247914e-01
7.236143198543977251e-01
7.074248307545721870e-01
7.792217692642569027e-01
4.266469041682994234e-01
3.455869990880088283e-01
6.214433820283958854e-01
4.208993743707026836e-01
5.519573838368992957e-01
3.388747886737186188e-01
7.915778316950494720e-01
7.390602456122814523e-01
1.116186883020519049e+00
1.088964351264497754e+00
3.261756764607219305e-01
2.603899762578085753e-01
8.028571382068939721e-01
7.006558600142952509e-01
7.349348304190951309e-01
7.090994354275609313e-01
7.772834143373968940e-01
4.120063631006671279e-01
5.659471909115849630e-01
2.891844733824443514e-01
8.150239181891811846e-01
7.379087506555461751e-01
2.081888198966827530e-01
1.712519799679503851e-01
3.198847909357862007e-01
2.696097919499766959e-01
1.345806127998388224e-01
5.260243986848387454e-01
1.048590688027377871e+00
9.694661742741000898e-01
3.463109274787118386e-01
2.380568247599399168e-01
2.309555976139996136e-01
9.488525928602918880e-01
7.272777718997109897e-01
6.368402519926326111e-01
7.924810805847621875e-01
8.476049060829553561e-01
1.227688041267760877e+00
1.521966685000058217e-01
5.183236548285445888e-01
1.572695371824917587e-01
3.661122018086234720e-01
1.008519139486559330e-01
5.523224974502970452e-01
9.256627806950127324e-01
5.490375447628790262e-01
1.258540862096731439e-01
1.946525606352583204e-01
1.029608580420668273e+00
2.699603089369688735e-01
2.536725668930709388e-01
9.687117111803535963e-01
1.139549995742950239e+00
9.288826578517459520e-01
1.026172823338252771e+00
1.124290075395188993e+00
1.323498555271404920e+00
1.435843784375525622e-01
6.405705811129592808e-01
2.611609522959330576e-01
4.230601020005227975e-01
4.176112303771740697e-01
1.869268880091024265e-01
6.563050915934697249e-01
6.543484128324328353e-01
1.945103946645937165e-01
6.492980801666453639e-02
1.350471610348758789e-01
1.017600182005421683e+00
2.276270126568534224e-01
9.247267161046293094e-01
1.112480997197065724e+00
1.159472881140658052e+00
8.962040564713007473e-01
9.467175659606447136e-01
9.664273832938737874e-01
1.005302857314009035e+00
1.106518974914981079e+00
1.176663416687924180e+00
1.219749727053363264e+00
4.314434398800728321e-01
8.638403852243105030e-01
1.123520102090316275e+00
9.073161226961824477e-01
1.032611338124143519e+00
7.522514542087046507e-01
2.622601903983889926e-01
2.200119155339463617e-01
4.275254367803835165e-01
2.965768782923658975e-01
4.667456434190165870e-01
5.300909599742697348e-02
4.741766166044891068e-02
6.494452759418557763e-02
1.039451312090833301e+00
1.003219835686073313e+00
6.679447730853983467e-01
1.028739744628242914e+00
1.007776331272658199e+00
9.715565629180160645e-01
1.020838081992993196e+00
1.034150477182333105e+00
1.053035796502517218e+00
1.096550626427347908e+00
1.155931616176736343e+00
1.225234496746057111e+00
1.144728613349706769e+00
1.349029322482792059e-01
8.612741333088955731e-01
1.076259051166825964e+00
4.279164543839215629e-01
3.004925548065577323e-01
2.649413618842079154e-01
5.778464261748038622e-01
5.882777718586718052e-01
8.132765808959835363e-02
8.819042664532944498e-02
2.060457719918036557e-02
4.381906685418711644e-01
9.979451128443370678e-01
1.078237746719937995e+00
1.014053405493027693e+00
1.007899755208980341e+00
9.851637131976774819e-01
1.126511253613064145e+00
2.149312724755349235e-01
1.122042726721327321e+00
1.296101272933067206e+00
1.209380010111097969e-01
1.294249427214625714e-01
1.235646274325246374e-01
1.409781541001945415e-01
1.340482779031987488e-02
5.009374206584588096e-01
9.764178261677460835e-01
1.034541829317967787e+00
9.645129875659063101e-01
1.008213033850352325e+00
1.047323871630812198e+00
1.081723008895225657e+00
1.132270627873344093e+00
1.091205189740785064e+00
2.173017524377021115e-01
1.204601506385002185e+00
1.218166077714643025e+00
1.121811643843270367e+00
1.138851817337177774e+00
1.268685267096228753e+00
1.648360997734965583e-01
1.967675413365465309e-01
2.021402850066495727e-01
2.163349421846941928e-02
2.326919761532778297e-01
4.546597749282278444e-01
1.030903111964291741e+00
1.039335897699651401e+00
1.067963203969291452e+00
1.077382136608302066e+00
1.092128762562797339e+00
1.133970276783714093e+00
1.241812408032379578e+00
1.688808990217145756e-01
2.040377549480734409e-01
2.824926614288488791e-01
3.145592058149778714e-01
2.432253212381353322e-02
1.755823537209116880e+00
1.503269071855095618e+00
6.324722383152356908e-01
9.206213409714524287e-01
1.068492629631475843e+00
2.310837172107569892e-01
2.435087466866692474e-01
3.657442291699167791e-01
4.271750688653056516e-01
1.780010845403191475e-02
2.054974358194771700e+00
2.370280823669785597e-01
2.111658526742534181e-01
6.201790767763770695e-01
6.705441585295283113e-01
4.420283100516437802e-01
4.446081936233777232e-01
8.315449732578755401e-03
2.413984831983171819e+00
1.685491118535832333e-01
1.466248362854339349e-01
1.899183315043119769e-01
4.854045362470045810e-01
5.154443703918989428e-01
5.333809298301936952e-01
2.134628512425724642e-03
2.862677006930525625e+00
2.546150684989688662e-01
4.121708586074148695e-01
1.589428029974421968e-03
1.511024611261593559e-03
3.470460840626327315e+00
5.829942392519773531e-01
6.069879934249983178e-01
4.958501496171633383e-01
3.976035690303957870e-01
3.356507355197491105e-01
3.002052104804157073e-01
2.842831804516726679e-01
2.818927622594499804e-01
2.855436549158005821e-01
2.868469023678617003e-01
2.791536351471730626e-01
2.599627295439394525e-01
2.308317429825705036e-01
1.974522618326007839e-01
1.626902118357988480e-01
1.351570924484332969e-01
1.152205382795702948e-01
1.043170619340200167e-01
1.036200904879415047e-01
1.149145920792299796e-01
1.411323583576387097e-01
1.872695298616115500e-01
2.601011157991798273e-01
3.662999923472649022e-01
5.009550327338698761e-01
6.496351818713387294e-01
7.642872657727639574e-01
7.439629612543269266e-01
5.371600891924346310e-01
3.458316946909682499e-01
2.495953263805573696e-01
1.405314448891857027e-01
4.865635585517051609e-02
4.475149717521380299e-02
6.950268583894091134e-02
7.766056698684760395e-02
7.838307568471417075e-02
7.077173845087322834e-02
5.913108620976104818e-02
4.299916173498023741e-02
2.450238309868291511e-02
9.776573717648982115e-03
2.215116666493916094e-03
4.440051118059521684e+00
6.791417998311379822e-01
7.893774216519294784e-01
4.913814922626886239e-01
4.411390226155731398e-01
4.994544488994158149e-01
5.941598503686585930e-01
6.768142100187576560e+00
9.866903331989743675e-01
9.764755003732431549e-01
1.021291135111128456e+00
1.050428979366047511e+00
1.079362215644904532e+00
1.062958781690873211e+00
1.043492670518350929e+00
7.615863140972272127e-01
8.359532881921213354e-01
6.208427121189391551e-01
6.066531060394755315e-01
7.438842392370174084e-01
8.293139905302423509e-01
8.634087605532281273e+00
1.340103362749862725e+01
5.814018893433559931e+00
4.618262411228533537e+00
4.215398866390953181e+00
3.971292961966533142e+00
3.786172398792561733e+00
3.627978144426732499e+00
3.483054183587053210e+00
3.345078664859223228e+00
3.211735883083038257e+00
3.083063458332996554e+00
2.960363598255456807e+00
2.845421256712007185e+00
2.739973455403766245e+00
2.645399897937608102e+00
2.562588697672931293e+00
2.491917670310533239e+00
2.433292586398086321e+00
2.386197916657987861e+00
2.349738336371697489e+00
2.322674064144283346e+00
2.303471384667645339e+00
2.290393282750605053e+00
2.281641180723922968e+00
2.275533005255407915e+00
2.270677595752726319e+00
2.266093655855927036e+00
2.261229477180505043e+00
2.255864533649984072e+00
2.249905956932534590e+00
2.243121479682500752e+00
2.234869918951250423e+00
2.223900178626451396e+00
2.208290756071599859e+00
2.185590362413200705e+00
2.153187563974182428e+00
2.108875695486512658e+00
2.051496051930212339e+00
1.981470167365567026e+00
1.901020411112179120e+00
1.813960647584975883e+00
1.725095544863689101e+00
1.639421344579311768e+00
1.561385458666515236e+00
1.494404443208112054e+00
1.440704722374232860e+00
1.401421279212747617e+00
1.376825514064619282e+00
1.366559864874464791e+00
1.369802090439725895e+00
1.385333054379164208e+00
1.411523126723054578e+00
1.446283437832273311e+00
1.487049203069634951e+00
1.530864767232574808e+00
1.574611975788071438e+00
1.615364510283286981e+00
1.650782237880798364e+00
1.679416871184888693e+00
1.700809757990004112e+00
1.715322021465009561e+00
1.723716917723165265e+00
1.726579178587622998e+00
1.723689171421297850e+00
1.713477439644807365e+00
1.692681965882842920e+00
1.656311770443402942e+00
1.597941215827189954e+00
1.510163337455385335e+00
1.384674801123424448e+00
1.213537456236829071e+00
1.002531541143717009e+00
7.934911703420221007e-01
6.771982381410514007e-01
7.082067135806530134e-01
8.266194018298735902e-01
9.254345698993353686e-01
9.580986189948257348e-01
9.662090448128864972e-01
9.683946491025131609e-01
9.603451429096739878e-01
9.431741293134603410e-01
9.502439078100399783e-01
9.713632121374453643e-01
8.448610691526999839e-01
7.640350865405743930e-01
7.595584377135587983e-01
8.205483555845111132e-01
9.180892955054227311e-01
1.028888267162547887e+00
1.139082006926390056e+00
1.233883219473987936e+00
1.291400883269521627e+00
1.281535586030527751e+00
1.196382124122173263e+00
1.063407718609920005e+00
9.369495625491419677e-01
8.581589799706822452e-01
