1.507819968819555889e+01
9.712933506111811610e+00
7.592205390246816066e+00
6.538538094465740080e+00
5.190559840692653637e+00
4.736068705940524204e+00
4.462044703293736703e+00
4.255189096347085531e+00
4.078121081163526895e+00
3.914367464565977173e+00
3.756132694745224487e+00
3.600593048521474326e+00
3.447937694019342914e+00
3.299979939045737165e+00
3.159123730268480923e+00
3.027673234344579800e+00
2.907466700173634511e+00
2.799765199933524240e+00
2.705293934246266740e+00
2.624334896863437017e+00
2.556799323220081632e+00
2.502251783903663096e+00
2.459898457283270723e+00
2.428576641852108864e+00
2.406784750731054690e+00
2.392774330529182425e+00
2.384697262010024854e+00
2.380774109629638868e+00
2.379433989709815567e+00
2.379378145933724209e+00
2.379538430692766049e+00
2.378932479590341043e+00
2.376451232100063038e+00
2.370643701882100274e+00
2.359582181242780408e+00
2.340891913346200948e+00
2.312004306587871483e+00
2.270634666343580133e+00
2.215398240118880313e+00
2.146389537720018836e+00
2.065508866479154104e+00
1.976372055568939246e+00
1.883784415194190487e+00
1.792933896000358907e+00
1.708565408265849683e+00
1.634379500050774148e+00
1.572776186813092725e+00
1.524919889138544038e+00
1.491009006752537447e+00
1.470615151058171977e+00
1.462986333777638759e+00
1.467248847124916322e+00
1.482476776224169290e+00
1.507629872478319921e+00
1.541398367492526233e+00
1.582033238035707168e+00
1.627262765212900364e+00
1.674378241129903300e+00
1.720507207255741688e+00
1.763003761016874282e+00
1.799814948756217614e+00
1.829668400761211622e+00
1.851978077107237386e+00
1.866456745521072547e+00
1.872514904187324136e+00
1.868586621175266860e+00
1.851544068991287872e+00
1.816338441916419022e+00
1.755900169578661130e+00
1.661117980209749989e+00
1.520308246131827579e+00
1.322397478721146546e+00
1.081820024890894905e+00
8.677635353798507367e-01
7.974093566410932477e-01
8.783010925106942146e-01
1.018080082180523371e+00
1.088684933701406399e+00
1.119548466539863840e+00
1.109039462062533010e+00
1.093823782926040877e+00
1.080357599190871376e+00
1.091650209179072739e+00
1.101041421106029983e+00
1.084280730130755321e+00
1.106008539980094296e+00
1.045642089873082270e+00
9.908709683888697883e-01
9.154389589613510791e-01
8.594433233617372325e-01
9.015110179429104420e-01
1.058952931983280887e+00
1.274231509225395076e+00
1.474558087275780860e+00
1.544159052246615982e+00
1.430924192049445320e+00
1.207426685921165976e+00
1.003553319143507316e+00
9.153919265214685019e-01
9.156963109766723674e-01
4.958186339047506941e+00
1.106852909625052117e+00
1.094390656390704653e+00
1.073774896849497784e+00
1.068690660547205518e+00
1.079383185861471972e+00
1.098969640643681300e+00
1.105728460630412968e+00
8.671703507781240994e-01
7.898772594156905358e-01
8.301754453414872392e-01
8.911308136375134525e-01
8.169930025867715440e-01
7.687094165615769858e-01
3.856672410217007574e+00
6.430474361151545803e-01
5.843391491025478057e-01
7.486000729172843648e-01
8.262674892745657251e-01
3.165417210907107481e+00
8.021880245300753165e-01
6.348474018349961057e-01
4.743757084826187298e-01
4.342119097741456435e-01
4.477836210691334973e-01
4.613147158029808903e-01
4.313978294861377516e-01
3.730968517403159823e-01
3.126782355550286607e-01
2.633695237578211334e-01
2.337106341392124198e-01
2.248731829844748398e-01
2.288792056320289314e-01
2.321653669909044260e-01
3.724608921214751854e-05
5.715491562046174230e-05
-2.580015498224486142e-06
-5.292276419056597510e-07
1.430125605668079688e-08
1.888637615663438669e-08
2.656402774823674040e+00
2.230941676081748259e-01
1.881892771947946408e-01
1.350219750280243214e-01
8.634403937691993713e-02
4.815875630598447782e-02
2.184598361718315465e-02
7.282317193415232572e-03
1.366516683766528552e-03
3.220547842007654175e-04
8.349183854973991166e-04
1.037633692820829614e-03
6.708834081067605645e-04
2.462580507019035718e-04
-2.115401861772478448e-09
-1.045330209372932269e-06
4.414480304841171246e-09
4.052868586013001453e-09
2.998969399245827848e-09
1.876853406413792243e-09
1.689802692615464122e-09
1.698924293181805693e-09
1.645501018167659233e-09
1.418287464922669210e-09
8.448052691016213913e-10
3.081904063782849834e-10
1.689809213035317571e-10
2.252140112581987097e+00
-3.692331647689427984e-06
-8.567253297846033876e-06
4.181281521999895668e-09
3.280937884867115122e-09
2.124907779529740679e-09
1.562673749614311373e-10
4.087196936783586280e-10
1.920308643126354298e+00
9.749086018899860980e-06
1.690375323244269713e-04
1.787093896831946521e-09
6.248803390851471160e-10
1.210589918602688055e-10
2.889787316456548362e-09
1.648163991491387703e+00
5.316662086638603846e-01
3.648233069579123744e-01
9.247357900955309740e-01
1.160055765752905588e+00
1.233126061508254656e+00
1.283325241222832203e+00
3.686000990605408181e-04
6.613082420484395511e-04
1.114211531681818595e-10
4.362135316919817038e-10
7.378798085605817823e-10
1.341589035405955242e-08
3.697946266927298331e-01
3.852182434690149537e-01
1.294382798082602148e+00
1.312308506797967622e+00
1.333283789479332793e+00
1.392250851251254140e+00
1.576360698940592719e+00
1.563082762452789432e+00
-3.332343399377057122e-04
-3.572044238044718399e-04
5.384316722979704891e-09
6.949951134820164073e-09
4.696879547976419221e-08
8.702144987705942025e-01
4.507912230262257069e-01
1.088016216918125334e+00
1.001180133707566089e+00
1.019198315836055579e+00
1.053333896971581529e+00
1.056291508503912624e+00
1.067353092712232554e+00
1.102804018290411303e+00
1.094901983431169512e+00
3.584360835587779848e-01
1.522428002713761774e+00
1.172510917361252458e+00
1.332742418515412641e+00
1.643150360667407828e+00
1.606187544845914195e+00
9.703053140383557321e-04
7.049339597808780210e-08
1.155110568904286810e-07
3.263523741385402910e-01
1.165754879224178558e-01
1.094883857686308470e+00
1.103965722951695705e+00
1.107922948078266634e+00
1.091136308036010805e+00
1.014561386503684437e+00
1.002722692111523983e+00
1.072051730938997416e+00
2.730573067658640385e-01
1.389853296832840979e+00
1.404246524992407874e+00
1.436345209571112225e+00
1.261723240406538604e+00
2.128545618081153709e-02
1.058947592905909590e-01
1.102667677596346377e-07
1.529541419339025449e-07
1.985000910533529079e-07
1.372473743815231906e+00
1.249640421167152349e+00
6.642354119727439388e-01
6.494187667167964362e-01
1.130537755980284054e+00
1.121858324761576542e+00
9.653758970229251446e-01
4.607418196399767352e-01
1.071129006405704853e+00
9.862631712371473514e-01
1.021828225601501439e+00
1.049778910585620562e+00
1.049892705841090734e+00
1.056048679011472258e+00
1.064975372913772311e+00
1.069970425481174381e+00
1.096866962434524639e+00
1.088691236524712336e+00
1.441785828681483306e-01
1.050293548018492062e+00
8.361778989555367358e-01
4.525536750065492497e-01
3.584599316952175041e-01
7.704096515220679731e-01
4.443644246335556325e-01
1.592168136915484284e-07
2.569027322391731347e-07
1.733392017234853366e+00
3.827155298042069775e-01
1.064743672865164914e+00
1.096846972786127861e+00
1.095657316932552527e+00
1.054976947462060499e+00
1.049997236283004787e+00
1.072278559394674646e+00
1.097319803314049880e+00
1.110595661751286434e+00
1.120496872946637801e+00
4.326751261966118589e-01
1.376531294424414853e-01
1.086894818130057061e+00
1.126925807747440444e+00
1.067960549138926574e+00
1.106617283772383997e+00
9.163755844008675266e-01
6.582373042818656650e-01
2.165973981213281663e-01
3.307046873263986275e-01
3.986855123800000511e-01
3.237637074876617005e-01
9.109556921896828641e-01
1.113453133973216547e+00
2.007094359464787351e-07
2.392624083263673926e-07
2.027914307902840996e+00
9.476720991222581381e-01
1.028045203839100807e+00
1.123410270829450885e+00
1.138088423937476223e+00
1.147208454508156672e+00
1.148108032464947525e+00
1.205514207826165585e+00
1.215803721427875794e-01
4.525804126723924070e-01
2.325290103856416379e-01
1.711997067784734039e-01
4.779239213960729260e-01
1.626941259937544626e-01
1.082387701305340677e+00
1.002355892313645747e+00
1.306587634667013553e+00
1.462468058536312787e+00
1.841608416846103391e-07
2.381916842284461208e-07
1.322151048157485853e+00
1.029970070184102582e+00
8.766287365399709763e-01
8.634769752108761853e-01
1.190317435684751235e+00
1.098856591452612941e+00
6.188365045476070803e-01
5.743850208735116203e-01
2.825776449214865149e-01
5.435523491239511173e-01
1.520579123164350066e-01
6.900575266514993311e-01
1.449158589342989245e-01
9.491079453485632422e-01
1.466470293573539863e+00
1.477108473238608388e+00
-3.000041511268641572e-07
2.083749501834918627e-07
7.455967274851937887e-01
3.858982664265688811e-01
7.274059255669445001e-01
8.037446603308857629e-01
7.870997723628083698e-01
3.292866673166308655e-01
4.415847591446385167e-01
7.135051330126709335e-01
7.005826630819066425e-01
1.593002202744684681e-01
2.977710611695277287e-01
7.460780880145424510e-01
7.002314984045202584e-01
2.273572779798026799e-01
3.078021106551700470e-01
9.454871965200807304e-01
1.435145012970339584e+00
1.425047207287774897e+00
1.426614989078752505e+00
-6.128710784751680355e-06
-8.156692958481735008e-06
-8.330223573475860093e-07
3.940012208783272990e-02
6.412707296365283138e-01
5.706709807792749167e-01
7.654326058927566345e-01
7.767469136027118637e-01
2.876881684695719588e-01
4.237846759436925126e-01
7.346646492131400086e-01
5.790427573145165985e-01
5.865725418150015136e-01
7.840687868202671496e-01
7.850993844231966001e-01
7.489405659326263676e-01
4.102760106620673697e-01
6.423762676389492832e-01
6.623391127590465555e-01
5.773756025634645406e-01
5.696309334841458405e-01
6.628908944720514063e-01
9.539412736495244127e-01
8.213980795557326298e-01
1.616540116274787886e+00
1.710509583295585001e+00
2.417397956430633127e-05
2.077068669815933014e-06
8.687921571860059144e-02
7.344299854643757675e-01
6.149024123979011103e-01
5.309097283284800461e-01
5.076589833543938557e-01
5.276657717742414544e-01
5.931505491523044737e-01
5.943935291338310334e-01
5.030682264547980953e-01
6.796780449710427829e-01
5.384501084750620281e-01
7.092496935789117662e-01
9.397912065092953737e-01
9.485192784006859501e-01
7.295268779150139160e-01
6.525984149419197244e-01
5.591579209912782567e-01
5.283315450525524204e-01
6.778452367488883024e-01
6.848855709973835637e-01
5.740737102760280486e-01
1.885471769121265517e-01
1.693719662715439112e-01
1.930284449138249259e-01
6.448949511010716451e-01
6.489746168846544094e-01
7.331821227694386156e-01
8.424526601338301335e-01
4.933664260460106643e-01
3.956050398624347819e-01
5.680390925217099207e-01
5.805722017306238492e-01
1.622232923890242651e+00
1.547499805553508301e+00
1.570469178467118310e+00
1.548380077641838242e-04
4.524242694569005217e-04
4.533754319811442168e-05
3.310539427620785013e-01
8.824053686848613021e-01
7.569116403902826917e-01
6.387650006298439820e-01
6.546817518753448306e-01
6.314729522901357806e-01
5.976132124870752182e-01
5.736274826710358044e-01
5.626115838629707211e-01
6.703655100610902418e-01
6.693231538621706722e-01
5.251650413578292653e-01
3.291105660996255372e-02
1.528886957603945163e-01
8.014521513681747977e-02
2.592674135189611540e-01
3.124614675406459652e-01
4.771178045751779950e-01
5.427133049750966221e-01
7.315516578920957524e-01
7.089054025742416165e-01
8.216709660632190992e-01
8.420300153826025813e-01
8.556842124375734215e-01
1.319689557134342550e-01
6.221425624120049264e-02
3.509008613538611154e-01
5.408698133010837461e-01
3.921075338431649904e-01
3.904051710233262806e-01
4.656500491320109680e-01
1.654992221254677043e+00
1.742771406509636245e+00
1.746174137275114096e-03
2.122600271090591476e-03
2.664352078990594379e-04
4.972644912483462631e-01
1.574959554722655142e+00
2.786981159654898232e-01
3.028173888957719773e-01
2.147353877695371838e-01
3.244718125319286384e-01
3.354764552319098314e-01
3.471585736322899685e-01
4.496120305096559799e-01
6.232711495343321584e-01
6.486340499213201216e-01
5.144512537625918203e-01
4.195007688013203673e-01
4.914599158980518800e-01
5.016079536378083015e-01
4.202298960765712965e-01
2.143288115341675792e-01
2.506143614758405413e-01
4.890903446183070824e-01
5.312628310454159397e-01
5.109590880913194022e-01
5.971506565468703842e-01
5.974212679533080772e-01
7.462792210654489722e-01
7.829229470027387894e-01
8.238831328727330705e-01
6.984400392227955168e-01
5.956602766663865456e-02
2.932047606743086732e-01
4.662141332112359482e-01
4.070278621584637602e-01
4.167309573745281437e-01
4.432615216615209408e-01
1.638497678115893086e+00
1.582426415256822372e+00
1.572981396541379473e+00
1.354157121703767437e-03
1.612530034285249809e-03
8.759180762384102771e-04
1.650239248601723219e+00
2.501246112445317249e-01
1.825172376815131225e-01
3.654960909648079515e-01
3.731607840410268162e-01
3.645382600375821069e-01
4.337072602049752978e-01
6.061829821345624536e-01
7.440490112574423831e-01
7.447447619807330277e-01
5.918609107014500825e-01
5.989829614121844337e-01
5.082761588494801863e-01
6.303199164302114577e-01
6.682467099898805607e-01
4.192815418453292864e-01
2.587219677504323800e-01
1.501532042698417724e-01
1.554561234566641248e-01
7.575213934123338211e-01
5.110117357741175148e-01
4.968442149081233605e-01
5.292540895848730775e-01
7.454141298399366011e-01
6.676753768866886540e-01
7.624677937815620421e-01
7.666436722723194430e-01
5.190928565409693718e-01
3.320601155064070720e-01
4.560145576185949956e-01
5.516039107639176819e-01
4.290287550057012012e-01
4.508239577745077886e-01
4.743454207971167236e-01
1.446347757439204296e+00
1.596409799181872646e+00
3.101494131925701392e-02
5.317970689625394626e-02
1.919233060039072028e-03
7.522698572252525251e-01
3.182667932327044591e-01
2.931862696231652410e-01
1.838261191599851463e-01
2.138119120531418449e-01
6.388264316756255834e-01
5.142776960105468476e-01
6.737068161615675788e-01
7.666266415289765268e-01
7.161418748069964257e-01
6.195164959406387339e-01
5.253958272917933492e-01
6.064093506193701799e-01
6.096835218911543786e-01
7.996825927812387658e-01
7.285462589970184144e-01
4.890731822533491702e-01
3.975442792861516583e-01
3.427566328099311277e-01
6.069338615637143164e-01
3.410187896250506112e-01
2.563036052684746213e-01
5.316872388927380566e-01
4.527346050740411187e-01
3.529845577693964120e-01
1.633860359220969505e+00
1.129160460881253769e+00
4.159119534971000287e-01
2.883260129769312820e-03
1.350567125417727610e-01
1.022838291808267214e-01
2.603589305198557580e-01
7.359202140311750240e-01
5.669466339117383846e-01
6.647841450040592459e-01
7.074354940220852761e-01
7.202036671684797220e-01
5.187706334222713656e-01
5.562970757193286264e-01
4.274341362917589149e-01
4.053640581800190823e-01
5.357742211999975135e-01
2.811389252843887743e-01
1.042042619464347841e-01
5.676015966772407495e-01
3.406888717653464016e-01
1.882902045710054262e-01
2.897100166119404366e-03
3.876998829193545326e-02
2.640207265486191335e-01
1.974060088035653193e-01
6.640578273630201034e-01
4.940039026018366863e-01
4.498849001531731728e-01
4.481661359202186445e-01
1.857595688683257029e-01
1.700188614368010886e-01
5.711685743354983913e-01
7.233537615722406000e-02
4.170997348659426923e-02
6.964037982411680483e-01
1.526921778918157169e-01
7.867186362002490108e-02
1.691388102618183748e-03
3.284600872215860667e-02
1.273442302791874363e-02
1.290870501905177214e-01
2.498996181296704866e-01
2.006051760942491879e-01
4.628675888032817709e-01
4.114824184338826130e-01
8.066355639863970195e-02
5.966959275203348456e-01
5.158075784912046213e-01
4.668041012827080227e-02
7.213336853749303668e-01
6.212956989068187941e-01
2.965354497854305604e-02
1.052544622449747220e-03
2.362074745275111187e-03
1.064246523577739856e-01
1.077617170743116609e-01
1.319378384982308194e-01
3.247689939305425932e-01
1.282080582080416808e-01
4.582004927385122106e-01
8.243846145735664321e-02
5.645104249304903066e-01
5.192669387628175148e-02
7.237984105938144799e-03
5.271930900033451823e-04
1.246570533695201127e-01
2.234867893606006795e-01
3.046620784065456888e-01
2.438239529645925829e-01
2.434074797357453634e-01
4.631344363852188950e-01
2.858325214405667003e-01
1.194605906354665181e-01
6.037072064720543363e-01
5.822163154033415111e-01
8.264970586690294219e-02
3.386880755767671114e-02
1.653289912495246308e-03
3.037848704830060642e-01
2.508818341701896659e-01
2.449227027010162372e-01
3.121112219006905164e-01
3.087071214180623357e-01
3.101790208054527320e-01
1.954565115957693222e-01
1.767495805257903729e-01
2.859274704795055633e-01
1.072384789290314888e-01
8.522508759311030191e-02
4.488206629827018457e-03
3.376032022598165483e-01
5.158293529666810873e-01
2.453252148931375498e-01
3.922175139701283841e-01
5.528730708424788309e-01
3.008526927840444176e-01
3.406088893075442936e-01
3.495285484186933522e-01
2.272882609252842578e-01
2.349388884353267870e-01
1.099824508584304333e-01
1.441834334067226553e-01
1.023157257000874149e-01
1.517586403845504472e-01
9.590906680494427905e-03
5.700527185295015675e-01
6.133786045181977009e-01
3.753549915070198417e-01
7.071961549366529987e-01
7.431050453374989928e-01
4.278004557663732665e-01
5.226857270471246819e-01
2.778378395579625959e-01
9.770141148137781451e-02
1.048029625014195165e-01
1.537479608789137919e-01
1.552792646124129816e-01
2.566180490624668797e-01
1.743475143751822137e-02
2.181626567872178499e-02
1.930723269800178540e-02
8.077947480157895987e-02
2.367933446826593069e-01
4.526262797087746148e-01
4.753271219956048399e-01
6.067892841477990906e-01
6.242539814842837931e-01
6.468675495015193677e-01
4.257554075516026271e-01
4.588495497092788256e-01
3.020993523927163471e-01
4.020796762786436052e-01
1.648535206491168470e-01
2.951674412289352900e-01
5.042915205788253141e-01
7.454998879596440586e-01
7.052629688619573844e-01
4.999071557348626071e-01
5.316778360826179828e-01
3.292938312180964111e-01
4.010689575811430818e-01
1.594134629617832977e-01
1.909304647486448347e-01
4.256805960865545635e-01
4.683560009248602940e-01
5.325280212909724309e-01
6.367901989571665977e-01
6.406980922499152520e-01
4.031533420117113242e-01
4.081045873646880762e-01
4.262450616131410186e-01
4.332268584628662378e-01
2.413009073243495561e-01
1.570910289882213873e-01
2.999674734494639505e-01
4.056208930124798884e-01
2.292063401078526796e-01
1.994193180327270276e-01
1.680575889719083948e-01
1.698953711396397614e-01
9.543329105550162061e-02
6.406094805017699401e-02
1.515789598896503665e-01
4.023501307939761351e-01
4.762938568281364637e-01
3.889007286607383818e-01
4.047078433058548530e-01
2.724857906114672851e-02
2.231267981608531931e-02
3.779571693313044795e-02
4.631506636313106884e-01
4.803329975299012178e-01
4.826116048826087912e-01
6.324407120481586597e-01
6.332309261543270784e-01
6.322522497084220872e-01
5.744423175527376690e-01
4.199722211972850006e-01
4.831024774045027392e-01
5.053109586850040857e-01
5.265247050218666569e-01
5.527041184495943282e-01
6.918906630164612936e-01
6.931285189398096458e-01
7.351972989288867444e-01
6.254466699083918169e-01
4.128911458655770139e-01
4.685924961871693606e-01
5.134432828461119591e-01
5.287682811666514215e-01
6.879629294892622982e-01
7.136630285188427791e-01
5.187415395597119172e-01
4.513706925641037260e-01
5.100512627684457012e-01
4.630476869640883231e-01
5.346393296143392426e-01
2.457849182720925063e-01
3.932891691328064265e-01
4.090035675900444145e-01
2.474804970958461026e-01
2.609091729419639183e-01
1.960721671742111649e-01
2.607068081489610223e-01
5.782847761759257743e-01
6.879079313342526536e-01
5.138644202121918081e-01
3.764956902241001907e-02
3.905892710867529816e-02
3.935793227019993706e-02
3.715331504159163217e-02
4.753813722909737138e-01
4.745391356665813465e-01
5.802010895124238843e-01
5.895048293946868467e-01
5.883323063036850487e-01
5.971866697602800089e-01
6.729415785312311549e-01
5.336788876394026326e-01
5.380467912890063431e-01
4.857066122229067306e-01
5.125442087098173172e-01
5.128232445030441733e-01
5.222472510235456333e-01
6.901744475296337500e-01
6.894519055497400073e-01
7.091341573316726210e-01
6.351884007787916842e-01
6.851591877751348481e-01
5.429016747144442823e-01
5.599553593059520828e-01
4.704021692846397373e-01
5.131803710539334373e-01
5.031121458110500155e-01
5.294001027870864906e-01
6.652118359162341177e-01
6.569841936198278498e-01
6.688939751894830144e-01
5.657557527731643665e-01
5.920467831054773145e-01
5.393306595261578851e-01
5.505805473066209821e-01
5.046764089826795141e-01
5.251526895760402214e-01
5.309522945574948194e-01
5.612745351512463676e-01
4.597259747839581578e-01
4.840998501965735890e-01
2.669468875538862918e-01
2.725056878966204965e-01
3.593530094664405539e-01
6.936596130483139167e-01
7.675470476492110006e-01
7.679783013375400813e-01
6.134993483554023186e-01
6.514471155475913822e-01
4.732740116141528897e-02
4.754523546537518103e-02
4.988167450161720695e-02
4.735671783901790333e-01
4.702131718501983415e-01
4.906290384976532137e-01
5.356281172222564502e-01
5.340453634760673474e-01
6.904849794274737773e-01
6.525167706828811642e-01
5.696128627728060945e-01
5.668955752054554154e-01
5.197866095924799090e-01
5.223636938627337356e-01
6.514982359059164896e-01
6.460619039846375866e-01
6.534831223597034056e-01
6.933198473995391131e-01
6.560840092970240400e-01
5.992151490102070044e-01
5.940552527793772075e-01
4.947542471350626636e-01
4.809341643429326796e-01
6.319382591079625300e-01
6.303053894368407795e-01
6.276046473087922850e-01
5.915354011251433564e-01
5.649240940954201040e-01
5.811832769492016881e-01
5.802894040132781095e-01
5.165015868987374859e-01
4.780721700414355402e-01
4.795520013654602787e-01
4.751754633107879711e-01
4.539040699550218050e-01
4.777381265080676842e-01
2.683532861391943469e-01
2.132725703788118099e-01
3.659327552980312093e-01
4.305240162325895126e-01
8.532677845980639608e-01
8.859826244163533371e-01
8.160447125864001006e-01
5.557066777477626812e-02
7.519469289491946540e-02
4.704505641195563248e-01
4.435527653260876169e-01
5.300015667294309951e-01
4.860369969798415402e-01
4.494575055804194141e-01
5.558613865701140799e-01
4.155488562692640775e-01
5.568316777774106052e-01
5.132319431501124463e-01
4.476746571907519456e-01
4.465814626418234123e-01
6.157410899620699984e-01
6.115199991043228644e-01
6.186625637003851930e-01
4.982817108391054961e-01
5.765307312437263354e-01
4.822187097046715110e-01
4.365879482402236778e-01
4.215266112287218703e-01
5.942960801439511886e-01
6.056702613743153440e-01
5.286683451748823703e-01
4.546493968644002570e-01
5.493210912674848512e-01
5.418738625343817450e-01
4.078053085481298523e-01
3.434556476032973316e-01
4.656331447627126141e-01
4.180011769253749176e-01
4.368059857936133494e-01
1.285657289859110652e-01
1.254110552577920312e-01
2.028365501800503679e-01
4.429332900209954071e-01
4.182685479061081235e-01
9.008368900927847811e-01
9.030404339953775894e-01
9.072076207855701568e-01
9.406067427094025879e-01
6.061108604234639180e-02
8.290358265425969153e-02
8.534994984072040436e-02
4.393747160567941790e-01
3.432558550521472296e-01
4.055728136751723389e-01
2.444120875901712731e-01
3.646605744075985811e-01
5.496140566492462298e-01
4.991639629863627858e-01
3.570561922351173645e-01
3.440180026601504792e-01
6.058013411941036708e-01
3.389053062705560948e-01
2.741142049192417662e-01
4.756484632504676680e-01
5.719859156554488733e-01
5.168598603476010078e-01
3.485511903657022015e-01
2.965147332158791227e-01
5.928549785959581486e-01
3.719378625703786967e-01
2.758294099940320487e-01
2.651603794554562299e-01
4.411998927035181151e-01
4.855503396471304578e-01
2.727545288367731469e-01
1.697667303630941704e-01
4.365073115175995833e-01
3.545465671823596066e-01
3.120566745077233417e-01
2.659547734589934875e-01
6.621570487034555974e-02
7.011086746867842279e-02
3.836785887858398247e-01
3.472046824311385560e-01
8.999518953355679640e-01
8.901604802503827463e-01
8.257091736991334363e-01
5.985262162914223999e-02
1.000832230962956093e-01
1.051369553138630092e-01
3.413222042853163996e-01
2.536025561756548030e-01
4.636090473075274443e-01
4.500104598171907333e-01
2.427735801788433456e-01
5.133050778824949090e-01
4.676108919104609019e-01
1.758580804503507011e-01
1.704245411018603940e-01
4.763107542239132242e-01
4.124423582176044989e-01
9.358747002035222584e-02
6.468326368342229571e-02
1.821047352730933433e-01
7.060915988718993730e-02
2.995199750154092233e-01
8.850561083783993199e-01
8.464024117399089331e-01
5.084015643306909027e+00
5.152183617489815987e-02
6.019763848904434445e-02
2.394418851175210694e-01
1.406201239800139169e-01
4.192010716856621189e-01
2.363860864204451739e-01
1.182442319529268537e-01
4.358724669330392154e-01
7.058788404919863479e-02
3.650678256550536349e-01
3.584006037012936741e-01
9.084935111116868023e-03
3.058825449907143779e-01
2.530899832143489459e-01
7.352653115220356694e-01
5.788109119544472270e-01
1.682929590477654003e+01
3.226178703817280530e-02
3.007896234488731044e-02
4.911395208642165000e-02
4.293028177983135296e-01
3.745074368985261137e-01
4.048381610037860706e-02
4.484672137787297785e-01
3.155224003172005798e-01
2.236860756921617635e-02
1.986355743089264214e-01
1.291114083491004961e-04
1.273270302825494915e-01
2.156632197792542338e-01
2.744678577267936603e+01
1.816626087374489246e-02
1.772254508206527052e-02
2.321601860137590539e-02
2.435173060660434097e-01
1.657498542513571871e-02
1.945722386732169074e-01
7.108106942328061388e-03
1.260232316487094884e-01
-1.668336588781638326e-03
8.854787628655648446e-02
1.021846953621330517e-01
3.149539907670142824e+01
3.225427145935800405e-02
3.008943853268123206e-02
4.911305850171670401e-02
3.744221380490555529e-01
4.049737262359486695e-02
3.155010984514557415e-01
2.236928458601667932e-02
1.986402141005262079e-01
1.286627754910363319e-04
1.273326093207081677e-01
2.156598732048099765e-01
2.744682377317241162e+01
5.150719247730648626e-02
6.021458579552527168e-02
1.406157810126085761e-01
4.291995898585463376e-01
4.191050232656713392e-01
1.182720789947191709e-01
4.484361592213426673e-01
4.358437205432322825e-01
7.058967945206315320e-02
3.584068385961394765e-01
9.083734034379849220e-03
2.531009485421920613e-01
5.788046466556756586e-01
1.682933058927607917e+01
5.983542172187033409e-02
1.051552899980208039e-01
2.394325275412833021e-01
2.535916454378409068e-01
4.499347091707304735e-01
2.364293344384422735e-01
2.428164918818704054e-01
4.675857375081485245e-01
1.704285409268200269e-01
3.650732380634807983e-01
4.124465437235200760e-01
6.468041188519428608e-02
3.058952666698280254e-01
2.995316348104495874e-01
7.352580089723250722e-01
8.463954547667545958e-01
5.084030615554189225e+00
6.059404009073612180e-02
1.000992971609732524e-01
8.535715240341848475e-02
3.413029984039682718e-01
3.432364102530141570e-01
4.635352538292787927e-01
4.991126589587216444e-01
3.440598275710166631e-01
5.132794012161481234e-01
5.168364612826563675e-01
1.758621475839996506e-01
2.965212842487331413e-01
4.763135908671226604e-01
4.855519364127983128e-01
9.358391945770444531e-02
1.697623060807791351e-01
1.821062737183294922e-01
2.659571985720914911e-01
7.060817049901557674e-02
7.010986031816328345e-02
3.472140399980159775e-01
8.850501989503584133e-01
8.901556773884895524e-01
8.257134214170460673e-01
5.555475578337603498e-02
8.290371303284135851e-02
7.519416960819412521e-02
4.393454413111416712e-01
4.435226986915769554e-01
4.055348707358446547e-01
4.494165815666827379e-01
2.444311883367221439e-01
3.647522686275103676e-01
4.156498550538371139e-01
5.495921242359825820e-01
5.568237909017549336e-01
3.570976690421494570e-01
4.466167456197871477e-01
6.057891387862249788e-01
6.115071849522235592e-01
3.389008342542161323e-01
2.741106328468745912e-01
4.756407848815980000e-01
4.982735435887897246e-01
5.719666957250668649e-01
5.765114852455810457e-01
3.485586920924594323e-01
4.215354278721424319e-01
5.928591410123718042e-01
6.056738795460467895e-01
3.719416307076223172e-01
2.758279153576553289e-01
2.651518908574838074e-01
4.411864125673620185e-01
4.546365943649262054e-01
5.418711811041936333e-01
2.727502544944977458e-01
3.434521519076787488e-01
4.365109836428556211e-01
4.368096743213574218e-01
3.545491559622036548e-01
3.120592473761547025e-01
6.621238357416081577e-02
1.254067303478225148e-01
3.836874565894814459e-01
4.182751052118753865e-01
8.999480049848864738e-01
9.030374679027709517e-01
9.406122518870942972e-01
4.731297566904710955e-02
4.987892800221922773e-02
4.704165599483402516e-01
4.905925201394638058e-01
5.299780599615744325e-01
5.340220058531330860e-01
4.860036868565580370e-01
5.559654787873967718e-01
6.526053152323002537e-01
5.669426039867978551e-01
5.132542894550641277e-01
5.223832699656066891e-01
4.477090322484602591e-01
6.157243061709540832e-01
6.534612464535651810e-01
6.186473585561226285e-01
6.560654178243213730e-01
5.940427726147168297e-01
4.822283266475160257e-01
4.809436795059923719e-01
4.365968014641676276e-01
5.942990649781910717e-01
6.276071111566111638e-01
5.286559091667623056e-01
5.649122706567227814e-01
5.493182639763271036e-01
5.802825743683308612e-01
4.078038642098662514e-01
4.795534288006221835e-01
4.656384134944607789e-01
4.777434727157719441e-01
4.180053826443856924e-01
1.285615594124832617e-01
2.028349491823624451e-01
2.132714157863038196e-01
4.429349206302274355e-01
4.305243349067464642e-01
9.008343328338107581e-01
8.859806893051141996e-01
9.072136073503572762e-01
8.160506535192511013e-01
3.763708539005321957e-02
4.754241333320013974e-02
3.935418607860689810e-02
4.735310294394705077e-01
4.745021867127555137e-01
4.701781185928397555e-01
5.356068948789525219e-01
5.883108781970090018e-01
6.905463918709292548e-01
6.729684606487552623e-01
5.696617957734836368e-01
5.381362972223695529e-01
5.197965761742894264e-01
5.222487120981124109e-01
6.514735567006415540e-01
7.091046088032971761e-01
6.460400579221285966e-01
6.932941274490226347e-01
6.851308816173224958e-01
5.992036259916561081e-01
5.599495322740576375e-01
4.947631493398911839e-01
5.294090459816112038e-01
6.319401356944532866e-01
6.688954047475810238e-01
6.303079763730510265e-01
5.915250031767335104e-01
5.920383721752927597e-01
5.811759987723971177e-01
5.505700797371415600e-01
5.165059558390188155e-01
5.612796597344166249e-01
4.780737828095415476e-01
4.751798013144347688e-01
4.841037511082482148e-01
4.539091944182332972e-01
2.683567445548462049e-01
2.669507091548376509e-01
3.659276968666337337e-01
3.593476392957793419e-01
8.532659834051459224e-01
7.679767862670480172e-01
6.514536647777442457e-01
2.723851714319611150e-02
3.905511497939781473e-02
3.714897683253753219e-02
3.779129393012935212e-02
4.753469298333115600e-01
4.825794364636656342e-01
5.801807511284391428e-01
6.322319170760778428e-01
5.894832528803561900e-01
5.971656606366544384e-01
5.744131197011688172e-01
5.337719675899698091e-01
4.858223342727686078e-01
4.832180023562819837e-01
5.125414924386026971e-01
5.527004380283778717e-01
5.128247141007089560e-01
6.901518406019619967e-01
7.351754077709912183e-01
6.894244796923929552e-01
6.351544877982240322e-01
6.254124432140278911e-01
5.428967010886042166e-01
4.704010866942726632e-01
4.685916598634371488e-01
5.131880418439549452e-01
5.287764690169750592e-01
5.031201869280873540e-01
6.652114303992829880e-01
7.136624197282424031e-01
6.569850444592022498e-01
5.657500156866740459e-01
5.187379181978064580e-01
5.393195035449462882e-01
5.046627975567407054e-01
5.100369235577641991e-01
5.251573576488990369e-01
5.346439479284723628e-01
5.309572704117545561e-01
4.597280594016971422e-01
4.090032348987977517e-01
2.609183350734479712e-01
2.724981583802497664e-01
2.606987823262670312e-01
6.936583546815089374e-01
6.879066998882336081e-01
7.675453530125929680e-01
6.135061298977764199e-01
5.138712888321349537e-01
1.742735578329901447e-02
2.230957617865209422e-02
1.930488277080154649e-02
4.631238899523055785e-01
4.753029903961638603e-01
4.803007683039117182e-01
6.324232860110371446e-01
6.468521671172826615e-01
6.332106124036480654e-01
4.587783507792759785e-01
4.200835517295596344e-01
4.021859314331742152e-01
5.053034034492496218e-01
5.042832323428797503e-01
5.265207672979322906e-01
6.918887717049124753e-01
7.052626999186782930e-01
6.931120427932903061e-01
5.316417503477627315e-01
4.128905118675773034e-01
4.010677264195047220e-01
5.134520064602643430e-01
4.683652594286232818e-01
6.879626963487366353e-01
6.406983384137320270e-01
4.081062070383396634e-01
4.513579219232536355e-01
4.332147876969323352e-01
4.630522887295865364e-01
4.056255109055600383e-01
2.457813788738252292e-01
2.292030172439913638e-01
3.932880187796973792e-01
2.474908651150025951e-01
1.994288368559255231e-01
1.960657588783657201e-01
1.698899876452532876e-01
5.782838044523167520e-01
4.762936084611090748e-01
4.047167802599013764e-01
9.586023448671958033e-03
2.181470727928237763e-02
8.077661526110788137e-02
2.367830919626413011e-01
4.526038805456805703e-01
6.067785749105633064e-01
6.133680318479745042e-01
6.242398544743658073e-01
4.256694497283666778e-01
3.752695555410563988e-01
3.021768871694058833e-01
1.648777969188190418e-01
2.951671957096601018e-01
7.455160680873437196e-01
7.431322004757263677e-01
4.998707238260831631e-01
4.277683096274347840e-01
3.292913774663541182e-01
1.594126641540483114e-01
1.909346654184308767e-01
4.256899869545577864e-01
5.325280641101747259e-01
5.226858443747968153e-01
6.367904358959431965e-01
4.031542441329002968e-01
2.778416850475704525e-01
4.262323650452911616e-01
2.412928347516926364e-01
1.570887943918850560e-01
2.999699267085907395e-01
1.048009865629273979e-01
1.552886619979191862e-01
1.680522828990400341e-01
9.543049142263410056e-02
6.405958485896047494e-02
1.515779705063875216e-01
4.023491583195639709e-01
3.889098605800783148e-01
2.566225683602022523e-01
4.485258613127832139e-03
5.700465911329797297e-01
5.158262519605458785e-01
2.452548271141749003e-01
7.072321241562912197e-01
5.529125655542805884e-01
3.008281597430230159e-01
3.495282224194669052e-01
2.349440433639002623e-01
9.769955116500413095e-02
1.099836372222015579e-01
1.537580521908846476e-01
1.441925231035775801e-01
1.517512306982265746e-01
1.651623713642854296e-03
3.376051205457829552e-01
3.037874441613882537e-01
2.448333189000939658e-01
3.922503040001434349e-01
3.121344966030665802e-01
3.101523738444514899e-01
3.406083339244567743e-01
1.954552078184354502e-01
2.272935645819987582e-01
1.767550278160796851e-01
2.859310267388458504e-01
1.072446701856330231e-01
1.022785839499119054e-01
8.521150805131781636e-02
5.256234030857584753e-04
1.246535621933077820e-01
2.507760463831162911e-01
2.233839953258854039e-01
2.438142643055891678e-01
3.086802522500886603e-01
2.433845480987715804e-01
2.858279587610501049e-01
1.194643293468047179e-01
5.822219465398054128e-01
8.265468076001632192e-02
3.386457843937987905e-02
2.359449881570030959e-03
1.077464603249080888e-01
1.319585406083151335e-01
3.046394108116894373e-01
3.247448669259367371e-01
1.281934571629116670e-01
4.631274120207605760e-01
4.581930610259811187e-01
8.244149550319418429e-02
6.037128322545388670e-01
5.645146963720559796e-01
5.193029506035164861e-02
7.239177211790888931e-03
1.273089911130401326e-02
1.064083163138368759e-01
1.290703301156394811e-01
2.006833560957312912e-01
4.114614182907656570e-01
8.066365594318419818e-02
5.157983360050891752e-01
4.668252900003470873e-02
6.212996349353463454e-01
2.965198552253493075e-02
1.052711121879507366e-03
3.284733242728353486e-02
3.877153203383906788e-02
1.973844271924651561e-01
2.497160479353974505e-01
4.497443174719562009e-01
4.628450227558115748e-01
4.481450926213583208e-01
1.700317467073345079e-01
5.966854089908644188e-01
5.711584021208976347e-01
4.171137406357706967e-02
7.213387009549409035e-01
6.964087135566756626e-01
7.866884785618083464e-02
1.691272977889224632e-03
1.023386104071170449e-01
2.639929210501534840e-01
2.603336754580111156e-01
6.635639507499196954e-01
7.071235989688402501e-01
4.937962356987791179e-01
5.187469173907850450e-01
1.857737854886132300e-01
4.053626672230527528e-01
5.357639182963546132e-01
7.235912898326801734e-02
1.042135561622027085e-01
5.676058277169279132e-01
1.527494356414189902e-01
1.883486654531252857e-01
2.897019332418549961e-03
1.351523053814346620e-01
2.935107836625300282e-01
2.137982399726523486e-01
7.360204728403871854e-01
7.667159470762587858e-01
5.671427323764868245e-01
6.648594062150207096e-01
7.201730633380817315e-01
7.161121331755777586e-01
5.563063237132316319e-01
6.096862368073836524e-01
4.274004880990659450e-01
7.285325284772061760e-01
2.811278280508270333e-01
3.427177420417695797e-01
5.316913789518691313e-01
3.407578012005322288e-01
3.530045639883508390e-01
2.883222737971221847e-03
7.533685466321545787e-01
1.652737193560579465e+00
3.186353371536078671e-01
1.838046184010702633e-01
1.824910420031564950e-01
6.388298068017707054e-01
7.447183238157446539e-01
5.143071305082513867e-01
6.737689652802211215e-01
5.918394543524938545e-01
6.195025060293639640e-01
6.682314770834407724e-01
5.253893880948762307e-01
6.064130773828507737e-01
7.996682724889524474e-01
7.575072939642499836e-01
4.891322798555201024e-01
5.292911079450152156e-01
3.975525842881892924e-01
6.069399929860220810e-01
7.666469999830348714e-01
3.410241413700573210e-01
2.563067283473522417e-01
3.320590265220487169e-01
5.516070816808548161e-01
4.526547630476697170e-01
4.742776079979277304e-01
1.633858120690574900e+00
1.596412346371390178e+00
1.129165926324487756e+00
4.159178885843418660e-01
5.318103310199647632e-02
1.919222995336173450e-03
1.577343666972085945e+00
2.500595065804864792e-01
3.654091532085670391e-01
3.730887823741498299e-01
3.644847525493628559e-01
4.336613676103676096e-01
6.061415215365720810e-01
7.440217332353480373e-01
3.027994752943322654e-01
5.989638185657253366e-01
6.486112442869461647e-01
5.082631326297515351e-01
6.303054521642372787e-01
4.192695314529948925e-01
5.015939668496992576e-01
2.587151240574981359e-01
1.501497033362810818e-01
1.554521440803565691e-01
2.143233766532195439e-01
4.890797364352697518e-01
5.110140123694454362e-01
5.974191343581778391e-01
4.968554333770500708e-01
7.454128912028967768e-01
8.238803596952813946e-01
6.676740907412594961e-01
7.624700953728167363e-01
5.190868556108048093e-01
6.984335093799379779e-01
4.560165740943392110e-01
2.932068264171235894e-01
4.290549115032896155e-01
4.432774890416921187e-01
4.508158455199415826e-01
1.446348578089190040e+00
1.572982232878252562e+00
3.101629984086930539e-02
1.612473145607852066e-03
8.759180725405857869e-04
4.981225867465872703e-01
3.316064567906905070e-01
2.786796768841738881e-01
2.147064439229459942e-01
3.244346927662790092e-01
3.354474549975851594e-01
3.471368997591220973e-01
4.495911610904123612e-01
6.232477532195307424e-01
5.144352359161805666e-01
6.693029876690477220e-01
4.194894242115304595e-01
4.914468441929700782e-01
4.202181639230342380e-01
5.251513505073539534e-01
2.506075439251881365e-01
1.528842766357905170e-01
5.312649511738090080e-01
5.427138249484341204e-01
5.109551450099154568e-01
5.971472243638200617e-01
7.462777383651049146e-01
8.420291936244653774e-01
7.829191194621818450e-01
8.556829126057547974e-01
5.956828943974844942e-02
6.221665951335192402e-02
4.662143984214491832e-01
4.656510818204938063e-01
4.070307095997243163e-01
4.167384201929997256e-01
1.638491156539801263e+00
1.742762368195158729e+00
1.582422946146314402e+00
1.354102768062431187e-03
2.122593112453027234e-03
2.664364312564221696e-04
8.705229880665998898e-02
8.823571461739272426e-01
9.484747269204684139e-01
7.568566140152368504e-01
6.387072541622529354e-01
6.546131078248631496e-01
6.313920368183381093e-01
5.975378580262490358e-01
6.525366886886957429e-01
5.736107340960114875e-01
6.848659236079971402e-01
5.625953691734835171e-01
6.703453631141055302e-01
5.740606888034770483e-01
3.290988914354753964e-02
8.014525310486637910e-02
1.693648776046577653e-01
2.592677543448519417e-01
1.930306270074066688e-01
3.124597970364352828e-01
4.771155426216017181e-01
7.315499432793920453e-01
7.331807793674338658e-01
7.089043735780836686e-01
8.216699441525738834e-01
8.424573599507991783e-01
1.319733756824700843e-01
3.509064962925285136e-01
3.956116696247370390e-01
5.408740440976883557e-01
5.805759008440258828e-01
3.921099658244511788e-01
3.904041560627912189e-01
1.654983186139014517e+00
1.570465866480836414e+00
1.746175524249138442e-03
4.524262683776437521e-04
4.533803243286113030e-05
3.860661979793977155e-02
7.343321495580669156e-01
7.766528801523837622e-01
6.148067596014288316e-01
5.308171489239356111e-01
5.075460341943324183e-01
5.275517884724570949e-01
5.930012539020764750e-01
5.942559103175540924e-01
5.029424181220196743e-01
4.236844887444266017e-01
6.796926822298747783e-01
7.851182158598757344e-01
5.384510147673583491e-01
7.092332227248178134e-01
9.397547667374436253e-01
7.294928797460104031e-01
7.489217306843609645e-01
5.591602668111319563e-01
6.623723748870709027e-01
5.283189051574522788e-01
6.778266331011476575e-01
5.773652588513569217e-01
1.885473159763294271e-01
6.449005778894617569e-01
6.628993058474517142e-01
6.489697528340402366e-01
8.214038961613649992e-01
4.933710502596549419e-01
5.680427718114191560e-01
1.622230488082613054e+00
1.710511165455898208e+00
1.547495291947593055e+00
1.548386593297779461e-04
2.417449755802029680e-05
2.077132062262690362e-06
3.845496788300301061e-01
6.412420880311332505e-01
7.869719866409232711e-01
5.705918713458437708e-01
7.653422473954423211e-01
2.876559351664744191e-01
3.292693481175639203e-01
7.347183372554414449e-01
7.135525240339070097e-01
5.790898751351847284e-01
5.865978445869967084e-01
7.840912102427952668e-01
7.005644411732804278e-01
4.102988313280697685e-01
2.977846888530605307e-01
6.424140581771330405e-01
7.002201992744875314e-01
5.696384352183703204e-01
3.077993036827921802e-01
9.539455713622884137e-01
9.454900139714251806e-01
1.616544929852135271e+00
1.426623350979385751e+00
-8.156733356835078408e-06
-8.330264787222711594e-07
7.488687185345691555e-01
1.319161692820804976e+00
7.271616581062085860e-01
8.637649721668914093e-01
8.034476769636739180e-01
5.744445448020334410e-01
4.416108933514329982e-01
2.825912820727877195e-01
5.435293532162295271e-01
1.593041139898959124e-01
1.520578194791763482e-01
7.460645199694851959e-01
6.900435313640417290e-01
2.273613341128414844e-01
1.449143105427586342e-01
9.491114368076044583e-01
1.435140649472041119e+00
1.477095344419554035e+00
1.425054701926088407e+00
-6.128812679612867748e-06
-3.000077708411069541e-07
2.083733547211300985e-07
2.032148656362710692e+00
1.030367638786462425e+00
1.028640810363663727e+00
8.769145585706925594e-01
1.190295822381233659e+00
1.205582608009608814e+00
1.099019218097501582e+00
6.189306294526595309e-01
1.215902819635541754e-01
4.525670351828630644e-01
1.711925638876757305e-01
4.779118966660032553e-01
1.626945164688358980e-01
1.002361128322230011e+00
1.466449096029837085e+00
1.462447523754791812e+00
1.841594331012320150e-07
2.381905360057230339e-07
1.736813046618484346e+00
9.482721270679623782e-01
3.830233652106724285e-01
1.123432596609761358e+00
1.120495435543021889e+00
1.138115498416983007e+00
1.147346319254161973e+00
1.148190698743854821e+00
1.376594654337475743e-01
6.582480193122500767e-01
2.325215597684498758e-01
2.165911509589454331e-01
3.306981329756717991e-01
3.237646137127305757e-01
1.082392770886022149e+00
9.109592579631334841e-01
1.306568761385659361e+00
1.113448336822111973e+00
2.007077411358507041e-07
2.392590151022207435e-07
1.373993300550093277e+00
6.492181925562616751e-01
1.064847480470194840e+00
1.121728864022168537e+00
1.098282750954995279e+00
1.095842880426256771e+00
1.054897879500086733e+00
1.049848676757710653e+00
1.072253475299291603e+00
1.097316539658089729e+00
1.110604116059172641e+00
4.326506911854684501e-01
4.607168447367018804e-01
1.086901611984601113e+00
1.088696649657098670e+00
1.126938302325013019e+00
1.067978691312848394e+00
1.106644324868278462e+00
9.163994275622400210e-01
1.441779541965189093e-01
4.525537406791674822e-01
3.986866141075932624e-01
3.584607141719284851e-01
7.704080135716252498e-01
4.443670127986106833e-01
1.592160052321425936e-07
2.569001894113617906e-07
1.250497480517581694e+00
6.639894959683629860e-01
1.130231809091384987e+00
9.653250330925222666e-01
1.071083896950144831e+00
9.862330924328974735e-01
1.021804842947815262e+00
1.049760852763802710e+00
1.049879635374889375e+00
1.056040037386478003e+00
1.064970765458602031e+00
1.069969764688529557e+00
1.096869967795314871e+00
1.165749696021220472e-01
1.050300955203726128e+00
1.072057226739421276e+00
8.361845450707821037e-01
2.730564490459574389e-01
1.261715202507386113e+00
1.058959154041453216e-01
1.529539420931385078e-07
1.985000489224584248e-07
3.263432600925574301e-01
4.507770695541746808e-01
1.094878874187344975e+00
1.094896910412417546e+00
1.103963469862102365e+00
1.107922542956788492e+00
1.091137211408049978e+00
1.014562745338876582e+00
1.002725523691246012e+00
3.584327271737906551e-01
1.389847028174999721e+00
1.606179426307459801e+00
1.404240342645950435e+00
1.436335825340295580e+00
2.128514677513978701e-02
9.704737644120542883e-04
1.102676304886488071e-07
7.049491904361608980e-08
1.155122243573200027e-07
8.701939507611997637e-01
1.087995360951625523e+00
1.001163996943899903e+00
1.019184706866340884e+00
1.053321827484954731e+00
1.056280964837292169e+00
1.067343742278124674e+00
1.102795404314629524e+00
3.852145909409354640e-01
1.522424446992564073e+00
1.563080112967589308e+00
1.172509115582168304e+00
1.332738568674548763e+00
1.643142379718654844e+00
-3.571760586246229075e-04
6.950090284100413232e-09
4.696970559471445006e-08
3.697909756861973984e-01
3.648247502137026976e-01
1.294382973457079533e+00
1.283326090733224456e+00
1.312304696096747270e+00
1.333281028070859353e+00
1.392249243844523532e+00
1.576358551667586649e+00
-3.332713088268247372e-04
6.613122738454513608e-04
5.384202339362271623e-09
7.378947538627936537e-10
1.341619101931176439e-08
1.920604215171422879e+00
1.648517731310781276e+00
5.316702665867854005e-01
9.247424123983332134e-01
1.160062629348818986e+00
1.233131441956135665e+00
3.685911737032583017e-04
1.690395127028489317e-04
1.113108038576932176e-10
1.209814520953082316e-10
4.362013114550882943e-10
2.889836553336774789e-09
2.252397127498990237e+00
9.739007687332222298e-06
-8.567359711462369437e-06
1.782520323718338713e-09
2.116471178825061198e-09
6.254469761398404224e-10
4.087233225167912239e-10
2.656633746962620890e+00
-3.692474148893109887e-06
-1.045715042480699811e-06
4.086124127971804777e-09
3.939797112163144853e-09
3.256694691468671437e-09
1.562700239388982180e-10
1.689819292967554809e-10
3.165630646680084759e+00
2.230955951070412169e-01
2.321673422366622164e-01
1.881896772277237839e-01
1.350217674513241317e-01
8.634383545817241046e-02
4.815866007376849722e-02
2.184595290909056159e-02
7.282392885997597716e-03
1.366620744477225558e-03
3.220281660580349720e-04
8.348859504661433444e-04
1.037601859845746662e-03
6.708608053335280656e-04
2.462494605217405131e-04
5.713268543622873901e-05
-2.083597065219868512e-09
1.893327033332118758e-08
4.316703741681586124e-09
2.966436115903393009e-09
1.871614033733313302e-09
1.690526901642530058e-09
1.698961694448076864e-09
1.645498431517158421e-09
1.418296501707944408e-09
8.448085732733947457e-10
3.081912521476540882e-10
3.856875559552700228e+00
8.021792655878554612e-01
8.262591439439911367e-01
6.348405213591415963e-01
4.743720192541848735e-01
4.342101218031616527e-01
4.477834596198865813e-01
4.613155829129571561e-01
4.313992252099108637e-01
3.730988255687128219e-01
3.126804313635991317e-01
2.633716161713429149e-01
2.337127034441975337e-01
2.248753492703888524e-01
2.288810034798428594e-01
3.724569818076544633e-05
-2.579946071339126587e-06
-5.292008860313818148e-07
1.432906302607675700e-08
4.958391841891981677e+00
6.430392482737032900e-01
7.687008162648537590e-01
5.843333745237582200e-01
7.485933559489671429e-01
7.592464591944160013e+00
1.106847206956647733e+00
1.101035064678710151e+00
1.094384703466751319e+00
1.073767015209695419e+00
1.068680882650475450e+00
1.079371978832084800e+00
1.098956472594535549e+00
1.105712390456857541e+00
1.105991592038934934e+00
8.671620772646850828e-01
9.156889595022252859e-01
7.898687482150258399e-01
8.301672924556723343e-01
8.911222717021696216e-01
8.169837460223553505e-01
9.713198365552308644e+00
1.507869437355586051e+01
6.538656545005071763e+00
5.190627512772621799e+00
4.736138007295536134e+00
4.462134815237887686e+00
4.255308586949728245e+00
4.078271241980933937e+00
3.914544260454056790e+00
3.756328821602947787e+00
3.600799973131907361e+00
3.448147298473921651e+00
3.300185522315514319e+00
3.159320354690473120e+00
3.027857598559779984e+00
2.907636794498433819e+00
2.799919956538142962e+00
2.705432980723348368e+00
2.624458424015727154e+00
2.556908023743928116e+00
2.502346809817286744e+00
2.459981361395815025e+00
2.428649291489231477e+00
2.406849218335802565e+00
2.392832773239871091e+00
2.384751803632902512e+00
2.380826736897201812e+00
2.379486471971108852e+00
2.379431983568011333e+00
2.379594832441866536e+00
2.378992363326385195e+00
2.376515238799664864e+00
2.370712210477456061e+00
2.359655313730196546e+00
2.340969525217098557e+00
2.312085966269936677e+00
2.270719636524610507e+00
2.215485479936143864e+00
2.146477743901041180e+00
2.065596561587313751e+00
1.976457714869185978e+00
1.883866607375544122e+00
1.793011405535066549e+00
1.708637312924272900e+00
1.634445193043161382e+00
1.572835350861122805e+00
1.524972441468894102e+00
1.491055036386319088e+00
1.470654864828390140e+00
1.463020019530878235e+00
1.467276855183513362e+00
1.482499515164681814e+00
1.507647812803220688e+00
1.541412046205713260e+00
1.582043257771271749e+00
1.627269783105796508e+00
1.674382945200733941e+00
1.720510281779511486e+00
1.763005846455603320e+00
1.799816604779675533e+00
1.829670081040898788e+00
1.851980121463958850e+00
1.866459389745498632e+00
1.872518302455611350e+00
1.868590872169779260e+00
1.851549235343340261e+00
1.816344553348705926e+00
1.755907202771031184e+00
1.661125812589534734e+00
1.520316583605962002e+00
1.322405811334454562e+00
1.081827819258826873e+00
8.677704406736533871e-01
7.974154022652707452e-01
8.783073398842055068e-01
1.018086686324359391e+00
1.088690527706356104e+00
1.119551370195206896e+00
1.109038407701774309e+00
1.093818351408189171e+00
1.080349572699301541e+00
1.091642793140808587e+00
1.084263423355353195e+00
1.045626473887470098e+00
9.908577230832170679e-01
9.154272890135459750e-01
8.594309353992268807e-01
9.014987894245568567e-01
1.058939268424086144e+00
1.274216497400107118e+00
1.474542931093321352e+00
1.544145804138728151e+00
1.430913857658616894e+00
1.207419195335107442e+00
1.003547526728514105e+00
9.153856604592673918e-01
