1.782807673185743624e+01
1.129655707933000208e+01
8.751418132070957867e+00
7.366061819167913249e+00
5.638802180374970163e+00
4.998111273712154912e+00
4.594616758802271939e+00
4.291952421100158510e+00
4.045508443004540489e+00
3.835224582202301669e+00
3.649995535881651154e+00
3.483068562741922225e+00
3.330115320919408539e+00
3.188283964845729290e+00
3.055681408398926990e+00
2.931066565068877416e+00
2.813653812158826817e+00
2.702977107480085461e+00
2.598789842163045094e+00
2.500987749901478097e+00
2.409548129193681110e+00
2.324481311278138840e+00
2.245791446557924953e+00
2.173444300202836743e+00
2.107340413252193123e+00
2.047292955239247370e+00
1.993010875264546788e+00
1.944089329781936826e+00
1.900010394244774137e+00
1.860157177940621187e+00
1.823843137412580306e+00
1.790355482756134764e+00
1.759007662447574782e+00
1.729192347826659537e+00
1.700424837256036659e+00
1.672368575973675053e+00
1.644839390681458680e+00
1.617791333069949378e+00
1.591292127614279295e+00
1.565497994159303685e+00
1.540635458606437691e+00
1.516992807847104885e+00
1.494918288772772330e+00
1.474818195320404701e+00
1.457146904900411544e+00
1.442382663935519505e+00
1.430986319500306747e+00
1.423343690552767882e+00
1.419694776450012297e+00
1.420054512013966708e+00
1.424131448448749948e+00
1.431254253719715708e+00
1.440322253062713997e+00
1.449804017843109083e+00
1.457812357575399842e+00
1.462277280496959042e+00
1.461214376661134073e+00
1.453047187300844367e+00
1.436904519625201937e+00
1.412801460400837206e+00
1.381641609165379148e+00
1.345038747441033467e+00
1.305017384159747440e+00
1.263681508426971467e+00
1.222930084142663354e+00
1.184262154628332508e+00
1.148678370523826153e+00
1.116664922846185570e+00
1.088241446683886116e+00
1.063058674326225805e+00
1.040535174168448540e+00
1.020020078132636066e+00
1.000960887525597309e+00
9.227907045385194129e-01
9.222159816164426926e-01
9.274058186322006181e-01
9.559636788239367355e-01
9.782638070358194993e-01
1.003746956362462139e+00
1.029315135243259460e+00
1.050411392939724964e+00
1.060927039454369281e+00
1.053343502989095848e+00
1.019104977617148799e+00
9.489956139943611646e-01
8.330747359542561847e-01
6.682103730779089812e-01
4.916629965458913509e-01
4.302738053900907467e-01
4.441644650475433109e-01
4.467145955501608534e-01
4.468087046368752757e-01
4.630240938716638777e-01
5.602151154550634615e+00
4.351654831411739255e-01
4.333433330056848942e-01
4.445270800640117592e-01
4.448277162828025433e-01
4.578478324839961311e-01
4.321297058721239814e+00
4.357948157562355762e-01
4.334568258227994297e-01
4.445830637057114898e-01
4.450653552725961082e-01
4.594891853300765994e-01
3.545299109404320692e+00
4.339490048600448402e-01
4.316438352711709503e-01
4.443481996441478454e-01
4.477195895217410126e-01
4.433357971165952649e-01
2.991499609106631485e+00
4.380084984529055703e-01
4.226187385361805937e-01
4.426888022628507335e-01
4.461683929822530259e-01
4.438137379580243125e-01
4.462122986958125814e-01
2.562078564873071951e+00
4.325395637629620982e-01
4.331005816582720880e-01
4.444901494601547487e-01
4.459074682311887083e-01
4.526894122808918230e-01
2.212558940514097294e+00
4.336388155999577609e-01
4.276260858634851059e-01
4.405357544304392414e-01
4.356790944398562515e-01
4.331485171256111433e-01
1.919198824058664821e+00
4.257399108781684260e-01
4.334921349276182334e-01
4.526532127559171892e-01
4.224898511495110420e-01
4.268584321949543958e-01
4.493481185163704650e-01
3.623520888079497237e-01
3.994518298977683401e-01
4.789422079476465810e-01
4.683484498661190099e-01
4.900071117127288156e-01
4.943952016416902073e-01
4.927362462468969362e-01
4.256567614901421992e-01
4.292256173215756587e-01
4.368867938265333373e-01
1.258813346079844964e+00
1.449801372614196948e+00
4.983660900771302860e-01
4.971226507770941105e-01
5.052931442213067781e-01
4.287964309948942843e-01
4.545848018685526015e-01
4.208889005446847520e-01
4.612314647638725007e-01
4.759111172270527046e-01
4.777021895511237570e-01
4.919068936284928806e-01
4.873896772679486289e-01
4.981245400735102025e-01
4.268382163871464741e-01
4.320071507014491274e-01
4.279103825577907361e-01
1.089407901777809107e+00
3.714361525164922018e-01
3.808400474315815076e-01
5.261403655281687852e-01
4.565538955753275507e-01
4.205587873113250663e-01
4.261401848481196075e-01
4.494422807396004083e-01
4.621929746593016475e-01
4.632216386862829105e-01
4.614665770047314264e-01
4.571586142737311120e-01
4.629274978728604717e-01
4.640383911750877166e-01
4.700243069062146062e-01
4.628280908854611186e-01
4.653937832089792836e-01
4.245118494613341342e-01
4.378283040178745922e-01
4.682885131849279792e-01
4.734629307449073066e-01
4.828190632164863216e-01
4.993530696366768606e-01
4.987913632908504424e-01
4.286219859950252675e-01
4.352630117438052171e-01
9.509551854275546390e-01
3.890312528372454337e-01
4.600855744934065905e-01
4.538661750786592286e-01
4.727964413360354889e-01
4.593071546343975298e-01
4.601964243873470362e-01
4.604245548508781871e-01
4.600894238203768749e-01
4.594560339122280013e-01
4.594845299593355858e-01
4.609661773586025135e-01
4.636340219223576975e-01
4.685937282053281860e-01
4.666284220524125614e-01
4.708547838449304579e-01
4.393233858814326043e-01
4.408708798024956188e-01
4.391776384407361511e-01
4.690980770648733866e-01
4.735602050166348720e-01
4.815049023522491867e-01
5.026539708808203111e-01
4.940872886884115633e-01
4.269637028775935539e-01
4.244849853268388151e-01
4.498114439788692409e-01
7.665774704616513668e-01
4.891826390946641401e-01
4.180244915702853725e-01
5.474649282255722449e-01
4.359210715071944464e-01
4.397652505384646582e-01
4.401718978227071588e-01
4.497292114942327834e-01
4.616145080966355674e-01
4.619527996432150063e-01
4.633981710003137189e-01
4.687014039463589521e-01
4.683230756115732141e-01
4.380209961508288452e-01
4.440308007702796766e-01
4.400204779018155876e-01
4.765096252758492246e-01
4.742260019634793045e-01
4.837242604819535496e-01
4.987744853774910281e-01
5.086988809418526714e-01
4.259467671491222740e-01
4.296743340735163508e-01
4.434469454494216478e-01
4.392768741009104860e-01
4.239801800419931155e-01
4.306290375952728788e-01
5.308114175947407087e-01
5.125119048972114344e-01
4.521960009159413096e-01
4.250604679076211978e-01
4.482904432952001250e-01
4.627918535244163190e-01
4.659100012133905455e-01
4.567973492636979715e-01
4.336729610032168392e-01
4.432470083416223949e-01
4.696918071707223419e-01
4.676880087403428865e-01
4.413509380629051515e-01
4.448221976733799377e-01
4.393354664512254537e-01
4.722301120373627592e-01
4.765795064056127517e-01
5.002526994417348938e-01
5.021347389057008170e-01
4.292915581365684408e-01
4.319188481236144739e-01
4.361778981366160046e-01
4.500679239322877279e-01
4.420615199419290486e-01
4.435806605979145667e-01
4.577927897575472804e-01
4.859792355732951985e-01
3.783907262962762363e-01
4.993376993216057658e-01
4.324954279668385970e-01
4.111583352004402059e-01
4.358551844601689096e-01
4.565554813424685388e-01
4.494668703458686299e-01
4.431200942631563500e-01
4.516588650190396237e-01
4.571473909100609023e-01
4.606110127687650935e-01
4.632940118993466028e-01
4.685959453074662329e-01
4.649937738751831473e-01
4.674881521696797049e-01
4.336876145260850079e-01
4.435826286666226248e-01
4.449955561029170226e-01
4.405089383040038942e-01
4.947146859890259041e-01
4.375864095094386119e-01
4.347353970482296659e-01
4.663826677441610391e-01
4.622866382054553469e-01
4.619445748447976730e-01
4.687626653958757994e-01
4.417620328835702437e-01
4.458812547601749277e-01
4.362628945317397755e-01
4.870344478604633487e-01
4.656246933928138154e-01
5.074320740393126750e-01
4.293132900871086122e-01
4.365083038523236425e-01
4.272543898037183818e-01
4.451802402990113205e-01
4.442877747634114138e-01
4.435667615128690011e-01
3.833506669964563129e-01
3.545142066971257444e-01
3.593790340013563456e-01
4.384749796200105854e-01
4.715553552079997934e-01
4.779278652887086198e-01
4.704494549352514765e-01
4.371854616147221595e-01
4.468741929304643201e-01
4.630519721411061607e-01
4.607722720737014721e-01
4.628974630211536989e-01
4.648236396968133399e-01
4.687706748902346621e-01
4.666194928018362331e-01
4.345526882082620945e-01
4.466803577337328801e-01
4.507580836802724811e-01
4.933685482484818086e-01
4.866727505057169001e-01
4.324557992652823257e-01
4.244200857042200181e-01
4.610836859674524724e-01
4.591883857073237318e-01
4.786951171331148003e-01
4.434708997616978454e-01
4.460302287293031465e-01
4.364561191404912610e-01
5.147572189670815979e-01
4.737760876294708212e-01
4.413760859517539825e-01
4.394045468173881641e-01
5.045631197786474287e-01
5.156017015912977008e-01
4.332700081445954865e-01
4.373780183676323485e-01
4.329317533576466093e-01
4.449261774910492351e-01
4.394505343235932671e-01
4.454019069689457155e-01
3.910008344670418690e-01
4.919079958993150536e-01
4.919080145589263542e-01
4.695637761131728483e-01
4.646541636361626870e-01
4.678197468941976411e-01
4.643801490037786639e-01
5.032749975758510352e-01
4.447474650555179321e-01
4.482898021557338297e-01
4.462580544889368506e-01
4.604953604824803537e-01
4.265118827376362387e-01
4.775905707525011090e-01
4.148568736061881701e-01
3.989511490780016101e-01
4.686864201069905200e-01
4.654135258778570594e-01
4.662241264967805776e-01
4.408100036824245671e-01
4.400660647671929548e-01
4.456375954436072595e-01
4.621396721759145065e-01
4.691551674583340215e-01
4.311989954789570700e-01
4.592915473975803797e-01
4.611676546656802711e-01
4.837173812831315201e-01
4.433733956716538471e-01
4.431680893600742355e-01
4.351236616480135266e-01
5.027352067329595720e-01
4.306822949915802834e-01
4.209877820659619352e-01
4.716697285738259415e-01
4.933043233362204294e-01
5.022529467843223072e-01
4.355661279166769262e-01
4.366971819368417052e-01
4.311936081909035212e-01
4.360652419436978344e-01
4.436905090506694793e-01
4.840698604369269575e-01
4.827063018807943306e-01
4.543343635678056547e-01
4.590266919950143909e-01
4.732959765761924342e-01
4.885337700546278361e-01
4.424205557780963027e-01
4.477679221095236528e-01
4.465328138025035920e-01
4.518387344921526716e-01
4.815177382117911686e-01
4.680033861160799447e-01
4.353895401323054082e-01
4.596228156165373391e-01
4.681138977088624142e-01
4.717754798639323677e-01
4.872805385524284216e-01
4.382011875296581427e-01
4.438920040284642932e-01
4.463383363787885583e-01
4.602069483973432740e-01
4.839095795612396445e-01
4.433735213615856985e-01
4.261700038463096529e-01
4.585557134940287938e-01
4.606438718056832804e-01
4.843793089827820864e-01
4.420758301936696943e-01
4.463555877098535074e-01
4.411693008154726203e-01
5.085855715816048894e-01
4.786277540906973549e-01
4.194547450230055041e-01
4.828477042905847116e-01
4.911270784229182507e-01
5.026261833022439562e-01
4.300274956197413512e-01
4.551079822623365079e-01
4.469859229681957813e-01
4.492515846987382711e-01
4.581006919034260050e-01
4.778467308026340676e-01
4.788038179654381943e-01
4.617895552681693938e-01
4.667910980810005550e-01
4.757318167264918407e-01
4.599192930870642515e-01
4.421840811782787317e-01
4.480680120980573555e-01
4.490940504614092665e-01
4.485777057830463432e-01
5.026989225797838801e-01
4.297693398116920194e-01
4.297083206889296680e-01
4.631728230467069829e-01
4.721510913485296723e-01
4.715276056007460248e-01
4.379981433074936481e-01
4.433906630877011423e-01
4.486580230591645790e-01
4.605422519620286925e-01
4.843239990807983730e-01
4.758371690320900571e-01
4.314220617292041648e-01
4.581190679378480679e-01
4.581073560616309992e-01
4.835332126611635584e-01
4.434977208031908869e-01
4.452281907749220391e-01
4.410057091832625953e-01
4.841765224099003340e-01
4.284020081303783201e-01
4.224800237354998100e-01
4.840652751225705819e-01
4.915744413169255700e-01
5.071997785055999408e-01
4.302525309149788924e-01
4.355077018197707206e-01
4.353842493097685451e-01
4.407297287255664275e-01
4.349975096910124739e-01
4.737169891546679779e-01
4.790685803501342210e-01
4.666147163742217496e-01
4.665155114764611977e-01
4.706877883089180536e-01
4.848011372649558282e-01
4.488895485423866072e-01
4.496177808731202097e-01
4.593183811796184290e-01
4.683219840855527560e-01
4.730601400147211866e-01
4.265351436315871769e-01
4.716784572922131380e-01
4.649761050277982921e-01
4.730670301920708032e-01
4.731311367612572871e-01
4.439144262199005708e-01
4.445662368645563745e-01
4.512582791675101013e-01
4.586206388908832809e-01
4.713412112343679516e-01
4.331636331656799621e-01
4.583943701731087450e-01
4.577968473444235520e-01
4.820950323833113060e-01
4.419952575262564576e-01
4.468467984786481106e-01
4.690169335586431010e-01
4.977714281729672119e-01
4.868951287509810655e-01
4.240011137069650826e-01
4.817056048454348982e-01
4.882858362823319087e-01
5.163634288698402131e-01
4.295880916516258696e-01
4.453715268232459334e-01
4.304180344017721760e-01
4.312005853603848582e-01
4.712598850341992440e-01
4.748821078638981730e-01
4.608673711129664952e-01
4.668350606634352751e-01
4.671658929305452235e-01
4.843664467776519489e-01
4.495964830450102090e-01
4.525268738659206091e-01
4.700492969444545199e-01
4.516343353939779592e-01
4.439267445112500265e-01
4.664650514670546921e-01
4.663957336940999232e-01
4.694272523598580493e-01
4.846034592310732858e-01
4.522911684051598158e-01
4.719137480202735269e-01
4.367843903925633930e-01
4.176556602410795294e-01
4.588295169299390075e-01
4.586837329275931796e-01
4.810702571382081683e-01
4.421738673382458185e-01
4.481138401974557595e-01
4.663302483579708224e-01
4.575423427277679478e-01
4.282761251358821464e-01
4.852209945946869274e-01
4.853860647193737887e-01
5.055595210090579883e-01
4.378522890201094753e-01
4.436386129584677929e-01
4.265459107214622514e-01
4.272819947980366351e-01
4.708051224073050434e-01
4.742981952885697017e-01
4.760726069860823362e-01
4.620816075168708292e-01
4.723272435326047458e-01
4.802768032028393308e-01
4.564860681552939115e-01
4.350034847585717013e-01
4.395049755599666486e-01
4.628120608453564766e-01
4.697615020931123486e-01
4.683098814867623361e-01
4.394341422841134270e-01
4.592804667948898745e-01
4.581832380563946039e-01
4.756277172858368596e-01
4.643847281750141942e-01
4.253167490066246392e-01
4.126244765867215780e-01
4.928958908857329346e-01
4.925974100609609718e-01
4.418427585773412325e-01
4.410094156565063095e-01
4.293337162836746157e-01
4.321364533399987273e-01
4.381751309804333139e-01
4.735468427665365243e-01
4.791940458491423249e-01
4.727257110214844738e-01
4.727291058121629308e-01
4.747878599537628252e-01
4.969908775732584938e-01
4.267067549133323756e-01
4.698380577596012464e-01
4.658098785899759675e-01
4.666258919051168297e-01
4.864465881795915769e-01
4.342353769324584500e-01
4.326763943887665942e-01
4.689236041424487134e-01
4.668669390695098786e-01
4.792462520075957966e-01
4.457941312737663808e-01
4.956249979326015076e-01
4.925990950974089566e-01
5.009174020126024862e-01
4.401304549537237709e-01
4.395406737236522421e-01
4.331841886359513727e-01
4.365461108541006663e-01
4.738228893332929181e-01
4.737980680305192704e-01
4.686984500474962179e-01
4.754688280667037636e-01
4.782164019113658848e-01
4.647420925536305258e-01
4.619895677746824747e-01
4.620625726760096419e-01
4.721603838450985080e-01
4.706742624515129481e-01
4.295573393403245843e-01
4.326220945163725129e-01
4.589263907818204591e-01
4.472900682766200453e-01
4.915713257694824256e-01
4.814473199613418797e-01
5.001472988253051755e-01
4.404031072728421536e-01
4.423966307287897637e-01
4.287364909017365999e-01
4.302033673176330897e-01
4.721813416668654284e-01
4.726421413084765932e-01
4.735547210050137235e-01
4.712709430677278211e-01
4.739521278276853100e-01
4.850040001101941223e-01
4.607806487455976541e-01
4.680742933942370065e-01
4.331632353098916477e-01
4.445403762572013862e-01
4.945383145311056383e-01
4.817025052584177347e-01
4.688397853632154111e-01
4.545089526181509409e-01
4.652030486292736966e-01
5.022136013479040484e-01
5.102723126918260466e-01
4.430410329439627981e-01
4.457889441062257152e-01
4.272808776028012012e-01
4.286591393745914358e-01
4.675848675730946979e-01
4.722540354208369373e-01
4.689856474689415577e-01
4.803458953971639911e-01
4.782052854083641003e-01
4.584323661784824311e-01
4.648579989410026592e-01
4.626205718042817883e-01
4.522871462930035391e-01
4.415619868595001551e-01
4.883882189475091118e-01
4.801717874373695460e-01
4.517115331090997277e-01
4.645823945483023021e-01
4.637566653103381564e-01
5.088064134940918359e-01
4.751089549447570226e-01
4.457550617600697374e-01
4.469873921773712122e-01
4.323864986720608594e-01
4.317451524252726158e-01
4.363980496140095755e-01
4.718475499892992309e-01
4.738644203727275239e-01
4.696491177833239661e-01
4.401956808448130865e-01
4.422836017405412656e-01
4.624842156880541455e-01
4.703796644277341010e-01
4.335407127788611925e-01
4.833808203632266043e-01
4.798324738239094778e-01
4.517102591960285851e-01
4.519777677432449958e-01
4.406839538429186409e-01
4.571225962271794896e-01
4.419279532379571385e-01
4.402792537530626493e-01
4.582478344212730925e-01
4.625702192647291322e-01
4.410399324243943764e-01
4.494470103146248618e-01
4.512118223326542221e-01
4.368962211315438049e-01
4.412495981488649965e-01
4.756862055318084037e-01
4.735900461676536000e-01
4.211777277149901244e-01
4.136014045535860162e-01
4.615233009004879317e-01
4.657043063846418862e-01
4.343875345185258530e-01
4.371123636063669049e-01
4.737530765991805892e-01
4.760266241322889114e-01
4.558873475545328624e-01
4.496472610141016291e-01
4.654157372859268893e-01
4.531657478037142139e-01
4.417821688003748526e-01
4.469223514656534002e-01
4.618623251701863275e-01
4.662878920538607863e-01
4.595659300424387306e-01
4.608706268597791977e-01
4.400206017933933067e-01
4.890690847311288669e-01
4.798448216491302265e-01
4.840174214012229470e-01
4.509380985501715844e-01
4.504974866641275333e-01
4.329571767057316389e-01
4.321352607839485938e-01
4.691303653221002290e-01
4.725270836467267421e-01
4.371666690281531542e-01
4.218235418102251888e-01
4.667245143206741886e-01
4.999050759165693525e-01
4.575848583602861175e-01
4.647929998713153932e-01
4.631690333126087800e-01
4.791119266214010075e-01
4.340343985695000462e-01
4.356641738885204673e-01
4.611489860839532717e-01
4.743465289352728487e-01
4.393227475516299774e-01
4.356915372301216616e-01
4.338382089330407032e-01
4.720476613242106101e-01
4.732836379679797312e-01
4.533790248905053000e-01
4.492575290788646258e-01
4.592608314980908824e-01
4.582385260974776720e-01
4.346929761747033161e-01
4.413636247489711728e-01
4.640637332961429773e-01
4.632698209314924376e-01
4.475899764036825323e-01
4.517679850885260584e-01
4.662247963899613934e-01
4.823309116222720960e-01
4.740855988243543595e-01
4.530150979148633295e-01
4.516622091064266820e-01
4.306786602595228386e-01
4.283641267412686138e-01
4.658414184124721191e-01
4.708815016532438835e-01
4.259354913820843080e-01
4.261016249476745621e-01
4.666416472488221223e-01
4.895579019244114538e-01
4.539210687664030908e-01
4.505039137909690461e-01
4.647145771072657694e-01
4.603982777609125221e-01
4.643633104058761396e-01
4.655203342017949497e-01
4.383957944904997572e-01
4.687144870541140595e-01
4.713577248327071589e-01
4.355098829737620303e-01
4.398613516171817062e-01
4.683005209460301965e-01
4.778368482174757959e-01
4.751368844621469689e-01
4.498222088846784428e-01
4.500900455800483924e-01
4.583373253292418736e-01
4.578018326212718869e-01
4.396483086778727456e-01
4.423895681196232665e-01
4.486410999461364901e-01
4.633699115952413239e-01
4.600598673609977984e-01
4.532202788242718494e-01
4.459127844838620680e-01
4.486353153471944188e-01
4.629922233265191256e-01
4.778800913973749731e-01
4.822424490597770896e-01
4.541669253505266068e-01
4.546376976096273004e-01
4.304955823129638648e-01
4.304904287678179009e-01
4.658335640042445269e-01
4.702531186959232334e-01
4.692530751137327094e-01
4.318054698913294520e-01
4.756310413710813090e-01
4.791331951560056090e-01
4.504701088387699226e-01
4.523814418666142201e-01
4.535774268730733971e-01
4.665273755144887513e-01
4.682851508090839499e-01
4.678899032773995992e-01
4.476421557595453016e-01
4.425844266969722329e-01
4.693322785601560243e-01
4.724834633736003098e-01
4.258449813542812823e-01
4.309874016093354077e-01
4.317719168855205791e-01
4.720830004814872694e-01
4.797778567681601491e-01
4.487867883583863127e-01
4.622147836462243697e-01
4.455124960833190539e-01
4.485891405725189185e-01
4.613297067773869387e-01
4.638513420385501074e-01
4.466249807286777340e-01
4.453727234039771554e-01
4.553289477681836672e-01
4.622014846145974798e-01
4.787926447493154880e-01
4.808139829397168330e-01
4.515629966125714323e-01
4.566179566509719345e-01
4.329608916627787907e-01
4.367618390652362459e-01
4.426917804522715327e-01
4.664464117258193543e-01
4.715106532648913884e-01
4.407870554249244677e-01
4.286704535166728225e-01
4.820474248768777392e-01
4.781987596617933156e-01
4.512994841327832019e-01
4.522308155420828313e-01
4.669255081185210154e-01
4.784369840141922681e-01
4.467889381596591991e-01
4.409193045178681492e-01
4.713318387149114663e-01
4.718509736804901711e-01
4.366195355670273726e-01
4.416693918741179115e-01
4.692802333004357229e-01
4.764288429820545678e-01
4.533456763058031913e-01
4.489196084508937923e-01
4.584447780467552636e-01
4.609088631629078003e-01
4.446902594776173112e-01
4.408559183817216676e-01
4.568263522765494966e-01
4.634038995891453516e-01
4.424627369998633264e-01
4.449963843740378233e-01
4.572131387248774548e-01
4.598139036793174039e-01
4.798554706309489104e-01
4.820928354683026718e-01
4.493046202387585009e-01
4.567841184938005727e-01
4.366359927867707325e-01
4.385171630332622694e-01
4.638983217643329326e-01
4.655710020352736844e-01
4.274707420431604343e-01
4.255432078762139136e-01
4.811658532381949960e-01
4.758709114346010294e-01
4.514064724410448148e-01
4.509990363940689639e-01
4.537421713924397193e-01
4.654146787197018242e-01
4.625488438752876630e-01
4.897207571543285565e-01
4.375541443839592870e-01
4.515265237944490750e-01
4.695296308020352472e-01
4.683273110035925391e-01
4.334528269473182926e-01
4.323750260727869943e-01
4.629387451889966920e-01
4.700893380164221091e-01
4.752623101036104192e-01
4.533090747315238755e-01
4.471520176492820298e-01
4.639817722185435866e-01
4.628051037153282365e-01
4.434543405504010050e-01
4.410444576336027267e-01
4.563970486340664379e-01
4.633975754392205548e-01
4.609457154798146661e-01
4.516153138365318620e-01
4.601270439443168603e-01
4.810012211058188880e-01
4.852758263183109544e-01
4.523246519245502917e-01
4.605620229281657818e-01
4.328613568756554120e-01
4.337672107636788565e-01
4.598931269332141025e-01
4.620975315382219173e-01
4.649525151946993229e-01
4.240949418744802135e-01
4.299670358624969047e-01
4.751341428055435023e-01
4.709300665317436296e-01
4.500493344487495051e-01
4.488978986340409483e-01
4.674081610100859763e-01
4.626910464221244412e-01
4.359403296033732556e-01
4.628427118806548446e-01
4.792710525728784421e-01
4.285396238423788695e-01
4.327373800860655484e-01
4.671950971551089293e-01
4.797353696772345133e-01
4.483033181562492420e-01
4.479461649819942437e-01
4.618754987975461912e-01
4.623933256926526791e-01
4.421807951614937227e-01
4.400571839131400820e-01
4.590128907129736868e-01
4.658196855010434678e-01
4.457157165506471230e-01
4.489648193399251586e-01
4.607655319926176052e-01
4.587436155902502311e-01
4.851420366262514383e-01
4.828010636640167608e-01
4.561167668901188188e-01
4.320669420805669514e-01
4.305550027320166340e-01
4.628224796188141199e-01
4.698836458782659764e-01
4.196340358115100977e-01
4.380640624201558864e-01
4.823359841942230775e-01
4.516042178824544728e-01
4.504224958383201138e-01
4.529516765758965779e-01
4.630352138862317002e-01
4.777210481484831517e-01
4.765966479003644896e-01
4.362392561251338674e-01
4.393729508766431313e-01
4.455497787874012072e-01
4.620870366137469487e-01
4.602171551568161045e-01
4.820066652052443779e-01
4.417456435375182178e-01
4.541949684097255635e-01
4.663533195091297823e-01
4.586996302277528414e-01
4.451197480603416023e-01
4.440290788875264627e-01
4.449714036092126679e-01
4.626301608259625331e-01
4.596276204339339033e-01
4.442101152550249066e-01
4.514266909742382095e-01
4.655720251240025864e-01
4.594502132616222201e-01
4.826429190524431645e-01
4.794758051720302561e-01
1.119541181150517595e+00
4.331589382518446496e-01
4.293729465038604864e-01
4.308841382762725880e-01
4.600303366608674005e-01
4.454269505111675964e-01
4.858690933614603358e-01
4.737546967533149411e-01
4.502423902862268124e-01
4.519828589931624285e-01
4.850153805477497304e-01
4.645764954272729175e-01
4.398978968819455826e-01
4.456218427382651059e-01
4.616209014401048139e-01
4.466028113510061015e-01
4.683820701034445699e-01
4.462629360539822621e-01
4.496764569506742637e-01
4.581490981209535573e-01
4.518408702013637090e-01
4.338400216174879698e-01
4.506180942413092194e-01
4.637123276727590504e-01
4.563984802920604267e-01
4.823130230718459255e-01
4.779644390687210476e-01
5.512539286798614491e+00
4.274749793953787069e-01
4.381027488038178319e-01
4.954135978617419944e-01
4.780618848129142839e-01
4.504896545458181301e-01
4.495455371524026966e-01
4.675831970979298924e-01
4.367775839666837023e-01
4.396357591161349498e-01
4.684944207527219073e-01
4.567651487885904249e-01
4.421424263626193563e-01
4.478309655802161227e-01
4.613577106045256837e-01
4.537190073778805677e-01
4.607495646460549876e-01
4.786520664487543542e-01
4.711586408589619746e-01
4.724238097618767562e-01
1.715897861829076376e+01
4.165261508012983449e-01
4.326063266693099263e-01
4.708833487386900885e-01
4.824123952758526679e-01
4.513494272583377098e-01
4.453273859310261651e-01
5.021765985364358142e-01
4.649583612890861306e-01
4.456288626278980813e-01
4.442483055975810502e-01
4.892413712182643870e-01
4.586917062686884927e-01
4.541011702811630912e-01
4.253849005084851531e-01
4.650770253653086495e-01
4.556605441756374497e-01
4.654198845102585635e-01
4.940272430916645141e-01
2.759237556812543701e+01
4.389085151161877807e-01
4.828502382663507619e-01
4.655552083848537581e-01
4.242964920077868518e-01
4.645004066080465899e-01
4.824668238569892464e-01
4.456513998865813675e-01
4.357061248255000852e-01
4.503859197993860808e-01
4.504873862785275240e-01
4.621374738835686280e-01
4.685809516377236195e-01
4.880021055295064580e-01
3.151654780436883030e+01
4.281069453434118155e-01
4.823282140600031465e-01
4.660663146559098635e-01
4.460035986204097802e-01
4.643752941310593796e-01
4.642965548349098914e-01
4.460588440142194133e-01
4.448744353183300415e-01
4.586441165488536753e-01
4.247227353303665298e-01
4.557673322431718965e-01
4.685230492800731561e-01
4.939330415160145260e-01
2.759304961541561596e+01
4.120312997925812959e-01
4.334272252473321818e-01
4.711857359492550024e-01
4.780446982995907867e-01
4.519394192335846050e-01
4.500471113288292968e-01
5.014361150671432510e-01
4.668943291175848831e-01
4.461839056212768551e-01
4.401502257276120877e-01
4.891673678870394060e-01
4.567116379198636333e-01
4.543181913955072204e-01
4.480379917755186736e-01
4.651821069101509942e-01
4.608398287203269161e-01
4.653161194333524930e-01
4.723372437219506281e-01
1.715959765889124711e+01
4.228653430077392028e-01
4.269584282433311340e-01
4.953603500263766279e-01
4.738101538637476962e-01
4.508595874933546965e-01
4.522493631920435075e-01
4.640681272138130753e-01
4.372218287189744701e-01
4.459876074287251191e-01
4.684557967663241507e-01
4.683408452360670049e-01
4.420492859581065526e-01
4.496748123292068633e-01
4.614130092119327342e-01
4.518801012924879013e-01
4.535557117734386190e-01
4.506475217156877822e-01
4.563818741496472597e-01
4.785854861392104809e-01
4.778946686182586334e-01
4.710916490595609130e-01
5.512819564234272107e+00
4.297470823255421513e-01
4.272021055312277826e-01
4.254755243678562948e-01
4.630363758724899137e-01
4.730452083894309823e-01
4.472998214605899969e-01
4.388244332130111780e-01
4.860396750725468062e-01
4.824752076744058815e-01
4.504105095977045670e-01
4.529611165470615042e-01
4.845381335715935878e-01
4.761900214822956112e-01
4.402134409209074728e-01
4.457461611251810618e-01
4.613658357435225232e-01
4.815772796424845903e-01
4.465201501858724331e-01
4.541679396757027920e-01
4.586592479354607566e-01
4.462540998053382557e-01
4.449263267484117601e-01
4.582443513855439243e-01
4.596959521987095121e-01
4.338292311953464986e-01
4.512080911511749393e-01
4.639895014807547402e-01
4.594336644466189834e-01
4.822597619982715855e-01
4.794250143246699403e-01
1.119632421467913419e+00
4.292836860056797321e-01
4.311866605893338034e-01
4.656499324665123729e-01
4.685135178242808562e-01
4.206272060690284809e-01
4.309255779963181987e-01
4.712732977914764199e-01
4.513758672716681741e-01
4.486609828643997600e-01
4.504819076217115303e-01
4.631418009510985812e-01
4.626373082582236340e-01
4.628659026865697412e-01
4.774459998155269336e-01
4.790432488434887559e-01
4.363147347662747477e-01
4.327952987183681932e-01
4.395539079846005337e-01
4.617213895728213835e-01
4.793700803082198703e-01
4.598437626562523195e-01
4.417208592387245059e-01
4.479159294434577610e-01
4.663130963459700129e-01
4.623631224694809139e-01
4.451498020443552250e-01
4.401098794901787126e-01
4.440294774287818491e-01
4.627015876714003495e-01
4.658634824084143533e-01
4.439898665406533107e-01
4.488827151956213957e-01
4.656966995502899720e-01
4.587259490448725718e-01
4.826017186259077274e-01
4.827641086162424711e-01
4.561551749520998955e-01
4.308517816546553747e-01
4.369774868220919206e-01
4.632062252757523924e-01
4.687181799150887396e-01
4.657988059510340118e-01
4.250303068617959923e-01
4.265228629947214745e-01
4.753630522356798171e-01
4.763442412058542796e-01
4.496749871648392238e-01
4.532540392445710831e-01
4.669025821107987695e-01
4.892256019536032063e-01
4.365311073664158159e-01
4.523437261425547473e-01
4.683531677760530698e-01
4.284706013821720783e-01
4.322759022047996669e-01
4.668548144538374189e-01
4.750045801712096116e-01
4.482647661389327354e-01
4.471078205846916731e-01
4.618506236450923841e-01
4.627827550246725874e-01
4.422278882218403928e-01
4.411265367576487906e-01
4.591096158642840042e-01
4.610137744225178413e-01
4.455367396949713732e-01
4.515947357408052198e-01
4.607501709484816965e-01
4.601259038098380882e-01
4.851126338493503276e-01
4.852510296478556584e-01
4.605976504372989999e-01
4.354389775100315219e-01
4.421561157091576932e-01
4.665410235735003575e-01
4.738426779514083864e-01
4.282818661900311130e-01
4.292665446163713705e-01
4.818028743902406652e-01
4.789182407530871988e-01
4.506222100639959982e-01
4.514455591713524840e-01
4.504827081221921548e-01
4.649751408420577659e-01
4.781257171582855015e-01
4.620659733936210434e-01
4.383175449135778279e-01
4.414987896175104343e-01
4.696014773739878301e-01
4.721165240131866558e-01
4.333316733689484002e-01
4.414923806678748841e-01
4.628666115485817745e-01
4.763922775427483214e-01
4.698555783175075717e-01
4.532554449235828842e-01
4.488647017825764807e-01
4.639774760460202430e-01
4.609008023193807424e-01
4.435539765073028273e-01
4.410002126405516143e-01
4.564312104802274450e-01
4.634488735913962487e-01
4.634252948728095900e-01
4.448719437839891433e-01
4.597633757538689414e-01
4.809823371299142281e-01
4.820781727013811468e-01
4.523665899672419943e-01
4.568357517288615943e-01
4.332691653533922160e-01
4.308340162795710193e-01
4.363189994131935756e-01
4.685153116691389008e-01
4.708046112434016162e-01
4.410883806457064349e-01
4.318533603015018429e-01
4.825802257775210768e-01
4.794216436670688530e-01
4.504053503768520317e-01
4.525815384620630044e-01
4.664970875066909994e-01
4.675222581163817059e-01
4.472988354453011350e-01
4.429175626943445132e-01
4.716809997217928374e-01
4.729524158429780356e-01
4.363734777618371030e-01
4.313544456400836835e-01
4.693171052465280879e-01
4.798876517306680523e-01
4.532863901009981933e-01
4.487253304333831405e-01
4.584403756014956977e-01
4.622233970918355750e-01
4.447675495737909990e-01
4.486590791301026671e-01
4.568564762688073211e-01
4.638740492937782345e-01
4.424393179216682404e-01
4.453451541214868969e-01
4.571532018525955032e-01
4.621273465645256984e-01
4.798456781869609999e-01
4.808073416902748920e-01
4.493546602700076442e-01
4.566629566437085952e-01
4.316711195296207282e-01
4.297224321888821197e-01
4.661364684433182970e-01
4.711358948321059392e-01
4.717380168474124558e-01
4.246781267745121657e-01
4.755269156632448979e-01
4.894069865936868657e-01
4.493960194320530954e-01
4.636027995434983673e-01
4.514090256732232742e-01
4.663017002729823446e-01
4.652883267770383524e-01
4.678794092664255166e-01
4.476551440900058965e-01
4.385292284011207964e-01
4.699049017646922399e-01
4.720138174309421175e-01
4.253334463215303618e-01
4.393435399546933851e-01
4.306062427768617140e-01
4.722379395896194043e-01
4.753915090502663365e-01
4.500169739334662911e-01
4.578085377687212687e-01
4.452959601125185962e-01
4.487549604042832541e-01
4.613375393210292774e-01
4.600574729139393915e-01
4.465562650606393902e-01
4.459402622915031866e-01
4.551707130466998708e-01
4.628138026680999606e-01
4.787869115525643093e-01
4.822449085871159946e-01
4.515981112881915505e-01
4.546685011490821382e-01
4.325215609878110823e-01
4.342952666774781423e-01
4.653296693520569405e-01
4.717874370805174578e-01
4.242644318219984112e-01
4.225400713805244068e-01
4.663857435686669661e-01
4.993413765719142416e-01
4.529153617820647071e-01
4.566028823980108342e-01
4.494423109858772247e-01
4.604160261736698900e-01
4.792184389554622892e-01
4.642423574829050437e-01
4.355415719668769281e-01
4.694467548772345289e-01
4.751444925830647925e-01
4.350630085044655537e-01
4.333925457994121100e-01
4.686398194053964517e-01
4.718213833841596316e-01
4.781134935890695714e-01
4.497479968616653334e-01
4.491752692626114762e-01
4.583423554192050942e-01
4.582515111521560658e-01
4.397498982816406832e-01
4.414848461649683031e-01
4.425002255798877737e-01
4.633470969968689901e-01
4.631982272085027330e-01
4.532715661265471763e-01
4.476461352555294315e-01
4.484709605845507152e-01
4.659975587607497194e-01
4.778889147125234271e-01
4.741204802505149529e-01
4.541879030460614364e-01
4.516835399322131073e-01
4.354079106243819997e-01
4.443033637597936791e-01
4.678801091461300965e-01
4.718719066483516023e-01
4.389957445380635037e-01
4.157462411529530000e-01
4.663862374307033432e-01
4.650776527380820480e-01
4.660104053089142440e-01
4.633478946692285994e-01
4.339060406000055381e-01
4.367688002169619610e-01
4.616459076878307588e-01
4.391977217009622181e-01
4.352373631148542810e-01
4.725851604426717922e-01
4.765154646295318153e-01
4.532916681104687817e-01
4.495576570553846407e-01
4.592719850014803651e-01
4.531890939126477225e-01
4.348531694239301526e-01
4.469816815227692919e-01
4.640024892127548872e-01
4.594797180470397424e-01
4.401167759742984353e-01
4.516475087882723116e-01
4.797780332556364491e-01
4.823858589794626228e-01
4.839671526296700499e-01
4.530292941071311086e-01
4.505090302619110254e-01
4.400696977158814471e-01
4.402729289658239842e-01
4.736019081052768587e-01
4.668038471917430043e-01
4.225730893283615175e-01
4.435531241135151070e-01
4.619568221110758599e-01
4.710585838368492317e-01
4.338407455714147765e-01
4.330374144481579646e-01
4.745275198524395721e-01
4.808017238763088175e-01
4.557891292764016389e-01
4.518822096244985986e-01
4.654545037492346382e-01
4.571483280545994288e-01
4.419817983339943690e-01
4.405160740435176692e-01
4.618361680794527135e-01
4.625445566314997370e-01
4.662339038346279829e-01
4.609995243955775646e-01
4.411530114543150138e-01
4.889424881212381391e-01
4.509408825489560346e-01
4.512136772721635491e-01
4.373617728813437022e-01
4.338750781505073539e-01
4.356044732240235695e-01
4.683327767262228658e-01
4.687414143957385204e-01
4.710460647498820874e-01
4.410028082019603057e-01
4.788895474560896925e-01
4.632397434248544665e-01
4.632022459310891627e-01
4.408874651022087199e-01
4.842867959406151335e-01
4.811986086722378486e-01
4.516148041024746207e-01
4.516160370434955107e-01
4.407392481924762295e-01
4.420757347589731601e-01
4.582187856210596655e-01
4.637540034905220931e-01
4.751070285138697669e-01
4.494402595585373916e-01
4.469783826670633564e-01
4.330149052255785613e-01
4.361713084696556275e-01
4.634015027675557619e-01
4.684986910225855117e-01
4.706617120078891436e-01
4.879696403509534708e-01
4.814348981015676432e-01
4.594542174339464879e-01
4.692317594374064149e-01
4.655690378648660865e-01
4.518155493998259331e-01
4.443525317739176472e-01
4.891668838908849737e-01
4.808173648276776180e-01
4.544140108446553250e-01
4.645728606388446202e-01
4.652328298728185541e-01
5.088491710502958121e-01
5.103033811058395042e-01
4.457352355351065776e-01
4.457671637940365805e-01
4.350946066588821104e-01
4.433382921440375823e-01
4.671051548181279767e-01
4.681964103869643012e-01
4.760956832401533889e-01
4.810754814113842315e-01
4.736054453382982365e-01
4.763813034732431451e-01
4.620188582685682555e-01
4.627690027071246215e-01
4.332391807555209806e-01
4.712612900703193053e-01
4.935492350028710673e-01
4.293299145442773246e-01
4.688062467380844645e-01
4.589315657463420295e-01
4.473113781746897999e-01
5.022230614440472696e-01
5.001747117023642719e-01
4.430070236319235133e-01
4.423636389580563044e-01
4.400420928722430514e-01
4.457745622047327161e-01
4.677237205615745186e-01
4.722327114375027279e-01
4.712397925909787011e-01
5.000640405901564112e-01
4.785989527273765143e-01
4.651775808872015139e-01
4.262185721649301429e-01
4.626780486812159809e-01
4.871088749689818087e-01
4.728646226425568533e-01
4.326713825809331837e-01
4.326431693072608220e-01
4.793464531727597011e-01
4.458474758703736551e-01
4.916039782004860137e-01
5.009524876730521159e-01
4.814759161340956828e-01
4.403652114577182863e-01
4.394995290483662553e-01
4.381818723474936172e-01
4.363306938589516237e-01
4.397498650646029517e-01
4.664233586522819053e-01
4.684537012498684594e-01
4.737322341583423690e-01
4.726923595387351740e-01
4.748465823817471509e-01
4.778823015238778393e-01
4.371075274485758388e-01
4.704579746403925733e-01
4.689060007437673705e-01
4.664042239695059267e-01
4.671800692918074982e-01
4.343182212821573018e-01
4.394974499985860317e-01
4.690406702114156001e-01
4.757325921418720793e-01
4.669798720991457652e-01
4.126852014277292424e-01
4.956718281385754099e-01
4.926450016164803380e-01
4.926444084402147316e-01
4.400823187008261472e-01
4.409621912136133526e-01
4.357602366943096883e-01
4.403456310485581171e-01
4.628998717292023835e-01
4.670327264063238171e-01
4.668701162622836409e-01
4.620458351357900062e-01
4.834824743175605843e-01
4.729242507059833733e-01
4.565207480157441600e-01
4.699529429174892914e-01
4.505857830926349727e-01
4.330209058318053583e-01
4.426149259422419990e-01
4.632563141476404578e-01
4.849584502135186326e-01
4.702663168071700150e-01
4.177226515577825428e-01
4.593741585447604914e-01
4.811843968436307351e-01
4.582890777531101190e-01
4.642986733694163815e-01
4.662486295703640038e-01
4.574343988432306163e-01
4.253632979069318920e-01
4.283149698081283319e-01
4.929451880462201729e-01
5.056196340018599411e-01
4.417924203690759000e-01
4.435904672651851954e-01
4.363211897172474263e-01
4.377514537583307441e-01
4.625339303438419924e-01
4.698327647817510666e-01
4.602623664490703148e-01
4.841862032537125882e-01
4.655495274992782484e-01
4.659988236660922989e-01
4.492497830131270686e-01
4.589209832483449047e-01
4.521295501034089948e-01
4.716082452850933748e-01
4.249244313388678140e-01
4.667844755812919355e-01
4.733307606605919871e-01
4.667504617428069880e-01
4.697764519602919964e-01
4.522489900757965531e-01
4.585786058272967036e-01
4.719216876430961105e-01
4.713157805158381675e-01
4.368228500568553385e-01
4.332418749099199995e-01
4.589188861933074515e-01
4.821875934303237465e-01
4.587736748814051913e-01
4.421735226457134682e-01
4.690205316063836838e-01
4.481070433907081707e-01
4.867622257620854431e-01
4.239841217989629985e-01
4.852781677636492375e-01
5.164274445496569443e-01
4.854384826566787714e-01
4.377997596032973671e-01
4.453095198466265892e-01
4.400286374632720321e-01
4.487856521214648176e-01
4.634627180253612089e-01
4.672556482191865812e-01
4.677511935728067005e-01
4.612553549491180127e-01
4.668776410967286905e-01
4.706623067232865165e-01
4.482242857097412658e-01
4.478943368434429306e-01
4.491994587233169578e-01
4.659807792532103532e-01
4.997099466610510632e-01
4.260550528061179953e-01
4.718251775757136834e-01
4.716754109274529094e-01
4.651780435982941775e-01
4.732723794819753693e-01
4.436522699792979640e-01
4.603724722303253469e-01
4.443590753618831823e-01
4.512006294171110321e-01
4.757284211842578991e-01
4.315611608696520163e-01
4.584735360088293965e-01
4.836252559077678925e-01
4.578812112512151700e-01
4.419893043191090443e-01
4.410188618808082994e-01
4.468377501002113728e-01
4.976377698722435627e-01
4.840623831329013416e-01
4.224510514370323211e-01
4.817710836732198021e-01
5.072671550666565388e-01
4.883491348156081546e-01
4.295327450323773721e-01
4.353093248976230289e-01
4.396945176324541515e-01
4.374860947454999871e-01
4.390057670996033723e-01
4.660479206904161731e-01
4.653152202877121058e-01
4.623156392334077380e-01
4.902344973127183980e-01
4.675242157596359305e-01
4.775112422692017744e-01
4.409230768768422903e-01
4.504694288786508793e-01
4.471798154595328922e-01
4.483045448731712290e-01
4.647608961806157235e-01
4.260488147976647100e-01
4.341706492069328793e-01
4.633092348181264142e-01
4.873258699786935932e-01
4.722298194121254955e-01
4.376326341756033300e-01
4.598713937371197713e-01
4.431251630658822327e-01
4.484866447542077417e-01
4.841930452773409721e-01
4.837561963970121726e-01
4.263754814906052792e-01
4.581585560370304289e-01
4.845711472876452208e-01
4.581797846559400034e-01
4.435056989783578985e-01
4.411890269290735245e-01
4.452311916166132866e-01
4.785531569907178762e-01
4.283063204309042749e-01
4.193660194701004373e-01
4.841440882408392654e-01
5.027012061916331653e-01
4.916461398130767546e-01
4.301993790691124309e-01
4.550579348240176292e-01
4.354472692506473619e-01
4.362161042074003681e-01
4.472715412325469209e-01
4.648514855290799552e-01
4.644198744133548051e-01
4.494705801941151768e-01
4.988034780382267219e-01
4.583291920548311915e-01
4.754496176638887683e-01
4.396166769947865149e-01
4.572998129332058181e-01
4.456374597329786913e-01
4.450314375795974553e-01
4.791825266658878424e-01
4.754761704945691392e-01
3.984682218498127315e-01
4.590972054093749866e-01
4.655893289336167640e-01
4.678927838069171230e-01
4.717859702445521553e-01
4.379991252351539965e-01
4.619554632180130072e-01
4.437167002849928266e-01
4.461272342701009253e-01
4.690081084999293548e-01
4.436004668227747638e-01
4.314519897006936500e-01
4.586199741419966225e-01
4.837864482876403915e-01
4.607076363397439311e-01
4.420945546045121910e-01
4.351479847756125618e-01
4.463721616196150155e-01
5.085431092756864668e-01
5.027241679157817833e-01
4.208591165015039826e-01
4.829442917971848992e-01
5.023409757352307325e-01
4.912090320086127115e-01
4.299653607103365860e-01
4.311390480709512696e-01
4.476509707455542664e-01
4.462395519004537237e-01
4.422552930043254782e-01
4.548090800753870067e-01
4.703195565213485474e-01
4.644121669552617737e-01
4.661980180564402332e-01
4.635713485342407014e-01
4.657718274911039069e-01
4.661100236758352611e-01
4.599296282413398163e-01
4.392519634426640396e-01
4.488714442884853550e-01
4.438664355830642672e-01
4.429234155099389669e-01
4.249609411969861306e-01
4.659791340612841615e-01
4.144838291277057052e-01
4.683201824302036798e-01
4.648066294100718365e-01
4.407851964714490367e-01
4.508079240566157386e-01
4.400177279868496272e-01
4.455520124057110731e-01
4.863231644918539209e-01
4.247426402809153512e-01
4.593484508992804471e-01
4.787579987154871874e-01
4.612250180743527883e-01
4.433871889062601102e-01
4.365045562917918565e-01
4.431932859732374830e-01
4.738272629704080030e-01
4.305244916451791970e-01
4.392827943041190397e-01
4.717802249520728908e-01
5.157142001748322713e-01
4.933797819727164247e-01
4.355063424930666338e-01
4.328651319695320243e-01
4.366371678470341022e-01
4.463038972619075562e-01
4.447068561057814784e-01
4.461050035615420906e-01
4.576170906404116723e-01
4.563844671575567613e-01
4.472302642902131753e-01
4.688674809329538284e-01
4.618635014262539307e-01
4.677879122237514897e-01
4.276742450935588913e-01
4.226047886687344657e-01
4.406489263542660018e-01
4.606716393230149698e-01
4.668490399462122964e-01
4.629136417788017877e-01
4.647221746248194618e-01
4.687342406570070286e-01
4.346281190608167200e-01
4.406973125099365451e-01
4.467511238051826150e-01
4.930785364752471311e-01
4.943988947432289560e-01
4.326301224073093032e-01
4.348607223705755476e-01
4.611293339388348733e-01
4.687767764509184754e-01
4.592393874041431623e-01
4.434875798016998383e-01
4.363445590203022251e-01
4.460662698543979010e-01
5.147632428109857328e-01
5.073090121090588767e-01
4.413555128089705071e-01
5.046214281253562639e-01
4.332048212546650290e-01
4.271763693175375520e-01
4.373161599364963070e-01
4.509984848480972919e-01
4.377280829745452406e-01
4.432099378949609370e-01
4.440248079821785265e-01
4.644384134953883358e-01
6.019875933011379354e-01
6.570400164383796149e-01
4.281151015099092239e-01
4.002787810557627002e-01
4.526049221054390115e-01
4.528465484139311825e-01
4.481042068411112966e-01
4.423184437390665913e-01
4.507102448046166887e-01
4.562597851362831802e-01
4.596003352143173681e-01
4.622109998988183643e-01
4.675723682973137452e-01
4.642619374244233987e-01
4.338932628574371786e-01
4.698945785166234179e-01
4.438070997552471808e-01
4.451658106462366704e-01
4.674104128853110440e-01
4.378285017095354115e-01
4.664347918563632178e-01
4.623755306998064141e-01
4.619676437626737964e-01
4.417959826704080939e-01
4.394126667081153514e-01
4.459284941406115310e-01
4.869871398725261757e-01
5.021424573998056751e-01
4.655985745571248335e-01
4.292410340589207784e-01
4.360956716640379538e-01
4.364392004946328618e-01
7.678064281683337766e-01
4.875776565193808976e-01
4.198985322859834501e-01
6.740776067564316909e-01
7.065940994981929624e-01
5.504116728725693131e-01
4.358366347624877957e-01
4.192479773514270480e-01
4.415579601560059020e-01
4.552174376828017621e-01
4.597199866686735859e-01
4.339896794601666996e-01
4.504086875556452818e-01
4.433889164177852726e-01
4.683205458329423032e-01
4.413538169720236382e-01
4.401313544364229280e-01
4.448782026065330464e-01
4.722409015705893998e-01
5.087198343014337487e-01
4.765821061192609953e-01
5.003247615741087673e-01
4.292079305713121240e-01
4.433994841693622013e-01
4.318431323248348996e-01
9.514789349852138534e-01
5.253496397388608408e-01
4.366497438008154486e-01
4.735254810107344947e-01
4.405393554772439324e-01
4.407793272561938425e-01
4.617745275066024169e-01
4.709567319607545488e-01
4.621282806450015546e-01
4.635469383534203125e-01
4.688108761017825143e-01
4.380676499919428091e-01
4.395641421864027731e-01
4.440884784681276010e-01
4.765380058667125773e-01
4.941064043100314440e-01
4.742457278242518948e-01
4.837483398045705485e-01
4.987998007405803902e-01
4.258490860035045178e-01
4.497428901945386692e-01
4.295896472852091530e-01
1.089555604981976344e+00
3.892516699929664536e-01
3.810983025913283195e-01
4.611096010405105750e-01
4.546210610387456663e-01
4.596484719371072836e-01
4.655485617580280011e-01
4.606543314390277311e-01
4.608970524628938636e-01
4.604760073300758760e-01
4.596925078354243688e-01
4.595940800416474237e-01
4.610074838876933589e-01
4.636529866967736280e-01
4.686191222067274675e-01
4.667032410398148645e-01
4.393418014396925919e-01
4.378161562024792675e-01
4.411076049756526563e-01
4.691230373702020007e-01
4.987998272860476590e-01
4.735793516592110008e-01
4.815260251631725552e-01
5.026793575996884034e-01
4.268549584724707358e-01
4.351683023435170550e-01
4.243852320229372088e-01
1.258639638833861873e+00
3.717570727669838870e-01
4.975705617123590829e-01
5.277150270239281404e-01
5.091620062596912133e-01
4.542772574786478335e-01
4.131885535522336617e-01
4.183249662432729221e-01
4.469976043029378898e-01
4.634830400406718676e-01
4.649495136224812142e-01
4.623625035832452657e-01
4.573572919301893136e-01
4.628612711325028051e-01
4.638867748491513066e-01
4.698777779330907123e-01
4.629234759905834773e-01
4.246001469728759026e-01
4.209231685912461773e-01
4.683163489597657603e-01
4.981726167427608654e-01
4.734814099540261001e-01
4.828281779967993348e-01
4.993694889980665463e-01
4.284666458403888489e-01
4.278228471029081326e-01
1.449394622502773844e+00
4.993382573064870100e-01
4.288350407123832086e-01
3.994831407066116724e-01
4.546103522708939138e-01
4.611162077461191666e-01
4.933096290485233792e-01
4.759930394584955815e-01
4.777633731946995255e-01
4.918659009119600301e-01
4.873996319707166180e-01
4.267423852003511819e-01
4.367441761128433297e-01
4.318954839873342388e-01
3.623709322667385546e-01
4.789789934671671023e-01
4.683049611557530967e-01
4.899667244672605837e-01
4.951798675813379180e-01
4.255566920608386816e-01
4.492323598676463137e-01
4.291342378597731155e-01
4.223898247389796801e-01
4.525278732891944156e-01
4.267575230940593434e-01
2.211751616625000860e+00
1.918502317312450467e+00
4.256609699846104489e-01
4.330504492561962904e-01
4.333944118914839216e-01
2.561144975679395586e+00
4.335509070594353864e-01
4.526471024659742270e-01
4.275517264581892296e-01
4.404527803165990685e-01
4.355869809021550854e-01
2.990393449853675278e+00
4.324532294189809001e-01
4.461204434969061605e-01
4.330320937840398399e-01
4.444186296932129410e-01
4.458343590142825885e-01
3.543932166557639096e+00
4.379284110898756244e-01
4.432940562034554111e-01
4.225537599267772948e-01
4.426215288378468893e-01
4.461064746148299953e-01
4.437390812084899827e-01
4.319503481155976488e+00
4.338782742127023084e-01
4.594035669666224897e-01
4.315883564647822745e-01
4.442820927359110161e-01
4.476496303049312675e-01
5.599551574752715588e+00
4.357376006015737380e-01
4.577528587186940334e-01
4.334032336836594057e-01
4.445156398155248323e-01
4.449887357738175342e-01
8.746677875732990159e+00
4.351086901110521321e-01
4.629440810601030409e-01
4.332969467865262492e-01
4.444627413186053033e-01
4.447557212565455553e-01
1.128998896102912397e+01
1.781694805904261614e+01
7.362402275233226767e+00
5.636585904057035634e+00
4.996584862284800366e+00
4.593563364460219844e+00
4.291244286012751097e+00
4.045045826407157818e+00
3.834921808131168675e+00
3.649780505494185423e+00
3.482886669385410805e+00
3.329933953017387260e+00
3.188095095284115388e+00
3.055500848162478356e+00
2.930929649644157031e+00
2.813608394772850296e+00
2.703075434744851790e+00
2.599080995219070100e+00
2.501511892281427230e+00
2.410333053802778736e+00
2.325541033432797722e+00
2.247126092166067846e+00
2.175040397558451577e+00
2.109170897320025606e+00
2.049316643098046953e+00
1.995171748319261251e+00
1.946316522003075367e+00
1.902220164511631451e+00
1.862258133460479970e+00
1.825745387922085516e+00
1.791983198875980010e+00
1.760312934380867667e+00
1.730166881299100234e+00
1.701105634455770010e+00
1.672834843962758056e+00
1.645200358603611024e+00
1.618167554061335389e+00
1.591794947273711180e+00
1.566212268188671652e+00
1.541609217791637620e+00
1.518235141654262321e+00
1.496404330490846091e+00
1.476498579906780684e+00
1.458958714610826934e+00
1.444259443224159112e+00
1.432865750054178378e+00
1.425172516283741198e+00
1.421431282796899342e+00
1.421669217657645756e+00
1.425606719683123247e+00
1.432583415102283597e+00
1.441508547707028187e+00
1.450859535788771915e+00
1.458756835665072638e+00
1.463136504618958389e+00
1.462017828627813598e+00
1.453824651186864658e+00
1.437681681532311240e+00
1.413595103539993181e+00
1.382455634731030836e+00
1.345862554916107845e+00
1.305827739113017971e+00
1.264447866753541927e+00
1.223621912800653355e+00
1.184855883699487578e+00
1.149161788997324019e+00
1.117037992556191295e+00
1.088513973876166219e+00
1.063246282905177642e+00
1.040655205603070010e+00
1.020088551053673243e+00
1.000990911992030163e+00
9.221393486276199258e-01
9.227215427415327298e-01
9.273227007917395071e-01
9.781665953161071680e-01
9.558701402640723543e-01
1.003647499297853463e+00
1.029215178105724160e+00
1.050312822373227428e+00
1.060831542051513754e+00
1.053252132161670573e+00
1.019017803397495925e+00
9.489117235518086391e-01
8.329929387954395636e-01
6.681314896875233389e-01
4.915938942732839267e-01
4.302376551883934641e-01
4.441148416820223099e-01
4.466527961966538229e-01
4.467384694812879253e-01
