1.593079797097494321e+01
1.029165671204318144e+01
8.011661432688786277e+00
6.962382715598652183e+00
5.545161989382846102e+00
5.061616745251283689e+00
4.762960789552560747e+00
4.531733318936919552e+00
4.330148465170879923e+00
4.142183614233222677e+00
3.960623354449671840e+00
3.783116326452561129e+00
3.610136165563293975e+00
3.443596118317294064e+00
3.285859145759306266e+00
3.139100060443857920e+00
3.004984061160243858e+00
2.884589351253053380e+00
2.778475897441269105e+00
2.686803272910237794e+00
2.609425916190649453e+00
2.545933544491485012e+00
2.495643553767280753e+00
2.457577888199049987e+00
2.430462189851996690e+00
2.412771629797386019e+00
2.402823743223392761e+00
2.398894222544975197e+00
2.399316037723829176e+00
2.402521137500834847e+00
2.406998701342772051e+00
2.411171446364088311e+00
2.413225404357075554e+00
2.410960390737777015e+00
2.401748165772388255e+00
2.382681416281165809e+00
2.350957541107378201e+00
2.304462750819681993e+00
2.242420622985431766e+00
2.165889105865423492e+00
2.077888452646237560e+00
1.983050550699862136e+00
1.886863607268752796e+00
1.794750951914876547e+00
1.711274618704753836e+00
1.639669809005499301e+00
1.581758169335157227e+00
1.538151754401013926e+00
1.508603104819138840e+00
1.492373386381037781e+00
1.488536358711720853e+00
1.496173838099519759e+00
1.514439756536495096e+00
1.542488808822930269e+00
1.579297233660529098e+00
1.623446003531295201e+00
1.672969256212787581e+00
1.725365290260036266e+00
1.777810540148869078e+00
1.827524863929229859e+00
1.872151493444744741e+00
1.909982331094223218e+00
1.939898666589948029e+00
1.960990986494471677e+00
1.971928030194271209e+00
1.970226075110881103e+00
1.951600861549894095e+00
1.909539884331326487e+00
1.835066273329821085e+00
1.716334869177938316e+00
1.538959095823283496e+00
1.299251697002771877e+00
1.040229051698031482e+00
8.914200625373183140e-01
9.214165057843978213e-01
1.048990248905470546e+00
1.129544520533378948e+00
1.148966293131938876e+00
1.163177126331625288e+00
1.196938386976370783e+00
1.246820702997911035e+00
1.265390600373818009e+00
1.310906721629123028e+00
1.433786342161163185e+00
1.058623310917959026e+00
8.182421524721367190e-01
7.467103126975941363e-01
8.710426464679507097e-01
1.107627534701179917e+00
1.222288327875119540e+00
1.223530032870899564e+00
5.207245026942881161e+00
1.257181046864890739e+00
1.215568952794416235e+00
1.155519702787602077e+00
1.116582442908464756e+00
1.095851868829607056e+00
1.085287412805526985e+00
1.081966759999969385e+00
1.087476279846042893e+00
1.111851575679285276e+00
1.160551021496912139e+00
1.226900445959260066e+00
1.301972542922850140e+00
1.384929270721127148e+00
1.463488380498803920e+00
1.455006207304785804e+00
1.104158373571945351e+00
8.482808915280625195e-01
8.021029445863836482e-01
9.358674706942956556e-01
9.642365427721584226e-01
8.928823523175132282e-01
4.022196244722091585e+00
7.439045271496921297e-01
6.076477207560547766e-01
7.727453097732979170e-01
8.819985698849716060e-01
8.719045237542258908e-01
3.272717512569425669e+00
7.261593930084483395e-01
5.898116638949332247e-01
6.830294665057025094e-01
8.756354107384077823e-01
9.043305932712153439e-01
2.717656348844992742e+00
8.564399544987556512e-01
6.854407669277919890e-01
5.237659988564911107e-01
4.207691632852341157e-01
3.480989226368513823e-01
3.028320018925152457e-01
2.716466829253132986e-01
2.455487129565352422e-01
2.181094441640881176e-01
1.885364384573836594e-01
1.573850723022744147e-01
1.252259169753763557e-01
9.227234212483642617e-02
6.029466293058211024e-02
3.193310128001288634e-02
1.217202326043764597e-02
1.713607741467908794e-03
-6.302416149783938645e-04
-1.970172234621914468e-04
2.316435893672223073e-04
1.804864630359867702e-04
4.326822332643044130e-05
1.332969359228829241e-06
-7.799959393626406746e-07
-4.618098161163326150e-07
2.274219285551435377e+00
-4.176765312983803284e-06
-3.937127800533363953e-06
8.690488223348151745e-11
1.776130093183183508e-10
9.324361808355908475e-11
6.844606664614891472e-11
4.006598342463606077e-11
1.778216367887861267e-11
2.250466361042650864e-11
1.907153468648591810e+00
4.663435349781392119e-05
1.573543235452078625e-04
2.717422698476490624e-10
4.015492815588494942e-10
6.393696278859432220e-11
1.601387455004075200e+00
7.876991565949670315e-01
4.291436063158021730e-01
1.241896349616595785e+00
1.353960674580948487e+00
1.314404112920162682e+00
1.322522983953476672e+00
3.747054220209360717e-04
5.379044630651049971e-04
3.494337308344952900e-10
3.623862497356262733e-10
1.142145010714506911e-10
3.537549813024291612e-01
2.911256803528129433e-01
1.286698217029533131e+00
1.259772001508378203e+00
1.327927612582348038e+00
1.449047308137316969e+00
1.568703439456985427e+00
1.500870696076736399e+00
-3.988738690569470884e-03
3.706038776233543921e-10
4.982378797577579805e-10
1.807544239752975603e-10
5.099113324111220757e-01
3.260614418617518995e-01
9.803224203221202471e-01
1.082074561713628036e+00
1.001096435761314130e+00
1.037665152922383704e+00
1.051711772684515545e+00
1.045890239071382677e+00
1.045575403224801692e+00
1.064540295476800846e+00
1.094779162482475643e+00
1.120663528658642383e+00
2.952668981386885605e-01
1.255566628163244491e+00
1.298810067717395711e+00
1.487359904249341502e+00
1.561566345068200246e+00
1.542638867179371154e+00
-3.082495565334234921e-03
1.104147501604182090e-02
6.134479298164699923e-10
5.298455373039131235e-10
1.856255352319740114e-10
2.065398253937583140e-01
2.155933307875978477e-01
1.126667499756879298e+00
1.128766687965120585e+00
1.120371081789195200e+00
1.055570644533950109e+00
9.555335383056835497e-01
1.066612412018207667e+00
3.800231333410617474e-01
1.300491273759880162e+00
1.478270957108400507e+00
1.639731502432319576e+00
1.527802105055945381e+00
1.967874625069268302e-01
6.099400620365542611e-10
5.461364437053032353e-10
1.026252733888072255e+00
1.051429769055418406e+00
7.825305196371515892e-01
5.219515873236038050e-01
1.075104841707012593e+00
1.049442426175276832e+00
6.172912810561663743e-01
3.752614959626361379e-01
1.141130227955835075e+00
1.119707218805301441e+00
1.046017368330398156e+00
1.094867802186111794e+00
1.103351601129289206e+00
1.090164277739223309e+00
1.091357638387679296e+00
1.074421020452385855e+00
1.064358554434626125e+00
1.076419622622411199e+00
1.103788572881310381e+00
2.439562416182215199e-01
1.081999516447428089e+00
1.044131510011475861e+00
5.713991197707037895e-01
4.108492241566664704e-01
3.392778826929764846e-01
8.922260915970954276e-01
6.415766904573619867e-01
1.264686858580950954e-09
1.170325498481565418e+00
3.368686750833362886e-01
4.413746987947932410e-01
1.055656877982367181e+00
1.100417269022593958e+00
1.109981172247137104e+00
1.095822693086826893e+00
1.078667669675817065e+00
1.071590626173336558e+00
1.070525479435116223e+00
1.097023087055133628e+00
1.127930686157333273e+00
2.044705561440066655e-01
2.149397875536976921e-01
1.100587908445918028e+00
1.130590866127679339e+00
1.101401277458461392e+00
1.135569727050356192e+00
1.028257198376925308e+00
7.938966291500331174e-01
1.804350610432700341e-01
5.199080158042771460e-01
5.168948700489496284e-01
2.228929824571779794e-01
8.003396090425247689e-01
1.158090507166387173e+00
1.536208879834168872e+00
5.227848976953578530e-01
9.152990926425335072e-01
9.257498087173279266e-01
1.139851790966121881e+00
1.136222862035102255e+00
1.136715846168689259e+00
1.115334244417639953e+00
1.128282053792651674e+00
2.011380143510746732e-01
7.368519687340591151e-01
7.397398069276955868e-01
1.039043475949923967e-01
5.110874324427663318e-01
4.291349553623879376e-01
1.622975815324128324e-01
9.550999405554067012e-01
9.258613567305612468e-01
1.231039105849363047e+00
1.289727102579921070e+00
1.602307464622242383e+00
9.496252928931417925e-01
8.859870132178353508e-01
1.086497977179830210e+00
1.151194492837067873e+00
8.808398405977234669e-01
6.180628857660159792e-01
2.082744773245130132e-01
2.546100827963085345e-01
7.303426974590845333e-01
6.224052542092142204e-01
1.305830735939220166e-01
4.649394399149733847e-01
1.323562833937592942e-01
8.971622792086952902e-01
1.259840925692405245e+00
1.335390444952829325e+00
1.817067015058592938e-08
1.153068520872759230e-08
6.546025538729931555e-09
1.212226903608538908e+00
5.201974146275060162e-01
8.345556530318414268e-01
7.535268511109053380e-01
7.709785715405356177e-01
2.918588000561235796e-01
5.945801698385131395e-01
7.131655932509133322e-01
6.490946309790909252e-01
2.975884172797170213e-01
3.295494950306364634e-01
6.980689916735440814e-01
3.025140078898964080e-01
8.522819931250187331e-01
1.334773794548735459e+00
1.430773242740698503e+00
1.454692248172916536e+00
-6.031085817983413572e-07
-6.642860864164618449e-08
-1.465889070929983910e-07
9.195314181133422415e-02
7.503498372408562433e-01
5.874994354198977975e-01
6.733840697137196685e-01
7.181673921811791983e-01
3.662451468353150608e-01
4.176280111077967927e-01
6.766679598078133573e-01
5.330271346101129737e-01
7.221084090711223924e-01
7.584681889885724893e-01
7.251002328398801211e-01
6.077756390355991689e-01
6.667852949447122812e-01
8.015728219768762930e-01
8.274596591535442469e-01
3.633075758940683686e-01
6.704551168204943012e-01
6.883042632174090070e-01
9.424591313897270339e-01
9.313465679362686878e-01
1.388956782244508359e+00
1.317695120137414522e+00
-8.646277312643858105e-06
-1.119459763941177485e-05
-1.102694255383998005e-06
1.635082428149381081e-02
6.898407460932651780e-01
5.231448913648826249e-01
4.048933339140906584e-01
3.761935916113783862e-01
3.785984083897991348e-01
3.919359583577127770e-01
4.578052545104671078e-01
5.119505960611828721e-01
4.864693307061126459e-01
7.114970625421934702e-01
5.488847339722929819e-01
6.476516497884263757e-01
8.925220195756905506e-01
9.183146681682169410e-01
7.069543556681029406e-01
6.600232309024341992e-01
6.265844221269479819e-01
5.150980725468214949e-01
6.506651208977179968e-01
6.787427430267009010e-01
7.944135596499214413e-01
8.630719553445076464e-02
1.130151088976991819e-01
4.485202891583559004e-02
1.273418065124246046e-01
3.032971919750597767e-01
4.130631975845196480e-01
6.533078167703827432e-01
7.201092796034506138e-01
7.551292212834657125e-01
9.852945309345835234e-01
1.317223047639595468e-01
1.099538333062634043e-01
1.951712359008806186e-01
2.481586505126597009e-01
3.406921959071303463e-01
4.827990356736541200e-01
5.443746478956105195e-01
1.308314499789682506e+00
1.400037381599304798e+00
1.495916068699922441e+00
4.202589030859337394e-05
-8.596170623152956802e-07
9.503981954839274549e-02
8.668171587033951520e-01
7.080970260259211724e-01
5.647046466034391088e-01
4.853563271091655973e-01
4.876677200451040584e-01
4.895863106842299195e-01
4.645612695803612024e-01
3.424845619835866772e-01
2.834950836507889038e-01
4.457587718316126102e-01
5.219912676177496103e-01
5.309354015659495385e-01
6.097406293959793944e-01
5.358399341152790818e-01
6.755621881428487407e-01
6.889217834023808607e-01
7.635243245331733153e-01
3.207134503550995164e-01
5.140843549559845904e-01
4.186973006629425842e-01
4.147240620800344835e-01
5.441789081403772821e-01
5.744727519623133993e-01
6.953852038467001062e-01
7.250370748291483647e-01
7.940731815985067055e-01
1.043313073912513822e+00
6.377822675054066470e-02
2.114608879895125693e-01
5.334930599214791069e-01
4.153201546592056315e-01
4.227747129351733801e-01
5.154881857808327750e-01
1.417618768276899477e+00
1.389412507025319155e+00
1.407031323595899330e+00
1.409329785630725586e-04
6.319388343205123828e-04
4.713226032413864473e-05
4.701370160669911535e-01
1.277557131371982679e+00
4.852610496643743332e-01
4.518625466803747326e-01
6.623412361808818094e-01
6.345566131603626037e-01
6.341569762272343258e-01
2.935338895227973532e-01
5.551926839079441844e-01
5.032012154910864288e-01
4.041333761341311392e-01
4.536130814597698624e-01
6.173310016527906452e-01
6.379217292580705578e-01
5.925498513985542060e-01
4.731789651467459001e-01
5.364466693590431712e-01
5.342246136476316298e-01
5.533746458304804605e-01
5.262590353575237190e-01
9.074250443833851154e-01
5.385744854927401182e-01
5.533308415637345767e-01
6.202246579753094569e-01
7.807262502130861703e-01
7.268528355880380376e-01
8.138143644020588985e-01
8.260977147993845415e-01
9.336642743241524434e-01
4.245211562180021825e-01
5.580891816355557644e-01
5.193801760943179691e-01
4.732732610265875106e-01
5.266871935564516605e-01
5.579633795041514244e-01
1.453740575709930427e+00
1.437064734503312069e+00
1.414006386732296781e-03
4.506121514256920552e-04
2.873499080952061305e-04
9.048010497321871126e-01
1.875020602197148001e-01
1.719666767283147268e-01
4.589724208358993973e-01
3.865670117529793615e-01
4.144314583008738562e-01
6.110113365856675305e-01
7.574443680551392610e-01
9.274037726078243615e-01
5.784022578551779592e-01
5.366523103956043483e-01
6.521143292678623915e-01
6.552488589655790507e-01
4.123349842387805664e-01
2.571086957574322263e-01
2.093151617719211099e-01
1.429082780084241222e-01
1.474153318757409625e-01
9.127958450195993167e-01
8.700824169213488002e-01
6.029271956293476009e-01
4.881461219255940898e-01
5.182777011815070667e-01
5.419069436808012785e-01
7.042738702213203750e-01
7.283043839763129190e-01
7.302118429921923282e-01
5.559883721914330446e-01
5.678392471614147619e-01
5.506569245852944716e-01
5.767903033435926030e-01
5.775874730162792181e-01
1.288519175677285356e+00
1.186180913788015934e+00
1.338691610524016307e+00
-8.680994069295195487e-03
-1.009055769227737518e-03
8.655271715360632898e-04
4.184652447224366800e-01
2.879128619764846353e-01
2.530079048557508647e-01
2.893473512454908803e-01
3.015834162699388976e-01
7.587140231184205108e-01
6.262131980729676028e-01
5.774279015510691559e-01
7.284232356596519464e-01
7.422553946741907716e-01
9.795754593780905406e-01
7.458075526361960250e-01
5.657075765552121993e-01
5.389227819117803353e-01
6.178552771975941438e-01
6.109876321979593738e-01
4.951505912116944685e-01
3.802177061195409769e-01
3.329052486253276655e-01
6.282936494439496089e-01
4.124091488867875355e-01
2.939269728438475004e-01
1.841776908498133081e-01
5.397498604472601436e-01
5.764281606474794817e-01
5.378408251967016218e-01
5.024080151750043299e-01
1.513822010923551842e+00
8.583859466269306848e-01
8.771742306418460478e-02
8.540456606328550304e-01
1.620409696779508829e-03
1.989060256015502681e-01
8.016342130390602394e-02
2.405413449681506888e-01
6.408846542317695461e-01
5.847076231515557776e-01
6.935923671433394944e-01
5.338258509323259293e-01
6.183555511740885802e-01
5.333138146203670882e-01
4.336036205786161779e-01
6.244180868499099590e-01
1.885898027398689170e-01
1.163959020154390067e-01
7.391753256761337543e-01
3.811024821827251885e-01
2.976408810042230346e-01
8.555613222970654963e-01
1.645526176444319678e-03
6.071115196437784634e-02
2.476714296254942105e-02
1.638158712164558550e-01
6.876277767585701195e-01
6.145434866318619793e-01
4.985071066856404109e-01
5.559822396558921076e-01
5.448183529505016276e-01
3.399564642718193586e-01
1.590249482115151658e-01
6.821360193907398672e-01
6.531950697079169643e-01
4.430864773188269296e-02
7.948565024720012362e-01
7.425001376658392216e-01
1.159648701044907887e-01
3.011520823130981296e-04
4.738430677031203742e-03
1.631960488321714253e-01
1.600617862719988238e-01
4.203464763230498336e-01
1.908447876317971303e-01
4.690126965348131449e-01
1.131407945789214137e-01
5.853117871393530569e-01
4.722561062137172611e-02
8.497993448030460861e-02
6.075131471757366786e-01
7.366724656506154489e-02
5.990484577363864443e-02
1.549831993814195863e-03
9.266096625789295525e-04
1.895776581743553778e-03
8.223773208106344157e-02
1.333741744115467809e-01
4.370705527528748746e-01
4.009954589281791160e-01
1.690501611329188747e-01
5.817604807010390289e-01
5.294864254435842632e-01
1.470791605368482191e-01
7.080247153805206972e-01
9.454118938993244514e-02
1.210641783988922193e-02
3.554522959358793425e-03
1.182833296834014530e-01
1.964312389408009729e-01
2.302579177939163280e-01
2.053627373269131806e-01
2.585974480592975744e-01
1.731877312159694482e-01
1.753144831910393997e-01
7.347563711843663192e-01
5.370216837010880484e-01
1.478260776406893628e-01
4.390527414871197437e-02
3.518280224732048874e-03
3.432534934306589736e-01
3.261599266929558483e-01
3.591892321580593683e-01
2.943504618209758505e-01
2.233815772604577921e-01
1.690598620726052326e-01
2.570434749420679732e-01
1.578302562857439306e-01
1.535814752197973421e-01
1.129394128097296751e-01
2.494095466368509775e-03
5.948802114243153527e-01
6.536883896682407213e-01
4.105909911294274850e-01
4.263705756628080046e-01
6.757319676968916999e-01
6.951288795509982243e-01
4.469419157437359846e-01
4.183112831889691519e-01
2.437595962575655473e-01
1.175530788328265214e-01
1.432875169340377397e-01
2.633892304305757714e-01
1.387351427574453049e-03
7.546921112717859259e-01
7.844650436250423242e-01
4.769009893193459915e-01
2.729467325479371653e-01
2.703197445976144864e-01
2.668954764093455223e-01
8.350285306681942687e-01
8.381883748824330294e-01
4.499499484568529328e-01
5.202354706828048458e-01
2.680346938225360298e-01
2.704092383541523148e-01
2.993412282050325057e-01
3.006771334212033908e-01
5.861756600646099713e-01
6.954401514100119197e-01
3.802724594562084670e-01
4.024694424209610544e-01
2.692295118103662510e-01
2.822816307711912831e-01
2.582626592631430684e-01
1.448987410622113448e-01
2.483327133174817181e-01
1.352754253055487854e-01
1.354287761865580475e-01
1.008656374669704842e-01
2.161437021939339176e-01
2.588313335115457470e-01
3.490520263144409330e-01
3.948976718777585937e-01
5.767186491950934517e-04
-7.835763375191465499e-04
-2.983367625916540609e-03
3.234295831607453958e-02
1.945451819753257483e-01
3.803841767152952857e-01
5.147480540517281877e-01
6.321674864091058055e-01
7.625655584394358533e-01
7.129908034785092941e-01
6.813475097473077335e-01
4.946876538425313830e-01
5.064869940579769247e-01
3.143541262982911810e-01
3.440876988694804850e-01
5.557724320148795805e-01
6.104165787863258252e-01
8.726436848932631607e-01
8.733342931385783547e-01
6.918752891768279456e-01
6.937574114794811120e-01
4.806945967496082384e-01
4.875462404540694128e-01
3.432063456114486932e-01
4.658998546759719472e-01
6.136479714891986958e-01
7.737651716806016600e-01
7.895362992316211637e-01
5.746557153193361245e-01
4.319615082622739188e-01
5.465784277808551916e-01
3.376298189543391892e-01
3.485823643505728264e-01
5.841123111786605815e-01
2.685766149853412998e-01
3.477810536155867549e-01
3.335708283370961702e-01
3.832859791047125153e-01
1.653880870271816628e-01
2.405311437113770157e-01
4.202101572312686995e-01
5.817122615029445276e-01
5.282127428984777495e-01
1.608894113674740175e-04
1.186910403924924763e-03
1.647834721791531856e-03
6.208076040288714736e-01
6.040610662661322072e-01
6.316267689738834790e-01
7.055128284663740867e-01
7.099718763699905955e-01
7.435256386855474409e-01
6.875505701177478945e-01
8.272681230203223768e-01
5.996707229811381046e-01
6.638787147732492233e-01
6.010009628711981966e-01
5.858579395814668134e-01
8.236857565481480181e-01
7.951844431350502118e-01
8.021968273146992123e-01
8.323673210703251835e-01
5.913991821735826715e-01
6.684681513015094945e-01
5.895181733225911547e-01
5.813387683893003199e-01
6.127352740154724531e-01
7.565366776392791204e-01
7.608784409124392800e-01
7.676992694120184924e-01
6.884566473762026018e-01
7.407301961392017686e-01
6.068170874580405272e-01
6.622305873003027088e-01
5.294995871524670328e-01
5.862953050154884327e-01
6.458471354520748386e-01
6.841938497540229758e-01
5.347690571778962454e-01
6.049911583345819466e-01
5.859432910217425849e-01
3.697770518109095850e-01
4.524461541322085112e-01
2.420344814452715931e-01
5.860952247345877497e-01
6.610579113216743519e-01
6.648228575592762812e-01
6.218925632540043269e-01
6.499305958051960763e-01
2.464538501429755550e-05
1.193484560692148607e-03
3.493412003932069398e-04
6.034401685608083987e-01
5.961638427384684524e-01
6.320836147378534609e-01
6.920837824772969604e-01
6.721026742926592412e-01
7.057656059491009826e-01
9.235303657313295167e-01
9.238307527212306081e-01
7.376598646709293661e-01
7.898715501139423889e-01
5.810599210129870906e-01
5.735882102095744006e-01
5.870499407340930009e-01
7.657466226631577388e-01
7.618618647728313542e-01
9.061518766433301897e-01
9.289539678377211063e-01
7.412548326098137297e-01
8.102589085724404283e-01
5.724709651185941883e-01
5.723872994745168308e-01
7.445705570620230196e-01
7.412786128761549298e-01
8.213903779886676526e-01
8.281666349477031508e-01
7.557576642176764281e-01
8.156744514642635391e-01
6.451089477707299125e-01
6.394159448917128286e-01
6.065980047199517333e-01
6.479344508323343632e-01
6.600092973572168065e-01
6.782024413579351707e-01
7.462849772056463493e-01
5.750601792413867486e-01
6.332455148103776077e-01
7.715351334353000023e-01
8.103140011921194930e-01
7.861824599931301893e-01
4.520842352229838774e-07
1.964036448063026139e-04
1.544212891703781716e-05
5.943375083599939934e-01
5.943963461183530139e-01
6.548555788693710689e-01
6.454829578944837332e-01
6.690048848792610192e-01
9.035577844371530665e-01
8.897298254359023995e-01
8.213386935472791750e-01
8.092526164088323926e-01
5.614992842979065202e-01
5.733495876433913896e-01
5.986569000782195893e-01
7.417456374929728424e-01
7.092051040004604401e-01
7.435110691708403108e-01
9.253551911673290054e-01
8.965887865152649683e-01
8.423493570162580157e-01
8.415458738225911617e-01
5.748760668060045598e-01
5.971632615165525237e-01
6.222718060054003297e-01
7.084570550276345635e-01
6.805006465927787573e-01
7.228694309305340182e-01
8.191159024635948915e-01
8.140232058427454565e-01
8.463704922051125124e-01
8.432323208358902811e-01
6.376957564676143386e-01
6.074025808200477217e-01
5.875680451335710819e-01
6.155468119470660637e-01
6.270745192333613272e-01
6.390882569292354320e-01
7.263047304013743322e-01
6.695268092801385240e-01
6.737405012838239005e-01
6.533174325210131528e-01
8.465875589155126280e-01
8.591964633190611877e-01
8.245502030640322610e-01
8.884041376166489368e-01
-2.333676827278107175e-07
-2.711088661246959257e-06
-3.560312491876901578e-06
5.953661243187305940e-01
5.982556402251130168e-01
5.926467928394097973e-01
6.269229615310600856e-01
6.558907563696625420e-01
6.726633005035491664e-01
7.709818829535178830e-01
7.567400661786353178e-01
7.476195940246244120e-01
7.182647747828939666e-01
6.049628491332963431e-01
5.759118939641347801e-01
6.984248607200627124e-01
6.730739514767828391e-01
7.172122203009921870e-01
8.408418983224931198e-01
8.110914164547848859e-01
8.200200563679713728e-01
7.634735996441878170e-01
6.015028797319820209e-01
5.413066684640640558e-01
6.692386825777439929e-01
6.496209981994645055e-01
6.749662704739634034e-01
7.453695034347694870e-01
7.384401823090619432e-01
8.212976156491116342e-01
7.623894762856241458e-01
5.557036870878742096e-01
4.081941093822110123e-01
3.998341288159051876e-01
5.533538457535103205e-01
5.524319794227624536e-01
5.652991059048539935e-01
4.854139721291275689e-01
4.150951975434833963e-01
5.857339063407331903e-01
8.537159678454538936e-01
8.414254379047513277e-01
9.690465679761656181e-01
1.020805444308017229e+00
-3.850722597739637115e-08
-1.965248048996119863e-07
-1.996797279635026122e-07
5.368708575535457994e-01
4.662031320735996465e-01
4.416833558442820884e-01
3.147407481800776896e-01
4.517763390131737111e-01
6.500436416780163151e-01
5.385205965769617187e-01
4.442721519063044244e-01
6.312540396702461809e-01
4.681742479767421750e-01
4.403850136209756516e-01
5.963679751041175425e-01
6.513220596819482289e-01
5.308663534893732772e-01
3.927122420448058704e-01
6.186717251197156875e-01
5.480856390501872566e-01
6.093759819712020187e-01
4.781210764652926715e-01
6.528270683357620952e-01
6.097785857294359957e-01
2.104917833729948451e-01
1.965613908488065276e-01
4.772565702029569201e-01
4.809748345570597494e-01
5.038278050644070527e-01
2.655986183480391616e-01
1.574839229573953281e-01
5.801655177559378318e-01
4.841158240782346134e-01
8.388817816556762841e-01
8.283087859522743068e-01
9.507836568397638466e-01
5.009980387359647118e-10
-2.244089792862434881e-09
3.811376424508043370e-01
3.087650234829607543e-01
6.538011838444269808e-01
6.155108762045577997e-01
3.863774211207219311e-01
2.835906174581873107e-01
6.451667202595259276e-01
5.761430029966053690e-01
3.602390218176616532e-01
2.211770482805917593e-01
5.462790725437038919e-01
3.575032032086790656e-01
4.348054981172746469e-01
4.872808517939872242e-01
5.116069105160361841e-02
3.947224977430953685e-01
1.631801116712530697e-01
7.780868553615648275e-02
1.367525253628387727e-01
4.310892317107702931e-01
3.883785210444462010e-01
8.352361650519929404e-01
8.389738755529835279e-01
4.800317924248187040e+00
1.103422819369946299e-09
1.757292750403059156e-01
6.176075483339368288e-01
1.524174013627123681e-01
5.774576531944248803e-01
5.446053831658013156e-01
1.183537110655345503e-01
1.070599665862608657e-01
4.775036367408428961e-01
3.889065701036451550e-01
2.258380597537559820e-02
1.409263683446266777e-02
2.852240852015809902e-01
8.320880365569349735e-01
6.449142392882023511e-01
1.645544015381116409e+01
1.507237158514802555e-01
7.431485990244850182e-02
6.176613052992417918e-01
4.296453809493900322e-01
1.419514906796408293e-01
5.521261935056608755e-02
3.640837137323333361e-01
2.952110479050591013e-02
2.910826054232827920e-01
-1.568409718975968597e-03
2.485304277040299714e-01
2.134738003803569317e-01
4.563704928622226431e-01
3.353332441574129463e-01
2.725657400589332369e+01
2.289981708864166979e-02
3.511816539244479451e-01
1.556074061332559516e-02
3.351603028187135069e-01
5.268827835807601313e-03
2.460512903337807034e-01
2.130423570018067925e-01
-2.544501833827113053e-03
1.316915457000099321e-01
1.161344135813696943e-01
3.148340878408905041e+01
7.429435688374746993e-02
4.295940438256464211e-01
5.520350740379028481e-02
3.641027060542664229e-01
2.951626523851404171e-02
2.460554810430740369e-01
2.910895867149636551e-01
-1.568375475375217163e-03
2.134571567243530310e-01
3.353360481111785085e-01
2.725658132152087632e+01
1.506881252078202671e-01
1.756931380919968255e-01
6.176142611226016488e-01
6.175620371217647175e-01
1.419290167203176023e-01
1.523988959419613209e-01
5.446350311905967523e-01
1.070489649292613726e-01
3.889141420190816434e-01
1.409264798699698569e-02
2.484993973160004588e-01
2.852169338278647270e-01
4.563751114576145573e-01
6.449184145593349626e-01
1.645544875494895720e+01
1.103675176624541333e-09
5.012497044532086239e-10
-2.244262942843170859e-09
3.087258436013022300e-01
6.154922476807123122e-01
2.835719208604927655e-01
5.774906211777910414e-01
5.761709185905135033e-01
1.183419286967254819e-01
2.211615346817174255e-01
4.775099617560300547e-01
4.872866704274608773e-01
2.258388225669805821e-02
5.116060057737794459e-02
3.883869393972052553e-01
8.320928512806980981e-01
8.389776921672842391e-01
4.800323826065254984e+00
-3.852114542552987875e-08
-1.997324212173308897e-07
3.810983458336737462e-01
4.661656485448801845e-01
6.537924052874355407e-01
6.500429009419719240e-01
3.863550854634890674e-01
4.442587451778581276e-01
6.451879103770115087e-01
6.513396893440732693e-01
3.602185710045369693e-01
3.926924254905869716e-01
5.462853326090006956e-01
5.480914037652226956e-01
3.575044524032671145e-01
4.348037293926378943e-01
4.781224424356629865e-01
6.097837469000475519e-01
1.965603564512874157e-01
3.947193363566007807e-01
5.038235198697723627e-01
1.631796118308071197e-01
7.781162446123522647e-02
1.367576172145955060e-01
1.574896014132580180e-01
4.310954218850908681e-01
4.841226357447324102e-01
8.352383234592677397e-01
8.283103182892621597e-01
9.507820587046093008e-01
-2.334137257423208648e-07
-1.965807823668322961e-07
-3.560688461717506812e-06
5.368434279472509285e-01
5.926300017933531228e-01
4.416808488641075781e-01
6.726718030212953670e-01
3.147520199732847246e-01
4.518070590211857862e-01
7.567373577290430475e-01
7.182659897745450328e-01
5.385153788724821311e-01
5.759170960426629460e-01
6.312791148530209062e-01
7.172424366137950535e-01
4.681846503112153113e-01
4.403628875739805659e-01
5.963191420274194243e-01
8.110359761700862702e-01
7.634774865803038990e-01
5.308479414237908811e-01
5.412898256671140329e-01
6.186794295824796786e-01
6.749761465341795885e-01
6.093780734016984724e-01
7.384477744783771724e-01
6.528321514229800115e-01
7.623954029184843995e-01
2.104911341381933421e-01
3.998310767320922277e-01
4.772532642654181423e-01
5.652948335578520389e-01
4.809710213128451373e-01
2.656036285558110444e-01
4.151014183799122126e-01
5.801730066554590115e-01
5.857419492797466543e-01
8.388825265241245388e-01
8.414258616222690668e-01
1.020802525931760130e+00
4.524743174504306452e-07
-2.710117631593572532e-06
1.544751794191608782e-05
5.953757741349818833e-01
5.944095293710442984e-01
5.982496736180019647e-01
6.269413019737403170e-01
6.690259361747215028e-01
6.559038314256437907e-01
7.709809749318781158e-01
8.896962583440701788e-01
7.476177421590370908e-01
8.092494808786266924e-01
6.049794864067503664e-01
5.986873456803337712e-01
6.984565587901662154e-01
7.435470125950552900e-01
6.731030372385402583e-01
8.407883818652709396e-01
8.965500780126780533e-01
8.200162078739815508e-01
8.415274449938909829e-01
6.014911227066935817e-01
6.222640092275727453e-01
6.692509590513414652e-01
7.228834621783000181e-01
6.496305413954296393e-01
7.453770093731643120e-01
8.140337143288280952e-01
8.213041381994409251e-01
8.432386294676055272e-01
5.556976973730135549e-01
5.875606374522643893e-01
4.081912722706624308e-01
5.533490432529868386e-01
6.390824509359807060e-01
5.524273385055986640e-01
4.854206084238460450e-01
6.695354865407306955e-01
6.533280443101907586e-01
8.537161028838925469e-01
8.591964130322862214e-01
9.690442824746076100e-01
8.884043963111557529e-01
2.465110499539253941e-05
1.964376117040877361e-04
3.493903568667953248e-04
5.943641965248418479e-01
6.321171204430304780e-01
6.548789572580199225e-01
7.057916537572336280e-01
6.455065338484984316e-01
9.035241854801278061e-01
9.237924214173912629e-01
8.213403575656765820e-01
7.898794274942813054e-01
5.615557924885659080e-01
5.871140918531971842e-01
5.733859583366238688e-01
7.417798404948032776e-01
7.619012900087919204e-01
7.092397786964258488e-01
9.253233739273061254e-01
9.289421604533949495e-01
8.423178417991352696e-01
8.102214658664580460e-01
5.748806247677513692e-01
5.723922119563391586e-01
5.971595331479075952e-01
7.084693697077264485e-01
7.412898518092995159e-01
6.805137420639439938e-01
8.191268759002217070e-01
8.281794853064365913e-01
8.463766641720070760e-01
8.156806762020901713e-01
6.376863261873099153e-01
6.394063827384993681e-01
6.073944516824580919e-01
6.155413454728977385e-01
6.600047277308145333e-01
6.270683046975963348e-01
7.263139295074045876e-01
7.462932040845230430e-01
6.737523515033586596e-01
6.332584874643606421e-01
8.465872526675000120e-01
8.103135867372571743e-01
8.245509695951729334e-01
7.861845138724545823e-01
1.609186007860227577e-04
1.193569602803144650e-03
1.647898276268370881e-03
6.034793660084452060e-01
6.316635101132935803e-01
5.961972924759719739e-01
6.920984854751317528e-01
7.435378503876385325e-01
6.721276981521234761e-01
9.234910185399358706e-01
8.272331786290376687e-01
7.376826647728086384e-01
6.638995901453268456e-01
5.811208850330620290e-01
5.859201035340870778e-01
5.736495700156688526e-01
7.657754649688744975e-01
8.022140612302210982e-01
9.061546589419069431e-01
8.323769781012921865e-01
7.412112319731554155e-01
6.684241924597056350e-01
5.724788916287463225e-01
6.127432095464049322e-01
7.445793853940599893e-01
7.677037186800339530e-01
8.214035127148164861e-01
7.407427289659421765e-01
7.557615410940057288e-01
6.622350701674746265e-01
6.450998319886509513e-01
6.841847884205936037e-01
6.065959685925453870e-01
6.049909615641482219e-01
6.479296758116325217e-01
6.782082619044644822e-01
5.859488333158791029e-01
5.750721749123118842e-01
4.524565698475403464e-01
7.715344731967792580e-01
6.648213602134566136e-01
6.499343541852030670e-01
5.768010222763095361e-04
1.186744432605087380e-03
-2.983928912947754995e-03
6.208394505795900020e-01
6.321975270936006641e-01
6.040945930658275786e-01
7.054957630437919125e-01
7.129746395309486395e-01
7.099762086946002082e-01
6.875174281892995065e-01
6.812989906644278948e-01
5.997030341514818508e-01
5.065175220336860518e-01
6.010640172021392003e-01
6.104820540787020411e-01
8.236761031830071023e-01
8.733088946712860290e-01
7.951999286705131453e-01
6.937754497258434849e-01
5.913576162059009933e-01
4.875091947179603369e-01
5.895267390234907312e-01
6.136580710782401082e-01
5.813465884862412114e-01
7.565292520021258404e-01
7.895255881418007382e-01
7.608812547992030995e-01
6.884683240166862284e-01
5.746661010366105327e-01
6.068181035558245506e-01
5.294971027679951092e-01
5.465743506985020206e-01
5.862878691439549206e-01
5.841048242140733926e-01
6.458388162620821715e-01
5.347699362159211711e-01
3.477830251645793180e-01
3.832893705209605706e-01
3.697842597603227532e-01
2.420376659812961406e-01
2.405347993935026130e-01
5.860915982106491562e-01
5.817082211883545240e-01
6.610558800325269102e-01
6.218969911252509863e-01
5.282200033013260132e-01
1.387502030603176119e-03
-7.836507334465242112e-04
3.234753454684517054e-02
1.945605420153476151e-01
3.804076348827996612e-01
5.147706753485422615e-01
7.625250397703775551e-01
7.844058230281406585e-01
4.768497970171469702e-01
4.947319752668174475e-01
3.143812341161300594e-01
2.703469808012431974e-01
3.441286833291311020e-01
2.669238053356942086e-01
5.558337071018569775e-01
8.726027305626766761e-01
8.381200832760081765e-01
6.919006294133414059e-01
5.202555685491438986e-01
4.806574886743590902e-01
3.431769331532633638e-01
2.703891080242712963e-01
4.659112343357892372e-01
3.006797830550910766e-01
7.737477885518548870e-01
6.954184329059593939e-01
4.024790139443814030e-01
4.319578773917687742e-01
3.376297265965465533e-01
2.822809784019519874e-01
3.485777748431623801e-01
2.582597498256076762e-01
2.685784761411247334e-01
1.448996352893012207e-01
3.335732166903326301e-01
2.483365445275806660e-01
1.653899236453867660e-01
1.354311295998731346e-01
4.202051436789775440e-01
2.588279016731172555e-01
3.949104552154196202e-01
2.494285450292778490e-03
7.546233096197321188e-01
6.536042925917385782e-01
4.263079557613436710e-01
2.729731683540463361e-01
8.349546782822202529e-01
6.950456793434224290e-01
4.499751038407852621e-01
4.469635960736194624e-01
2.680170348492064702e-01
2.993443792242312940e-01
5.861530962962399061e-01
4.182934560612351360e-01
3.802806453338322679e-01
2.437675624819080622e-01
2.692270014780039356e-01
1.175524716009487824e-01
1.432897597679875512e-01
1.352777419468048636e-01
1.008658087949726584e-01
2.161401734187022305e-01
3.490603987296814759e-01
2.633897956853049060e-01
3.518213846086895059e-03
5.947949122431499536e-01
3.431994273210407509e-01
4.105229501076860799e-01
3.260766744304306464e-01
6.756433820472078633e-01
3.591482720896709280e-01
2.943640863032468413e-01
2.233752251368589237e-01
1.690647523416400066e-01
2.570415265112456771e-01
1.535841469177035845e-01
1.129252826875479232e-01
3.554023361834791634e-03
1.182668414900865522e-01
1.963662831081470217e-01
2.302507040370146141e-01
2.053748556826630323e-01
2.585976866531944918e-01
1.753209388548140069e-01
5.370190744627497681e-01
1.578337662359781679e-01
1.478308330874695820e-01
4.389343157915376326e-02
1.894582878416566822e-03
8.224172016782221872e-02
1.334829799718053600e-01
4.010068640407259966e-01
1.690606337464615194e-01
5.294880202624464571e-01
1.731943062532983746e-01
1.470877287858937676e-01
7.347529178198194399e-01
7.080212837416944849e-01
9.454617102995414857e-02
1.210959119690539244e-02
9.260394641541382218e-04
4.744513177088335865e-03
1.600693066863995984e-01
1.907984978061152970e-01
4.370833116344697289e-01
4.690164881895062532e-01
1.131476045917531592e-01
5.817632303246749181e-01
5.853123108921108875e-01
8.498806215932024066e-02
6.075115861391819916e-01
5.989869696621513001e-02
1.550756961982592682e-03
2.480575218047973915e-02
1.632028075198737049e-01
1.638169104605430859e-01
4.180840686989843458e-01
4.969618113134788850e-01
5.448135656918988712e-01
1.590202536280154733e-01
6.531942915789703541e-01
4.723104525950692217e-02
4.431388185439673333e-02
7.424974021951412650e-01
7.366492888522210847e-02
1.159607906566970381e-01
3.010835701474564858e-04
6.081235241807644853e-02
8.029446561120938408e-02
2.405298152183177884e-01
6.874183277955465687e-01
6.934700367419813771e-01
6.138867399491518828e-01
5.559800643102175144e-01
5.338217836910010838e-01
3.398904713194322857e-01
4.335358063994887434e-01
6.821371921825236662e-01
6.244200047085403105e-01
1.164081038599619061e-01
7.948523500553981158e-01
7.391710493839379614e-01
2.977088770170395193e-01
1.645423356532391959e-03
1.992225701013916883e-01
2.534312803188907282e-01
3.015613759157826923e-01
6.411196820598403789e-01
7.424784343023942412e-01
5.850151189959099662e-01
7.457889657935945493e-01
6.183539163401279293e-01
6.178593307193643858e-01
5.332656813077489844e-01
6.109864773425957019e-01
1.886634588485213981e-01
3.329324241984207289e-01
5.764262618692647111e-01
3.812643134885574381e-01
5.024823032504907028e-01
8.555694959923191290e-01
8.583700977697843459e-01
8.540666613345027081e-01
1.620381804803378402e-03
4.180655794713646345e-01
9.041318203498640571e-01
2.882586056224625271e-01
2.893248230114542352e-01
1.719540757492247218e-01
7.588685962698217269e-01
7.575972672297646149e-01
6.263544830382550277e-01
5.776090110524361165e-01
7.286688337102809054e-01
9.795446533870034722e-01
9.273808030421435422e-01
5.657089144228639732e-01
6.552535028009927043e-01
5.389243712677613818e-01
8.700842433365103545e-01
4.951838585569358075e-01
5.419180596158734708e-01
3.802570953179277291e-01
6.282993627400635939e-01
7.302156235343481017e-01
4.124108575738135718e-01
2.939254333971320077e-01
1.841782637464127181e-01
5.397514381050073640e-01
5.559917109884752184e-01
5.678407006233779919e-01
5.378785678574170559e-01
5.775588893868380813e-01
1.513828901021855966e+00
1.338711126190219813e+00
8.772092514888556181e-02
-1.008069156722621318e-03
8.655293135632639769e-04
1.278440195953797431e+00
1.875185217485834388e-01
4.519158940360948340e-01
4.590733392129745516e-01
6.342309367004913545e-01
3.866397714305642164e-01
4.145019293466631893e-01
6.111235702109940604e-01
5.551735347656779895e-01
5.784061225163906750e-01
6.379265336578433532e-01
5.366548903836714235e-01
6.521183469666560484e-01
4.123235681580335044e-01
5.342141418851399370e-01
2.571035880035055787e-01
2.093147516821123044e-01
1.429081762577585069e-01
1.474111395066140529e-01
5.262507646831846575e-01
9.128082202026225334e-01
9.074286984699780900e-01
6.029252125746162871e-01
6.202171786782655349e-01
4.881342124148290162e-01
5.182798207624148557e-01
7.042816525076985856e-01
8.261087557450695895e-01
7.283080445068277342e-01
9.336684832888515473e-01
5.580955386874829616e-01
5.506563442795007202e-01
5.579532982293223808e-01
5.767603892882214867e-01
1.288527824779345687e+00
1.437072382739555954e+00
1.186188609405484540e+00
-8.680938997994524717e-03
4.505112185370040959e-04
2.873533203046468041e-04
4.705077819746441570e-01
9.542321094991282338e-02
4.853479548728872328e-01
6.624456918312047193e-01
6.346717467400355694e-01
2.935218652139622297e-01
2.834990027229683518e-01
5.032105360763753366e-01
5.309434871084965923e-01
4.041378362202711627e-01
4.536122709271462328e-01
6.173324933411934445e-01
5.925430738031917111e-01
6.889194540348539952e-01
4.731733020172418369e-01
5.364373367478485477e-01
5.533599960901287584e-01
7.635214355933361841e-01
5.140766221590352680e-01
5.385712402571199986e-01
5.744682430538020634e-01
5.533224213030415450e-01
7.807325717217398209e-01
7.940788231352780002e-01
7.268594014059338582e-01
8.138242607460519640e-01
1.043314567480224442e+00
4.245271079363169275e-01
2.114661803916229599e-01
5.193687571776907097e-01
5.154775664938383573e-01
4.732626693757566172e-01
5.266740006457101275e-01
1.453749839080804795e+00
1.407040886695219095e+00
1.413982883843462003e-03
6.319397428411402525e-04
4.713333952385844095e-05
1.633131879591993157e-02
8.668412276036340236e-01
9.183523277116576455e-01
7.080850742080131432e-01
5.646831619317910222e-01
4.853318287424958077e-01
4.876381409053037741e-01
4.895577653566473564e-01
4.645326475996907623e-01
6.600274799198582176e-01
3.424951370159667330e-01
4.457654827736000636e-01
5.219975696396125242e-01
6.097383739546298198e-01
6.787407075368675491e-01
5.358397490436657140e-01
6.755614981895029514e-01
7.944245835326213534e-01
3.207033358562021985e-01
1.130113157495565984e-01
4.186961315939076722e-01
4.130624175138029597e-01
4.147200242420416294e-01
5.441722966520385896e-01
6.953855821576999663e-01
7.551293968348451457e-01
7.250396264039703498e-01
9.852904744782070567e-01
6.377909954405908133e-02
1.099517440163653298e-01
5.334874554046599160e-01
5.443674378700598115e-01
4.153159982728474309e-01
4.227650387243186425e-01
1.417620090719460713e+00
1.495915525174391858e+00
1.389420776081334852e+00
1.409357168713601708e-04
4.202727300518139820e-05
-8.594868800023573326e-07
9.136319375565518652e-02
6.898815624769804034e-01
7.182382214803380016e-01
5.231494668814492544e-01
4.049074208097472316e-01
3.762306763900974405e-01
3.786488981064627390e-01
3.919309477752939697e-01
4.577907280402538359e-01
5.119942978678195811e-01
4.865543174068069909e-01
4.176504973823068068e-01
7.115832942297349861e-01
7.585505622641380841e-01
5.489528841455615371e-01
6.477058092806560197e-01
8.925769307746324044e-01
7.069612315981088635e-01
7.251332418288516379e-01
6.265772376790077480e-01
6.667806183178872637e-01
5.150890086846349192e-01
6.506627413837635654e-01
8.274711589420563618e-01
8.630417365348860836e-02
4.485161612155465216e-02
1.273409812188122658e-01
3.032947781049751268e-01
6.533083061150848359e-01
6.883098701428872479e-01
7.201117459146927358e-01
9.313405850047042911e-01
1.317196711644101070e-01
1.951681428100394411e-01
2.481549302978623972e-01
3.406871235776721685e-01
4.827918255823578919e-01
1.308315940519779508e+00
1.317695447174560552e+00
1.400035675853214201e+00
-1.119460889541072555e-05
-1.102698546272386169e-06
5.196479316262663239e-01
7.502407465513324381e-01
7.708198091481868186e-01
5.875005297944825289e-01
6.734361776153541257e-01
3.662494772284545230e-01
2.918760078715870732e-01
6.766145234556598664e-01
7.130329797899579436e-01
5.330317186567399279e-01
7.221513000672804550e-01
6.491205673699175227e-01
6.077695641691637229e-01
3.295362468011877044e-01
8.015824909484652316e-01
6.980698152817370605e-01
3.633274772179795886e-01
3.025194549887127438e-01
6.704715779081564797e-01
9.424531244513801864e-01
8.522774062546576435e-01
1.388965029185938782e+00
1.454706597022706882e+00
-8.646364083568442298e-06
-6.031176609543298916e-07
-1.465893819901205246e-07
1.216543392707917670e+00
1.600907865802585484e+00
8.345206377528969766e-01
8.858434636242945581e-01
7.531345000382846377e-01
6.181009673615793787e-01
5.944408614791948375e-01
2.545523740872790985e-01
6.224280765468507282e-01
2.975898666068629295e-01
1.305779742383703645e-01
4.649357706848215588e-01
1.323549892011831042e-01
8.971578181174789668e-01
1.334795228729954042e+00
1.335411645212398080e+00
1.430790383555013312e+00
1.152952623921715316e-08
-6.642812095944833058e-08
6.544501389930545864e-09
1.536073321026466765e+00
9.495262896072731440e-01
9.258068471258833476e-01
1.086199637047216005e+00
1.128199702375348501e+00
1.151056177515140000e+00
8.809497456859457509e-01
2.082576828915138900e-01
2.011661966617973862e-01
7.303618590980597292e-01
7.397554919860391820e-01
1.039055260096712757e-01
4.291352092042149957e-01
1.622975295778074922e-01
9.258578244556660009e-01
1.259863354590984752e+00
1.289749567540517283e+00
1.816911504708786091e-08
1.169990920442456561e+00
5.228001871060937722e-01
4.415052599205129269e-01
9.152984163135382545e-01
1.139832360625371743e+00
1.127913080627842346e+00
1.136174389896939196e+00
1.136721610879199318e+00
1.115343046103175917e+00
2.149805501720446765e-01
7.368618875129020473e-01
7.939018522834636604e-01
1.804376809267863868e-01
5.110860263202844367e-01
5.168928144093410948e-01
2.228935700240718132e-01
9.550974367649484043e-01
8.003390884896823820e-01
1.231059703985029952e+00
1.158111065407605222e+00
1.025861136685369601e+00
3.370685139831286481e-01
5.218432638869935358e-01
1.055532715584187375e+00
1.049389848671428815e+00
1.100443338879924404e+00
1.109630102730860601e+00
1.095651485807268788e+00
1.078515671726790526e+00
1.071610365495100581e+00
1.070546958971366758e+00
1.097024544217996667e+00
2.045074769746707266e-01
3.752711339935350110e-01
1.100583836318368647e+00
1.103783230442316743e+00
1.130575272179839441e+00
1.101373636973682624e+00
1.135536313043697509e+00
1.028241746611719076e+00
2.439580400780950176e-01
5.199063549400447792e-01
5.713955964636231455e-01
3.392778245241604429e-01
8.922231502760844535e-01
6.415881142999793063e-01
1.051257941994719225e+00
7.824531654178461526e-01
1.075083573675170934e+00
6.173106507869400295e-01
1.141198496659887152e+00
1.119768715889466471e+00
1.046051536329290599e+00
1.094895034509076881e+00
1.103372361472747976e+00
1.090177687207239288e+00
1.091365796687511214e+00
1.074425764931101313e+00
1.064362146600369652e+00
1.076423753087496493e+00
2.155937663430683993e-01
1.081988995209694604e+00
1.066602806230407596e+00
1.044121209684122586e+00
4.108493783056604287e-01
3.800236798879325639e-01
1.527793045783565340e+00
1.967929472914787259e-01
1.264761015060701571e-09
6.099692487129532710e-10
5.461678954816802140e-10
2.065400670638050384e-01
3.260568449948019754e-01
1.126668331646680121e+00
1.120666660977252649e+00
1.128766645559374782e+00
1.120369169286923094e+00
1.055567503082613046e+00
9.555285452854618278e-01
2.952669147477478551e-01
1.300494494205113760e+00
1.542640388056100820e+00
1.478268828810740176e+00
1.639726388126596879e+00
1.104216142245160494e-02
5.298537631162217893e-10
1.856297957853736128e-10
5.099099106565052608e-01
9.803364127337009792e-01
1.082092708153641780e+00
1.001106706049972539e+00
1.037672113680222274e+00
1.051714829405650864e+00
1.045889842781982049e+00
1.045572453333145413e+00
1.064534836033745657e+00
1.094777806143458099e+00
2.911242149116408107e-01
1.255569533308030339e+00
1.500872716508046656e+00
1.298812289473096460e+00
1.487360146742211287e+00
1.561569882762189554e+00
-3.082598889656343582e-03
-3.988812994248859892e-03
6.134698832776348678e-10
4.982575343912266819e-10
1.807590248235192365e-10
3.537558111812910688e-01
4.291468786989558470e-01
1.286700736294097647e+00
1.322527713377569247e+00
1.259776886745714641e+00
1.327932251060987889e+00
1.449050460734364609e+00
1.568705727384595683e+00
5.378982620284332179e-04
3.706120346584263050e-10
3.623965171590835655e-10
1.142179215383294814e-10
1.907145503490599747e+00
1.601372746043146833e+00
7.877066251807607333e-01
1.241904301546171707e+00
1.353968713059809703e+00
1.314409757448353977e+00
3.746859218289124468e-04
1.573587709922994837e-04
3.494559284059230425e-10
4.015791259163144449e-10
6.393887194810255519e-11
2.274215967723278276e+00
4.663138222542522816e-05
-3.933349855946237661e-06
2.717786600888146855e-10
1.777270990413288924e-10
2.250524820032804681e-11
2.717657790827363584e+00
-4.177232682400952547e-06
-4.613723286938755027e-07
8.693811200446711918e-11
9.322724880575097233e-11
6.844545249878292203e-11
4.006561102710257594e-11
1.778243183496329964e-11
3.272724782015997480e+00
8.564475660803525514e-01
9.043390204598569238e-01
6.854457597694142423e-01
5.237705308160403028e-01
4.207733569392942963e-01
3.481027379484337159e-01
3.028355545750103239e-01
2.716499339831112136e-01
2.455515610145602989e-01
2.181119668155607760e-01
1.885395651111207715e-01
1.573887930853040129e-01
1.252279148819749055e-01
9.227393348042499388e-02
6.029604546431354545e-02
3.193396764560263446e-02
1.217270098943149317e-02
1.714130123993659431e-03
-6.303961102927418177e-04
-1.970541388970204052e-04
2.316400481794611511e-04
1.804820292117985728e-04
4.326573565664168291e-05
1.332244884118259675e-06
-7.800819753245634365e-07
4.022211176733689442e+00
7.261611536307595038e-01
8.719107744795979720e-01
5.898151910454236813e-01
6.830367486458115422e-01
8.756459183752004494e-01
5.207270710795842916e+00
7.439050889067384542e-01
8.928879941973473233e-01
6.076491249954774077e-01
7.727516853598013213e-01
8.820040367558173999e-01
8.011706746671372059e+00
1.257184823134722906e+00
1.265405691684723610e+00
1.215568897410286286e+00
1.155517688393003617e+00
1.116580880340712012e+00
1.095850509659692662e+00
1.085286141387813430e+00
1.081965459841690347e+00
1.087475052414737409e+00
1.111850579955354412e+00
1.160549921242290505e+00
1.226898551997907871e+00
1.301969370873701015e+00
1.384923889873771463e+00
1.463487279303017585e+00
1.455017574806368064e+00
1.433789236092012365e+00
1.104155360368789918e+00
1.223534244547666239e+00
8.482747238131352896e-01
8.021034151693362535e-01
9.358738439643818907e-01
9.642425430550625176e-01
1.029172244409857306e+01
1.593088770117363673e+01
6.962436534578436031e+00
5.545210911301743373e+00
5.061663945413145349e+00
4.763006299122618969e+00
4.531777031205872497e+00
4.330190331255590941e+00
4.142223547475603951e+00
3.960661092682521645e+00
3.783151334394526888e+00
3.610167610709027031e+00
3.443622928302600528e+00
3.285880133286819493e+00
3.139114083273323974e+00
3.004990174748552789e+00
2.884586915556945019e+00
2.778464616609403137e+00
2.686783169971248775e+00
2.609397264642896452e+00
2.545896787819054818e+00
2.495599240791152251e+00
2.457526640280718322e+00
2.430404701122229394e+00
2.412708689197638812e+00
2.402756260569610891e+00
2.398823240913943167e+00
2.399242719927123346e+00
2.402446722596346174e+00
2.406924435123214412e+00
2.411098495511727613e+00
2.413154766929905382e+00
2.410892816635259450e+00
2.401684100883753281e+00
2.382620983261230840e+00
2.350900566742962994e+00
2.304408842616905595e+00
2.242369285295227943e+00
2.165839871683312268e+00
2.077840998009090612e+00
1.983004761194510968e+00
1.886819581925971878e+00
1.794708951984961276e+00
1.711234986354436716e+00
1.639632885758258274e+00
1.581724236110534365e+00
1.538121001051307779e+00
1.508575624940947435e+00
1.492349187128191534e+00
1.488515375245303973e+00
1.496155945754020999e+00
1.514424778194776389e+00
1.542476518682336373e+00
1.579287360713379273e+00
1.623438238435109815e+00
1.672963263967913505e+00
1.725360728762141527e+00
1.777807082109575054e+00
1.827522217847639130e+00
1.872149419010295635e+00
1.909980645763860840e+00
1.939897242524393883e+00
1.960989739609646065e+00
1.971926905064527169e+00
1.970225030811985967e+00
1.951599864914818960e+00
1.909538919599458318e+00
1.835065379449577483e+00
1.716334223326762443e+00
1.538958923410750579e+00
1.299251426038243951e+00
1.040227683901085554e+00
8.914181996514882744e-01
9.214126719689319511e-01
1.048982491078242374e+00
1.129532598806043397e+00
1.148953916151167265e+00
1.163168591621221548e+00
1.196936230384957112e+00
1.246824323243616917e+00
1.310928239187665767e+00
1.058645511491338675e+00
8.182583442114177430e-01
7.467230686892624147e-01
8.710613947185416039e-01
1.107639480755216788e+00
1.222292913364592115e+00
