1.795206312264395976e+01
1.136813850804440840e+01
8.807107330372719645e+00
7.404068603095812939e+00
5.660915382582460964e+00
5.013195967644572981e+00
4.604993503269506405e+00
4.298676143935146854e+00
4.049168764011074728e+00
3.836213419188251095e+00
3.648630233362249342e+00
3.479656864253299009e+00
3.324984820562082444e+00
3.181787161153785348e+00
3.048184705515555759e+00
2.922930767751440673e+00
2.805212848293863193e+00
2.694520284346984429e+00
2.590550851056447001e+00
2.493141218327648456e+00
2.402212346087300610e+00
2.317724357925162071e+00
2.239637636903013984e+00
2.167878508633757750e+00
2.102309222730236904e+00
2.042703169891105119e+00
1.988727412286547480e+00
1.939935500125403056e+00
1.895773798292155865e+00
1.855603619213768152e+00
1.818738992128358989e+00
1.784496133383780547e+00
1.752246726922283893e+00
1.721464744167262806e+00
1.691757335296897535e+00
1.662874689693304209e+00
1.634700275019974613e+00
1.607228806157507739e+00
1.580542064536166524e+00
1.554791204736787336e+00
1.530189372119414415e+00
1.507012591217540276e+00
1.485602379924671812e+00
1.466361898718785861e+00
1.449738794287796617e+00
1.436191199514564865e+00
1.426137015775545969e+00
1.419889315558171106e+00
1.417582104673272614e+00
1.419091595118497029e+00
1.423960168565480133e+00
1.431334761157298852e+00
1.439938325716392020e+00
1.448099391420659243e+00
1.453864739862135380e+00
1.455207383697020518e+00
1.450314113352649370e+00
1.437900775219554506e+00
1.417475517209932923e+00
1.389468566546677053e+00
1.355179215020912542e+00
1.316546212355410583e+00
1.275802714419761230e+00
1.235107378738777628e+00
1.196238519073145712e+00
1.160405783837076266e+00
1.128192704829298565e+00
1.099612052098449366e+00
1.074241822735588325e+00
1.051408474491743794e+00
1.030386517407604785e+00
1.010584445403511999e+00
9.916879592636271834e-01
9.199462319552389467e-01
9.221539801119383872e-01
9.300300982610725242e-01
9.616314266755046081e-01
9.830009251799324277e-01
1.004891026291283795e+00
1.023367174600827045e+00
1.033100409572307976e+00
1.027400090121713960e+00
9.983706007064718779e-01
9.369950008005994979e-01
8.327688739292534725e-01
6.806002937346737891e-01
5.133458286358119071e-01
4.422071409401285291e-01
4.488165673355490881e-01
4.491096283986003024e-01
4.493019939266951757e-01
4.638815491248527434e-01
5.636697136788779261e+00
4.449513803509272947e-01
4.434721135536142111e-01
4.481818176060675118e-01
4.479200264672945631e-01
4.684749784291385999e-01
4.349223827920329022e+00
4.424313726192219409e-01
4.431973390158773229e-01
4.479739479808510505e-01
4.469628165666899022e-01
4.604503191832174380e-01
3.570565872325338397e+00
4.430487168009674681e-01
4.420205186272217479e-01
4.472221460426502593e-01
4.471007427318326455e-01
4.543619551737049789e-01
3.015768684549350542e+00
4.400267362621320122e-01
4.380824360666412676e-01
4.459394927995253277e-01
4.479252200592948596e-01
4.419303001549929610e-01
4.427231235159704292e-01
2.586250843279350509e+00
4.317841491219614469e-01
4.422308127160604618e-01
4.456156190438179676e-01
4.428953953007027100e-01
4.429309219955172572e-01
2.237203513185543446e+00
4.321123739913796946e-01
4.387439761581111708e-01
4.447345853651690217e-01
4.503204366967298311e-01
1.944741334693642631e+00
4.355668221744254942e-01
4.341378394303270216e-01
4.360183755932626193e-01
4.487973499449498527e-01
4.319750607511828600e-01
4.359308066580606100e-01
4.557190895011771770e-01
3.989154844932185084e-01
4.147381926686424247e-01
4.707953396459673145e-01
4.639356804553558256e-01
4.890534189317438107e-01
4.969216089370102618e-01
4.338513844851526469e-01
4.369631974107575645e-01
4.449383472486901914e-01
1.290910009499822708e+00
1.478565099840375874e+00
4.191149099769479469e-01
4.325516272858404010e-01
4.245977973277680895e-01
4.585250024454581852e-01
4.638424342724239979e-01
4.681272494823138786e-01
4.767158322372712642e-01
4.757194283210582353e-01
4.829919463263364077e-01
4.355065072385226332e-01
4.403978802355490441e-01
4.277498292272648439e-01
1.125377168003505624e+00
3.864889159633052573e-01
4.033140131787292249e-01
3.515176940297227159e-01
3.275442244568230743e-01
3.578192971001508682e-01
4.183965818153382310e-01
4.826046619988784148e-01
4.781168538621911601e-01
4.757542861706131054e-01
4.630781676672187097e-01
4.581066189688057788e-01
4.587389020071656609e-01
4.627287415715266583e-01
4.644397702742620870e-01
4.689517504619936661e-01
4.605035766849905343e-01
4.340849061993298230e-01
4.574416493501947123e-01
4.648568007224926912e-01
4.674396737250230971e-01
4.731938534022999687e-01
4.857098718323397124e-01
4.759648562401195826e-01
4.384857643715742159e-01
4.369529039234850143e-01
4.364427098996075949e-01
1.030242480982021647e+00
4.155470406281704943e-01
4.121486853246903448e-01
4.211500430470930256e-01
4.506896375515650477e-01
4.629151937273660034e-01
4.569800357303929195e-01
4.551667131240522135e-01
4.570559058562119192e-01
4.591267866033680867e-01
4.597059298192047727e-01
4.580796476398035777e-01
4.582556740524394434e-01
4.598999457203608032e-01
4.622185608720064676e-01
4.651317197566905426e-01
4.646847463450862747e-01
4.733509741174062868e-01
4.338937047840642491e-01
4.296709562221959766e-01
4.553937787346664101e-01
4.679767554153996256e-01
4.677701082205160121e-01
4.734699762652177513e-01
4.891001108806486419e-01
4.815167707534193653e-01
4.341455788589043130e-01
4.581581580717326574e-01
8.147380917368237663e-01
4.132479568908799528e-01
4.120394569241033200e-01
5.885549072908733415e-01
7.178690563084723086e-01
4.434434447148262182e-01
4.146693985281348360e-01
4.559392896189828348e-01
4.598723470931867507e-01
4.599150670739830526e-01
4.627030365170013981e-01
4.650339333361915850e-01
4.921967732921466165e-01
4.983015794463923620e-01
4.364990648275825502e-01
4.367720624069462154e-01
4.563192180627572703e-01
4.695096988318170905e-01
4.682418062687335181e-01
4.756931912396473727e-01
4.872292225887225325e-01
4.950547907828816707e-01
4.327603740743319882e-01
4.351832842972885307e-01
4.576257013375823468e-01
4.492546899916020631e-01
4.491883902902911729e-01
4.118967519582716896e-01
5.955727047676733221e-01
6.692856440174340671e-01
4.268241790905410449e-01
4.199930479458547916e-01
4.315985008639890985e-01
4.445322577561393596e-01
4.534136772361079815e-01
4.531439801982710125e-01
4.569097837525478711e-01
4.396372866338171259e-01
4.477964763474622245e-01
4.455801797768393357e-01
5.498741531401173388e-01
4.665246837762368481e-01
4.332742443986062897e-01
4.768547646602806500e-01
4.341281264430528752e-01
4.397082879533108501e-01
4.570474478802993845e-01
4.697111462250592728e-01
4.719508684086422545e-01
4.866991439019764942e-01
4.880911959681230594e-01
4.369948146176371173e-01
4.393917878347562422e-01
4.487261500246155776e-01
4.492099652149870725e-01
4.447058827917445001e-01
4.692968152903037593e-01
4.318236447140738066e-01
4.498374901306967932e-01
5.203417997837245235e-01
5.577046507336710368e-01
6.160626977225185374e-01
5.141211064736060932e-01
3.930380040238172223e-01
4.404717301474018742e-01
4.543222558101882025e-01
4.598299381893862225e-01
4.603689156268321869e-01
4.560009486906033693e-01
4.538116471302890975e-01
4.518598614851909723e-01
4.584459227175560758e-01
4.575155252805364059e-01
4.567644310621351567e-01
4.452172373651007153e-01
4.438101940899326081e-01
4.450962192626147229e-01
4.714633854239583810e-01
5.442434017471045049e-01
4.463046556001584730e-01
4.295752658989477335e-01
4.284146704494193325e-01
4.602148125266512513e-01
4.699277238835475323e-01
4.718826226474066576e-01
4.364232479698744727e-01
4.403228311661420147e-01
4.605004368112001201e-01
4.817649410532687804e-01
4.630323622577802167e-01
4.790824384890961518e-01
4.776452090093522007e-01
4.370705925817358617e-01
4.395020996261343460e-01
4.440116612675958363e-01
4.460198175280353228e-01
4.468052283807127378e-01
4.675423513186894864e-01
4.961035917481710356e-01
5.789109485328964855e-01
5.617162718429000723e-01
4.491702495290731401e-01
4.048490053477387662e-01
4.051312753392413701e-01
4.179312668056774926e-01
4.326364235554940874e-01
4.327508820995933370e-01
4.460962661736675439e-01
4.480332752897493998e-01
4.447622716116967911e-01
4.500201761308087467e-01
4.588012745922631086e-01
4.560593860583125880e-01
4.443498187050340387e-01
4.408624633942719306e-01
4.468516618505803395e-01
4.476017380114801769e-01
4.420763688836195082e-01
4.731636466305707556e-01
4.366589856520007862e-01
4.663550674101311633e-01
4.688432403927771941e-01
4.698962663211174728e-01
4.382072521352469718e-01
4.418132522577292165e-01
4.597280408756413972e-01
4.825102336248205392e-01
4.687261784707943413e-01
4.910013320706471118e-01
4.538231871249701621e-01
4.893967058819911897e-01
4.372915604020594094e-01
4.429570847661428168e-01
4.401092266850416546e-01
4.489900836998246270e-01
4.500849072161088316e-01
5.621746641969181946e-01
4.387667499273269489e-01
4.432110910519985181e-01
4.038018984182506488e-01
4.366881908331686213e-01
4.659729275532013548e-01
4.834147265558153550e-01
4.403098758528902201e-01
4.465123895725369163e-01
4.453257753466537960e-01
4.452263429545824658e-01
4.444957689578117876e-01
4.486114856019596808e-01
4.588763663560075368e-01
4.712893798478781648e-01
4.786899094497493734e-01
4.437097347244066681e-01
4.483155389077893571e-01
4.459493967146642146e-01
4.441757997059903040e-01
4.823242647988815190e-01
4.423551152037628054e-01
4.323817726200392397e-01
4.704067885046157582e-01
4.676068080168748198e-01
4.668767283627879294e-01
4.677380388469884465e-01
4.402590253052062752e-01
4.438515606293761406e-01
4.663817053324795237e-01
4.596276560293760527e-01
4.353662733240372118e-01
4.424705887927560255e-01
4.725608185175960707e-01
4.848978892297838850e-01
5.022922638301311471e-01
4.406384697723020882e-01
4.444937181187582076e-01
4.324784086848940667e-01
4.536083780545595023e-01
4.429715736872972265e-01
4.457644837454545761e-01
4.403406240336716904e-01
4.578524765162557686e-01
4.734202018770976017e-01
4.694015921769922328e-01
4.606650263851575500e-01
4.537965490666192592e-01
4.832008350201471569e-01
4.443659876934630826e-01
4.473029902316347783e-01
4.604176596454245263e-01
4.866657576822315256e-01
4.463058528536996694e-01
4.631806742551340395e-01
4.633163518289753480e-01
4.657696812784044571e-01
4.673245884412438600e-01
4.445901171816794006e-01
4.489956855370696442e-01
4.509297984185219321e-01
4.918223207082785264e-01
4.709202214105007167e-01
4.360948812442373979e-01
4.664203595184237550e-01
4.646311971262058194e-01
4.683962771549704529e-01
4.416327587786316733e-01
4.455606818675130198e-01
4.671580219686887747e-01
4.681902020083222316e-01
4.417441042090097247e-01
4.392151845497203055e-01
4.734559119869952148e-01
4.804186070718296508e-01
5.058518908660089020e-01
4.424129253536604467e-01
4.426537331129404840e-01
4.386449701531452416e-01
4.243330629666800524e-01
4.262553750553393916e-01
4.589134434899458936e-01
4.529295375349681740e-01
4.495276630298446485e-01
4.596442219529104922e-01
4.624762453786270822e-01
4.746691752468035208e-01
4.443882958082375212e-01
4.456746801366072153e-01
4.477750992718882994e-01
4.696951619986430848e-01
4.752065523133034985e-01
4.622874973998246650e-01
4.450341871147463491e-01
4.331822648718317570e-01
4.601724803310907608e-01
4.617905658738018504e-01
4.628103735937067476e-01
4.768939902060012614e-01
4.450349471680453139e-01
4.440553716246427030e-01
4.500653507379863694e-01
4.470600087269104850e-01
4.549096192614852652e-01
4.746459062250062422e-01
4.323629575435439243e-01
4.647706997619949210e-01
4.628046594693118188e-01
4.686985472745874848e-01
4.424143344941218747e-01
4.478413090294960375e-01
4.675174022566932486e-01
4.643223900723934539e-01
4.697013536030154590e-01
4.405908401913499750e-01
4.758488436870463301e-01
4.788514602597067626e-01
4.964420710430960115e-01
4.353857185171361444e-01
4.605951390849228333e-01
4.265523019718877040e-01
4.416616637497662312e-01
4.497371262749613741e-01
4.580850505769775705e-01
4.595874975728324596e-01
4.598093413909515870e-01
4.562508303625112949e-01
4.452726724253078805e-01
4.496400221378780704e-01
4.519610602524815612e-01
4.543903046425385450e-01
4.608862827134163620e-01
4.342139706876955163e-01
4.597136551757798895e-01
4.625467874838978810e-01
4.612299492981417059e-01
4.799898998460133681e-01
4.433328339021100351e-01
4.441669929493586300e-01
4.516560400420281396e-01
4.497866641556814149e-01
4.857513537434756667e-01
4.548577369830364980e-01
4.307686712041589594e-01
4.262078038566754490e-01
4.635619633759049951e-01
4.594222816801593057e-01
4.673305629573848430e-01
4.453075394382415286e-01
4.463594874047278616e-01
4.495131692482344232e-01
4.613826838839688582e-01
4.607167442841763050e-01
4.471605889081761154e-01
4.412483998923802941e-01
4.793235836576405506e-01
4.797239902282652846e-01
4.836251237709825457e-01
4.414399819513696865e-01
4.432725291559956871e-01
4.407039516455786843e-01
4.439806362026505471e-01
4.532167678326261551e-01
4.613515535945918455e-01
4.578045810684648886e-01
4.620244649479662291e-01
4.599145528140378691e-01
4.563579049839315283e-01
4.529246974943705872e-01
4.547118627945624936e-01
4.626533391067763068e-01
4.520064893732194666e-01
4.534078620021127493e-01
4.562457023314519522e-01
4.795298171781803287e-01
4.048063361045042274e-01
4.387663112679751620e-01
4.597471889473542239e-01
4.634858868006741517e-01
4.638903111789290934e-01
4.412526609177154224e-01
4.415908937316336824e-01
4.620230750072620296e-01
4.586975717608455794e-01
4.644652907197677205e-01
4.425210080627168807e-01
4.535018159679284344e-01
4.570232108861105313e-01
4.419908514427310919e-01
4.819678509155201351e-01
4.796718782897154698e-01
4.417850496762226187e-01
4.443990926282579967e-01
4.524942619110085551e-01
4.490523275900081823e-01
4.620285609862227472e-01
4.643163231594535367e-01
4.521042778153577246e-01
4.574181914018947692e-01
4.590832547463883362e-01
4.793325324783869745e-01
4.689647181317451174e-01
4.301056057941459732e-01
4.629570217707584256e-01
4.611857473966040066e-01
4.625699324336911555e-01
4.733000109876710493e-01
4.347994168088121780e-01
4.340198991829892217e-01
4.599984275653428156e-01
4.582611935827632932e-01
4.604480811981080390e-01
4.472107274505060515e-01
4.795858951508320533e-01
4.806363802693731091e-01
4.830515348405872156e-01
4.435817157651482101e-01
4.419234580406076196e-01
4.481947246720770495e-01
4.507197425201365237e-01
4.579664066704029479e-01
4.616709069632777274e-01
4.598871277083516618e-01
4.664044873657539059e-01
4.621448002007078615e-01
4.547388272416524324e-01
4.598578927445293729e-01
4.634758195972164541e-01
4.628283239130948634e-01
4.222122930785938699e-01
4.570683819689941862e-01
4.593235097095346720e-01
4.470445183001593992e-01
4.354838622258577208e-01
4.769607788654980363e-01
4.737271945542382290e-01
4.949250462040307719e-01
4.471371241046395717e-01
4.469735644674956432e-01
4.476108426361460335e-01
4.478231272999230739e-01
4.554034643455574516e-01
4.620680059611405599e-01
4.664038073586405098e-01
4.658132609022879178e-01
4.640938433492268755e-01
4.860335344159681936e-01
4.580166875572271312e-01
4.642467230252158017e-01
4.633540697877127079e-01
4.621530603021618000e-01
4.630066317632481332e-01
4.714877174045787322e-01
4.609709964439415719e-01
4.573773918973300101e-01
4.306742341973781030e-01
4.566873368401638267e-01
4.534513865996749882e-01
4.725772004291300954e-01
4.727682358716515099e-01
4.825236184565497299e-01
4.488361912329674741e-01
4.494461293957928705e-01
4.477880852218636409e-01
4.491093547635012784e-01
4.563557593633274512e-01
4.594141181500407400e-01
4.666148174704153329e-01
4.615110614551728441e-01
4.616941893239349115e-01
4.625421373244787415e-01
4.756793199430143781e-01
4.604144733883564489e-01
4.622336252840786308e-01
4.458845680737631989e-01
4.512057317300570691e-01
4.646107075278205212e-01
4.574370612966007776e-01
4.642416501372080284e-01
4.534029577447646897e-01
4.549435227917801861e-01
4.720239656324596300e-01
4.771179383611475200e-01
4.666644060350167433e-01
4.495346094234012324e-01
4.509916201695356452e-01
4.484746033141873145e-01
4.517850716024055524e-01
4.656042627043755489e-01
4.674243464229364542e-01
4.592049792887820669e-01
4.591588983974174143e-01
4.669932730108256602e-01
4.597740070228755194e-01
4.591140139918591379e-01
4.646833397295355716e-01
4.753451924919210869e-01
4.519125129237272498e-01
4.628440560960542238e-01
4.596105402274248131e-01
4.539033020473033364e-01
4.543693749737232612e-01
4.587507386735804049e-01
4.802428502491853379e-01
4.694386356281985417e-01
4.771425813621877898e-01
4.504712032297670810e-01
4.512043101306694171e-01
4.438923105099604749e-01
4.464967510929436778e-01
4.637843252077373801e-01
4.663350433965785524e-01
4.576439271208582737e-01
4.639988161261457966e-01
4.253124082681919993e-01
4.599809139643118439e-01
4.614705492452074176e-01
4.503557514171789844e-01
4.620316627823171096e-01
4.611749134931050764e-01
4.552685116550135858e-01
4.541153468410694116e-01
4.448357871515820627e-01
4.576745318443602439e-01
4.428359935190022689e-01
4.649868386954713606e-01
4.571657678103150935e-01
4.596682130501314467e-01
4.561525848415791673e-01
4.550756503300279476e-01
4.517221513851112369e-01
4.519207829257847475e-01
4.388471798356347597e-01
4.423748563979360560e-01
4.620657097467343877e-01
4.657466296923856164e-01
4.451747211027628492e-01
4.442148238201172328e-01
4.573549749193880909e-01
4.601026947571282277e-01
4.598855415941055513e-01
4.664229162595303624e-01
4.520513624130314545e-01
4.599389154992563622e-01
4.621236684458699950e-01
4.539505355571211154e-01
4.530737403148226705e-01
4.522763521787516727e-01
4.513005998060232171e-01
4.442094540435803096e-01
4.505196044875336980e-01
4.519217980140269875e-01
4.582755924444201212e-01
4.580146208512340666e-01
4.570104578612659285e-01
4.521334237549731738e-01
4.523415901652277360e-01
4.444972357919047545e-01
4.438589472492070476e-01
4.502285071428084318e-01
4.614967689102802972e-01
4.702707488109557077e-01
4.675138634773068902e-01
4.424229126285096902e-01
4.806081639691347496e-01
4.472897910054005055e-01
4.735762111299428589e-01
4.597109144085462784e-01
4.620461064630675962e-01
4.544332076481069072e-01
4.534429672451948945e-01
4.577165794975983637e-01
4.513259425581361839e-01
4.316722579819059491e-01
4.609209057599211179e-01
4.600636203825795301e-01
4.630655631907267811e-01
4.552117292731092668e-01
4.526435977196590632e-01
4.527740984973019356e-01
4.569035407737496723e-01
4.524029218484844073e-01
4.500440837359249158e-01
4.564259840192698703e-01
4.589208488900785032e-01
4.547919821276883434e-01
4.526308282991605147e-01
4.538358195000627981e-01
4.581883197307987654e-01
4.641865881900298918e-01
4.689486477764642780e-01
4.768095848768669764e-01
4.531731016428381387e-01
4.533675678978134060e-01
4.454841196056891772e-01
4.482884246270043005e-01
4.669084465314968235e-01
4.760655414458331292e-01
4.497846115219321650e-01
4.331099762668191300e-01
4.815319636262148650e-01
4.607131935808936873e-01
4.548900007153838798e-01
4.491355304978674190e-01
4.603840240031211728e-01
4.566794500182378980e-01
4.554351756122505535e-01
4.743587711531620510e-01
4.554921939166312606e-01
4.534176512333381037e-01
4.569060014941311865e-01
4.559602951971037932e-01
4.377546627806743751e-01
4.427317084167078365e-01
4.493593458874945989e-01
4.605856013137255012e-01
4.654341523013386106e-01
4.514128066224116220e-01
4.524242970108135475e-01
4.540250677140665880e-01
4.549894480955942733e-01
4.496478866810987296e-01
4.540551380317029428e-01
4.584237793365678604e-01
4.577034114687817401e-01
4.534222343844024339e-01
4.532264119229612032e-01
4.474588093532783639e-01
4.609501702107979826e-01
4.743881930179307815e-01
4.849413991433212390e-01
4.531735487538302576e-01
4.552790152120086420e-01
4.402035678598917867e-01
4.414906627542189432e-01
4.676658448936538703e-01
4.755159771135871183e-01
4.398184051922283122e-01
4.402414351104132484e-01
4.672861864365003837e-01
4.679463935924055851e-01
4.513119470410674738e-01
4.519920089731033763e-01
4.544587963205359848e-01
4.547314092082413994e-01
4.547786655904003106e-01
4.718774075218689079e-01
4.591022295929856889e-01
4.537727275470370136e-01
4.559787318053564187e-01
4.568915396613924540e-01
4.475190278159768553e-01
4.448569921831135865e-01
4.583318595602760559e-01
4.662989694210513680e-01
4.505159849787431225e-01
4.556674473677781445e-01
4.503290383605381142e-01
4.519994881934449871e-01
4.552715596840352652e-01
4.594172383498751899e-01
4.501437566034777737e-01
4.541053544836233802e-01
4.509398496076239549e-01
4.591727508064808450e-01
4.712921368037224501e-01
4.760826462699082051e-01
4.522074554516132827e-01
4.566555343795463684e-01
4.378856762638959621e-01
4.390215272380335598e-01
4.658260211047677846e-01
4.709568878759975430e-01
4.424553788980644664e-01
4.728595921680584513e-01
4.507899062646127386e-01
4.565430499628123640e-01
4.561041050924878881e-01
4.565620348064672873e-01
4.586971301486085228e-01
4.566867335815593676e-01
4.561898315185959896e-01
4.553118290557375270e-01
4.561772441636961495e-01
4.444492478622661946e-01
4.416138283683135879e-01
4.552473184430331776e-01
4.606590349304981458e-01
4.601903216166294830e-01
4.561531533214402967e-01
4.504687751456756817e-01
4.534403705226431325e-01
4.552846946609939716e-01
4.508081632856440479e-01
4.473709395223489094e-01
4.545840756969112273e-01
4.585562650081217440e-01
4.529819862537027286e-01
4.564665216421573968e-01
4.560086033435633013e-01
4.758697196806399021e-01
4.706614058153657520e-01
4.509428566439367403e-01
4.564796098554443904e-01
4.426982451074806257e-01
4.398161249041159793e-01
4.432172876544929196e-01
4.666715502579864006e-01
4.722529255300012552e-01
4.759059038252004825e-01
4.482152695143429288e-01
4.425317981540791146e-01
4.691673221077397593e-01
4.726827655461472988e-01
4.507413649595753968e-01
4.522794859983921278e-01
4.544514489968926041e-01
4.590966869583723575e-01
4.563560730227770312e-01
4.493164115905857181e-01
4.626597853865094812e-01
4.576004181611483257e-01
4.474337193278559721e-01
4.463829484981409190e-01
4.474811688609899862e-01
4.561397010177837830e-01
4.659045499293965054e-01
4.518170724519390835e-01
4.500799008918233701e-01
4.577987758377319860e-01
4.547110652024357047e-01
4.513446839712175751e-01
4.499657588071040437e-01
4.563698742431208655e-01
4.568706685326592298e-01
4.594865957507655585e-01
4.528660850357851264e-01
4.562986441746170740e-01
4.570887774918037660e-01
4.706929358892385507e-01
4.637684966534145747e-01
4.677110367440002192e-01
4.532480750183157103e-01
4.563230128215117198e-01
4.423672611349937500e-01
4.449034724160123022e-01
4.760636873983192241e-01
4.821782111309382834e-01
4.447503977419817733e-01
4.390229225951316483e-01
4.715177364771669377e-01
4.737385365124351932e-01
4.518683391425976081e-01
4.537153833818724502e-01
4.603803396662694003e-01
4.487393237994297124e-01
4.531757285978166294e-01
4.556237535031324448e-01
4.551002491128812166e-01
4.494154766713633342e-01
4.521879544394094008e-01
4.565972165634922253e-01
4.566849550367786392e-01
4.493299359050883512e-01
4.509797236824573674e-01
4.595610163113024171e-01
4.544348314087228169e-01
4.518133519283191735e-01
4.517079981805157685e-01
4.524955076925241682e-01
4.552482399047038109e-01
4.605908498372733861e-01
4.482104310770017030e-01
4.547925263813681340e-01
4.559025978603312157e-01
4.583143442103062570e-01
4.630309393804764029e-01
4.657796845032162736e-01
4.553070310241679186e-01
4.383394380786887479e-01
4.386568658571246004e-01
4.652929836909848182e-01
4.689264003958534821e-01
4.783706773363419207e-01
4.374336698234081999e-01
4.465658898233524909e-01
4.736731183372721032e-01
4.680107279147182053e-01
4.525431593599683611e-01
4.528868583828356553e-01
4.550936537204171017e-01
4.623667121019111592e-01
4.537523150383073189e-01
4.451134254780216848e-01
4.485998579729340019e-01
4.563996513441235803e-01
4.528828341349753761e-01
4.693108798888424582e-01
4.425620439244030702e-01
4.523775566553632221e-01
4.581946524086565331e-01
4.558080780005501209e-01
4.525701981840701271e-01
4.527337523608953029e-01
4.565437744035660828e-01
4.550933267871064003e-01
4.464311991444916417e-01
4.550911536407070690e-01
4.573629161019192590e-01
4.556733170071463612e-01
4.637363543674405397e-01
4.642651233917043374e-01
1.162697045730276546e+00
4.352049409437849237e-01
4.388380376492296842e-01
4.644598992060638420e-01
4.409000984911138898e-01
4.739876991219325042e-01
4.672160617038754737e-01
4.536102878439453590e-01
4.538438168125316086e-01
4.582322226424599410e-01
4.461664402385657757e-01
4.456173551451979575e-01
4.527268577615825018e-01
4.525618071362035866e-01
4.553042245292007184e-01
4.501196039785637093e-01
4.543086869948906870e-01
4.583455336882085729e-01
4.513843365599681245e-01
4.454944870289241909e-01
4.578945403753420518e-01
4.579784960089255397e-01
4.555916718459964154e-01
4.652158089564224497e-01
4.667852402152525282e-01
5.600187467817856479e+00
4.339517200687857956e-01
4.311204020810040505e-01
4.601754042045991810e-01
4.538218462647192752e-01
4.531464808866307870e-01
4.591487226486686835e-01
4.554413581879102613e-01
4.453778323392678096e-01
4.438754163440621903e-01
4.640160613043973203e-01
4.582997214238833661e-01
4.521765712008077309e-01
4.489371971426301400e-01
4.585415807880690031e-01
4.527622788964784095e-01
4.507907142182027149e-01
4.647768839107613292e-01
4.644168476019692737e-01
1.727406744171803155e+01
4.374992389990963737e-01
4.372664034819366274e-01
5.033573362200846057e-01
4.596392238330443969e-01
4.567561162275479703e-01
4.457648720645781548e-01
4.609369891532288377e-01
4.530379504340150132e-01
4.450300386688321175e-01
4.413952006326559152e-01
4.542931342906373904e-01
4.662957992454235812e-01
4.536721581228973510e-01
4.543885418516025454e-01
4.701657655059484631e-01
4.536587592837003635e-01
4.679811853898574459e-01
4.561045370056123760e-01
2.765323015535717133e+01
4.492978278114013735e-01
4.074836662240057805e-01
4.695382395506783046e-01
4.722968801748653744e-01
4.507028169152171859e-01
4.568339322394391888e-01
4.579669806922625486e-01
4.184480384207941994e-01
4.496090810789357128e-01
4.456836490245475457e-01
4.510024332946661607e-01
4.565463635290984423e-01
4.704986297059826628e-01
4.561837555018980472e-01
3.151630927214339906e+01
4.591933446975947630e-01
4.474184463380232457e-01
4.608316889103526437e-01
4.711581897851445100e-01
4.446544336101115880e-01
4.551115850061823731e-01
4.561215812743233955e-01
4.395088081257837453e-01
4.664655969002919345e-01
4.456184323645106526e-01
4.543512867159945068e-01
4.533813941922888446e-01
4.709097874281962248e-01
4.565738164694896906e-01
2.765120614957034206e+01
4.477526118642395914e-01
4.412145604857950487e-01
5.001702408433450486e-01
4.572440380173654617e-01
4.560065437972592450e-01
4.526128161724326526e-01
4.633369524463957778e-01
4.575515984200307362e-01
4.431677585295432653e-01
4.420941885287871242e-01
4.545207209298833262e-01
4.584902577190979600e-01
4.537062581100975711e-01
4.488902938051115843e-01
4.697512459943283814e-01
4.503861543234391474e-01
4.684112082656760045e-01
4.647689071242385173e-01
1.727221330815174838e+01
4.435608161235297664e-01
4.483131238699397669e-01
4.650197635682645214e-01
4.536207605711813362e-01
4.538300652084648057e-01
4.610199515004030912e-01
4.601372973396820054e-01
4.446328069514266512e-01
4.450566682759606318e-01
4.642416531362267840e-01
4.555076140922375560e-01
4.521323487260723306e-01
4.542737078483941593e-01
4.583350409000838122e-01
4.511562129471592963e-01
4.530191036031347984e-01
4.585542485409948021e-01
4.552864610584986815e-01
4.650804420605133549e-01
4.670346528536752917e-01
5.599380513781441415e+00
4.440177677265250700e-01
4.469239242498885822e-01
4.609118905685610224e-01
4.725564969527384918e-01
4.398595260305167010e-01
4.466894593189061347e-01
4.717428521816772746e-01
4.665478251508249907e-01
4.537856672924419077e-01
4.555302081629395983e-01
4.556400932137628090e-01
4.453770155147568910e-01
4.476083781285163932e-01
4.536281033073594759e-01
4.706308804210706520e-01
4.529993059326489213e-01
4.524538654462610388e-01
4.560001990972033514e-01
4.500404823406440324e-01
4.526263290852580168e-01
4.580897806029478603e-01
4.548187909520544081e-01
4.462653238198877603e-01
4.557143464527044774e-01
4.578673503622143204e-01
4.555085484175186439e-01
4.654442072679665365e-01
4.644599609409116314e-01
1.162466153278901793e+00
4.458374016921411997e-01
4.517498088844940085e-01
4.578211983195541457e-01
4.739487529030479429e-01
4.626791667100932925e-01
4.373868279886163335e-01
4.384285797708005195e-01
4.724624084470507857e-01
4.729234636775677680e-01
4.536624629346610038e-01
4.548339153566388626e-01
4.534350572849946137e-01
4.641143304352637333e-01
4.565294138154222248e-01
4.442118974099105166e-01
4.515263949566844515e-01
4.576482340352379108e-01
4.579243341421949109e-01
4.541135874008030426e-01
4.426454624373729607e-01
4.510944731304662447e-01
4.612985072549976029e-01
4.545823138078856074e-01
4.524625656403000740e-01
4.523737088007879770e-01
4.563144730954978301e-01
4.603839191668264719e-01
4.469911383150902418e-01
4.553428851150845280e-01
4.574195449364649724e-01
4.583018696172762585e-01
4.639194778037158962e-01
4.659322949702921490e-01
4.550911207700704120e-01
4.487786217472360950e-01
4.476453478958200005e-01
4.682575792773052137e-01
4.686962294931514839e-01
4.435320541920899085e-01
4.409729407402953050e-01
4.714598614430053902e-01
4.724954357461879084e-01
4.533960764269861499e-01
4.562499612099928936e-01
4.604494871154870550e-01
4.563682901909213996e-01
4.641933922256432088e-01
4.546315906990365252e-01
4.594118839745504057e-01
4.563680389934556825e-01
4.582383458496946393e-01
4.488618322720881459e-01
4.473990210178990790e-01
4.576534221969855154e-01
4.668094711365033400e-01
4.494564856276448972e-01
4.502554693239790851e-01
4.596884932618299779e-01
4.548130519313118847e-01
4.516632717803865105e-01
4.497892264636672022e-01
4.515341916468656458e-01
4.550284601966202991e-01
4.592922288824340393e-01
4.485990598500721460e-01
4.567275073212250236e-01
4.560869714513446915e-01
4.572936076810380501e-01
4.631752776365855584e-01
4.678167461737385846e-01
4.560608757712322214e-01
4.444949639775929717e-01
4.404422332521221173e-01
4.438611969362956655e-01
4.600568324810395127e-01
4.642369867734530975e-01
4.649767318220780488e-01
4.460604607168265345e-01
4.403030284303781072e-01
4.697020827551831590e-01
4.735468257637985290e-01
4.529394475595161507e-01
4.588894502798651076e-01
4.541462506481098171e-01
4.587183816724971219e-01
4.586092802370590471e-01
4.462249005859745266e-01
4.534923811999253540e-01
4.559882009677065362e-01
4.477934033721602813e-01
4.419408129067005087e-01
4.463131690887636727e-01
4.569505053831804386e-01
4.606367523339923165e-01
4.520117506741551106e-01
4.506875110955770869e-01
4.578703447999828979e-01
4.553469545742037661e-01
4.511319062422075032e-01
4.472024389604715155e-01
4.561949740880550386e-01
4.583922951103713284e-01
4.567057562025899076e-01
4.530788180919775865e-01
4.532258884717967895e-01
4.564773603034836813e-01
4.707447568561083373e-01
4.707135757981512625e-01
4.638665899493459865e-01
4.529950312341631813e-01
4.562791097321591272e-01
4.378792976128140779e-01
4.409389476564665178e-01
4.606337426410750946e-01
4.709880191756327106e-01
4.376306400904325100e-01
4.690789325782299124e-01
4.532202483629091394e-01
4.573647419400760361e-01
4.566400045628644100e-01
4.725374950215190939e-01
4.567413048000422138e-01
4.544320947182218795e-01
4.522196396088213888e-01
4.549930543181885390e-01
4.559088913107186558e-01
4.451242199384988218e-01
4.458013618951006674e-01
4.553908055162868562e-01
4.663362232792041540e-01
4.610658155575014239e-01
4.564186053322385472e-01
4.507812250375395347e-01
4.534747456527631337e-01
4.557002697278208503e-01
4.505594019806004047e-01
4.517496750423577456e-01
4.544334704793882018e-01
4.592798398226406453e-01
4.540797351181123376e-01
4.569543394343219544e-01
4.598207488790297948e-01
4.758763603557208399e-01
4.760942385093304141e-01
4.507569935222038304e-01
4.564737600328060974e-01
4.387229379596125356e-01
4.455580971000632773e-01
4.643348190951774312e-01
4.738218638039494168e-01
4.371430158125427234e-01
4.299267540036099677e-01
4.685801165606970908e-01
4.622859865316414352e-01
4.542600048408135804e-01
4.635188814224756038e-01
4.548597865575969013e-01
4.551010751578077884e-01
4.746222958496395528e-01
4.554144851116192494e-01
4.580749081536808487e-01
4.527973064485787402e-01
4.547554658399340366e-01
4.543723924254824964e-01
4.485677951744425629e-01
4.506170514439566954e-01
4.581032815749538911e-01
4.650037991005764315e-01
4.527053412005311306e-01
4.550036732967294717e-01
4.500453357600190385e-01
4.537444037084285564e-01
4.551714936132921219e-01
4.576208050555642948e-01
4.500105898308963126e-01
4.529907121771035716e-01
4.516363802356304635e-01
4.617070114776701817e-01
4.712500393759414541e-01
4.848608955187308500e-01
4.520295326984188344e-01
4.550996687123446405e-01
4.420436473653187592e-01
4.452192100116966755e-01
4.650961841540920405e-01
4.676102852751866656e-01
4.460286511759787298e-01
4.381520344756599239e-01
4.831038047950066971e-01
4.488013514802566273e-01
4.578514111048628266e-01
4.795556745110040597e-01
4.522435195254251861e-01
4.563531679769651794e-01
4.616800901208667485e-01
4.555621481181647559e-01
4.556919253544864379e-01
4.545737036818576216e-01
4.551043810694399006e-01
4.558294218010955912e-01
4.395129381220362896e-01
4.628182973105706144e-01
4.439949528348112184e-01
4.599480235248729065e-01
4.542043652451952518e-01
4.516995806552122628e-01
4.530977490017648601e-01
4.540322338779643752e-01
4.523822011824283340e-01
4.492963903593401032e-01
4.560892518938988727e-01
4.583805146505672279e-01
4.547572715618336536e-01
4.530837900158270481e-01
4.534564878911547803e-01
4.483364872320040884e-01
4.650560436860779467e-01
4.742781759449746781e-01
4.766671667438884819e-01
4.530496325920976841e-01
4.532223337765812210e-01
4.386454240808511096e-01
4.359087972784285170e-01
4.389688496114088623e-01
4.648948519546627911e-01
4.694098934293326475e-01
4.706565365037259085e-01
4.395344833853190303e-01
4.822361001564008376e-01
4.591180719624023410e-01
4.589602527115041464e-01
4.530266653751771622e-01
4.519347573221738079e-01
4.515780010888350016e-01
4.332077718868205807e-01
4.586574211373746768e-01
4.606484038359274225e-01
4.620580366948909279e-01
4.529712058573983069e-01
4.534264780784461601e-01
4.568665770518280933e-01
4.512436141497164765e-01
4.496289640873589732e-01
4.515005498411422402e-01
4.589346608708953501e-01
4.580286503884278271e-01
4.520899830938451269e-01
4.564738888653767646e-01
4.586011106950335092e-01
4.689863872611140794e-01
4.530282091117383003e-01
4.522753900477967659e-01
4.354466690208961266e-01
4.377188427780965840e-01
4.666605864156441186e-01
4.714934662188338121e-01
4.406330199833171646e-01
4.228322119129211409e-01
4.558119941290774690e-01
4.598677427767343673e-01
4.590395187399586296e-01
4.677682631448836781e-01
4.518974235958517216e-01
4.581844282174524774e-01
4.593464562196225565e-01
4.543182698574961820e-01
4.544953916419588458e-01
4.522204114927166896e-01
4.576058005125778760e-01
4.438037600396925741e-01
4.646436989637856563e-01
4.501480566114931525e-01
4.583314594757809113e-01
4.562397135648176283e-01
4.548079697614609285e-01
4.520980980198306964e-01
4.518556570035257014e-01
4.337792980039529289e-01
4.399902015135913613e-01
4.695439953374945241e-01
4.741280057136499360e-01
4.566028673457271370e-01
4.651926405158908207e-01
4.621708720442794793e-01
4.583543554977509982e-01
4.626854836544871397e-01
4.542400206181559374e-01
4.600327542372019130e-01
4.576125177932280907e-01
4.556625559505877443e-01
4.542944973950642784e-01
4.447493664110583333e-01
4.425576006336231494e-01
4.572437425736693983e-01
4.588434580056206524e-01
4.597350492591499860e-01
4.769026684577823416e-01
4.517072474142011518e-01
4.512067107251213072e-01
4.356152604367869996e-01
4.413174488605965951e-01
4.729010785322686483e-01
4.699083689570006106e-01
4.538043119977015483e-01
4.704379352253968416e-01
4.563423286753350294e-01
4.573499415748980002e-01
4.595623119475181761e-01
4.570661949225122700e-01
4.772645952605232278e-01
4.515415351648162101e-01
4.607139711616983213e-01
4.553607990578923403e-01
4.537841883502726215e-01
4.544552855788475676e-01
4.721833173362900982e-01
4.801667495205281799e-01
4.665242511120042956e-01
4.692669710587860088e-01
4.505064379450421930e-01
4.510383819134047845e-01
4.335859809689338040e-01
4.326946532134839374e-01
4.346532449443535340e-01
4.709710059104829094e-01
4.743138493103071229e-01
4.751950567880524612e-01
4.525679730670948420e-01
4.760814806239264674e-01
4.567259436010791540e-01
4.574291338199498180e-01
4.607670224202186082e-01
4.449221913266030448e-01
4.690170112065218389e-01
4.627025855925292475e-01
4.598153013159013147e-01
4.643821187955019525e-01
4.567260535742254102e-01
4.549134748338556355e-01
4.535180862412228620e-01
4.769594759959202013e-01
4.823693008212375788e-01
4.496033420629273469e-01
4.495282643144691836e-01
4.297110759402587021e-01
4.329960553441823401e-01
4.702171405042135377e-01
4.772416160652067640e-01
4.544418273323721502e-01
4.507587824720391545e-01
4.548395889950069826e-01
4.543742019747288308e-01
4.553806020854616055e-01
4.554102804157978412e-01
4.612826069186520273e-01
4.607515740008732430e-01
4.598738242461616887e-01
4.606367039688356035e-01
4.220436085114860902e-01
4.570480718510562257e-01
4.590850094767379708e-01
4.306193662154750856e-01
4.354980957548705289e-01
4.723853888195526651e-01
4.947213233780863861e-01
4.726057053446759415e-01
4.489390480020903906e-01
4.470818656865376828e-01
4.290900984227679626e-01
4.336535852572103167e-01
4.732284487486098090e-01
4.801753119222111899e-01
4.533903103327778239e-01
4.752514160726121206e-01
4.550941769903042444e-01
4.353297028420172188e-01
4.580173879635049961e-01
4.715913542159477778e-01
4.616478582878474346e-01
4.342187277675472190e-01
4.567739000345149014e-01
4.600650551688831857e-01
4.465703776483760934e-01
4.468167750991405285e-01
4.767365428189137555e-01
4.828131369696797015e-01
4.735301197219439207e-01
4.472613299759850003e-01
4.420518648703865017e-01
4.297388368419579607e-01
4.368301328944314554e-01
4.777333748668115554e-01
4.758973316118855768e-01
4.583766276327544964e-01
4.702460993710509962e-01
4.592307000756582491e-01
4.562865840131707929e-01
4.724513684798121727e-01
4.576827244210016632e-01
4.869815468480457876e-01
4.501723586815210565e-01
4.622207919825673805e-01
4.631753463202779031e-01
4.601026935614181412e-01
4.611816036614406755e-01
4.352221943399721127e-01
4.415033052247446244e-01
4.597264879204835952e-01
4.640782264573632965e-01
4.579453654013437292e-01
4.416729090628621068e-01
4.793394341928642333e-01
4.794170924287252111e-01
4.804048271738405873e-01
4.437140614650131876e-01
4.445314646282447768e-01
4.378602094990139415e-01
4.362216444366759927e-01
4.303582099790575488e-01
4.770651997726968463e-01
4.782234515453411272e-01
4.785890081415409281e-01
4.597548650328119324e-01
4.593546632543739627e-01
4.584846836519883007e-01
4.618422529523075193e-01
4.518597546901280682e-01
4.548070840154021521e-01
4.534555007347971234e-01
4.690887923717103614e-01
4.156365148836574930e-01
4.436364558334919272e-01
4.595679313961106294e-01
4.800522480317932494e-01
4.630544734048200883e-01
4.415196790405868099e-01
4.504244603241686074e-01
4.555109024572269738e-01
4.258553473755939955e-01
4.617005507420195998e-01
4.669017140870777016e-01
4.584100191917247491e-01
4.425041601789014845e-01
4.613275715611547811e-01
4.538718047507180886e-01
4.577767404775275883e-01
4.613787986649304784e-01
4.413345462957592447e-01
4.816979340804220522e-01
4.833394610939700797e-01
4.419273433014725416e-01
4.408554862304245314e-01
4.553227433966746673e-01
4.616242156351784143e-01
4.751189333847255503e-01
4.786238826736176621e-01
4.535354870243454850e-01
4.679641354410315479e-01
4.587016488003581305e-01
4.471947812126686461e-01
4.718602814483661700e-01
4.506195775789938462e-01
4.523063774839973239e-01
4.726333256933302196e-01
4.398043849734389887e-01
4.605088292167017205e-01
4.776268065300183774e-01
4.630216274019674505e-01
4.613691864555585220e-01
4.441134575012966601e-01
4.559805951579564698e-01
4.448803064116712003e-01
4.522915545077134669e-01
4.865879929855603248e-01
4.754451979783310134e-01
4.300994815451906206e-01
4.316861897597891740e-01
4.628461484078432164e-01
4.681609589506113833e-01
4.591559214914219256e-01
4.453811681942900225e-01
4.676230736760776385e-01
4.463893059372819327e-01
4.494755619680171899e-01
4.702153190092299151e-01
4.472919594139685984e-01
4.409122773558650787e-01
4.790174391622240568e-01
4.961339960500076862e-01
4.794341303797368115e-01
4.416126968986239243e-01
4.607688152250308256e-01
4.434227227049622466e-01
4.552011164642991159e-01
4.590693398349319776e-01
4.889219821838052815e-01
4.787450530652334058e-01
4.588680164961007057e-01
4.932453805654303802e-01
4.587704079592928585e-01
4.547794078821492114e-01
4.493449495992694609e-01
4.658880839479425662e-01
4.491090145025689595e-01
4.504405801225697115e-01
4.844519078942721713e-01
4.959200261504949636e-01
4.488237137228875961e-01
4.507645829427079365e-01
4.601069513685144829e-01
4.672367379548470478e-01
4.621751113199894512e-01
4.635311954171638660e-01
4.458627581715811083e-01
4.522187463423269493e-01
4.448922427312695382e-01
4.514470370082200312e-01
4.484025597558499165e-01
4.719552797375841657e-01
4.354393251546142540e-01
4.645146506709517675e-01
4.681888784684896665e-01
4.624575852220030314e-01
4.423652030554198755e-01
4.671094847370859671e-01
4.478868481081639263e-01
4.647410513105900143e-01
4.684507669720906486e-01
4.398398229003385174e-01
4.755271052819685096e-01
5.055189251467288036e-01
4.785417868935402663e-01
4.355464998707290758e-01
4.388376864236990804e-01
4.396924523118258543e-01
4.357745109469461364e-01
4.465590977958928676e-01
4.979099360998983648e-01
5.138598793466211401e-01
4.344210478026310218e-01
4.496898319615994510e-01
4.436162317247427378e-01
4.572199195393814031e-01
4.625648871996522193e-01
4.507781003960203425e-01
4.537865138262985876e-01
4.536280975035203999e-01
4.529866133964153274e-01
4.618498149009037657e-01
4.634327207206295762e-01
4.787657942454828786e-01
4.632453489153371406e-01
4.667381805866556155e-01
4.448364725535990938e-01
4.442374122529306191e-01
4.498150930928041524e-01
4.929207165189222750e-01
4.834441065829352957e-01
4.316310833403221858e-01
4.663604960716252745e-01
4.675002672959587269e-01
4.645271490811694326e-01
4.416492883245370926e-01
4.664254462343899177e-01
4.455131692017063605e-01
4.594466469435071754e-01
4.424185408308674017e-01
4.431513236394193922e-01
4.730714890235347969e-01
5.018856961704010189e-01
4.800937654157915180e-01
4.426088372896680445e-01
4.326598910396169395e-01
4.428251139418736271e-01
4.374817709639539087e-01
4.593575749463305602e-01
4.844744755036567985e-01
3.504065402937136531e-01
5.252090002278707592e-01
5.459576521082304401e-01
4.807231599218194651e-01
4.516748255094089615e-01
4.494286324602069227e-01
4.650544147496491476e-01
4.571151464839242062e-01
4.538940945505517965e-01
4.482076342752707721e-01
4.500417736841163530e-01
4.712481709126288276e-01
4.430822845196476512e-01
4.412736729089068444e-01
4.481292640535902150e-01
4.459510389741292435e-01
4.744493058080225256e-01
4.416558166777913019e-01
4.360116219436653839e-01
4.703335967840702181e-01
4.698262799954267543e-01
4.675495681667702352e-01
4.667466622856409897e-01
4.402457188673769006e-01
4.598036044742977446e-01
4.438569258813064300e-01
4.683168817299960263e-01
4.357208937953424566e-01
4.537788424775375251e-01
4.721341754446234940e-01
4.891443664755543708e-01
4.844812885020258197e-01
4.408712444578534173e-01
4.403345725231520014e-01
4.447148538191726397e-01
4.451988019773593375e-01
4.693538964804275793e-01
4.402309794093855477e-01
4.482268451582079871e-01
5.003757310866993047e-01
3.538111467208266414e-01
3.234587801037468457e-01
4.629357412089636914e-01
5.154833083029429774e-01
4.785326559888187226e-01
5.178882332896076468e-01
4.629848698667526907e-01
4.567409459455825660e-01
4.507835051057930698e-01
4.585082798065907017e-01
4.472811570749528620e-01
4.516796879084986616e-01
4.595327195590721558e-01
4.579707343842177591e-01
4.393434705443362009e-01
4.696858723768760346e-01
4.457658370538151726e-01
4.467302962182462256e-01
4.477770037944577286e-01
4.279294567474943300e-01
4.664185201124150804e-01
4.720448007478633135e-01
4.688796398072033744e-01
4.380086344591840875e-01
4.604307860461723800e-01
4.418181874130804321e-01
4.822705563332040923e-01
4.775242592307767375e-01
4.907968028686509609e-01
4.375589396801521369e-01
4.442790497845557351e-01
4.432191218177914394e-01
4.523290307027278967e-01
4.524682148449347130e-01
4.458069969026722257e-01
4.838157974499950331e-01
3.726402518510582573e-01
3.307767102822898320e-01
4.770416744694827571e-01
4.681694735002046026e-01
4.670832379489275321e-01
4.707472146469777741e-01
4.683494423850765864e-01
4.621418613051220259e-01
4.582920644387462605e-01
4.546643845538075324e-01
4.600760729857125142e-01
4.591164346635515092e-01
4.414009335996877392e-01
4.415495188342541399e-01
4.415963940043118319e-01
4.431414875185846203e-01
5.455935187935078146e-01
5.508867586138671557e-01
4.291497124677794428e-01
4.330675616794379956e-01
4.600277785226393190e-01
4.767423058828111349e-01
4.699392857624110076e-01
4.362474961251856520e-01
4.568982660450466859e-01
4.401165788415459801e-01
4.815100501072732686e-01
4.878321934648317537e-01
4.627355726457691998e-01
4.788410964047303819e-01
4.373699130492845755e-01
4.490332868655346754e-01
4.398001306395049048e-01
4.526410706448650845e-01
8.160878195568929128e-01
4.595803431925321592e-01
4.652791145205404377e-01
3.799559921979981936e-01
2.952039782183882854e-01
3.908248051935852563e-01
3.937148265202335407e-01
4.695238374192117758e-01
4.817171242839395351e-01
4.737052998163684969e-01
4.679918162382532554e-01
4.645599247594537351e-01
4.415181432810250106e-01
4.728906715818915196e-01
4.425235258050471687e-01
4.987232432402176063e-01
4.663532025399272363e-01
4.339678158679655118e-01
4.563421612717842302e-01
4.394890678324877564e-01
4.694982502222913023e-01
4.948618269985180507e-01
4.717354640199037386e-01
4.865166480053389475e-01
4.373232471159519963e-01
4.580044359982635704e-01
4.397217437134527951e-01
1.032560229720210110e+00
4.630272254111867380e-01
3.934381687224722812e-01
4.462953743149097874e-01
4.555480732603832128e-01
4.414400554608209903e-01
4.600021758708314756e-01
4.735330342055226738e-01
4.599416238417240455e-01
4.626453202462681991e-01
4.649862078513493091e-01
4.925880998615841388e-01
4.361114045228969838e-01
4.552360718187187794e-01
4.364603031982230985e-01
4.693859521597513185e-01
4.814046807930709715e-01
4.680576800416625383e-01
4.755390609017074999e-01
4.870962497838756677e-01
4.331164578435721668e-01
4.585477656548945236e-01
4.355303465926795292e-01
1.127105050578855128e+00
4.159129568899463947e-01
4.035054087050132243e-01
4.136099534586080706e-01
4.184875857727780590e-01
4.441026980419973680e-01
4.579700842212796053e-01
4.613567540436246950e-01
4.563465805459326341e-01
4.581730108707720572e-01
4.600050649265779446e-01
4.603085362340890163e-01
4.584967550412956117e-01
4.585976996578262077e-01
4.601996953263636780e-01
4.624679030203656116e-01
4.653266330062836853e-01
4.648509803535352258e-01
4.337335077521711213e-01
4.572517906999743476e-01
4.293747135000448578e-01
4.678750124742344085e-01
4.758935583090045940e-01
4.676154238658346007e-01
4.733658884430484992e-01
4.890338139483746405e-01
4.345108036082406255e-01
4.368464129644304417e-01
1.292457306734420053e+00
3.865261360540991897e-01
3.544579320740112727e-01
3.289267809923992480e-01
3.537433554645131317e-01
4.110083848599492828e-01
4.864577959284472342e-01
4.858315973469262139e-01
4.794070783181841877e-01
4.641927509291560172e-01
4.587381847605789820e-01
4.593788837278536263e-01
4.632694967555356369e-01
4.648402180514333848e-01
4.693564187782792163e-01
4.339713984724357654e-01
4.245633672736676134e-01
4.648440441843093018e-01
4.830817126078820745e-01
4.673822397514433846e-01
4.731677198903012083e-01
4.856914309983674238e-01
4.388775021753710814e-01
4.281534325205050284e-01
4.373384573495244232e-01
1.479841957727307200e+00
4.190241622549287781e-01
4.146899860736779075e-01
4.325853475886182187e-01
4.583677730048011378e-01
4.970368295099056866e-01
4.635333788880556805e-01
4.680915375821667612e-01
4.768503618482779483e-01
4.758605830336407050e-01
4.359205159878193347e-01
4.453525587343402647e-01
4.408223441694366085e-01
3.989311716382087925e-01
4.708705639180690294e-01
4.641053692760438443e-01
4.891746273733090788e-01
4.342410646567942401e-01
4.561117158831938245e-01
4.373851525985360533e-01
4.323452939712092435e-01
4.491669968300055493e-01
4.363223531729105154e-01
2.237498554259160333e+00
1.945357944960783847e+00
4.359012206718589910e-01
4.506860790139122774e-01
4.344632362227571210e-01
4.363998355294048115e-01
2.586270497731732565e+00
4.324026984941454765e-01
4.432782688458438702e-01
4.390642566500982946e-01
4.451231054345443083e-01
3.015572765188215598e+00
4.320069635532111652e-01
4.430263612904475345e-01
4.425402753079251128e-01
4.460282041609534009e-01
4.432873665866644552e-01
3.570215193052457714e+00
4.402312489878597579e-01
4.545936030598609623e-01
4.382802611729795239e-01
4.462548828483113295e-01
4.483476145382588873e-01
4.422374575877018321e-01
4.348772354073739521e+00
4.431731777540744988e-01
4.605972507276611672e-01
4.421790288850511175e-01
4.475046284670902708e-01
4.474417272849390836e-01
5.636202520655972492e+00
4.425066882433880133e-01
4.685475341255315729e-01
4.432943287326779336e-01
4.481861384850465702e-01
4.472108469998307689e-01
8.806685768269824521e+00
4.449745939784376936e-01
4.640028534449586739e-01
4.435015012249989841e-01
4.483269195281946451e-01
4.481204422645285179e-01
1.136771640177878773e+01
1.795215443959093093e+01
7.403224791879114086e+00
5.659871886533627716e+00
5.012152151743400452e+00
4.604130857957299483e+00
4.298160778255949666e+00
4.049141235891529966e+00
3.836772534256677858e+00
3.649815287269719821e+00
3.481433295886477985e+00
3.327238269967830231e+00
3.184329551134542857e+00
3.050773091410673210e+00
2.925296135881344295e+00
2.807093106418438566e+00
2.695690561511442596e+00
2.590845365214591745e+00
2.492463872997755736e+00
2.400536686717223755e+00
2.315086259095313181e+00
2.236125259904035545e+00
2.163623512321289244e+00
2.097481349737336576e+00
2.037507862034872552e+00
1.983403749537643534e+00
1.934750146707953533e+00
1.891006359552182658e+00
1.851520359227521118e+00
1.815555415459393362e+00
1.782333954858425162e+00
1.751095672050141161e+00
1.721162077268965307e+00
1.691995866431098339e+00
1.663242813177175261e+00
1.634747481639428290e+00
1.606541228845526526e+00
1.578809017243967272e+00
1.551847000569538393e+00
1.526023261324039204e+00
1.501749500657946879e+00
1.479464348592585576e+00
1.459622668333423245e+00
1.442682267041176081e+00
1.429080282452144468e+00
1.419194856690544126e+00
1.413291553103272591e+00
1.411457015936126602e+00
1.413524715982351854e+00
1.419000554532706460e+00
1.427001023069467411e+00
1.436223548667455718e+00
1.444974826444539451e+00
1.451282663057555711e+00
1.453103738943456014e+00
1.448611552498426436e+00
1.436512589949015206e+00
1.416310793669750101e+00
1.388438638040230710e+00
1.354205004622618169e+00
1.315565352441858682e+00
1.274774751259196481e+00
1.234015454359737030e+00
1.195086899114415235e+00
1.159214045640652779e+00
1.126988486132449951e+00
1.098424404929298603e+00
1.073096499871531773e+00
1.050325466464403501e+00
1.029379417190756651e+00
1.009660955363968382e+00
9.908509470566495558e-01
9.218242788799291265e-01
9.195584947215093008e-01
9.297540901663823298e-01
9.828580814633074425e-01
9.614493984434242524e-01
1.004780836468342820e+00
1.023281826633576808e+00
1.033030813797641390e+00
1.027336099979100803e+00
9.983013118509000972e-01
9.369087805564223492e-01
8.326528344633190581e-01
6.804455776038940140e-01
5.131726635955292659e-01
4.421786959767135539e-01
4.488546395432644331e-01
4.492326080768446750e-01
4.494583604601313787e-01
