1.798698691094357116e+01
1.138621507767825669e+01
8.820063518749961418e+00
7.410727563635338910e+00
5.661567505417965052e+00
5.010656256465428449e+00
4.600191681438920099e+00
4.292177121149107322e+00
4.041416341789227928e+00
3.827596549910303292e+00
3.639492213894648831e+00
3.470283707138456020e+00
3.315589288823075353e+00
3.172499105785519191e+00
3.039053329359729716e+00
2.913939321192243082e+00
2.796301947754359585e+00
2.685613723192182611e+00
2.581577955656542134e+00
2.484052017430434134e+00
2.392984878477758759e+00
2.308366033995334465e+00
2.230183825541360410e+00
2.158391245752087517e+00
2.092877492610167867e+00
2.033444224999886529e+00
1.979786725902293432e+00
1.931481776301060105e+00
1.887985521525880062e+00
1.848645326515448772e+00
1.812728861229116140e+00
1.779470952757248980e+00
1.748134260135233875e+00
1.718074747457624563e+00
1.688799333423528948e+00
1.660003171590858084e+00
1.631578763840699331e+00
1.603597309413552052e+00
1.576271051481290320e+00
1.549910103880554946e+00
1.524886153798927113e+00
1.501609282167300830e+00
1.480516091233954112e+00
1.462061092239428373e+00
1.446701158321097580e+00
1.434864755117582158e+00
1.426901880158232050e+00
1.423015181847384625e+00
1.423176703288791867e+00
1.427038790068954288e+00
1.433853458421097571e+00
1.442422601213448452e+00
1.451109459144385827e+00
1.457943214930022435e+00
1.460834550820667044e+00
1.457885833907198725e+00
1.447733322338758954e+00
1.429823610327131345e+00
1.404529586550418152e+00
1.373061637815462976e+00
1.337205492871782253e+00
1.298977238564034797e+00
1.260297987856786595e+00
1.222757655102661989e+00
1.187487740331661712e+00
1.155126897715361478e+00
1.125852307088497595e+00
1.099457307840336684e+00
1.075466136320012867e+00
1.053278621143651339e+00
1.032329801092574328e+00
1.012238607359172704e+00
9.929155116310278695e-01
9.233164427512813299e-01
9.266803686296438691e-01
9.356427431726711541e-01
9.683786127512554742e-01
9.892710796487365066e-01
1.009561884824190070e+00
1.024970692781890014e+00
1.029865766212719302e+00
1.017370464916856454e+00
9.795511671165255674e-01
9.074029657439827146e-01
7.903152988000844426e-01
6.252720033340409822e-01
4.573624447168486706e-01
4.466880612244952808e-01
4.503265562854657511e-01
4.510190439155445374e-01
4.497572347276969085e-01
4.603498085983520061e-01
5.643190745285933119e+00
4.447000136536672366e-01
4.471201242595846392e-01
4.503904444433023402e-01
4.490541735435710780e-01
4.500914775429899484e-01
4.353995809354191948e+00
4.431869556515619646e-01
4.469692796050562245e-01
4.497041393423084066e-01
4.475029319412915929e-01
4.495157204289660369e-01
3.574947409010489796e+00
4.407266559333660183e-01
4.464783436437348429e-01
4.493114605948457796e-01
4.472187846754561713e-01
4.435156191157916261e-01
3.020285282017075357e+00
4.394368801564298432e-01
4.448339653692486850e-01
4.470800957562662270e-01
4.456278257470445148e-01
4.514710817145758392e-01
2.591135301585941519e+00
4.392047051176232730e-01
4.408514046246853058e-01
4.467213800213793440e-01
4.471608706709062075e-01
4.585760749483723253e-01
2.242517189670620859e+00
4.398153889167168429e-01
4.362224225783238318e-01
4.443845505815974262e-01
4.417729265754503087e-01
4.442677312022003666e-01
1.950401364496561873e+00
4.350960701550973808e-01
4.416103525823823484e-01
4.397580664183880494e-01
4.350783964818473737e-01
4.381310642365979224e-01
4.422189415874229756e-01
4.381010617824203091e-01
4.517660632174484436e-01
4.274597819795603049e-01
4.852604825860351578e-01
4.836143142759090074e-01
4.843380861946755545e-01
4.399172285622213185e-01
4.403103098402820215e-01
4.348151525771656312e-01
1.295420583495019651e+00
1.484015033815459850e+00
5.917384443161277652e-01
5.807381680065339946e-01
6.176452931415455927e-01
4.488216964662413155e-01
4.521570033563082625e-01
4.347382277916583271e-01
4.578339774891730385e-01
4.564736923041260441e-01
4.621564806032976702e-01
4.695882515039552785e-01
4.780186201066515261e-01
4.720268078544402335e-01
4.384678290137652978e-01
4.525561007254969570e-01
1.127985746264812406e+00
3.622454369754888326e-01
4.080143025181225958e-01
6.144208145851708380e-01
5.848815736814981792e-01
4.930701440848981876e-01
4.332063473172605983e-01
4.224727671229742687e-01
4.336816580894893858e-01
4.509929999566893444e-01
4.591530997262766034e-01
4.621002097225326843e-01
4.636066417081864399e-01
4.665320560758984270e-01
4.607158368302732288e-01
4.620277280034978951e-01
4.264274567953620365e-01
4.562529272160609217e-01
4.629132689360561104e-01
4.613193781969977536e-01
4.634839920179171791e-01
4.780940821605519364e-01
4.728837341904272296e-01
4.368494744991894274e-01
4.294363352436270098e-01
4.597943743325211274e-01
1.031271610955086349e+00
4.910496907484915297e-01
4.840636036030052103e-01
4.638851483477398063e-01
4.579709318889534364e-01
4.534908378155110831e-01
4.520907800998729131e-01
4.519024641906272954e-01
4.528167122873365535e-01
4.541766025565566189e-01
4.560487074317295386e-01
4.575918321555458301e-01
4.606824013594638667e-01
4.628196732872417729e-01
4.695702293495540025e-01
4.640978275930008889e-01
4.382273627851234199e-01
4.407580571457287988e-01
4.560605341220231312e-01
4.687725213207747377e-01
4.598789711521831802e-01
4.667225361256359117e-01
4.778576918935968920e-01
4.746384186141642259e-01
4.353467413835858668e-01
4.395559994386155078e-01
4.530756410397378531e-01
8.058270810368873827e-01
4.502431148790889681e-01
4.538751973557058061e-01
4.207429246594777128e-01
4.453592769830992393e-01
4.453517944872658063e-01
4.447254575775267393e-01
4.631589378134506330e-01
4.600693968413437918e-01
4.546268160058534180e-01
4.556935624449603983e-01
4.591093042068407626e-01
4.606777385272503578e-01
4.609342905396544565e-01
4.381277073243673992e-01
4.442166987337664574e-01
4.468274389774739008e-01
4.727077102604302916e-01
4.677781571831232110e-01
4.650481511719833372e-01
4.855497432132566682e-01
4.822093083052094165e-01
4.384225604110624230e-01
4.432054662074907392e-01
4.391291320312097901e-01
4.543342698787061207e-01
4.544970395841077537e-01
4.453890108265831649e-01
2.750172399982835358e-01
3.257561854544033797e-01
4.462407889305217701e-01
5.119132000336062971e-01
4.818149238232540821e-01
4.636828714320887501e-01
4.608004735071016267e-01
4.593664692121026683e-01
4.664054345371950183e-01
4.456735973950146090e-01
4.497006341865997792e-01
4.779860940603846697e-01
4.603697471500406979e-01
4.600573514528303321e-01
4.487076583958239939e-01
4.615218173600768581e-01
4.406534055527459026e-01
4.454108882614993270e-01
4.333480574349312664e-01
4.704244172969050397e-01
4.644374648101431413e-01
4.731592375558271724e-01
4.761045202764226936e-01
4.893666630491109726e-01
4.426711026642808355e-01
4.449701160222533369e-01
4.353526575324242476e-01
4.540844182964096087e-01
4.496045226541527939e-01
4.603127309054517724e-01
4.838190670199151167e-01
4.978830172386594644e-01
3.886638375893603503e-01
3.850562986942648314e-01
5.289120999871324003e-01
5.746016652354782872e-01
4.590165900322635273e-01
4.592987383711817917e-01
4.582817651278759952e-01
4.578172080141896250e-01
4.586956522868027575e-01
4.602456191347488179e-01
4.633699351845242398e-01
4.666650474625458345e-01
4.728474425864612196e-01
4.443864768723104208e-01
4.490965185494288359e-01
4.498213568805517482e-01
4.558725302400690738e-01
4.637962101642507107e-01
4.392765212101896743e-01
4.304867827652535395e-01
4.574697829560280260e-01
4.698126327823435866e-01
4.780352714131565484e-01
4.419973537748603243e-01
4.453946986880923387e-01
4.382459403059058567e-01
4.648115753495997704e-01
4.692374472938138918e-01
4.732017856019757884e-01
5.026629569625868932e-01
4.440160897542452800e-01
4.439263908913201884e-01
4.382667963765872754e-01
4.479001127407662985e-01
4.444767211053007872e-01
4.595955871856578501e-01
4.732567369073601427e-01
3.311673331277378840e-01
3.340608513036539273e-01
4.625602199771729484e-01
5.162871824497849982e-01
5.370827543340882526e-01
4.872142873915891181e-01
4.603531509889076667e-01
4.535113789874395951e-01
4.611678353459942037e-01
4.730921670807895496e-01
4.713182708902080020e-01
4.680752737090105864e-01
4.724103502220304285e-01
4.747261498890776865e-01
4.620537229972835891e-01
4.445473714327743964e-01
4.502134665506482003e-01
4.485284907165334456e-01
4.462697849297618258e-01
4.846184729221731935e-01
4.368144930945884186e-01
4.632982404525342601e-01
4.655968699569814073e-01
4.717939804442226048e-01
4.424915155315427007e-01
4.451695211497240234e-01
4.403336748158039882e-01
4.782484710534490868e-01
4.477718014010519387e-01
4.428147494356230451e-01
4.438416278872748255e-01
4.386845367646546867e-01
4.367651701266709874e-01
4.385479668681732668e-01
4.411361025329166297e-01
4.605854406782230459e-01
5.074128134941112700e-01
5.071027563840277974e-01
4.753408401578880227e-01
4.463487338443304919e-01
4.408738579454608564e-01
4.497424365949973524e-01
4.547012067530816770e-01
4.745888870752503208e-01
4.623471006778603898e-01
4.496130485159532397e-01
4.396231173897660605e-01
4.574929566668251568e-01
4.706058856369936261e-01
4.463769408264383620e-01
4.485452540703752655e-01
4.635827283002585397e-01
4.838353474651526098e-01
4.690591168688711399e-01
4.387357397103595624e-01
4.354031180913158217e-01
4.615479723117410504e-01
4.644128478469236043e-01
4.577903245091349826e-01
4.421023794238254090e-01
4.450371361081463806e-01
4.472831014607902556e-01
4.596342846786310998e-01
4.574521627710739780e-01
4.455590137875859447e-01
4.659177600285009380e-01
4.824631503966294033e-01
4.938049265426074919e-01
4.441238811509313211e-01
4.457746120550779567e-01
4.451796957344615890e-01
4.513445781447992244e-01
4.956144394835343969e-01
4.793622808460792362e-01
4.228615604185850807e-01
4.392778789942842765e-01
4.571767001618262660e-01
4.626209182484699589e-01
4.842005696479496080e-01
4.499793682758602698e-01
4.515625740041097624e-01
4.531551850499261347e-01
4.695884855222933196e-01
4.877001375176844844e-01
4.461949869544154512e-01
4.330864074933901686e-01
4.451447518145464355e-01
4.517464251657214436e-01
4.603513366016697694e-01
4.744348822813604372e-01
4.445420412605094462e-01
4.467385393905622393e-01
4.441989648967447080e-01
4.577705241361114119e-01
4.744073231439602800e-01
4.379343976294591267e-01
4.611873777069522840e-01
4.637055360746730193e-01
4.673372385221150616e-01
4.402367311044158016e-01
4.449095555363670740e-01
4.518298166582698783e-01
4.621726823326435807e-01
4.419480598069152055e-01
4.466675485219094854e-01
4.652556174991198668e-01
4.769884047413351369e-01
4.840044649944493793e-01
4.431268826252918180e-01
4.401474354930323130e-01
4.651198481643035176e-01
4.494581376362039027e-01
4.588132927421676444e-01
4.744120812296250822e-01
4.738939919593915806e-01
4.570306826968960068e-01
4.560869837958968498e-01
4.532465575349691189e-01
4.591120810434573540e-01
4.481723780381898781e-01
4.501856176835897227e-01
4.501582470939757830e-01
4.721283066626368319e-01
4.786958342532592336e-01
4.716287191019620240e-01
4.445936569499635560e-01
4.541612416600820934e-01
4.572895350674342496e-01
4.573675377899715788e-01
4.720266953392167064e-01
4.444775837544988617e-01
4.463475950541890835e-01
4.496494668933510575e-01
4.469038183254578356e-01
4.490664059119218732e-01
4.761127614477082548e-01
4.760936279642821178e-01
4.473095467236573586e-01
4.292523097739656124e-01
4.621276742321872577e-01
4.631295299877474791e-01
4.631657564884956169e-01
4.416332481412247879e-01
4.443129567488847131e-01
4.652030822793551401e-01
4.653692281443282397e-01
4.643119907230389143e-01
4.429371286621457959e-01
4.706044850548258274e-01
4.750674762923430827e-01
4.836899804690167337e-01
4.380684668739025511e-01
4.434658199680298618e-01
4.488880129961813070e-01
4.586439171450243935e-01
4.429363632943819629e-01
4.488314636008474134e-01
4.718877088437680167e-01
4.746894029892442246e-01
4.671149408747453102e-01
4.530984300646874741e-01
4.575658110195613970e-01
4.612143178347185568e-01
4.468145718011054535e-01
4.514085755885473006e-01
4.524601441998887807e-01
4.531051858277886923e-01
4.847510669488693802e-01
4.433364054591188430e-01
4.534479999419188112e-01
4.597111749781359613e-01
4.594751397198594822e-01
4.615880051500558801e-01
4.437097784424185454e-01
4.474255959281931982e-01
4.501661173740033051e-01
4.497819078807225313e-01
4.506720305083643519e-01
4.407120628378591864e-01
4.627000287441067061e-01
4.622731721568745789e-01
4.604036253766209952e-01
4.409418273138543398e-01
4.468626833691825562e-01
4.443162889706869234e-01
4.529764753207301542e-01
4.710143201227766085e-01
4.458669156355571928e-01
4.397520261049223111e-01
4.699338795079864295e-01
4.733575016518749567e-01
4.885452197655991147e-01
4.440140665947369669e-01
4.536698068762460290e-01
4.362634508544093737e-01
4.391253829921697438e-01
4.721951510217440307e-01
4.785341831077919439e-01
4.608376501669781411e-01
4.613854089359827326e-01
4.610205328523462320e-01
4.751255995828799761e-01
4.503623254463857695e-01
4.531145379454246669e-01
4.764977108943940776e-01
4.923594684064039328e-01
4.250616235255959552e-01
4.463113522861797966e-01
4.568350448441280132e-01
4.614816305208373493e-01
4.610382313440957724e-01
4.522109509570387265e-01
4.456300654704569708e-01
4.629969343960878003e-01
4.613480809861951193e-01
4.609020339847779701e-01
4.445171566570991772e-01
4.634007450000020012e-01
4.610505646191807583e-01
4.408020774448022094e-01
4.682065549135588922e-01
4.712219221569032279e-01
4.952232770066483658e-01
4.426905755169815437e-01
4.469527101734440677e-01
4.392799884685364975e-01
4.331665131023642035e-01
4.371401731846535910e-01
4.710156417257740924e-01
4.756973522956854383e-01
4.605437152894382713e-01
4.588844916625522408e-01
4.526674680820318986e-01
4.638094356973515575e-01
4.852486991437518493e-01
4.526751741627395575e-01
4.586627070832612341e-01
4.585853261380433143e-01
4.589481159284354850e-01
4.718035660859869473e-01
4.475969894106991975e-01
4.304180550565683272e-01
4.629196133115041634e-01
4.613224905515570518e-01
4.613051018696984196e-01
4.395237134702468240e-01
4.454630340893653839e-01
4.671693206675679999e-01
4.673829482216665387e-01
4.954890155881661040e-01
4.455445061821742270e-01
4.447579372404730780e-01
4.330694586560047687e-01
4.346094590438076000e-01
4.681668505726074292e-01
4.729149837269952528e-01
4.508851466785584461e-01
4.529072875418554966e-01
4.550709542406029540e-01
4.532853849503946098e-01
4.564697354076593938e-01
4.613069467068167118e-01
4.700148056504640515e-01
4.459122165005078853e-01
4.617611509516216239e-01
4.607292431172675951e-01
4.664605671357401340e-01
4.323044848888427105e-01
4.772151170544302046e-01
4.724499641008840789e-01
4.745845930497382126e-01
4.477180971010299992e-01
4.454164502340541287e-01
4.371285493662401822e-01
4.358816543604722704e-01
4.420617142016306511e-01
4.680256794739505732e-01
4.743072361595579989e-01
4.701967058602687932e-01
4.496582405087520828e-01
4.521328542421629848e-01
4.520860416997684039e-01
4.689359368540180761e-01
4.551578087749799106e-01
4.653213818759386888e-01
4.585582440198024967e-01
4.604579773167956080e-01
4.677747539591002313e-01
4.508684102745787459e-01
4.565743527126053802e-01
4.313672766670208492e-01
4.542002920121837040e-01
4.546363376917600951e-01
4.756319041242426660e-01
4.691857523803377727e-01
4.470988678362846080e-01
4.493806129019891626e-01
4.372732812076314257e-01
4.413286619710960479e-01
4.706738620368400849e-01
4.760927434188207963e-01
4.513121229069471108e-01
4.538687383853266533e-01
4.684184773001191515e-01
4.531561434046860182e-01
4.590790949331994275e-01
4.576752254375373585e-01
4.616163225214713339e-01
4.512460986922762762e-01
4.572405100779038389e-01
4.583730863162765456e-01
4.547624234081735772e-01
4.585909969978113065e-01
4.511063862541563330e-01
4.511275590963934601e-01
4.596454981672716822e-01
4.730301764394783670e-01
4.689004490462340136e-01
4.834988148077482006e-01
4.487693906934300259e-01
4.504015237387822834e-01
4.353380404184956087e-01
4.388925929555036465e-01
4.707044077615430422e-01
4.724440805032536495e-01
4.528386598201660784e-01
4.558572825280194363e-01
4.620841576663648476e-01
4.557185522669393030e-01
4.628182421229143362e-01
4.745924739336093712e-01
4.507529901502520531e-01
4.578611339928916890e-01
4.559173873177538305e-01
4.529737445127398066e-01
4.482798250903698989e-01
4.544259073760198997e-01
4.712058769797384250e-01
4.743337341326160361e-01
4.854731570090368709e-01
4.498948396732525001e-01
4.509060973932635386e-01
4.355674417345266058e-01
4.359578887791316637e-01
4.679838822962977263e-01
4.687183740590891157e-01
4.555274899380457043e-01
4.632385033526606466e-01
4.183537571493505247e-01
4.560016034617018765e-01
4.572247738082962920e-01
4.505053154843039476e-01
4.565018490743549817e-01
4.562336078739274159e-01
4.540664732445807705e-01
4.525180670288876383e-01
4.498663780645995036e-01
4.566034113450305187e-01
4.491298891941433724e-01
4.617955208352959584e-01
4.537394410491586427e-01
4.549110030773907964e-01
4.530653951404751689e-01
4.557217065201331629e-01
4.510240957758140934e-01
4.514596465901236089e-01
4.389032803533925997e-01
4.374745892588239871e-01
4.433173674914225870e-01
4.662934038252246616e-01
4.705362023848659869e-01
4.694966244395754607e-01
4.332163002257514717e-01
4.553740835162550793e-01
4.556426435780865924e-01
4.591459102644010470e-01
4.630990885129175894e-01
4.521827099678101813e-01
4.523117669141994979e-01
4.500950132509755064e-01
4.522492634860690863e-01
4.558480859410876107e-01
4.587437003813080727e-01
4.575085969457005075e-01
4.528038557332921266e-01
4.520939099437159547e-01
4.514573220128875741e-01
4.520973291271247474e-01
4.499883160804741822e-01
4.513386990532782805e-01
4.549645847239277008e-01
4.545879262576431046e-01
4.532442930723366570e-01
4.559246700259548812e-01
4.516346135438444320e-01
4.521200754434119284e-01
4.404304914349910227e-01
4.441543580594209950e-01
4.694113641940239057e-01
4.756053314657111009e-01
4.348770420275623327e-01
4.352686198446953925e-01
4.555737027423554242e-01
4.590825765687068238e-01
4.536348890211839846e-01
4.544499590433794256e-01
4.560820758488316473e-01
4.462513065930902023e-01
4.575360443849746384e-01
4.585263079587546531e-01
4.591109404653694326e-01
4.499384868561159267e-01
4.520689565079168970e-01
4.559697049867982299e-01
4.515753675872373196e-01
4.512281039818787920e-01
4.555695093543521423e-01
4.549640189429882131e-01
4.521395087652507749e-01
4.535693273668829351e-01
4.520559742072187137e-01
4.562346115783989520e-01
4.624553743602419775e-01
4.787567715884719632e-01
4.636512579595141181e-01
4.518747305720491325e-01
4.533634561243512495e-01
4.374310498026007243e-01
4.398932077642970229e-01
4.696112929947554027e-01
4.702905764180769221e-01
4.371310198641497058e-01
4.346589576234339281e-01
4.690504319939966527e-01
5.019858897327701408e-01
4.513717173008131578e-01
4.434541336527181299e-01
4.573795677658429870e-01
4.549226291813469603e-01
4.528594129906000632e-01
4.682401796773094649e-01
4.546731242107616699e-01
4.519643415199945391e-01
4.553072933261648747e-01
4.546336463455542543e-01
4.441475992360357505e-01
4.454944471389715721e-01
4.540996748846573006e-01
4.588229309077798690e-01
4.598244718383001639e-01
4.498952847502515340e-01
4.535426183718410664e-01
4.534429893372379228e-01
4.518236172336318468e-01
4.529545523782033123e-01
4.549390953033178864e-01
4.540982850160565354e-01
4.533470953961827865e-01
4.533205587226327715e-01
4.441475402213559409e-01
4.589575435552540328e-01
4.714813475639442752e-01
4.710889382390534563e-01
4.514803110119977037e-01
4.545642131918749551e-01
4.389831550890196943e-01
4.343784485788855232e-01
4.650615656619020988e-01
4.691655973096609533e-01
4.368353644874600206e-01
4.771073142454998472e-01
4.903799023332988671e-01
4.484110357245288947e-01
4.485839201331602855e-01
4.537736881963165825e-01
4.511700110190379198e-01
4.517887984558516257e-01
4.663654091935852120e-01
4.567333764332774937e-01
4.528160548152868614e-01
4.550482327346027089e-01
4.553408615058008868e-01
4.464242613764863865e-01
4.485102527654845628e-01
4.561216191661675023e-01
4.605502068232719681e-01
4.525173636676327882e-01
4.489610869272300797e-01
4.549814338438619710e-01
4.522437048116033087e-01
4.533858999590111294e-01
4.528593149955111863e-01
4.558936928361100316e-01
4.497121415931552568e-01
4.535892858804776995e-01
4.485714471377061363e-01
4.569975802861327430e-01
4.678761394038503107e-01
4.734806082165272656e-01
4.510698073002208375e-01
4.554637019570080825e-01
4.416487253005876301e-01
4.404045316628946161e-01
4.417307560710496683e-01
4.613026693482777940e-01
4.689983983838336146e-01
4.659987820846464568e-01
4.435471580124264457e-01
4.390573350402949826e-01
4.871163672522154098e-01
4.813790874836952893e-01
4.478553636458700860e-01
4.514847677290054762e-01
4.518125193166170894e-01
4.533486307061764808e-01
4.571755794268042017e-01
4.550534610657648305e-01
4.561756014745375065e-01
4.543760720464423142e-01
4.551279039331271314e-01
4.471398272404991103e-01
4.454012038890268754e-01
4.543136871448119063e-01
4.575802058969107300e-01
4.602541973314623336e-01
4.531922414376118313e-01
4.483649055419867691e-01
4.538133086138951833e-01
4.548693608151354040e-01
4.513949967077181546e-01
4.495377797401165498e-01
4.522044583268796658e-01
4.549214599737714249e-01
4.519782972231988771e-01
4.531904556457793110e-01
4.535558485366966708e-01
4.693489202807004657e-01
4.714153604729744984e-01
4.502971907871297086e-01
4.552074286805260495e-01
4.423250110003742464e-01
4.473474008871513585e-01
4.629574260018859966e-01
4.734737420797174301e-01
4.428760496361550669e-01
4.354853962657351252e-01
4.824668884531844171e-01
4.790821261499733086e-01
4.492206348888723721e-01
4.505990373852242215e-01
4.521393420186664569e-01
4.541014702744131104e-01
4.519130943404983114e-01
4.500273716361954390e-01
4.606874785435437492e-01
4.554390136695349867e-01
4.483585362843146571e-01
4.483250130348747642e-01
4.511513189857193629e-01
4.549906366286546877e-01
4.638769974710892918e-01
4.504202760588419951e-01
4.491166580753537807e-01
4.572975118380528392e-01
4.542898409030028950e-01
4.544640934815054600e-01
4.517287498769421705e-01
4.547753108563229452e-01
4.545172173070960997e-01
4.565256077107229804e-01
4.512871274713606828e-01
4.545368725959966216e-01
4.547062219954255413e-01
4.701285567368375107e-01
4.696814804057000692e-01
4.514751954024234792e-01
4.545388436219265360e-01
4.415811370167343486e-01
4.406340621953192538e-01
4.638725297845843198e-01
4.680886234990575545e-01
4.394599239295521320e-01
4.404113462814816526e-01
4.757089108008195066e-01
4.708380856436055750e-01
4.494445124996363505e-01
4.506282788619405677e-01
4.552235698301817513e-01
4.530078128846647956e-01
4.525284105391446099e-01
4.543539737054887451e-01
4.535919218696339850e-01
4.474189469233429972e-01
4.504940183281166410e-01
4.550496681435987623e-01
4.565580578848242310e-01
4.422587917004853764e-01
4.503396341353395615e-01
4.587216241457675592e-01
4.532890153020325275e-01
4.525310530722091995e-01
4.529433907125001713e-01
4.513969525628689916e-01
4.547181405483827210e-01
4.563779364775683023e-01
4.478746021817005540e-01
4.539866557711296768e-01
4.541360055695036202e-01
4.550173818792627167e-01
4.694895110844360953e-01
4.640008513084275532e-01
4.656275531295669401e-01
4.536935271714804818e-01
4.396522560389092837e-01
4.423426270033857799e-01
4.601890559264619207e-01
4.560792177978175155e-01
4.789491727529402998e-01
4.346993289274806993e-01
4.530134036042601231e-01
4.710625239291353350e-01
4.632921768301435095e-01
4.503949399089109407e-01
4.528147380713960501e-01
4.525360061730424044e-01
4.593284793945384137e-01
4.531114372932683043e-01
4.450131334619994994e-01
4.491405335045118852e-01
4.559675107670413952e-01
4.541837599406779447e-01
4.663917436593840171e-01
4.422803246092731899e-01
4.529633994571081734e-01
4.579360010114651991e-01
4.545633623467841278e-01
4.519912287077679225e-01
4.523287867207860247e-01
4.551545001168598725e-01
4.552757346130952842e-01
4.461629237678375604e-01
4.540830110749539683e-01
4.549766399773974568e-01
4.541386369582987026e-01
4.614819724838674642e-01
4.628638924991869130e-01
1.162728301810026066e+00
4.367504003902602516e-01
4.369881858040857714e-01
4.585919226508821667e-01
4.516594522773447751e-01
4.713547615840281146e-01
4.508901224443285782e-01
4.518015319645586336e-01
4.515302658595542473e-01
4.453516923968757202e-01
4.445890218937062488e-01
4.525909549708774793e-01
4.518156226921792307e-01
4.538381902481509744e-01
4.514973240115907060e-01
4.515343973110103049e-01
4.556623826580905590e-01
4.544230261770255130e-01
4.474597250957420558e-01
4.532274967794135967e-01
4.545409849192122986e-01
4.536022811882421957e-01
4.605748501137513218e-01
4.614519031888426603e-01
5.602070108196846476e+00
4.386279489888555427e-01
4.348775603083450125e-01
4.349967266926600407e-01
4.830903275129557195e-01
4.669903211139879717e-01
4.526425531159476989e-01
4.476631126346881095e-01
4.602022490616566319e-01
4.580675688633377152e-01
4.458693993886165829e-01
4.441948707216441528e-01
4.450356514056081902e-01
4.651010530891230843e-01
4.578143022735755019e-01
4.524137973308224314e-01
4.498590232527033828e-01
4.567127249084451113e-01
4.539182538419581081e-01
4.507291591705926970e-01
4.619441805790210354e-01
4.621018307275485681e-01
1.727769672018806801e+01
4.294893700861082686e-01
4.336648220895724659e-01
4.857753508308838009e-01
4.663265441759401053e-01
4.544233786306975387e-01
4.469030328995605150e-01
4.541373628926423378e-01
4.513488924503423760e-01
4.363064783368307831e-01
4.477935294814596179e-01
4.482318447152500718e-01
4.664141236592718731e-01
4.519325102182985554e-01
4.524449101565646281e-01
4.628808046543863020e-01
4.516869138419479235e-01
4.640505852831140476e-01
4.577377018866862213e-01
2.765508568776766651e+01
4.294097981111053008e-01
4.660352445621389061e-01
4.679626476393154988e-01
4.516573285093352652e-01
4.547422662296368157e-01
4.499297632900248201e-01
4.557122940558790969e-01
4.519616659565151573e-01
4.477202463677794619e-01
4.547944542805507639e-01
4.643134443581589110e-01
4.549511316223894819e-01
3.151660748505103271e+01
4.341729696668598093e-01
4.697799479068966444e-01
4.675639961793437993e-01
4.465442931872210530e-01
4.505178626928466046e-01
4.486348145153367661e-01
4.660133444308754425e-01
4.519848534597301626e-01
4.525638243473403821e-01
4.517306055959671163e-01
4.641847479057110704e-01
4.576105176851079093e-01
2.765530718073987870e+01
4.301111329063579958e-01
4.353872116210033005e-01
4.903316029089281325e-01
4.713939611843985245e-01
4.540007141288114889e-01
4.472190601111226127e-01
4.531210333171563631e-01
4.570831652724203220e-01
4.368723707825099556e-01
4.458449350623888696e-01
4.480614196328130960e-01
4.576833448493422551e-01
4.520375649233678295e-01
4.499461047186185114e-01
4.629309135188935942e-01
4.507878182399270850e-01
4.639129625339316609e-01
4.619808705739672505e-01
1.727788010628867355e+01
4.391332218972807677e-01
4.375453636462330320e-01
4.353402775028188953e-01
4.864687045712089430e-01
4.744916908923974552e-01
4.520748258083707727e-01
4.511320485924827928e-01
4.593947549020259702e-01
4.507551748176010786e-01
4.465545355208362932e-01
4.452851168236763857e-01
4.448559140858794336e-01
4.649124376756982868e-01
4.535854350118105893e-01
4.524671457447466683e-01
4.515050686912990829e-01
4.567385559318354327e-01
4.543870884360178275e-01
4.538788238475363612e-01
4.531160329373776219e-01
4.535651487344762867e-01
4.618521292839348202e-01
4.613635787754798434e-01
5.602110042571069926e+00
4.371851131930915568e-01
4.427557704117501824e-01
4.575719356417466965e-01
4.792635433764996233e-01
4.495472221778023525e-01
4.495698482774793669e-01
4.653933213227868237e-01
4.500907655648500039e-01
4.515109671308430439e-01
4.520872492203980575e-01
4.459231924776820843e-01
4.495999511553162020e-01
4.521766149505676013e-01
4.658655377743013415e-01
4.516331553835171153e-01
4.530251678248242708e-01
4.543929590136573937e-01
4.514903359329207055e-01
4.524400722863406998e-01
4.557096860868444232e-01
4.552832267792492615e-01
4.474290525233131088e-01
4.539130198657189696e-01
4.546301291803494515e-01
4.540445954836200282e-01
4.605020032968914490e-01
4.628041566985071631e-01
1.162706011973155595e+00
4.399614714134902349e-01
4.408357528907643763e-01
4.596857482562001218e-01
4.673691451671405650e-01
4.564877844727501244e-01
4.316062460016454327e-01
4.383779952159770898e-01
4.728455088161187536e-01
4.709406880347958846e-01
4.494463662878750987e-01
4.496472316671452640e-01
4.502880054485355332e-01
4.583847695491263807e-01
4.527994551852472238e-01
4.453923863708126318e-01
4.507686587499618036e-01
4.552810373469207139e-01
4.558290864075943971e-01
4.536254927086501576e-01
4.423521937405119897e-01
4.504012545371555154e-01
4.576763923104315568e-01
4.530914286971912674e-01
4.520977951460780075e-01
4.514412127765662919e-01
4.551765197840018096e-01
4.564205158976926691e-01
4.459862578173312553e-01
4.539355930472795952e-01
4.550118522835513435e-01
4.549284449288432675e-01
4.614286575012533920e-01
4.655951411311950450e-01
4.537733068055216923e-01
4.417549822850277974e-01
4.474168497519354082e-01
4.632421715650162919e-01
4.728127530533894340e-01
4.378337022066892681e-01
4.350050470045829232e-01
4.749843369594619058e-01
4.773188540308982430e-01
4.483538526323347928e-01
4.508488177606383984e-01
4.548078818527346301e-01
4.515990126922546088e-01
4.538571396268929470e-01
4.544143028631263403e-01
4.622991899182132824e-01
4.539050872025567340e-01
4.550327714987259520e-01
4.476069404536353047e-01
4.511933875303640873e-01
4.544029308758534835e-01
4.632944457121308535e-01
4.423064808160853123e-01
4.491413379984453003e-01
4.585590372320396679e-01
4.541489255503987077e-01
4.525831486809580584e-01
4.517591541071200312e-01
4.529176314431178074e-01
4.547630619865730139e-01
4.565903773143115130e-01
4.477727755435152446e-01
4.545367857218919339e-01
4.541493290806729588e-01
4.546896551115028329e-01
4.694767852273513675e-01
4.696665022336961592e-01
4.639729939329619302e-01
4.546540114005329092e-01
4.424015996832064701e-01
4.416826151122216215e-01
4.622143227545528754e-01
4.654505237486258884e-01
4.434918399461953431e-01
4.404205091504890812e-01
4.793395073130005124e-01
4.779736158180037942e-01
4.478610856062824608e-01
4.502753491178657086e-01
4.491691359024511665e-01
4.540551227186155336e-01
4.574817263097499809e-01
4.513178865355955138e-01
4.571645666262783569e-01
4.552033378087558257e-01
4.480295405137820208e-01
4.450689521102987878e-01
4.482947708471125003e-01
4.544439813392389671e-01
4.599262913947396725e-01
4.504252399268585672e-01
4.483408055557043248e-01
4.572079142276354036e-01
4.547815565346164379e-01
4.544980915160028445e-01
4.495883708626685071e-01
4.548471004725435640e-01
4.550277970697773622e-01
4.546104771020382240e-01
4.511259158886808396e-01
4.518354652866855004e-01
4.534382459299431400e-01
4.701203873536057842e-01
4.714160262679178981e-01
4.515714739468270067e-01
4.552709883819808789e-01
4.414620937356471542e-01
4.341810800578647100e-01
4.403585623927149806e-01
4.606691753694865388e-01
4.687775753013858626e-01
4.684974241542944617e-01
4.467903615338490453e-01
4.397917114784297699e-01
4.835126643976774830e-01
4.868762190923526800e-01
4.465198084376882370e-01
4.521141439641127024e-01
4.521888643659206508e-01
4.669965001287127437e-01
4.535860566540010907e-01
4.560336629119679519e-01
4.536752635881932116e-01
4.545253742178451128e-01
4.557846470459401278e-01
4.467830507590465072e-01
4.478022535192363041e-01
4.542283644025121303e-01
4.604942578717454715e-01
4.572804173333807620e-01
4.531136913981579362e-01
4.488591008602308974e-01
4.537595981335532103e-01
4.549263423922930150e-01
4.514209377293773584e-01
4.534471650861230940e-01
4.522732933919967890e-01
4.559671316286070253e-01
4.523812680415463250e-01
4.530497528590672340e-01
4.566850125471891286e-01
4.693557800092796328e-01
4.734794578571132617e-01
4.503523665175736546e-01
4.555158603035587839e-01
4.387104929689712440e-01
4.395470251862496069e-01
4.647902419403745489e-01
4.699652161176374743e-01
4.389922516278126352e-01
4.740215959628218956e-01
4.991782902104643926e-01
4.472217457608492763e-01
4.562515776759007435e-01
4.469551924185560243e-01
4.517920360416213810e-01
4.690438811273259234e-01
4.522662700251240953e-01
4.574236623516532152e-01
4.525479613301149895e-01
4.555964612926440838e-01
4.553199142405630617e-01
4.454546481317325224e-01
4.532063040109383656e-01
4.562559557359481266e-01
4.600752001708853234e-01
4.523940850840518224e-01
4.497911769987311126e-01
4.534067837410253876e-01
4.523036821432148136e-01
4.530350536041753418e-01
4.529199314682365585e-01
4.541534905987572590e-01
4.483700885786211510e-01
4.528694844063676506e-01
4.482264016607296342e-01
4.585336486623006746e-01
4.678944834487512860e-01
4.711120017119282966e-01
4.511285849432004058e-01
4.546127134411256376e-01
4.369847260547425893e-01
4.435513936562914816e-01
4.693798885305445201e-01
4.754830215240876123e-01
4.414730821532404370e-01
4.406086013625221121e-01
4.659078444878061442e-01
4.489283995396287641e-01
4.419980516913930568e-01
4.548333190304609253e-01
4.587607457510121112e-01
4.535590882846365357e-01
4.548519502679349014e-01
4.537305190252674536e-01
4.560196097406601923e-01
4.568976633812723009e-01
4.430780586133111765e-01
4.564337609981956034e-01
4.446041878337947395e-01
4.591508005461535369e-01
4.595678755079845024e-01
4.519507871043940139e-01
4.534955013830155313e-01
4.515634672906420621e-01
4.518458104985632051e-01
4.556765417936504692e-01
4.550005153504804722e-01
4.521697844591747173e-01
4.533859971559023316e-01
4.523663535261795987e-01
4.437146837539489574e-01
4.619562944159755769e-01
4.715329148355259514e-01
4.636982411243447122e-01
4.515335244744383969e-01
4.534070089099411782e-01
4.397118253090006035e-01
4.425009963311298811e-01
4.692377071472941252e-01
4.694408442658634661e-01
4.399251964403194104e-01
4.372276000443581778e-01
4.562314760705376004e-01
4.623714873452236529e-01
4.518587034423580673e-01
4.552203849512744815e-01
4.497238318916899069e-01
4.451818097922504158e-01
4.519198616297426807e-01
4.590686734361592025e-01
4.583763862640121145e-01
4.498320217980412705e-01
4.519488612353081414e-01
4.559638967212036320e-01
4.521145542795536043e-01
4.513388631712955124e-01
4.550016042459644194e-01
4.550167351517129255e-01
4.532582849114455970e-01
4.538391997699313674e-01
4.563683247241001606e-01
4.560339312671077838e-01
4.787662918213671515e-01
4.518916528774879482e-01
4.521618300508596366e-01
4.381255438434387139e-01
4.352732322900742523e-01
4.366993784060672068e-01
4.664950127067997165e-01
4.689595350888405845e-01
4.705743761582836804e-01
4.192026532965563157e-01
4.566550797875028600e-01
4.584538791375439848e-01
4.566976127715949851e-01
4.626892127756997430e-01
4.499696266542634326e-01
4.520130140558450971e-01
4.570318624045905387e-01
4.575166079456814971e-01
4.594726642601110189e-01
4.526422093138522396e-01
4.523356604618185006e-01
4.514905952328553962e-01
4.566251394824497045e-01
4.499827972398585674e-01
4.618537500116838834e-01
4.513760185292367000e-01
4.546248064623613638e-01
4.531017445268448740e-01
4.559180858312022466e-01
4.516534354648351623e-01
4.514602177504233871e-01
4.348130937145386343e-01
4.380005251394155641e-01
4.683108701758000314e-01
4.727346400805303994e-01
4.563660581932212912e-01
4.617833901252008100e-01
4.637864714826139823e-01
4.572476677386994037e-01
4.640530584412176363e-01
4.497548864423082104e-01
4.577803275092839352e-01
4.572290230465639316e-01
4.538732317107518899e-01
4.527990567783194975e-01
4.498920181426397380e-01
4.491084039634464786e-01
4.537965669082583142e-01
4.544881188410336836e-01
4.549390663150669201e-01
4.855357813376491860e-01
4.510255732303750098e-01
4.508969750483390326e-01
4.344155276140626576e-01
4.400806984065198657e-01
4.711460043534951292e-01
4.767693805995971146e-01
4.562527690518218271e-01
4.714895004012238378e-01
4.571995398621870321e-01
4.570468864766895623e-01
4.590169308784315949e-01
4.738325705605675453e-01
4.570078138400854306e-01
4.580231471562956624e-01
4.559448118947830308e-01
4.508934687385772189e-01
4.483406105900609173e-01
4.597577281161509544e-01
4.712666023792467795e-01
4.834979637591356183e-01
4.743731353344309287e-01
4.498769606867509263e-01
4.503813924421624648e-01
4.358926402210616113e-01
4.404636250849177648e-01
4.711588081404732287e-01
4.706472505562142583e-01
4.572006830147301581e-01
4.759604658126325716e-01
4.574219887293695108e-01
4.548420324522806646e-01
4.668804687624912853e-01
4.604888588054032450e-01
4.622748075990057437e-01
4.682016472213374469e-01
4.515091451395397137e-01
4.595385325986527381e-01
4.516024428402347635e-01
4.584411145198141191e-01
4.541691698885204076e-01
4.511229214342920568e-01
4.547291499632906131e-01
4.730931854148139881e-01
4.692206770155450402e-01
4.689413221778800378e-01
4.487414979187081543e-01
4.493512247909399182e-01
4.356184852006801389e-01
4.332848795859826074e-01
4.342991708468759704e-01
4.690721728490799269e-01
4.739329299660055006e-01
4.754538409357305095e-01
4.606626950924739838e-01
4.634455065628837467e-01
4.605049656800008773e-01
4.572908092413270342e-01
4.564369052359832923e-01
4.532003919560008698e-01
4.595144984245791431e-01
4.705827227482559660e-01
4.612556092698818500e-01
4.463438174942954140e-01
4.567523278927770325e-01
4.666615794931502359e-01
4.314316683069869263e-01
4.325369039985635933e-01
4.756980313198471699e-01
4.746769836996475034e-01
4.470687621427415492e-01
4.453823245768746553e-01
4.313907775456702898e-01
4.352326583900865686e-01
4.691594551207491914e-01
4.766843953241093335e-01
4.593254176675417022e-01
4.726857924981423542e-01
4.608111000664393830e-01
4.482057020800522817e-01
4.574379610665464946e-01
4.723355793312565276e-01
4.620011658189538406e-01
4.306003496523784224e-01
4.619703728016045230e-01
4.615007121193950290e-01
4.609618496177505520e-01
4.454631039188673425e-01
4.772907744030648325e-01
4.956005855279846384e-01
4.725088162492633859e-01
4.476854705335523987e-01
4.447274610919154103e-01
4.313742589055006849e-01
4.372735299175317669e-01
4.718769327267172686e-01
4.796951319069646669e-01
4.526830216393546436e-01
4.671574180861399195e-01
4.568759341606354885e-01
4.586000980689768358e-01
4.802705577374684065e-01
4.728111776097495000e-01
4.857878871126552478e-01
4.414914474085361862e-01
4.594189458379784319e-01
4.613754024027463263e-01
4.593638583427614996e-01
4.596128940465237789e-01
4.479113020275132251e-01
4.459647763118916863e-01
4.630023610744455342e-01
4.609341668714327378e-01
4.614993675323807998e-01
4.395416912367399176e-01
4.407573969561358607e-01
4.672749351571636178e-01
4.953054205402111498e-01
4.674683505263441674e-01
4.455154990379789903e-01
4.392576844936165181e-01
4.345527023907082564e-01
4.485983355244950177e-01
4.737139366414648833e-01
4.688460188295042741e-01
4.544071510301355699e-01
4.555086380208027141e-01
4.537188441021083318e-01
4.540043750379475496e-01
4.512170088494443787e-01
4.539542425508658052e-01
4.532791808550130641e-01
4.766095768562353951e-01
4.141096368269595041e-01
4.441097252725712541e-01
4.573949285589005154e-01
4.623782213399521002e-01
4.619581114913142716e-01
4.519774554191499649e-01
4.497244494933534953e-01
4.504103291008607068e-01
4.413139781584899946e-01
4.630999565547844199e-01
4.604855837600835278e-01
4.614929540104170669e-01
4.444547582822129250e-01
4.529728592920885810e-01
4.631222086240526781e-01
4.607128962062768673e-01
4.707060965737939751e-01
4.397009798943940506e-01
4.683488279200568316e-01
4.886261896602067667e-01
4.713331671143129453e-01
4.426417785444443642e-01
4.536014387159401084e-01
4.469225540475731950e-01
4.618158169302696292e-01
4.623462153126787766e-01
4.437173885788459060e-01
4.738274439424529638e-01
4.756335431990970086e-01
4.760209218553344002e-01
4.571992065265511607e-01
4.661638488110215195e-01
4.570342027904514826e-01
4.462110938271475202e-01
4.717991205020204415e-01
4.514786480712846273e-01
4.529727283882122313e-01
4.613741974295540449e-01
4.377644869387254944e-01
4.538438863617029750e-01
4.720408844377101398e-01
4.599311563220903065e-01
4.597753921665517218e-01
4.433740440272403438e-01
4.484472577949437655e-01
4.474371794821857540e-01
4.502647474296475050e-01
4.758308411916004066e-01
4.295885684761519552e-01
4.626764496163477958e-01
4.631276976402743939e-01
4.623814205128489174e-01
4.408156866483906589e-01
4.650836819685024159e-01
4.467543331144256391e-01
4.442831067545399137e-01
4.640507773984317019e-01
4.458375009364765051e-01
4.428282981948077346e-01
4.700691459217338775e-01
4.838014415290974313e-01
4.734929845610512666e-01
4.439651295944465059e-01
4.488459347086073969e-01
4.515512035484527953e-01
4.529886396124876424e-01
4.771166416344989614e-01
4.829269531386664038e-01
4.508323807215031676e-01
4.741456930650872481e-01
4.567110513365837954e-01
4.580475926571508372e-01
4.456884909475041789e-01
4.663606813569951548e-01
4.484505208367288165e-01
4.481232803011356292e-01
4.684813798574909427e-01
4.778292096452446125e-01
4.278888877950268732e-01
4.543585281750314175e-01
4.742217186180073263e-01
4.574420313648861480e-01
4.574961127757653512e-01
4.439955981553033726e-01
4.572240859353977060e-01
4.459264268778758700e-01
4.491090165113893473e-01
4.463140231175091732e-01
4.758782858591675269e-01
4.739670051556996722e-01
4.476017589637080740e-01
4.385071838563183722e-01
4.618638894985080956e-01
4.670697902663356604e-01
4.631186017564588031e-01
4.414479573092962017e-01
4.518068595894365047e-01
4.441592490507942914e-01
4.651514438975252186e-01
4.619744378233733850e-01
4.464593021964987085e-01
4.707736198692373253e-01
4.840549347528664836e-01
4.752183170977746784e-01
4.380189181289823042e-01
4.650435096136085744e-01
4.434166283986405444e-01
4.461939448939917230e-01
4.411166814429959837e-01
4.950610747101261144e-01
5.008877144434714657e-01
4.458183669037414365e-01
4.608804554088506977e-01
4.566749225401503520e-01
4.563758725223330259e-01
4.530143433140125242e-01
4.455934678255571435e-01
4.677986371476430261e-01
4.473933161582092644e-01
4.478461565489503804e-01
4.549364026617030987e-01
4.397263551685121064e-01
4.346332700121642856e-01
4.453098256682535561e-01
4.710329192653304187e-01
4.532295208572444389e-01
4.601981442448571102e-01
4.442109373359618973e-01
4.632432810465273998e-01
4.463977946908885830e-01
4.436975503276414656e-01
4.684680468310197798e-01
4.357724237653962662e-01
4.628182756422639099e-01
4.594265333678715368e-01
4.639685531338285096e-01
4.401526313894786324e-01
4.474443794718967471e-01
4.448313393884912870e-01
4.595028174057291803e-01
4.417275600931164226e-01
4.453349025807374351e-01
4.654603445250131699e-01
4.939552015491037729e-01
4.771256464516036577e-01
4.430789656313959268e-01
4.456900218311475870e-01
4.400983338099390130e-01
4.366248440199824721e-01
4.591442013248305809e-01
4.379340646412769322e-01
4.434827906424972932e-01
3.277040328485557596e-01
5.290107356749239598e-01
5.509256726878808408e-01
4.729881741121079175e-01
4.447422736537628984e-01
4.467495077302030548e-01
4.587679297191826211e-01
4.482209938114612990e-01
4.596431198912949712e-01
4.482110705213586677e-01
4.577331037003004588e-01
4.461895635929319925e-01
4.461465503958226275e-01
4.482329600565698735e-01
4.834377498447999244e-01
4.842245979853943005e-01
4.388289001076919327e-01
4.370383267080915624e-01
4.612608433345858905e-01
4.714551468844075388e-01
4.651896546774848540e-01
4.420967588611128263e-01
4.405913248140350680e-01
4.450006438858558067e-01
4.476969860997696560e-01
4.574264010099140521e-01
4.661166209883655931e-01
4.826294253995082051e-01
4.440604329026175967e-01
4.386004399906704432e-01
4.478990803628790096e-01
4.596846742684777554e-01
4.439247225079155368e-01
4.774265610031737106e-01
5.012790511590264897e-01
3.899452434109671461e-01
3.084942462077161496e-01
4.552931724363432631e-01
5.248947849293964518e-01
4.205383140753535254e-01
4.537286086439751287e-01
4.477451501998110928e-01
4.473740049620065773e-01
4.715481270426036819e-01
4.716534974174042549e-01
4.698714404386830079e-01
4.669650488418469192e-01
4.716363151911646678e-01
4.726381225150605991e-01
4.445494014737347843e-01
4.559531634895521157e-01
4.501619646434942834e-01
4.483899788984280210e-01
4.634093053470946799e-01
4.306297744923096027e-01
4.630041517964413322e-01
4.777923941999637769e-01
4.652737571346097778e-01
4.425028108509941882e-01
4.384619246502795553e-01
4.452080612763752443e-01
4.783282901663038489e-01
5.027512331168544346e-01
4.427351003303133248e-01
4.381741969161793704e-01
4.437753369527260849e-01
4.552413968032108516e-01
4.562317380896760977e-01
4.495490500060603800e-01
4.891322268404637019e-01
5.259006222719396773e-01
4.804381639533509829e-01
5.372578180419868010e-01
3.986735449430039990e-01
4.526190519916575838e-01
4.634883701312955684e-01
4.468734966958257115e-01
4.483285277609967978e-01
4.537205784015606591e-01
4.576851950434641103e-01
4.598793759523859270e-01
4.628301847390877688e-01
4.656839608707148970e-01
4.445434180073294383e-01
4.781235986471567556e-01
4.492285787109414064e-01
4.499288831905094432e-01
4.599877602870617310e-01
4.395625409728273758e-01
4.489658794289943522e-01
4.572533498528348894e-01
4.613099351121711655e-01
4.695849977668555830e-01
4.418417826227621359e-01
4.333730358271088434e-01
4.453875750945684997e-01
4.649886801405970216e-01
4.895011452862789159e-01
4.693663031800408003e-01
4.732258932334171275e-01
4.439122309912684194e-01
4.352698208406954872e-01
4.438352104749044846e-01
4.555826949973705298e-01
8.046229705431725554e-01
3.915456841946868272e-01
3.965143374430405432e-01
4.722752023958168843e-01
4.250532219366356390e-01
6.644458926164263923e-01
3.648323600977848580e-01
3.854038180989369788e-01
4.491267651768494629e-01
4.638518908308070232e-01
4.648932156895543288e-01
4.595650824943769974e-01
4.459325432520028776e-01
4.635028785723828149e-01
4.500202029451928487e-01
4.608265029270495750e-01
4.599260108491057819e-01
4.406833591192484967e-01
4.477708802476966232e-01
4.452976225185612535e-01
4.705104631167480456e-01
4.822486921249246050e-01
4.645256951917428601e-01
4.732181599527097715e-01
4.762531631159118151e-01
4.425448458377204131e-01
4.390821735966749517e-01
4.448486152873831201e-01
1.031215720411657211e+00
3.956527440956966735e-01
4.456025885146551735e-01
4.578306532184077127e-01
4.457979749857974849e-01
4.451870215191696123e-01
4.600035267831872332e-01
4.640483977664345838e-01
4.545078377189386010e-01
4.556015336284841566e-01
4.591251503410764268e-01
4.607150657276584127e-01
4.384142578282350655e-01
4.564376914763914050e-01
4.449330060080572968e-01
4.727453014850818702e-01
4.746687918734461276e-01
4.678053039584507689e-01
4.650800146679179847e-01
4.855973217005693510e-01
4.382717804686491747e-01
4.529645369456564707e-01
4.430505186472543655e-01
1.127920602824046270e+00
4.912190662756591442e-01
4.080901222383040428e-01
4.842440699899631107e-01
4.639532513384252987e-01
4.528238103336461040e-01
4.616019564053545077e-01
4.512260286903889139e-01
4.510617214944257491e-01
4.522618812695919921e-01
4.539807668615173930e-01
4.560401933651114792e-01
4.575968944943233363e-01
4.606582308436547035e-01
4.627901241069609650e-01
4.695475474957563344e-01
4.385711816680524233e-01
4.566006705022082057e-01
4.410451374940785318e-01
4.687611131224386218e-01
4.728925158632962811e-01
4.598136215149690731e-01
4.667012180194813897e-01
4.778801444158529699e-01
4.351932537331043016e-01
4.596958754595671937e-01
4.393964138404533037e-01
1.295475958454101351e+00
3.624453577658469094e-01
5.808639823646981615e-01
6.126969239368035280e-01
6.146651727807442844e-01
5.847473129967892813e-01
4.920103748570426871e-01
4.315304209997412599e-01
4.219112480090616013e-01
4.335043826239508569e-01
4.509656724206561607e-01
4.590254599886657294e-01
4.618906150656402199e-01
4.633923221241328383e-01
4.663987189037100412e-01
4.603955187030063789e-01
4.267426285158091304e-01
4.350133013312743602e-01
4.627998921247097885e-01
4.722302386912884398e-01
4.611534888878361937e-01
4.634196178366663532e-01
4.781166700322289631e-01
4.367136200646341004e-01
4.522535293840195814e-01
4.292839740603245913e-01
1.484184174927157818e+00
5.908035408363623286e-01
4.488199630129669493e-01
4.274584839536718084e-01
4.522457712925926354e-01
4.576001860340497274e-01
4.843265046346588720e-01
4.560248069938622750e-01
4.617964839164233615e-01
4.695565234383764497e-01
4.781543422706009405e-01
4.383377888224450625e-01
4.346431631246702176e-01
4.517612543570406758e-01
4.852373970728109942e-01
4.836808347210003745e-01
4.397699515807915183e-01
4.380051799880346763e-01
4.401801214884613067e-01
4.380242945450449898e-01
4.349310124870366945e-01
4.420614557865811811e-01
2.243121312297561065e+00
1.950838932292255024e+00
4.350169493485058214e-01
4.442226079694053809e-01
4.414751912155333025e-01
4.396611015653174026e-01
2.591939085208341709e+00
4.397507726743835055e-01
4.583472764934725663e-01
4.361639737924274951e-01
4.442374411161661429e-01
4.416165675605412955e-01
3.021335915704379982e+00
4.391872691739299173e-01
4.514472263196497304e-01
4.407878219925840391e-01
4.465659342081260141e-01
4.469642141960052939e-01
3.576316858030044177e+00
4.394289810592871826e-01
4.435231152325934678e-01
4.447735796968462774e-01
4.469662609319323132e-01
4.455281242028773514e-01
4.355808069388257486e+00
4.407160064479316297e-01
4.495372919075827922e-01
4.464582716235009907e-01
4.492931950389267293e-01
4.472088206727012905e-01
5.645714204876058240e+00
4.431972662268265917e-01
4.501247650574342618e-01
4.469953874037148056e-01
4.497753436364296808e-01
4.475412416013161421e-01
8.824247642471352293e+00
4.447145746396868882e-01
4.603994010177148155e-01
4.471609835045842751e-01
4.505156009006318629e-01
4.491587454705144311e-01
1.139183555335709030e+01
1.799579681205714010e+01
7.414431800423777474e+00
5.664398574601133163e+00
5.013130553864378669e+00
4.602418660337958656e+00
4.294201448299754809e+00
4.043261042268290417e+00
3.829274197545378122e+00
3.641008774974762385e+00
3.471640494665151788e+00
3.316784506565140678e+00
3.173529578990538447e+00
3.039916588156594379e+00
2.914635875854288294e+00
2.796837335218243847e+00
2.685999758468488263e+00
2.581832636010249260e+00
2.484197705912157161e+00
2.393044691250680867e+00
2.308358700325523483e+00
2.230117617869034952e+00
2.158257865877394099e+00
2.092647062252383616e+00
2.033062780126304592e+00
1.979177810984791952e+00
1.930553718343599234e+00
1.886645454833082436e+00
1.846819737244935533e+00
1.810388236315225718e+00
1.776653460953367514e+00
1.744961318137543183e+00
1.714751258006903756e+00
1.685594357498479301e+00
1.657212517892342918e+00
1.629477446938712770e+00
1.602394087005314605e+00
1.576077041820026059e+00
1.550728716420748610e+00
1.526624466252107570e+00
1.504104770035153527e+00
1.483569604155876798e+00
1.465467606150309576e+00
1.450272876811100398e+00
1.438444754964121053e+00
1.430369288413860351e+00
1.426284292121015485e+00
1.426192660427016756e+00
1.429771985255791744e+00
1.436294044125292935e+00
1.444575841001261240e+00
1.452992082629748216e+00
1.459580572012808553e+00
1.462258154345372319e+00
1.459130862530082062e+00
1.448835834972751480e+00
1.430817548964532948e+00
1.405443978529515636e+00
1.373918574628326672e+00
1.338019353604568362e+00
1.299755286344560945e+00
1.261042066781868032e+00
1.223466434596563124e+00
1.188158887255967411e+00
1.155758691034489916e+00
1.126444462109237987e+00
1.100011042167668096e+00
1.075983700720024139e+00
1.053762596313074784e+00
1.032782437819806720e+00
1.012661402617079265e+00
9.933091053662715941e-01
9.268781771000559333e-01
9.235382183543427992e-01
9.358190452358167155e-01
9.893947602166776045e-01
9.685184230087382495e-01
1.009669704407236246e+00
1.025061874829655828e+00
1.029938444801437925e+00
1.017421743200215722e+00
9.795771940334546679e-01
9.073987654441217909e-01
7.902742472982114963e-01
6.251881044439180357e-01
4.572419293396740025e-01
4.466802670360890404e-01
4.503909844339906154e-01
4.511839327195681926e-01
4.499054472798919568e-01
