1.791792473245323691e+01
1.135019089108977397e+01
8.792533230253196663e+00
7.396936768726778411e+00
5.659073118620105092e+00
5.013884970057552515e+00
4.607452425083651271e+00
4.302573545317079251e+00
4.054331777963305683e+00
3.842521702294064312e+00
3.655958618022578932e+00
3.487841897038169492e+00
3.333810340248891002e+00
3.190986823899188973e+00
3.057458446909484984e+00
2.931970300848182109e+00
2.813729892488088691e+00
2.702271188738694985e+00
2.597352869146233978e+00
2.498878447588211316e+00
2.406832321100928151e+00
2.321228500035182218e+00
2.242069622412223850e+00
2.169314085651194102e+00
2.102849497704757376e+00
2.042471503106682018e+00
1.987868370993093547e+00
1.938613240563180407e+00
1.894167070711330503e+00
1.853895473947645200e+00
1.817101161336214465e+00
1.783070551707510942e+00
1.751128858858256532e+00
1.720694180768963522e+00
1.691319691556410376e+00
1.662715316453581060e+00
1.634746022263370735e+00
1.607411016698177431e+00
1.580813676889565533e+00
1.555133469487570697e+00
1.530607936666208424e+00
1.507526598910386761e+00
1.486232179812433163e+00
1.467120483428603128e+00
1.450629774519398119e+00
1.437213152769954316e+00
1.427291531942976199e+00
1.421188670787521424e+00
1.419052386347708028e+00
1.420768136204573651e+00
1.425874197843033375e+00
1.433493267036330954e+00
1.442303212799983747e+00
1.450576249170654419e+00
1.456313499233962361e+00
1.457483057207072719e+00
1.452333021505920696e+00
1.439709027831647337e+00
1.419282636462979585e+00
1.391613839176116585e+00
1.358026828892110682e+00
1.320344969875516972e+00
1.280571939856134822e+00
1.240603417524642538e+00
1.202018989942050808e+00
1.165964174750646620e+00
1.133108657143492293e+00
1.103662926763698371e+00
1.077442586866115271e+00
1.053975702460618891e+00
1.032646587100455093e+00
1.012859684408088823e+00
9.941960214724923084e-01
9.204016641526036047e-01
9.213212343698972129e-01
9.279055885104972035e-01
9.578516570384065787e-01
9.794616740808638200e-01
1.002790506562814210e+00
1.024295513389284817e+00
1.038999458923528740e+00
1.040463183380952117e+00
1.020944686819038605e+00
9.716320116658090367e-01
8.825803653101710333e-01
7.457876842852303456e-01
5.753364839410956000e-01
4.396153615023279948e-01
4.485184565531001866e-01
4.500625724895839785e-01
4.464825223076809846e-01
4.467701713240948003e-01
4.502955723609948224e-01
5.627413665304223045e+00
4.413415534147708819e-01
4.479966787884287482e-01
4.505728675995441246e-01
4.456177695733058441e-01
4.468136103072088416e-01
4.340958655846828940e+00
4.345302838411438939e-01
4.474803885485412747e-01
4.444844023451143267e-01
4.444240661317697128e-01
4.441715288324285527e-01
3.562206321603252235e+00
4.319581592018647553e-01
4.467377673282029726e-01
4.491021402445082300e-01
4.456647157134322468e-01
4.467413583451728676e-01
3.006911631380157601e+00
4.350117566222159171e-01
4.423084024087178268e-01
4.478101704626105684e-01
4.470990130839073706e-01
4.602467644848375894e-01
2.576719007630413394e+00
4.368699478112784140e-01
4.328362605345026370e-01
4.451569180579593166e-01
4.476317839337114468e-01
4.394920196876626051e-01
4.403437050661376251e-01
2.226909973723586678e+00
4.278488605329398009e-01
4.410187008582395762e-01
4.400296195052155745e-01
4.494585379260404023e-01
1.933622717165150551e+00
4.315031097925311476e-01
4.350239801054169297e-01
4.329325869226702261e-01
4.325466108637738838e-01
4.334479572709218909e-01
4.349405095581879710e-01
4.310242776195569725e-01
4.672870149499309678e-01
4.027647019256208050e-01
4.722565701675628391e-01
4.841819324574631045e-01
4.831604556565602948e-01
4.320992729979782898e-01
4.486911762490041200e-01
1.276016046718003949e+00
1.465399219648034101e+00
4.910845748113492615e-01
4.812742060026534152e-01
5.525088373618184390e-01
4.397968540304307838e-01
4.605111807557260573e-01
4.789307229878542183e-01
4.568231882937240362e-01
4.664196108209863745e-01
4.688975983724031349e-01
4.865707975833238885e-01
4.793545901560683498e-01
4.821136774372630773e-01
4.309450845799373542e-01
4.232675620058379273e-01
4.531122452384315769e-01
1.108651055357360526e+00
4.033016283834568450e-01
5.569907101010987960e-01
5.462302249776759266e-01
4.851270414084831728e-01
4.220883166621507421e-01
4.178050741326512774e-01
4.389225591095223811e-01
4.585286484703999799e-01
4.641016187605357946e-01
4.641048486548361995e-01
4.645988358301711973e-01
4.657817345721237401e-01
4.693013234307459314e-01
4.659925373795785752e-01
4.621580288310195850e-01
4.172440545134543100e-01
4.372083901130796590e-01
4.478740899386878804e-01
4.642880427036781277e-01
4.700789668596078719e-01
4.792107873083934488e-01
4.894994512229638439e-01
4.954839029250235893e-01
4.322275464247939403e-01
4.354095664944315769e-01
4.426234997561108719e-01
9.928832093378427981e-01
4.972789326831142942e-01
4.629656958403807199e-01
4.284641834402799221e-01
4.731972061056034518e-01
4.585199590023039673e-01
4.574656327976751591e-01
4.582356334461179515e-01
4.589466930843930648e-01
4.587442805987970162e-01
4.585955430478793615e-01
4.592385132390039426e-01
4.580303906217459975e-01
4.636028461519502986e-01
4.684887934095621764e-01
4.648406850076611807e-01
4.398687493315915908e-01
4.487067173205909199e-01
4.688750961677642382e-01
4.718288386843891291e-01
4.786600838257157875e-01
4.922855762929538859e-01
4.922951897142819333e-01
4.325536309384026556e-01
4.386688432376260049e-01
4.359201739948792564e-01
7.874689622941768441e-01
4.592591514823008425e-01
3.955376070376228070e-01
5.318841766681809968e-01
4.323116121321979866e-01
4.503541908423547291e-01
4.797623985602972874e-01
4.600710061590305711e-01
4.584737995537855881e-01
4.593789839355750804e-01
4.607727368783517963e-01
4.685907191411125550e-01
4.806012419808234348e-01
4.398713536452749095e-01
4.413811429420173016e-01
4.657230650682301354e-01
4.664338617989636782e-01
4.712962444208257939e-01
4.815612495959776251e-01
4.893618761228345493e-01
5.064143134099089449e-01
4.364524765810964269e-01
4.357548600683254225e-01
4.339743077450461395e-01
4.266516462506700358e-01
3.983029367950245980e-01
4.846964137575383025e-01
4.922494044279523973e-01
5.415961680366530029e-01
4.742177654312075830e-01
4.460425147623265918e-01
4.467711791359164630e-01
4.512481474654441715e-01
4.518638544003973356e-01
4.542304224328747031e-01
4.400083660108016770e-01
4.483472592770416099e-01
4.497985342710258405e-01
4.571631224573463048e-01
4.743965920542676518e-01
4.555971111584798949e-01
4.251064643927476294e-01
4.677694203851306964e-01
4.394121740661466879e-01
4.370834956147837680e-01
4.669189008047378575e-01
4.690594178883176202e-01
4.748759054772617172e-01
4.899703733896750846e-01
4.834177582207125345e-01
4.352326713690038984e-01
4.480184754168330397e-01
4.497167847060746237e-01
4.430809572880040625e-01
4.411327652841681712e-01
4.694701651073994175e-01
4.637665950329760700e-01
4.873530752682911360e-01
3.471042559123234117e-01
4.771181361867889437e-01
4.627422180038329724e-01
4.475606966200533776e-01
4.509028855263587099e-01
4.506585397587116737e-01
4.489002088413923675e-01
4.505109075832041121e-01
4.542574096350763813e-01
4.571691124833400788e-01
4.591879222642392677e-01
4.606048763620113617e-01
4.642332800185721697e-01
4.622384489370034433e-01
4.413142774195846774e-01
4.495950461297718026e-01
4.684045055314841055e-01
4.867865839739585199e-01
4.350569376604083716e-01
4.586167137553319728e-01
4.622497277746014932e-01
4.616494462570636115e-01
4.398170302722267944e-01
4.377613424417788335e-01
4.688168963282551283e-01
4.731689701628215006e-01
4.737861258494499017e-01
4.662378736667707191e-01
4.337899944085304438e-01
4.284404160427667807e-01
4.546357002746881926e-01
4.413703799176046938e-01
4.404021568975847734e-01
4.478846359455455617e-01
4.111860549133057874e-01
2.992898589716685986e-01
3.658799308419835583e-01
3.744408491298116815e-01
4.616494950386736962e-01
4.975657076127341649e-01
5.171654905175394612e-01
4.450778564806767701e-01
4.496834017370188175e-01
4.447032818308295221e-01
4.622410392355315034e-01
4.640828279187965699e-01
4.631710254751362776e-01
4.654646681649053375e-01
4.658444242301431060e-01
4.627766699381021254e-01
4.433057643548075077e-01
4.459920362181021836e-01
4.484528613035685396e-01
4.629674624768087554e-01
4.854548310916241838e-01
4.626000595447546937e-01
4.452786273567468367e-01
4.405518512511046869e-01
4.620687254093823193e-01
4.611820063290370530e-01
4.585807389931400024e-01
4.716036893243072403e-01
4.404582776116688358e-01
4.438863831087846989e-01
4.643273540121635179e-01
4.998889026903231558e-01
4.890616416834234204e-01
4.570410269466075870e-01
5.009379611040157831e-01
4.305117141067990039e-01
4.332246310137883305e-01
4.589929383789378980e-01
4.397031357458184853e-01
4.375814352729847090e-01
3.804442099088189977e-01
4.924225290037993474e-01
4.919627892350035836e-01
5.128366470283169942e-01
4.798665634836873917e-01
4.598896496694487857e-01
4.453625238421530796e-01
4.461235932117163516e-01
4.497952290288487198e-01
4.476356767916632173e-01
4.537608257836506231e-01
4.669027924669894580e-01
4.397716644330297853e-01
4.457252345246186520e-01
4.706695277189022475e-01
4.809955979807481463e-01
4.425911487632660513e-01
4.480687328811112091e-01
4.496234680182123467e-01
4.415931984520556353e-01
4.824468100648760527e-01
4.385926908812128877e-01
4.593313697342220059e-01
4.585240449799946605e-01
4.777961567037347645e-01
4.413481824094506734e-01
4.445106370287766895e-01
4.649069581065230494e-01
5.055494434467648901e-01
4.607868924606996486e-01
4.228790422342492694e-01
4.432956608500326356e-01
4.753165214822557272e-01
4.886263061179640377e-01
4.986987181173768713e-01
4.329225884010977632e-01
4.344891714444968911e-01
4.555457641006211422e-01
4.399125908193520229e-01
4.481065975694688563e-01
4.599138695723141712e-01
4.904918504767580845e-01
4.816853166224822069e-01
4.412897148716508067e-01
4.401675331932619062e-01
4.583906788008585420e-01
4.683695528264300578e-01
5.040048910753187617e-01
4.439948981645688297e-01
4.505421365678414225e-01
4.473144273212343314e-01
4.475581179566399670e-01
4.782643388165960796e-01
4.369890357266129066e-01
4.523678560409481464e-01
4.567732343506010761e-01
4.643682295665948478e-01
4.664398234500759521e-01
4.440130414558870475e-01
4.493236368583205520e-01
4.482678105560592430e-01
4.521565024954611878e-01
4.860533221574635521e-01
4.760926944055878240e-01
4.406943649673480956e-01
4.368182032245894186e-01
4.582699771695818991e-01
4.566422937193500564e-01
4.769686228160879837e-01
4.418893565617872388e-01
4.456732772378972363e-01
4.610056297316185159e-01
4.748973502267996860e-01
4.383280093539028144e-01
4.815438281555456390e-01
4.858300737030539773e-01
4.928964341901166946e-01
4.340119566880430990e-01
4.372896468396337832e-01
4.374667079659190772e-01
4.607067464358994280e-01
4.575439611300242682e-01
4.770944505617554787e-01
4.788488649249343365e-01
4.607938007312662454e-01
4.634319433495054374e-01
4.637588572148813038e-01
4.701067627504946778e-01
4.463929565203812455e-01
4.505638823944249638e-01
4.522197245813442401e-01
4.685507392435392382e-01
4.249478909161673035e-01
4.319882061605357371e-01
4.618392176893647560e-01
4.590702525112670407e-01
4.668807720147060136e-01
4.658343084123872657e-01
4.413063256871990192e-01
4.498938586597625022e-01
4.489133961446158394e-01
4.711331242414267817e-01
4.829567558579753728e-01
4.380870865557404126e-01
4.576580871963426000e-01
4.562139294834257064e-01
4.760214316155614855e-01
4.430517779956043012e-01
4.472580512926688234e-01
4.459529762525259455e-01
4.456597354213979734e-01
4.729446698119336712e-01
4.750457869704493574e-01
4.342788413624582011e-01
4.371132957785221484e-01
4.849371782468255287e-01
4.869972591897035463e-01
4.832601165453306313e-01
4.377683630605325726e-01
4.447942832983601824e-01
4.493960654198353444e-01
4.379913714490989984e-01
4.766013820429242931e-01
4.785953207485575400e-01
4.640167832861498143e-01
4.650243840374677640e-01
4.655123229538098983e-01
4.816277959775978612e-01
4.473253200598098500e-01
4.484312413817173049e-01
4.517044509784980399e-01
4.516258505502966369e-01
4.580116229907714720e-01
4.663555278425829953e-01
4.434892578797442475e-01
4.588001336058878388e-01
4.598176818572491942e-01
4.603607384020823035e-01
4.816901391869981564e-01
4.458205820761291238e-01
4.496859902635367834e-01
4.521223296115249868e-01
4.678372472184462172e-01
4.991055801496567246e-01
4.539335754773985432e-01
4.311985511559965900e-01
4.573035726795150469e-01
4.557484787411085758e-01
4.748410656545382635e-01
4.457857748931475794e-01
4.475882950600170718e-01
4.618796679114328674e-01
4.764778283919475221e-01
4.387050595308044643e-01
4.829851479860186036e-01
4.854248938265428581e-01
4.979844597836444176e-01
4.377662550550019405e-01
4.356654078220350002e-01
4.406816635996445575e-01
4.371943235372728886e-01
4.296574575693216658e-01
4.727423581268919706e-01
4.765404118359470864e-01
4.744912166948473398e-01
4.618213963210495154e-01
4.661362094280588342e-01
4.603224601570959917e-01
4.512749530997940406e-01
4.520990925628313728e-01
4.628197627465128750e-01
4.672391862593356371e-01
4.474600132572049138e-01
4.569026911312915051e-01
4.616015645819259716e-01
4.610968931209546984e-01
4.661024288726308695e-01
4.516069828610926318e-01
4.935283961048033685e-01
4.368142318161982174e-01
4.570035524103165936e-01
4.558169581982495777e-01
4.722893333321421250e-01
4.423752707454249866e-01
4.511084878236499285e-01
4.639014404628396537e-01
4.251027257267903092e-01
4.330161218991523953e-01
4.816724972995444776e-01
4.826099553286772315e-01
5.069674208938533821e-01
4.363790845802985041e-01
4.443278323380909778e-01
4.311382400671562865e-01
4.299973522277175664e-01
4.359947066916601832e-01
4.740518072003264693e-01
4.783214163193844626e-01
4.641567701230316367e-01
4.655336301588179904e-01
4.663785059342276385e-01
4.874586954955559270e-01
4.620149501246284540e-01
4.544843945655533957e-01
4.125508231153162675e-01
4.586540558882217233e-01
4.626832083545036056e-01
4.629308183401342203e-01
4.426215454732573273e-01
4.573284629632963783e-01
4.577701166067233984e-01
4.603091522473491404e-01
4.382898296651417391e-01
4.772906755569424342e-01
4.765186648159986382e-01
5.002542781826567753e-01
4.419759914595262629e-01
4.446122305761775473e-01
4.296888673136953773e-01
4.298026746717745761e-01
4.755138934561589648e-01
4.758197004539935215e-01
4.619822870697560258e-01
4.689528772055349126e-01
4.705835949498741178e-01
4.496817232003698650e-01
4.601737288038615925e-01
4.610957156045564775e-01
4.604331922176053138e-01
4.679908959876583618e-01
4.526646939040669393e-01
4.270434434867045881e-01
4.588718154992517118e-01
4.618423790311796395e-01
4.472753629199098246e-01
4.349066163763856685e-01
4.849067614814214777e-01
4.845644447202809291e-01
4.463963148645373469e-01
4.469273935893107730e-01
4.280573227976116613e-01
4.318444808154192072e-01
4.736677607558771319e-01
4.764584297662298185e-01
4.711367452462048022e-01
4.655641049089018768e-01
4.683664686007466549e-01
4.866888224788658568e-01
4.630389608553192593e-01
4.597686315171895521e-01
4.598142546833867694e-01
4.623797069274058757e-01
4.760304266421622188e-01
4.375615461101097781e-01
4.611902267803191235e-01
4.298942914234224477e-01
4.581479085847712795e-01
4.454579092680384655e-01
4.871379687296011896e-01
4.811386178330547270e-01
4.906443456578029605e-01
4.492963096001993950e-01
4.482680589388874370e-01
4.277539202685685105e-01
4.304731065601549167e-01
4.684649511960398138e-01
4.735178846276666409e-01
4.610962883388037836e-01
4.689660089636521478e-01
4.704679977479968023e-01
4.609067236698404790e-01
4.639102215842371701e-01
4.456095342027800443e-01
4.472971141222279456e-01
4.707893941571204000e-01
4.550531148446878005e-01
4.718583222505065566e-01
4.530740848275361388e-01
4.426714481276282087e-01
4.745830916891834450e-01
4.780020480928300897e-01
4.731162159910297649e-01
4.858644464135003505e-01
4.481672308483015676e-01
4.502401420542679333e-01
4.316532212135019697e-01
4.336180232691703718e-01
4.400198704659189497e-01
4.721123219012423600e-01
4.764215251492268655e-01
4.679313106491571617e-01
4.679097211786519273e-01
4.646222904752935201e-01
4.807712045372932730e-01
4.593380757415729820e-01
4.641549003467120849e-01
4.599859847476599484e-01
4.736045184272144049e-01
4.513079257125686694e-01
4.631903119064826879e-01
4.602042429607550167e-01
4.532841003808968372e-01
4.544823960287406872e-01
4.594892648596092810e-01
4.786254193563321269e-01
4.617958337255886891e-01
4.493625046120122701e-01
4.502885997644706095e-01
4.342464261754783728e-01
4.381978940341786921e-01
4.730918790619154657e-01
4.757938332767482903e-01
4.680295871409139719e-01
4.465061603564941528e-01
4.431332269863374473e-01
4.632736351991202928e-01
4.681826638627544224e-01
4.479858422037199528e-01
4.616940787750174469e-01
4.613388463389975214e-01
4.541356918228460771e-01
4.528422370782682060e-01
4.360533047369953286e-01
4.589885185338873907e-01
4.247190169909706992e-01
4.684569432522189270e-01
4.571354348999771000e-01
4.608140602972213840e-01
4.587318045046029913e-01
4.493955832926987415e-01
4.516899828820180041e-01
4.520602939832321088e-01
4.305396361673671235e-01
4.335279820511955817e-01
4.706875781987701624e-01
4.721808121726688290e-01
4.572705276903775151e-01
4.405839992272664318e-01
4.574654753354961412e-01
4.643811080883472053e-01
4.652403291057549684e-01
4.601099811998856648e-01
4.448287949858829582e-01
4.605030691149724076e-01
4.613924767193377519e-01
4.558947611566244729e-01
4.502641178853520332e-01
4.574687578701751023e-01
4.508695690662564703e-01
4.316862712629103149e-01
4.477744911306787978e-01
4.611615057099751613e-01
4.574779220483213282e-01
4.512850591952160539e-01
4.504217061374043984e-01
4.522799303626331424e-01
4.526299782460442844e-01
4.300616091234572558e-01
4.305742505921128505e-01
4.667779387355955323e-01
4.701506846926130079e-01
4.295368797660776283e-01
4.814801080913486686e-01
4.593468954516011227e-01
4.582909887487121026e-01
4.630630323388130742e-01
4.739524682532077482e-01
4.465696289779294559e-01
4.495058261359167195e-01
4.563243656690985084e-01
4.601398471415133473e-01
4.512070507541740549e-01
4.378164416357153699e-01
4.541786075501640929e-01
4.598567719389661801e-01
4.642886652643685719e-01
4.613502497523933044e-01
4.551487271696891268e-01
4.500008526462838665e-01
4.569185603002268170e-01
4.536301453573979847e-01
4.451963906219080225e-01
4.467379049870846552e-01
4.534142184339305937e-01
4.629842751316013971e-01
4.558204291880463277e-01
4.503416789333815617e-01
4.596310542469507210e-01
4.651681516238318492e-01
4.682868378017741029e-01
4.918418571730219790e-01
4.543397313957651118e-01
4.540045286098190469e-01
4.335812672017139713e-01
4.344953904950291101e-01
4.409375694206599250e-01
4.659224043253890613e-01
4.728017189288304944e-01
4.706465958002144512e-01
4.310259034725410499e-01
4.335540535094630776e-01
4.777173922712608656e-01
4.729070405199645721e-01
4.582583189750255581e-01
4.534565513182405860e-01
4.652547479079425785e-01
4.585192387897903399e-01
4.597347097195789711e-01
4.797890713862936196e-01
4.491349586581608322e-01
4.600698344079422464e-01
4.592704966043474890e-01
4.347164716023265152e-01
4.448366797865526689e-01
4.603239319609773728e-01
4.683500463959043292e-01
4.515698344244961082e-01
4.504858170622416669e-01
4.561805439521175454e-01
4.546618134372378828e-01
4.490968208164252129e-01
4.521461663838862721e-01
4.591228227250018779e-01
4.599443724875743045e-01
4.537343941306840045e-01
4.468904992188958980e-01
4.503252430393612227e-01
4.634203255418314904e-01
4.725221909610692328e-01
4.760741137308590054e-01
4.563908177594767634e-01
4.568226284003869542e-01
4.393713642967175814e-01
4.419700490173382179e-01
4.719560695540316320e-01
4.774263347098839927e-01
4.288156929692982233e-01
4.221043058030432560e-01
4.676817543712449843e-01
4.754804534074466571e-01
4.541781144213488663e-01
4.546852908321609155e-01
4.570951871760907670e-01
4.611446040237324739e-01
4.633555537816450576e-01
4.696620889699272272e-01
4.564659287673923926e-01
4.476827649740215964e-01
4.591999105105084023e-01
4.618466054993505820e-01
4.467347497172573512e-01
4.455514193738163709e-01
4.528462656230948791e-01
4.596328351937455370e-01
4.683983519503092663e-01
4.496055044679246326e-01
4.575500403974754882e-01
4.486852774663770971e-01
4.481546062861616053e-01
4.561710780763668649e-01
4.615936973301297264e-01
4.464242996725049650e-01
4.501621303288070863e-01
4.546859480796939246e-01
4.600701035133140104e-01
4.762179252689905939e-01
4.683066703740788039e-01
4.720957906513573166e-01
4.537965777748459439e-01
4.590954213399631723e-01
4.343432951929071528e-01
4.346487472876451319e-01
4.674311881492323462e-01
4.725368455265346324e-01
4.258972419444234103e-01
4.288279463086356880e-01
4.675127404155612343e-01
4.674332625864336399e-01
4.547808171409291056e-01
4.536029499570851664e-01
4.644852894696566703e-01
4.607534816187071058e-01
4.666315267239122822e-01
4.514839012531049467e-01
4.536902068049618597e-01
4.591355424436862065e-01
4.592493311354607366e-01
4.445289459062122805e-01
4.459481313608507080e-01
4.568342489357253289e-01
4.646672998599438165e-01
4.552211811747036707e-01
4.492790707913943971e-01
4.539338646501665520e-01
4.566018145996706967e-01
4.483467130380471288e-01
4.474357806548602268e-01
4.548053146655535728e-01
4.607763702421088237e-01
4.514245525297407857e-01
4.557402822286322208e-01
4.590714187436787386e-01
4.657901456751396552e-01
4.718915859463078677e-01
4.529693313333008065e-01
4.594767028487333205e-01
4.343415983600209529e-01
4.287138446689540139e-01
4.640695867864918500e-01
4.701818136952387595e-01
4.267049614091806276e-01
4.743566466690607997e-01
4.739451049727941845e-01
4.554332380650745193e-01
4.538774042043891566e-01
4.560833358282855854e-01
4.684089507466601687e-01
4.599164257908466280e-01
4.420144037695344919e-01
4.569676637500417193e-01
4.656012537692146847e-01
4.451869508269762354e-01
4.425680687468930286e-01
4.594972931857579379e-01
4.602650917668270059e-01
4.667354661010857941e-01
4.533485594187838807e-01
4.475121710366379291e-01
4.594692190004240895e-01
4.561465486340493536e-01
4.484012041783423386e-01
4.419159642155435774e-01
4.564793481488904070e-01
4.590189582631841181e-01
4.599318245769513647e-01
4.514953188173053689e-01
4.546467384185718386e-01
4.605397660932572523e-01
4.679055902824474367e-01
4.713779264999714558e-01
4.546872551029590426e-01
4.579459899101538389e-01
4.375600907009327689e-01
4.363538888541015348e-01
4.380187059052681464e-01
4.667387638333763134e-01
4.619593709483595934e-01
4.842910080652379490e-01
4.294377607153365695e-01
4.282330061684622158e-01
4.802637311546712473e-01
4.537003509401985601e-01
4.541270948925820172e-01
4.687771351102438810e-01
4.609889678259285750e-01
4.515731337069054940e-01
4.630652962033252606e-01
4.618901788433879552e-01
4.467075559233913418e-01
4.472913818909609041e-01
4.516579518624854739e-01
4.604540094116311710e-01
4.642805859917657485e-01
4.489669760835565682e-01
4.528557745162425374e-01
4.615288828243720443e-01
4.560718603834661433e-01
4.504736196901739098e-01
4.485340771056579023e-01
4.486220025334911043e-01
4.556074750787553196e-01
4.634467982537145980e-01
4.485678115286045320e-01
4.527677513856486757e-01
4.580191838817523897e-01
4.584293488591628662e-01
4.710751762941414178e-01
4.743061892628021026e-01
4.570146997506809861e-01
4.414245969405767855e-01
4.473989204537059949e-01
4.716551343742744207e-01
4.573939139290421063e-01
4.410193854394833801e-01
4.254865453589576907e-01
4.773858548251860845e-01
4.802154577555010628e-01
4.544182952001489806e-01
4.527336414737093695e-01
4.556348953938587076e-01
4.710337060398319120e-01
4.604132012460469547e-01
4.466726601210541658e-01
4.507624353745176005e-01
4.580464451482638144e-01
4.540416830822344152e-01
4.823954352490264497e-01
4.369981496527694520e-01
4.566279686679698413e-01
4.606527806672748304e-01
4.573382806886021612e-01
4.505036658620119039e-01
4.510803656617644597e-01
4.576915892625776916e-01
4.558445965699995939e-01
4.440266119056238137e-01
4.525056366586266976e-01
4.612954092233659820e-01
4.571604988972177153e-01
4.721537051176184496e-01
4.718606623246051623e-01
1.154191759814066298e+00
4.406390054016765534e-01
4.418761001545923328e-01
4.806036506456250468e-01
4.558004967418001763e-01
4.085121223362249698e-01
4.848408895555557097e-01
4.730468594280370920e-01
4.534552330627624750e-01
4.529813383353672451e-01
4.666129016010821529e-01
4.640654192221462249e-01
4.436034878429835349e-01
4.493715731438208683e-01
4.565918783801179992e-01
4.528235790933292093e-01
4.553540686451368336e-01
4.489297965036139759e-01
4.531802856352539766e-01
4.591768734061756341e-01
4.514524557568261875e-01
4.455370782876001967e-01
4.556012297957381385e-01
4.606772973924025405e-01
4.551495724322798808e-01
4.731730613887699111e-01
4.749897122821724049e-01
5.582466875170142728e+00
4.339503241221696062e-01
4.397234879302576727e-01
4.766929549971632429e-01
4.795607869141462754e-01
4.538917387922241642e-01
4.532704398758974906e-01
4.596640729262243541e-01
4.434579667921609292e-01
4.422815729691441655e-01
4.696914380547848045e-01
4.648963267556641688e-01
4.480975144303057656e-01
4.457328780713307737e-01
4.594356531538155708e-01
4.515087938073771845e-01
4.507156028485084232e-01
4.777657646755078535e-01
4.742423212232629304e-01
1.725053851573878916e+01
4.480676669493445230e-01
4.343376086035600214e-01
4.639044110399882515e-01
4.522009089231834311e-01
4.422247917468239975e-01
4.905075848417183026e-01
4.569791434993662471e-01
4.464010092395713225e-01
4.455524323540496212e-01
4.592574914882982529e-01
4.582805845442515236e-01
4.540935648910845446e-01
4.463903545155410990e-01
4.725835642951956572e-01
4.547099264198451452e-01
4.784510243820249142e-01
4.652640108402668617e-01
2.763999596215709431e+01
4.313579971986366002e-01
4.363717860372184343e-01
4.971886775819673865e-01
5.031899863054086763e-01
4.733180370961909134e-01
4.196692386097750638e-01
4.624482925065140915e-01
4.585960403650412576e-01
4.108749404808146322e-01
4.604855985103422089e-01
4.401855441444383898e-01
4.525409365670269857e-01
4.571711424938922907e-01
4.898054232106611727e-01
4.608887765404682813e-01
3.151604260146513070e+01
4.273379335397177181e-01
4.256547381535969454e-01
4.952484751979602251e-01
4.612233947768883957e-01
4.747394989890496020e-01
4.438357636453011956e-01
4.565675183183455776e-01
4.589485618391671573e-01
4.459441981615425710e-01
4.583235043063418335e-01
4.401139484138058555e-01
4.487643784994408969e-01
4.548365670740934785e-01
4.895873394526381039e-01
4.650524983151888558e-01
2.764087668831485090e+01
4.369021462812494594e-01
4.289408375598139367e-01
4.769534169029502890e-01
4.538197922720324518e-01
4.547682747202262399e-01
4.900224071175831031e-01
4.591666944670986794e-01
4.467798663682437943e-01
4.426556915690708638e-01
4.593477890849930745e-01
4.648762078455815350e-01
4.540942965870600756e-01
4.456106188160523507e-01
4.727825204132438119e-01
4.508880710065208408e-01
4.782741629095575431e-01
4.740731904209290470e-01
1.725132973044989626e+01
4.238955516437844517e-01
4.343351163830361794e-01
4.739185393331951102e-01
4.708346097662092222e-01
4.552083907648576400e-01
4.542220436560526209e-01
4.635103754554797395e-01
4.437761978059063250e-01
4.496692360122884202e-01
4.697202010928155369e-01
4.553870447087087769e-01
4.479421765707709557e-01
4.531178499116895186e-01
4.595929863772189039e-01
4.515746897145613281e-01
4.514347988764575992e-01
4.553873877192838870e-01
4.552431527799076227e-01
4.776562772358690090e-01
4.748831411279266779e-01
5.582785926149377076e+00
4.313172332091871897e-01
4.386443319658718254e-01
4.885066441613534205e-01
4.642371650045208353e-01
4.605421707232346118e-01
4.111832993426000615e-01
4.288585296597657859e-01
4.827894372332116601e-01
4.787111579501277525e-01
4.546202002027396882e-01
4.566982415181520816e-01
4.660535465879486194e-01
4.599360554658827871e-01
4.438631466085640742e-01
4.509826654933272727e-01
4.564301116464072883e-01
4.821762369040430984e-01
4.527365968533147433e-01
4.565584546782689435e-01
4.573770293212891525e-01
4.488695825739215106e-01
4.510223630855086374e-01
4.593804284077630529e-01
4.560323919098299705e-01
4.453206536031019125e-01
4.520862837561376857e-01
4.609843406938495813e-01
4.572074481725577622e-01
4.730805939649501135e-01
4.717733977772336496e-01
1.154260369716854973e+00
4.329777778947457856e-01
4.321921103220986438e-01
4.792140082698727044e-01
4.927473213200706526e-01
4.403492695373144028e-01
4.333138454456684774e-01
4.769040152005528110e-01
4.789977323893470640e-01
4.549914458981076382e-01
4.545878062257403540e-01
4.537447512281938544e-01
4.706181875694332439e-01
4.615441605987262164e-01
4.468631572196918311e-01
4.517638115915523778e-01
4.577637994912398534e-01
4.640147674505214481e-01
4.538096919235022897e-01
4.369406725082350951e-01
4.527807714933540506e-01
4.606867376102586342e-01
4.561079462702508636e-01
4.504418100424317783e-01
4.485262984786080320e-01
4.578902453155528351e-01
4.636337385821588941e-01
4.436303238559323736e-01
4.525261770830419361e-01
4.614834752379595173e-01
4.584462144578474452e-01
4.720720421743126449e-01
4.742305681847359122e-01
4.571314370297579477e-01
4.337931198695026969e-01
4.255610341407816688e-01
4.309499902056109777e-01
4.748352499822371398e-01
4.784848902310908647e-01
4.710003434032107861e-01
4.317750247757914939e-01
4.286688525332125743e-01
4.751947781005876337e-01
4.539355969460081019e-01
4.562814560305684108e-01
4.678798882843214768e-01
4.590448250656566365e-01
4.606142470996817395e-01
4.518150784425042921e-01
4.575034511552988348e-01
4.629359304128530250e-01
4.654684762542522503e-01
4.467018991808909267e-01
4.425424542980697096e-01
4.473959076406054391e-01
4.602039586483334666e-01
4.664753201097928126e-01
4.488989143015684746e-01
4.474735379198394591e-01
4.615618929423621064e-01
4.561773312391309565e-01
4.504681334362020118e-01
4.419512318504569826e-01
4.484463951140655325e-01
4.557718738024031380e-01
4.600585146015414018e-01
4.482646226373743215e-01
4.544805913550044041e-01
4.579698726893599581e-01
4.604860028427877894e-01
4.710038830111122343e-01
4.713141510166370951e-01
4.581085729275553020e-01
4.324701340205240885e-01
4.331982623558506273e-01
4.715821395861971022e-01
4.798859215701665182e-01
4.284655781822573895e-01
4.755935512106986285e-01
4.707644036567116830e-01
4.552665901806718374e-01
4.533778341261809897e-01
4.540475537102682257e-01
4.675500361278017714e-01
4.657007852556844796e-01
4.425622192054404214e-01
4.540758079459968344e-01
4.593239538384211174e-01
4.450711197920280693e-01
4.458150529877770163e-01
4.593392891733978911e-01
4.645281446385201019e-01
4.600459362953082110e-01
4.532824225965584319e-01
4.491975544409446686e-01
4.594995850572533014e-01
4.566324781560002766e-01
4.484543732599930999e-01
4.475443471411058027e-01
4.565874459875839952e-01
4.608991491571176047e-01
4.591729177504665915e-01
4.513674297545474667e-01
4.513032744024390031e-01
4.588387530148959059e-01
4.678455340357962067e-01
4.718429497119931426e-01
4.548297389117587075e-01
4.595627997652302343e-01
4.337463724067051052e-01
4.424479434703038616e-01
4.728770903972340234e-01
4.814947921705310385e-01
4.254903166159397232e-01
4.216764820608204234e-01
4.709468143500006865e-01
4.787215423492046651e-01
4.543831443233430911e-01
4.565630554910315442e-01
4.634837083009061276e-01
4.686002338316120897e-01
4.598256082898589114e-01
4.518201739188825172e-01
4.479039149931861030e-01
4.592311248720697958e-01
4.620838556612895665e-01
4.443240268557301365e-01
4.525539112365994932e-01
4.567809981296913069e-01
4.683326247818357935e-01
4.551563880753886071e-01
4.495380657772353739e-01
4.539580748437199720e-01
4.575705350743908828e-01
4.484441129955650807e-01
4.482922017382214852e-01
4.548865232800644587e-01
4.616740726196082445e-01
4.502369791556958267e-01
4.554820200468754354e-01
4.597812550968511380e-01
4.657446811827123945e-01
4.720680700259311524e-01
4.530476450554186685e-01
4.591733005569780812e-01
4.403697226969853773e-01
4.437272144565447829e-01
4.757137769317533182e-01
4.726611939229287684e-01
4.280315700194193829e-01
4.322787403506071491e-01
4.705778276717958453e-01
4.760952377922932910e-01
4.534350308659668705e-01
4.644375584740854102e-01
4.541249417710740421e-01
4.601213421869904119e-01
4.787545828470122222e-01
4.621853096071182887e-01
4.565027421493430548e-01
4.492098638361579632e-01
4.594831509326350871e-01
4.596229957909621078e-01
4.464428736800567510e-01
4.445215502571935318e-01
4.452640905785191228e-01
4.596707719671588865e-01
4.684979365231460302e-01
4.504295595153668952e-01
4.546829872506585324e-01
4.488457941173144006e-01
4.523540014168384027e-01
4.562022267125595554e-01
4.599523309974181129e-01
4.464789396385683840e-01
4.470375136559837093e-01
4.543579243605127549e-01
4.630712374008154608e-01
4.762349848470706082e-01
4.760880513016377269e-01
4.682825228783961680e-01
4.538824128107207256e-01
4.569091898770974991e-01
4.382519715694294660e-01
4.354419903315155382e-01
4.373343089673728534e-01
4.655542330421303387e-01
4.695937043688325763e-01
4.745826236956144917e-01
4.293601838619742206e-01
4.277001815798622264e-01
4.806150564567454042e-01
4.610830356464834523e-01
4.572602795576874435e-01
4.575269388800746184e-01
4.524525846273402263e-01
4.578033023736434726e-01
4.733212131580739057e-01
4.587320267208559454e-01
4.493919746357873390e-01
4.604672020501174301e-01
4.605591565538489363e-01
4.343229839803404713e-01
4.537548371077288478e-01
4.604007998417350978e-01
4.615244336660548341e-01
4.515163771209984578e-01
4.499525589036846851e-01
4.561999683352712665e-01
4.536496821681201275e-01
4.493023357784421412e-01
4.536868197397561642e-01
4.591130344046484013e-01
4.557653743378179412e-01
4.539045920435046955e-01
4.505324781935290956e-01
4.499997880572753628e-01
4.647603007985541823e-01
4.725712221899838195e-01
4.918617194215641475e-01
4.564719739633169016e-01
4.540850434439560601e-01
4.366219660881293652e-01
4.406288307096010159e-01
4.644460006237502436e-01
4.692343643350215254e-01
4.372106516446337965e-01
4.822075810804606344e-01
4.625622854657067684e-01
4.649657323974186740e-01
4.464177386224192357e-01
4.445586399696105362e-01
4.566318819597493528e-01
4.511674635502878616e-01
4.374537724404926609e-01
4.602643106774267912e-01
4.617261729120842872e-01
4.644981799138130918e-01
4.550921385947196973e-01
4.502152492117644234e-01
4.569348827222722287e-01
4.508933401940996011e-01
4.454438878571758131e-01
4.479604329170457366e-01
4.469523050993002289e-01
4.629296005782982393e-01
4.573336704909412576e-01
4.506271426162822280e-01
4.593671778367889869e-01
4.682209365632751252e-01
4.544059375477679796e-01
4.526916386356426014e-01
4.389462720735097800e-01
4.481331832784043456e-01
4.668936903282281392e-01
4.710682570530386193e-01
4.541268383215009141e-01
4.413060622274337930e-01
4.575070614216646958e-01
4.683343700316196512e-01
4.641764592709269888e-01
4.597535665980836961e-01
4.475762281931465192e-01
4.609547652936783479e-01
4.618185002865907718e-01
4.558465877655353271e-01
4.528039953706202159e-01
4.575045393385499537e-01
4.590110120329508603e-01
4.319363895004315612e-01
4.687316840983563049e-01
4.610620504810051812e-01
4.586078429285832536e-01
4.514519919443594209e-01
4.495850207515100783e-01
4.523260937151519778e-01
4.521027258942147964e-01
4.449737883645375480e-01
4.527738672471392500e-01
4.714222331420493961e-01
4.615959971220527369e-01
4.678082743622932749e-01
4.805734731620019962e-01
4.452907512677943824e-01
4.634833513400968830e-01
4.601946875276133886e-01
4.505733417142569475e-01
4.621134169637878264e-01
4.606973044814113849e-01
4.540997692983252954e-01
4.532450865407483542e-01
4.361058918421800712e-01
4.248551698340456984e-01
4.569922971882947604e-01
4.593566475998453469e-01
4.606626796002186719e-01
4.619055748833816866e-01
4.517172793951704790e-01
4.503127332071998890e-01
4.441248040609873105e-01
4.436842203836369736e-01
4.460077843254529606e-01
4.628529380748475641e-01
4.637532043298470130e-01
4.696237842369159754e-01
4.661934248730951191e-01
4.696774023089806405e-01
4.640870726823753678e-01
4.602615633453273070e-01
4.649622810263476791e-01
4.647412717383409553e-01
4.729857807428580752e-01
4.471969916997237116e-01
4.636197804041788384e-01
4.554645836013296867e-01
4.530012300769660216e-01
4.543661779815263979e-01
4.744890386764097356e-01
4.786945699162949430e-01
4.858753768224879921e-01
4.493724763527658372e-01
4.502476128992003446e-01
4.431838511588832019e-01
4.472560226049531740e-01
4.547205615442927451e-01
4.625990469506080505e-01
4.603765998459989350e-01
4.861302395764274253e-01
4.682950293866112723e-01
4.618425347755882870e-01
4.603965843016852300e-01
4.460408289923135094e-01
4.767627468794267132e-01
4.711468457520339159e-01
4.377056083958664745e-01
4.718114662095242995e-01
4.581093834687516297e-01
4.425230745916770014e-01
4.454020581820075653e-01
4.780240881850492118e-01
4.906893624798424058e-01
4.731385315525063473e-01
4.481572705680165747e-01
4.482611911716849473e-01
4.451240732047490045e-01
4.469951234836744836e-01
4.607854811077330415e-01
4.622093086865046163e-01
4.703832207775075491e-01
4.698079627359486032e-01
4.647097098029551732e-01
4.677498454264107930e-01
4.645506626945915540e-01
4.507043367002043777e-01
4.605522730898977679e-01
4.687994652857587208e-01
4.629860671188457122e-01
4.268843401265465798e-01
4.611689131807641395e-01
4.618626119343648972e-01
4.298796897664912686e-01
4.347449664748776477e-01
4.871825364923079715e-01
4.846148222109916692e-01
4.811815229725153187e-01
4.492789291156532583e-01
4.469034448438415907e-01
4.499161281477733199e-01
4.589452702345058754e-01
4.613014713813854417e-01
4.633220207624320630e-01
4.615468735804484357e-01
4.873045349596923370e-01
4.684396943148347869e-01
4.115668630000431927e-01
4.608863770626319689e-01
4.635556275548189942e-01
4.617404053404308706e-01
4.611335853033724508e-01
4.524208650212310778e-01
4.423936678660699839e-01
4.588578995441295882e-01
4.602942356756193898e-01
4.471325733086567444e-01
4.386540179071361512e-01
4.849559484943798404e-01
5.003163357368785036e-01
4.463688351304327950e-01
4.445838814223189717e-01
4.489822041743749548e-01
4.483261684878165343e-01
4.525989921392987170e-01
4.580322406541845748e-01
4.563222218186220869e-01
4.642543887349766529e-01
4.603423693304813380e-01
4.654593244879089986e-01
4.662372964350896543e-01
4.624805406801559271e-01
4.638383519483701423e-01
4.672440390011796674e-01
4.503599215762008612e-01
4.437567292646595885e-01
4.591975238638607570e-01
4.665912775906779775e-01
4.632280687422080101e-01
4.367100819535688627e-01
4.573681473936141995e-01
4.723088487225914345e-01
4.577954161706920266e-01
4.333685146182637560e-01
4.773574116821802105e-01
5.070328398920911361e-01
4.765744035705629100e-01
4.419415918388383546e-01
4.442955940939325443e-01
4.439122359375446969e-01
4.389240619729979920e-01
4.498856635505237289e-01
4.546078358435953759e-01
4.594410685015500873e-01
4.609548300793466225e-01
4.804508687067028938e-01
4.659968545725052813e-01
4.516679385963882631e-01
4.516350866960414101e-01
4.530525754899520918e-01
4.676453292555954322e-01
4.409303048871632824e-01
4.572452111301716915e-01
4.819818514307302459e-01
4.619247488665827461e-01
4.615340952744870218e-01
4.514245320682451768e-01
4.675568023688507213e-01
4.934715370575343818e-01
4.990469711528060515e-01
4.312935827107682307e-01
4.570506233455512990e-01
4.748498958620933630e-01
4.558544536109676582e-01
4.425472967134350677e-01
4.621340434860376489e-01
4.510427182310143279e-01
4.635930690577650393e-01
4.761632233525997515e-01
4.252351764574536230e-01
4.388458118038307543e-01
4.817568451162287380e-01
4.980573885328584693e-01
4.826792487967492273e-01
4.363480739845387868e-01
4.406364807062858602e-01
4.303348058234977569e-01
4.265634598140012335e-01
4.530793161622834742e-01
4.581164131568591924e-01
4.615243868060039389e-01
4.717177864849177449e-01
4.650891855103374550e-01
4.645934333930962223e-01
4.477541754617754832e-01
4.532059187054079397e-01
4.486754197581709902e-01
4.519238654682395384e-01
4.587419290393660032e-01
4.694523624353502678e-01
4.327245627500113101e-01
4.588531831194057609e-01
4.658962260293094682e-01
4.599311923409025726e-01
4.605991057429040803e-01
4.454335381692858808e-01
4.705516287870435410e-01
4.493860948415309697e-01
4.517586554165584634e-01
4.827874206586434958e-01
4.540879478350728360e-01
4.383380740830423727e-01
4.574405359007284178e-01
4.761863579670216895e-01
4.557898984418001787e-01
4.459362497849013174e-01
4.457320039233866882e-01
4.478616842339216420e-01
4.748407851620429221e-01
4.369857987754124928e-01
4.830800469413070730e-01
4.833311503812598442e-01
4.855059425416131669e-01
4.377237722732499337e-01
4.447797077662113963e-01
4.356382865407937288e-01
4.286870930959746917e-01
4.440879734819934699e-01
4.553128137882030413e-01
4.512406751567558105e-01
4.516195232785700231e-01
4.942234551948919141e-01
4.599946192193358763e-01
4.655040352282713845e-01
4.467840791358318464e-01
4.480507555881468873e-01
4.511849186808905010e-01
4.771148506834716474e-01
4.276549989461819745e-01
4.395062764635017105e-01
4.617695729365844937e-01
4.664092418306877708e-01
4.589696218465932898e-01
4.668947134446667646e-01
4.408909492350271409e-01
4.516394522513628162e-01
4.492221003832800874e-01
4.481281457238358579e-01
4.757815475373875502e-01
4.371317762868530687e-01
4.577701460745701723e-01
4.771582264815021346e-01
4.563902456082727932e-01
4.431325794300748910e-01
4.610764884206811076e-01
4.473472855077275656e-01
4.460312919365558293e-01
4.727674719716404295e-01
4.749867439586022977e-01
4.338450973705981761e-01
4.379250393427017718e-01
4.850410584193615149e-01
4.929731640647973534e-01
4.870869602425973444e-01
4.377200560373743499e-01
4.374047221577889166e-01
4.494893039754667696e-01
4.470035285897769883e-01
4.355907195019094180e-01
4.481243368870200805e-01
4.361904672463635668e-01
4.711672711307214878e-01
4.831077872928276062e-01
4.633649480006157284e-01
4.574192161291210645e-01
4.444085304795807323e-01
4.541115605606921846e-01
4.513752469179103111e-01
4.479440893694111581e-01
4.652138314667595975e-01
4.462125314091378026e-01
4.513283220980227606e-01
4.801133086320990007e-01
4.560208374688017319e-01
4.641748170494552350e-01
4.436304122598667687e-01
4.411903113735856086e-01
4.487145870834088335e-01
4.476809218515380717e-01
4.857501951606313928e-01
4.819274023843405086e-01
4.410903792728465556e-01
4.389760429734193004e-01
4.584281930028215046e-01
4.779287953449818938e-01
4.567551848570285400e-01
4.419643556416293362e-01
4.649550263335812117e-01
4.457570492351521918e-01
4.612728362489508793e-01
4.428868174981540062e-01
4.816476311090931439e-01
4.987634345323055385e-01
4.859193649874289922e-01
4.339592894058934558e-01
4.554745479184626467e-01
4.372432365262652332e-01
4.500070980412737565e-01
4.558541478350950915e-01
5.343949790084551177e-01
5.683120787698553444e-01
4.412472362060559927e-01
3.954202667672913618e-01
4.372011772403403551e-01
4.362246189261403950e-01
4.668699373891735394e-01
4.764519133424809927e-01
4.472963979429442904e-01
4.469374805333949929e-01
4.506374153962374174e-01
4.482885998996256061e-01
4.617262363938912095e-01
4.402508045431764439e-01
4.701174579686956956e-01
4.423784815501133338e-01
4.628081373421832345e-01
4.477065880997510017e-01
4.491828074977785579e-01
4.617349422824287286e-01
4.408656605463336930e-01
4.595218092356589401e-01
4.717841098563354540e-01
4.586800260550564778e-01
4.413568471859673492e-01
4.643218454450075972e-01
4.445758511649420264e-01
5.058651021600831799e-01
5.001397943813121749e-01
4.225448581663491243e-01
4.568268471541179210e-01
4.755212446437545593e-01
5.010831183008568335e-01
4.887374552244397319e-01
4.328615160540088547e-01
4.589216283880488967e-01
4.344330153946590056e-01
4.432883214662188265e-01
4.706923897710370563e-01
4.467320502139664473e-01
5.067705372687568710e-01
4.410244381787782331e-01
5.185605646913323818e-01
5.669834884510094319e-01
4.538891981122337715e-01
4.195769340955310400e-01
4.471129525412964600e-01
4.473886874395278102e-01
4.023984794582151081e-01
4.620923895544288840e-01
4.621750872277520794e-01
4.639750513308196767e-01
4.631330661667567572e-01
4.654357842179467908e-01
4.654839107772639206e-01
4.432799756217754572e-01
4.684107193679950543e-01
4.458630221426426732e-01
4.482354579827135810e-01
4.848481703360384421e-01
4.860318608767752457e-01
4.455731354670976474e-01
4.353364613361394575e-01
4.622159231694628057e-01
4.617875853232493721e-01
4.613439298953154744e-01
4.587760585526941548e-01
4.404447793062927219e-01
4.688133206583267598e-01
4.438855051123072881e-01
4.665369508460673331e-01
4.890860390932529334e-01
4.304368246918996999e-01
4.545608714144325768e-01
4.331595502915502882e-01
4.493306285659958710e-01
4.261567410054413751e-01
4.427933335768462486e-01
4.416866023499050886e-01
4.439445988654834307e-01
5.210695454979309416e-01
4.812904156811822487e-01
4.930478028900202037e-01
4.575527037710309108e-01
4.434368253456520415e-01
4.517465414470317464e-01
4.555479031550929703e-01
4.490001345753916184e-01
4.490883830775257990e-01
4.529589299417304260e-01
4.566947647414772438e-01
4.591129983278890991e-01
4.605409225480628921e-01
4.641396198259339356e-01
4.413990449922430281e-01
4.573665256830210524e-01
4.496434782348625037e-01
4.740251085111832907e-01
4.253149530390303301e-01
4.590123816730627970e-01
4.680784280486815496e-01
4.625286199898852590e-01
4.397857435547122829e-01
4.668059885860679770e-01
4.377538954078464828e-01
4.732282936802526541e-01
4.833783026812085715e-01
4.739315436877238330e-01
4.337016419988330429e-01
4.479363440539430030e-01
4.283607580175084473e-01
7.871486730878486382e-01
3.992321663899587869e-01
3.970802130738931845e-01
4.663477446689410777e-01
5.289896786009609109e-01
5.336903876071174002e-01
4.654586999171772543e-01
4.403123927788500924e-01
4.481787056862783225e-01
4.532846772262792978e-01
4.537173138130081163e-01
4.404524319876679805e-01
4.805691060296661821e-01
4.485241881604237202e-01
4.500181295066505438e-01
4.804936764501935853e-01
4.558473524279246791e-01
4.393936522136349665e-01
4.657981233140214283e-01
4.370366487707814107e-01
4.691611053559106570e-01
5.064585783986791379e-01
4.749441771527201372e-01
4.900128169820551771e-01
4.351340507202303143e-01
4.338953240197176986e-01
9.927859061061609092e-01
4.610935429966782628e-01
4.330759924912873648e-01
4.744197385337750594e-01
4.516458902970318379e-01
4.602045468339974188e-01
4.649533063240292585e-01
4.587077177093704106e-01
4.595988191849344484e-01
4.609288073363579930e-01
4.686356386293863974e-01
4.397225017053920104e-01
4.486337294863271263e-01
4.413229450239273821e-01
4.665655862936135545e-01
4.923610142165332215e-01
4.714219222041556301e-01
4.816248974532739147e-01
4.894247081930588883e-01
4.363446892738938598e-01
4.358385907214311628e-01
4.356617846274429828e-01
1.108339100352189854e+00
4.988328016524314901e-01
4.042557923891660909e-01
4.641648200464316698e-01
4.297404494065703018e-01
4.582620639647048688e-01
4.619581755384916666e-01
4.571232135040223521e-01
4.579192763448548531e-01
4.587954799110898763e-01
4.587922942206477672e-01
4.587433045055205882e-01
4.593723991349822344e-01
4.581215338763900968e-01
4.636624545136489028e-01
4.685354455700592169e-01
4.397669554871594388e-01
4.476712507798305540e-01
4.690655837224528280e-01
4.955786334175480423e-01
4.720054065878079852e-01
4.787517488756234396e-01
4.923512411561713487e-01
4.324362408516388423e-01
4.425242874596398979e-01
4.385658836850263032e-01
1.275692479106603106e+00
4.817964921160036718e-01
5.571560210521613321e-01
5.516875355119112978e-01
5.395848258378732609e-01
4.694285096769545973e-01
4.105177599291620072e-01
4.159320881566300199e-01
4.419429901275943595e-01
4.612241605433005653e-01
4.652246897944836146e-01
4.642904277132077762e-01
4.644619520860553408e-01
4.656276850423262115e-01
4.691767056163609895e-01
4.658167492060391046e-01
4.172054651645132894e-01
4.542675041367250088e-01
4.369977079558408639e-01
4.645013305367705070e-01
4.822749075203623947e-01
4.702593096579416598e-01
4.793060044401650233e-01
4.895949679739439175e-01
4.320927147514239675e-01
4.529892287160582898e-01
4.352784944384553434e-01
1.465145361630538989e+00
4.917512815463466191e-01
4.397617753100927507e-01
4.027394349891704750e-01
4.791119476908496932e-01
4.833333219213070131e-01
4.571405791149761311e-01
4.668027961687903349e-01
4.690569593749838173e-01
4.866457264273885697e-01
4.794310900813825160e-01
4.308263669594595280e-01
4.485523176684884650e-01
4.231567492228905936e-01
4.673332763227072695e-01
4.723355698451685569e-01
4.843133817289256848e-01
4.319802651121559256e-01
4.309118760268197401e-01
4.333400305248526485e-01
4.324438292813305162e-01
4.348315620880505716e-01
2.227184288621972819e+00
1.933703060248781691e+00
4.314155360014040319e-01
4.493537441157774426e-01
4.349221380278454063e-01
4.328345808762050773e-01
2.577170543598854113e+00
4.277846861761978592e-01
4.402426182204816629e-01
4.409153498080801703e-01
4.399073351818738598e-01
3.007515157996834443e+00
4.367571585984421079e-01
4.600858541390085432e-01
4.327633308498876619e-01
4.450290699937058392e-01
4.474563914637699757e-01
4.393852102392742931e-01
3.562943643175805697e+00
4.349304440768974600e-01
4.465951410132065758e-01
4.421772489857079269e-01
4.475798317099220491e-01
4.468582424841325840e-01
4.341837203966488978e+00
4.318677455838227375e-01
4.440089405271978040e-01
4.465544359519107998e-01
4.488256849563348472e-01
4.454834360202971077e-01
5.628502991996830573e+00
4.344283380157530350e-01
4.466263817475245035e-01
4.472677474865208724e-01
4.441823256031802170e-01
4.442532275851617252e-01
8.794151103813284465e+00
4.412355328118918729e-01
4.501185198685954680e-01
4.477785738854664355e-01
4.502483842063735864e-01
4.454232573010086793e-01
1.135226364820779743e+01
1.792106395648484707e+01
7.398369599827127274e+00
5.660180235845360563e+00
5.014768243855058927e+00
4.608055853453486783e+00
4.302816619174189228e+00
4.054137400823880633e+00
3.841834758755952706e+00
3.654761923777130495e+00
3.486167973791666430e+00
3.331745754239425761e+00
3.188666709741336813e+00
3.055051141500084722e+00
2.929654834094688631e+00
2.811671290021168890e+00
2.700599215256365149e+00
2.596148700687262334e+00
2.498171299590071559e+00
2.406605270430944632e+00
2.321430621231674429e+00
2.242630682471419057e+00
2.170158400327785397e+00
2.103906701546339519e+00
2.043683338293343255e+00
1.989191690962892833e+00
1.940020037446184897e+00
1.895642490882085696e+00
1.855434644746981832e+00
1.818705409785763560e+00
1.784743406022325951e+00
1.752872159084512216e+00
1.722504673352989624e+00
1.693186563595012073e+00
1.664619129388400509e+00
1.636659348117498247e+00
1.609300755193579402e+00
1.582644626621066752e+00
1.556872391312131843e+00
1.532227223508411784e+00
1.509006811237289192e+00
1.487563064533803159e+00
1.468300526815222273e+00
1.451664694042983372e+00
1.438113909907430932e+00
1.428072433859073120e+00
1.421865978883611659e+00
1.419643646039634666e+00
1.421292250491250631e+00
1.426352112268329142e+00
1.433949001002138512e+00
1.442764829504900037e+00
1.451076189984762177e+00
1.456887565745786484e+00
1.458167342138444678e+00
1.453158463019155411e+00
1.440694113592383419e+00
1.420425966056252376e+00
1.392889229735780221e+00
1.359383666989533168e+00
1.321715105897554920e+00
1.281881931438141553e+00
1.241788546390446779e+00
1.203034569176609558e+00
1.166790815199531428e+00
1.133750718813573588e+00
1.104141920480435024e+00
1.077788604765902658e+00
1.054219738192489819e+00
1.032815402792034210e+00
1.012973524684221749e+00
9.942685520781811004e-01
9.212091725216554616e-01
9.203131581523732452e-01
9.277702707195655263e-01
9.792577544859135674e-01
9.576704003392160214e-01
1.002564424478811667e+00
1.024048333064189853e+00
1.038733199029864718e+00
1.040181327463469696e+00
1.020652840648796689e+00
9.713387801232435947e-01
8.822986188386235940e-01
7.455382912425581043e-01
5.751543968407816232e-01
4.395291416606971757e-01
4.483771136697736193e-01
4.498234249580535526e-01
4.516620816004784933e-01
4.465610773622866736e-01
