1.797680322122692687e+01
1.138120839922443572e+01
8.816511617701911163e+00
7.409300687434128285e+00
5.662084617733994740e+00
5.012284850455938745e+00
4.602674898006489990e+00
4.295374988740853439e+00
4.045224292561248269e+00
3.831918213073859825e+00
3.644230456726731404e+00
3.475339492658905627e+00
3.320864231117774956e+00
3.177899272470699810e+00
3.044492852085205037e+00
2.919343142025824012e+00
2.801607557040357577e+00
2.690771978039993684e+00
2.586553046993804283e+00
2.488820508542029852e+00
2.397533624866964086e+00
2.312688822201566907e+00
2.234276769143753061e+00
2.162247320696721431e+00
2.096481023779698916e+00
2.036766581734586357e+00
1.982784844757525811e+00
1.934101233453009216e+00
1.890169472574313003e+00
1.850349459888732451e+00
1.813940505656164159e+00
1.780228018439979687e+00
1.748537736801567988e+00
1.718288329948185034e+00
1.689032342715989898e+00
1.660478024477117343e+00
1.632490001763720500e+00
1.605072942113009438e+00
1.578346676987012254e+00
1.552521912051455288e+00
1.527882598586229657e+00
1.504775851364309691e+00
1.483605277447443305e+00
1.464820642833031705e+00
1.448896715634397925e+00
1.436296372159146406e+00
1.427416328605245477e+00
1.422516934664553645e+00
1.421639995562477887e+00
1.424521439638303244e+00
1.430510383462163304e+00
1.438513650844632563e+00
1.446993382273463968e+00
1.454049328042129829e+00
1.457608123093438124e+00
1.455712970781187776e+00
1.446863050856273203e+00
1.430312238682170500e+00
1.406228720635814389e+00
1.375655981172968501e+00
1.340287263434755571e+00
1.302131601086325974e+00
1.263174444609431735e+00
1.225113194549985352e+00
1.189200644377014671e+00
1.156188464239362723e+00
1.126345449663401332e+00
1.099528447175571300e+00
1.075293764868108903e+00
1.053040815786435713e+00
1.032173900314017345e+00
1.012257643577402666e+00
9.931359430415400702e-01
9.229535797691957866e-01
9.259716001614084480e-01
9.346383811399427977e-01
9.672327745391372522e-01
9.884616418602523158e-01
1.009506378727198728e+00
1.026205960105762705e+00
1.033034212167001309e+00
1.023180337849800337e+00
9.887268567529398089e-01
9.206743369987147041e-01
8.084587008515314865e-01
6.482812399804168679e-01
4.806061540314960356e-01
4.418021581744861481e-01
4.503973576649110133e-01
4.516103076931108351e-01
4.507794507231051018e-01
4.683388966889334148e-01
5.641499837784337501e+00
4.446151820740570915e-01
4.460469667770030622e-01
4.508657644641084761e-01
4.496139901458475197e-01
4.587805566285285686e-01
4.352715439324621016e+00
4.425512216828494938e-01
4.464408578746567047e-01
4.508453492422184739e-01
4.492271814380764949e-01
4.491554359792552797e-01
3.573676422723892188e+00
4.421985516534714389e-01
4.455078052621755935e-01
4.485803662037863848e-01
4.470275824037235335e-01
4.498586920495292740e-01
3.018880634501244664e+00
4.383546433086347727e-01
4.427913619404945100e-01
4.482679796901002378e-01
4.480955263711222658e-01
4.544139089467135739e-01
2.589550513563654288e+00
4.388982431148682473e-01
4.352415728713084908e-01
4.464017589394747021e-01
4.492141040443224931e-01
4.420073228177605618e-01
4.429593999605748733e-01
2.240762364913210014e+00
4.308726235917016423e-01
4.431828468607486027e-01
4.412326769177964403e-01
4.603703030463897616e-01
1.948531692112948965e+00
4.324000717965977292e-01
4.390744873075341781e-01
4.405797534349771283e-01
4.290542802631451269e-01
4.367383798926786631e-01
4.394250300457585579e-01
4.385251555461380790e-01
4.026945233823550629e-01
4.212906383525125698e-01
4.850220586584948479e-01
4.770522967179415819e-01
4.661452630736778735e-01
4.355276101968968416e-01
4.409595733197031464e-01
4.276354604081362698e-01
1.294022963571170859e+00
1.482270452281996942e+00
5.493316836478547849e-01
5.386683905885819579e-01
5.940923388262996374e-01
4.397422567281901173e-01
4.455656949931637301e-01
4.262915982300420348e-01
4.670582041097365300e-01
4.563434074403472929e-01
4.612342547304221774e-01
4.661576373117715111e-01
4.846831312268679026e-01
4.737585379491807136e-01
4.385600560954786009e-01
4.383061100340244765e-01
4.351124376526496751e-01
1.127228964913433273e+00
3.547886517281347296e-01
3.946416427760092160e-01
6.003239549454467694e-01
5.760939422252915332e-01
4.935689420028007701e-01
4.320269655173271661e-01
4.274166348885503064e-01
4.360283573346304120e-01
4.515329913221914349e-01
4.589967241416947341e-01
4.616806830595108768e-01
4.628797584715830804e-01
4.664204728918817100e-01
4.639434038704189356e-01
4.611188899253040874e-01
4.323596640306144323e-01
4.644291113381589509e-01
4.679139042021340233e-01
4.615501269057013523e-01
4.660611678335934704e-01
4.746032983156666107e-01
4.737128020535267270e-01
4.822595129602511022e-01
4.353047691215072845e-01
4.576417131838744212e-01
1.031080178074338605e+00
4.421488740530639117e-01
4.727213063630457679e-01
4.722360433775140698e-01
4.478865904904272277e-01
4.492499307312391443e-01
4.586208262734027818e-01
4.583269249867340522e-01
4.580338941749335091e-01
4.571241585825579490e-01
4.563804321133684838e-01
4.565209214045969355e-01
4.575415795422963505e-01
4.596708310861737923e-01
4.613974991378719803e-01
4.691916439219136481e-01
4.626771238645185913e-01
4.670047959208605270e-01
4.354740899958052802e-01
4.252315626905853185e-01
4.485802202421751428e-01
4.628388382877884344e-01
4.664095233520411110e-01
4.752270046299140738e-01
4.746720340985581821e-01
4.860252285851598408e-01
4.329894290715506910e-01
4.350970609447920578e-01
4.594268495770650329e-01
8.085845329624286038e-01
3.962994573736004500e-01
3.985572057087563014e-01
4.037142967431322504e-01
4.437571189120103066e-01
4.470018677113890559e-01
4.636520432190745500e-01
4.585598146048538992e-01
4.581784431303112526e-01
4.602220188980167270e-01
4.559853590841047022e-01
4.590834584035968224e-01
4.362475511331475597e-01
4.428239024370869137e-01
4.429591727014449143e-01
4.635334314337559714e-01
4.679425914931542585e-01
4.788963384339500196e-01
4.741862662594841793e-01
4.791148420948213027e-01
4.373825001674016000e-01
4.405581073011282656e-01
4.465513827285965687e-01
4.528380578722429051e-01
4.535017317787103375e-01
3.935507433722729154e-01
4.456365083206029198e-01
4.736132459866925770e-01
6.563683708967418262e-01
3.630221583418595244e-01
3.820477389351508712e-01
4.493911358808744816e-01
4.636758528712168759e-01
4.636182841058147375e-01
4.606381627119292554e-01
4.619564569208038374e-01
4.406491175808452954e-01
4.511479493450501477e-01
4.765449921807269340e-01
4.656393646856245572e-01
4.649196588127350038e-01
4.293488276368797596e-01
4.733040444777060207e-01
4.370916838838756480e-01
4.435662001616755834e-01
4.448215441194308672e-01
4.700204456314805990e-01
4.699223630927717998e-01
4.847843718399257873e-01
4.912592454284575028e-01
4.389198542128580627e-01
4.429505388876636141e-01
4.380458775748429234e-01
4.533785827976713478e-01
4.488414962298958866e-01
4.639458804269164793e-01
4.869931685221017270e-01
5.018362401133896755e-01
3.799256483850155797e-01
5.144494099109230278e-01
5.317405186065382594e-01
4.019585726293338768e-01
4.545453628289295445e-01
4.574026843095989614e-01
4.556258815250779914e-01
4.556969916118521202e-01
4.566456077601367958e-01
4.575760953124932695e-01
4.585088536241124224e-01
4.613456563819035017e-01
4.633682269786341124e-01
4.731198491140863882e-01
4.448924375100753448e-01
4.478319558716268856e-01
4.485622331198069745e-01
4.647880296090066143e-01
4.716613611224768632e-01
4.315021299501092811e-01
4.289275831093472546e-01
4.605365549406092995e-01
4.736451147255213434e-01
4.752055482786295970e-01
4.384770684937695506e-01
4.418337267046585914e-01
4.490143409152291265e-01
4.666729533093730842e-01
4.663853088945032477e-01
4.760737963822568308e-01
4.963571283115553734e-01
4.419751154685380712e-01
4.453831778513331341e-01
4.313948338671486082e-01
4.482657317628670479e-01
4.438177525564201420e-01
4.622528236453286032e-01
4.691980683620091130e-01
3.286683439992296174e-01
3.757043070598090617e-01
4.545417255101411591e-01
5.039293264083372081e-01
5.277039171678920004e-01
4.223151124599807127e-01
4.497603111298412171e-01
4.487209806349736763e-01
4.637944139791012610e-01
4.652604190560624686e-01
4.612342428799725003e-01
4.651913445320513540e-01
4.698118737832564507e-01
4.745247259994915257e-01
4.576554303853264116e-01
4.441474757106187443e-01
4.490329217977878651e-01
4.486651231359015668e-01
4.471077104505665201e-01
4.862710086963950573e-01
4.309466991495261023e-01
4.636656952930203746e-01
4.684756974224130732e-01
4.750957167216224852e-01
4.393487449328487005e-01
4.445960785852378638e-01
4.492288896713835800e-01
4.811565644328788527e-01
4.536401739019093604e-01
4.426468355141918720e-01
4.436054843938893044e-01
4.385729474845643239e-01
4.409605191409658453e-01
4.409546483017097174e-01
4.385444925751062484e-01
4.818640343124053760e-01
4.997153128249476883e-01
4.732305325078867142e-01
4.532445877365513520e-01
4.535458607198363801e-01
4.466099298518527161e-01
4.500157687463645639e-01
4.628774148432419633e-01
4.613868307080872255e-01
4.461723795627741129e-01
4.423848367938904569e-01
4.623996703624232429e-01
4.758715817113479685e-01
4.467895320065315978e-01
4.498001620702336001e-01
4.584504882087387378e-01
4.814501058492248742e-01
4.775918228737462412e-01
4.393419871017105183e-01
4.279703054197658840e-01
4.648116285954002613e-01
4.668650295513619430e-01
4.668945196935965214e-01
4.410026301544966998e-01
4.446662753400645318e-01
4.547334120159503557e-01
4.609112821224719547e-01
4.524659827209095431e-01
4.413476535847946636e-01
4.745527059672127734e-01
4.816386991097363901e-01
4.887294647146935844e-01
4.428547638686963772e-01
4.448305026670263396e-01
4.384621818744146582e-01
4.431363673936068448e-01
4.417933397678562857e-01
4.455634598378325206e-01
4.848526154534177346e-01
4.773399477756002374e-01
4.301064354195731632e-01
4.436314433897696197e-01
4.589580314058953059e-01
4.645444966309065782e-01
4.921786677408493960e-01
4.474303370202168395e-01
4.482471518837507496e-01
4.490743646570379277e-01
4.681934565554906058e-01
4.888923421047057238e-01
4.440502995865087676e-01
4.308401023420041498e-01
4.486717219699924430e-01
4.552939153191840060e-01
4.617640821017104935e-01
4.691848196914661373e-01
4.453150090914202996e-01
4.455844915824117014e-01
4.491103162282459871e-01
4.615837175027310835e-01
4.729708490351755557e-01
4.375765976767893584e-01
4.664399383504964081e-01
4.658257061780036734e-01
4.653133650273747479e-01
4.414463172233900057e-01
4.448588561312749046e-01
4.598994112884687846e-01
4.659419447967156902e-01
4.410637374702014446e-01
4.463738627961174599e-01
4.741083536580419922e-01
4.779180887625810725e-01
4.815954934681375699e-01
4.417962256311318558e-01
4.561102534007668297e-01
4.435404518495495441e-01
4.465918986423180748e-01
4.744561868804421656e-01
4.744806886642900512e-01
4.606014036048003413e-01
4.600526188065938160e-01
4.568534593108888875e-01
4.670008278170026395e-01
4.466335586891176379e-01
4.492403972068420570e-01
4.498295196728995249e-01
4.684084043565399091e-01
4.692487159465410507e-01
4.601247370572321693e-01
4.421035329187761875e-01
4.565736772266966170e-01
4.585175098346541134e-01
4.591782176368994217e-01
4.799701542940107979e-01
4.435905058813217061e-01
4.449591808931725456e-01
4.502273275965971155e-01
4.461781953794666244e-01
4.511267850121798428e-01
4.751570266867726211e-01
4.477246046884882369e-01
4.282155791792673361e-01
4.665959618916736273e-01
4.644034517010925400e-01
4.643546519129524430e-01
4.418920266264179664e-01
4.456714197393204513e-01
4.655567163545282772e-01
4.585691749237261194e-01
4.655275185619468514e-01
4.403608571236241054e-01
4.774696232147689900e-01
4.790066361295725050e-01
4.805078201703334995e-01
4.405748310507112131e-01
4.394304741976292616e-01
4.521050606128349525e-01
4.525433407221731708e-01
4.425207357625998150e-01
4.491362968487511154e-01
4.744388012127652154e-01
4.786210516429436068e-01
4.750365871864117295e-01
4.563599904732935086e-01
4.586391578092901544e-01
4.571141619347796614e-01
4.477533980496870014e-01
4.519427467006970622e-01
4.532545438605846688e-01
4.542130010587327460e-01
4.728403323581119033e-01
4.492718992795733390e-01
4.594632253627457530e-01
4.606428493710047478e-01
4.598697970673236712e-01
4.727730054681422711e-01
4.417599326334949450e-01
4.482095974840619168e-01
4.514107194300457371e-01
4.481695321127125431e-01
4.821363776688680214e-01
4.557330234067506480e-01
4.358811440301847973e-01
4.657717185201834531e-01
4.631001480900503453e-01
4.626416296906873948e-01
4.629420550864686845e-01
4.431195517787899218e-01
4.487350418663104135e-01
4.468024764458747855e-01
4.580089531001005354e-01
4.678194016299580538e-01
4.498314171170730291e-01
4.373463743760316880e-01
4.785139807931789724e-01
4.788026246989653401e-01
4.721546557285503654e-01
4.434922334088717832e-01
4.431586196065814276e-01
4.397474156221729547e-01
4.409938914066259263e-01
4.734140354914769255e-01
4.827632207988011848e-01
4.570441024195292523e-01
4.551342150206863502e-01
4.558884614576344529e-01
4.678717950827027683e-01
4.523878934611289537e-01
4.543295766606110786e-01
4.586529935084131537e-01
4.840626829240706752e-01
4.257645583764428365e-01
4.482772168096749166e-01
4.580189494798494465e-01
4.606671282509227638e-01
4.660721133875417310e-01
4.472298541330073096e-01
4.427708551657918434e-01
4.621054774928055053e-01
4.608344196281176641e-01
4.625604535672047102e-01
4.440858494486406571e-01
4.653818098437134121e-01
4.592929196447617102e-01
4.418882969938716099e-01
4.756274066000966694e-01
4.765274187694082397e-01
4.886576045028361848e-01
4.430811263155614577e-01
4.426425480156643277e-01
4.430800340945156846e-01
4.320256340953578245e-01
4.328480605010954774e-01
4.747054043254352318e-01
4.809262590876564603e-01
4.536271672026739310e-01
4.578297195320441548e-01
4.592503757627072747e-01
4.767302467674326416e-01
4.750647199078398830e-01
4.490873409256195270e-01
4.602521270949055388e-01
4.600499338501126134e-01
4.587084365290314825e-01
4.777624234990042740e-01
4.503137817879830362e-01
4.350203866142664522e-01
4.609970123134842779e-01
4.600630446476466906e-01
4.605445231341822043e-01
4.421992330383054948e-01
4.740078667666364765e-01
4.726818612616504045e-01
4.961281608440023527e-01
4.442533672529199729e-01
4.443214328789975021e-01
4.302670685459523692e-01
4.274105460053298500e-01
4.711897438959358753e-01
4.729114960043628857e-01
4.597246768960680519e-01
4.616552488376489127e-01
4.617283000554875949e-01
4.535698394294749303e-01
4.619361875367947179e-01
4.635972848427497572e-01
4.670779837020901382e-01
4.388618749441394740e-01
4.587372019908843579e-01
4.629812671685167302e-01
4.474497675179659462e-01
4.313492102694753694e-01
4.701932730091044066e-01
4.695241306775656542e-01
4.896881819991589224e-01
4.467021041546395677e-01
4.471658393887145144e-01
4.366480569105399834e-01
4.353528674921989250e-01
4.391101517163080170e-01
4.675726383176487810e-01
4.744119408271297300e-01
4.705117036604125058e-01
4.615741175202588420e-01
4.605938722602186952e-01
4.575554264001047144e-01
4.781117646211838768e-01
4.556019259063595617e-01
4.694703867634673622e-01
4.613157285401943697e-01
4.634937345767769501e-01
4.671503397055306039e-01
4.538349848088781835e-01
4.584165677936500871e-01
4.385205650807985633e-01
4.574137508440657141e-01
4.558455724340851889e-01
4.765598776293739069e-01
4.757725412750499761e-01
4.478515896787857442e-01
4.492386689858780535e-01
4.391506926367203523e-01
4.430238199741699523e-01
4.728798380788443723e-01
4.720418785227840086e-01
4.574111183208186548e-01
4.568481892853601956e-01
4.703622762031415272e-01
4.554694221218687500e-01
4.597932303669403642e-01
4.663838393167270002e-01
4.482037441944337064e-01
4.554035314872661999e-01
4.611330139545627427e-01
4.561431867685787345e-01
4.639825967559985109e-01
4.548839827071139430e-01
4.542137808544799427e-01
4.641388113969716622e-01
4.785986384873388566e-01
4.725057672082598748e-01
4.788137878282729409e-01
4.491012581766040679e-01
4.507116199360899911e-01
4.364015407308678429e-01
4.366465106114488237e-01
4.732495646461610250e-01
4.701555925540357173e-01
4.565862053920811126e-01
4.561397393910878728e-01
4.630847554746821415e-01
4.592505463860826476e-01
4.571106881529433119e-01
4.639467868987830479e-01
4.760418934568643734e-01
4.515856674668044524e-01
4.590734169175942347e-01
4.577324659479503066e-01
4.540712867922224172e-01
4.508611374667014227e-01
4.575234473521561651e-01
4.724159759241347012e-01
4.716299090835933128e-01
4.866045661895877505e-01
4.502661072576022439e-01
4.510977973678646502e-01
4.357778694110974738e-01
4.336150040854241938e-01
4.698892398641436596e-01
4.695480762808642017e-01
4.566341149455002135e-01
4.650395135337005992e-01
4.188596466536717577e-01
4.574971996095663074e-01
4.594131194696162712e-01
4.500376280260827144e-01
4.591539976310490823e-01
4.589011044241073090e-01
4.554078849007625607e-01
4.538388609119107242e-01
4.469974088999486006e-01
4.560044562609701368e-01
4.443209375204345557e-01
4.619048916843542796e-01
4.565537181240220677e-01
4.581033041875807732e-01
4.555090872365002430e-01
4.560603357280732517e-01
4.513608762378424344e-01
4.516991015480750216e-01
4.380254932539864310e-01
4.380608977222299472e-01
4.636883661750475505e-01
4.686950053583438525e-01
4.430179689432093282e-01
4.564464244418880989e-01
4.571701645442298179e-01
4.600881344809626960e-01
4.640501439202023848e-01
4.517755718506365481e-01
4.577600931467882828e-01
4.597069403597108250e-01
4.539628906040007461e-01
4.531125008255038611e-01
4.505787484613018035e-01
4.507216456739238097e-01
4.474359568992622993e-01
4.506925635352834192e-01
4.538334470913031882e-01
4.573015585631219349e-01
4.562419434559785714e-01
4.572065656328002103e-01
4.519418821084099092e-01
4.523377630771314162e-01
4.385153683287482673e-01
4.405115144193552656e-01
4.478287759344204977e-01
4.680560854886338662e-01
4.710514178337679714e-01
4.668779604272956796e-01
4.374536265529131440e-01
4.445339542939122923e-01
4.794094744370602235e-01
4.710609642045253120e-01
4.911885060937097314e-01
4.574647144474398575e-01
4.584605689446694110e-01
4.539951345742677113e-01
4.547460493396138226e-01
4.571742624477825312e-01
4.522597198452290024e-01
4.339161202436738751e-01
4.571270135745225671e-01
4.589885212913777379e-01
4.612432411444161717e-01
4.578597143326665342e-01
4.515263730033068357e-01
4.530077593160735661e-01
4.563160295947665257e-01
4.519769819552434953e-01
4.502972413349215497e-01
4.560034770461202092e-01
4.577910270591559749e-01
4.545567416502930835e-01
4.530750120879659670e-01
4.534194360775299359e-01
4.567065897320117807e-01
4.634026509967018037e-01
4.754499889920482114e-01
4.680629675014012503e-01
4.523441666860314458e-01
4.537653625425660531e-01
4.396920387111672990e-01
4.382291802246371382e-01
4.697622429453818804e-01
4.707882892578642564e-01
4.490586465637016467e-01
4.396080243656328435e-01
4.816823078863038954e-01
4.518934220488833309e-01
4.480813665217135977e-01
4.591844694186252296e-01
4.562854621483370954e-01
4.543838339296882300e-01
4.714087107588961212e-01
4.551222276070691075e-01
4.526166160852486131e-01
4.563121668547251431e-01
4.552941741747660309e-01
4.418464553868957645e-01
4.450958630740223243e-01
4.532916099535780341e-01
4.607076234243887569e-01
4.613711819115519086e-01
4.519937947488951724e-01
4.539926215792482456e-01
4.542575168366340121e-01
4.500780458349386004e-01
4.548007041227820069e-01
4.577138886194913048e-01
4.569033629449502643e-01
4.538129680744604211e-01
4.537696864970092725e-01
4.459139398478367267e-01
4.602294917375496230e-01
4.695705556553144144e-01
4.752958966091968551e-01
4.519346447764519548e-01
4.550130871759877627e-01
4.376658104495921298e-01
4.416130156451384403e-01
4.636464790139285252e-01
4.691022028921260079e-01
4.416575760065156175e-01
4.761668029507865052e-01
4.761561145133351158e-01
4.799119082945612069e-01
4.508165506603610817e-01
4.508267142910505898e-01
4.545346494612491628e-01
4.527852620768873515e-01
4.538708259562725389e-01
4.694076159125453174e-01
4.577405756351670130e-01
4.530064343853845155e-01
4.558995375641087811e-01
4.565392701133001996e-01
4.478656961888915489e-01
4.465665286583548887e-01
4.571609004628917616e-01
4.631879040546998394e-01
4.525981560364497058e-01
4.506219073152337162e-01
4.551169270146305790e-01
4.506889782368507791e-01
4.524430723203103355e-01
4.552432785703471319e-01
4.586486053795180706e-01
4.503782261941388088e-01
4.545837174465075514e-01
4.502390381904510797e-01
4.586766095857909842e-01
4.720195219271046683e-01
4.760146435890120764e-01
4.515823262706948893e-01
4.558936931267731918e-01
4.391881401306834132e-01
4.409108373234169043e-01
4.578836935563925237e-01
4.659203354305403999e-01
4.438507820646936386e-01
4.443438340135323350e-01
4.777184645361953197e-01
4.494603555446705090e-01
4.534753399598764334e-01
4.534988172852457700e-01
4.552998551246801862e-01
4.590426547236242105e-01
4.555949586297432519e-01
4.562024971257994665e-01
4.554317513503590154e-01
4.561859481076814826e-01
4.483812882528512289e-01
4.473075651796123431e-01
4.548830968284727216e-01
4.600503911448993732e-01
4.579793361676918750e-01
4.552712654723103380e-01
4.496016408586363533e-01
4.535268224671828441e-01
4.548132495701045497e-01
4.520198258708511552e-01
4.484179797304631565e-01
4.543797110831364616e-01
4.571349226806825095e-01
4.540369167808380180e-01
4.551602876909585094e-01
4.551421179703584174e-01
4.713063661074853306e-01
4.726376421997558475e-01
4.505346184304785950e-01
4.558074809694009355e-01
4.415887963824960405e-01
4.443918957282206317e-01
4.490058588528791916e-01
4.634687357787035666e-01
4.637579364969637297e-01
4.675422152207428517e-01
4.489074586925262955e-01
4.401686770976932506e-01
4.700285471884547706e-01
4.752858126019955942e-01
4.499931768036183888e-01
4.513216704851339967e-01
4.531341931999045558e-01
4.561047256492754554e-01
4.532429067756121310e-01
4.499855501659513202e-01
4.607299542389623470e-01
4.561658001473312130e-01
4.504189279054416906e-01
4.473960564141530871e-01
4.517553193662455224e-01
4.551292387491993052e-01
4.646997412607301592e-01
4.515603692680252301e-01
4.502429376081376611e-01
4.572312545774074311e-01
4.545120905198470340e-01
4.532113210526315661e-01
4.510339748064173260e-01
4.561659048325885091e-01
4.558058334576718384e-01
4.583959668499029694e-01
4.535865252264197345e-01
4.565221993587356697e-01
4.557111024172266767e-01
4.725908686494741939e-01
4.680081566566548501e-01
4.682491485384260854e-01
4.528817791441765439e-01
4.561448759374103767e-01
4.446650988805088689e-01
4.477221333580989060e-01
4.629992239375830265e-01
4.694186983209914787e-01
4.406926950708213719e-01
4.411177853555620643e-01
4.775691786166604280e-01
4.705472852566046638e-01
4.504178844806953630e-01
4.515285526680252182e-01
4.567586451658898761e-01
4.555674127649357863e-01
4.546157284412538080e-01
4.545652177516290582e-01
4.540028529108123267e-01
4.489446170971461147e-01
4.515117991619153059e-01
4.556421356801679257e-01
4.564172629293867800e-01
4.470183474971378690e-01
4.508780501738516300e-01
4.594645796670520643e-01
4.541576747850140650e-01
4.516875275758293617e-01
4.524601322950238536e-01
4.531665836179768481e-01
4.562171825420665572e-01
4.574954101101979531e-01
4.491042432949213237e-01
4.551629782786304479e-01
4.547684566328268341e-01
4.559766129125422673e-01
4.623381858353843299e-01
4.657398876125645182e-01
4.550040782566971975e-01
4.418603464473346842e-01
4.456291281990438780e-01
4.568399205401932339e-01
4.552249884082645859e-01
4.799374801800238566e-01
4.279192889806770483e-01
4.434199430751141202e-01
4.748097938925822104e-01
4.651035418686620404e-01
4.513335434212461528e-01
4.519240513064577969e-01
4.533547612526219739e-01
4.605347976292684664e-01
4.531266231930280441e-01
4.463072682384046641e-01
4.505980968894428007e-01
4.565870343549691124e-01
4.544800597630704320e-01
4.701881759357991464e-01
4.425656506217777730e-01
4.555944114631548247e-01
4.594244375814811043e-01
4.551468339789206952e-01
4.526734944182826959e-01
4.533206007388633774e-01
4.557850085637289994e-01
4.562467740133001604e-01
4.473272149041855883e-01
4.546740037257377964e-01
4.559724838515707979e-01
4.552995865965164812e-01
4.615053192138459659e-01
4.636043686237600880e-01
1.162171407910434384e+00
4.402450758869872471e-01
4.415564322641258310e-01
4.552231576890052867e-01
4.481775147903481749e-01
4.751781303727114492e-01
4.722992593455784260e-01
4.519961670913982821e-01
4.526558179186970232e-01
4.511994000718018150e-01
4.450932165471659374e-01
4.435316415450036298e-01
4.536354790257675629e-01
4.519990173362137265e-01
4.551388744306912870e-01
4.513880997066204159e-01
4.540873854531012332e-01
4.564472421191405060e-01
4.546554458530472909e-01
4.473732206106185161e-01
4.562389776777417416e-01
4.566289122068731832e-01
4.550689304654622624e-01
4.627048524453293288e-01
4.635938505178430757e-01
5.600645152813187089e+00
4.433793867439697056e-01
4.387574086575007359e-01
4.623743649955779911e-01
4.525622752861813147e-01
4.504376938496351124e-01
4.608956932564645115e-01
4.536534253924894844e-01
4.482200653855365480e-01
4.461869404498239322e-01
4.651369470665239758e-01
4.584853196235387784e-01
4.525350256327738130e-01
4.501040067501352326e-01
4.581329995406366318e-01
4.539751984833967358e-01
4.511327459434284481e-01
4.652263270239723747e-01
4.629862436256079739e-01
1.727572122803536914e+01
4.417017097109993684e-01
4.399078964434142147e-01
5.026561328572225484e-01
4.695037969944328982e-01
4.552558760513914504e-01
4.464616965420168393e-01
4.590636630955129971e-01
4.523740719496437968e-01
4.458944340788661420e-01
4.424583285317422177e-01
4.507477723688477211e-01
4.703056806625190989e-01
4.535095693186530497e-01
4.551390978471982485e-01
4.693639119602843190e-01
4.532223347541955993e-01
4.658478077016269814e-01
4.574065736580467112e-01
2.765401305131323539e+01
4.515906277631595023e-01
3.881370093087432860e-01
4.624084517388746263e-01
4.695060652412945679e-01
4.520820544601849567e-01
4.551438204987554026e-01
4.428203980734132794e-01
4.479426755114578329e-01
4.628984845272133275e-01
4.519512143417549477e-01
4.502783371207450536e-01
4.564738851500962369e-01
4.681627859348951870e-01
4.559094986279680350e-01
3.151645773105530779e+01
4.473730145921434032e-01
4.359556329609711733e-01
4.655787896320672803e-01
4.699631691056572746e-01
4.471717579718197388e-01
4.527466786729909543e-01
4.423023818221471504e-01
4.420209445124199110e-01
4.696836411351531515e-01
4.518654148504975265e-01
4.550795529759562585e-01
4.531701259288744565e-01
4.681718312252059477e-01
4.574515656368790539e-01
2.765373373427138404e+01
4.375504312423809661e-01
4.346677731434006597e-01
4.970120448094716981e-01
4.571923260622707264e-01
4.559932178205051145e-01
4.511736705031340611e-01
4.595592511999068708e-01
4.540397372402368847e-01
4.453779053663514120e-01
4.456541803518266898e-01
4.505652830878630888e-01
4.587385699833692043e-01
4.534700813147593546e-01
4.500162631782522737e-01
4.692822885806466893e-01
4.510603307963955144e-01
4.658866297976907433e-01
4.630089517606671978e-01
1.727545548286612842e+01
4.393938021399848015e-01
4.376198892829374909e-01
4.684745669193001727e-01
4.533319802949077881e-01
4.534990559534128329e-01
4.613438776636027416e-01
4.567234113864476197e-01
4.477075898365279749e-01
4.430833723744037611e-01
4.652749875691696846e-01
4.550790266678447216e-01
4.524669234233132387e-01
4.540247840237328081e-01
4.581651210139847663e-01
4.546470034433678920e-01
4.540298051920204081e-01
4.562736405573846743e-01
4.550278524310401584e-01
4.652581177718389527e-01
4.636050252395911286e-01
5.600511150672012661e+00
4.366370173451237791e-01
4.420943750935675265e-01
4.600129049868618147e-01
4.818436367795936315e-01
4.547939484785565867e-01
4.479986476758408553e-01
4.707529609537788873e-01
4.620516028823555832e-01
4.529645548924489118e-01
4.544995818553728695e-01
4.538008473760031802e-01
4.447058519812507882e-01
4.502113537486180372e-01
4.539098539275650546e-01
4.706176431577308583e-01
4.520850265455044203e-01
4.554689092692523755e-01
4.553274500334409391e-01
4.513039395636584405e-01
4.532443197663260648e-01
4.565095148488356180e-01
4.562842010264308579e-01
4.475103332020959890e-01
4.546690925666440619e-01
4.567434805221710636e-01
4.552875262256887434e-01
4.627199874375772515e-01
4.636089669154441761e-01
1.162116532113894207e+00
4.387589558486896246e-01
4.449315353795020855e-01
4.602338065141738932e-01
4.730430268699532537e-01
4.573981602793908974e-01
4.313900538553707142e-01
4.430717209562811121e-01
4.732939719560703695e-01
4.705401858939605164e-01
4.522112531918437428e-01
4.522783720156142162e-01
4.531006226273895376e-01
4.611230785092800821e-01
4.544706102702143480e-01
4.460617876237041313e-01
4.513367814634095532e-01
4.570939365076127636e-01
4.569476607504512899e-01
4.548754429874259930e-01
4.424528121175448914e-01
4.508393588701039567e-01
4.595192930858920111e-01
4.543103220787678698e-01
4.525966188784086852e-01
4.531227486049508313e-01
4.558432325158090492e-01
4.575646081253957886e-01
4.472841621390439282e-01
4.551868788950031441e-01
4.561220574729430433e-01
4.560040232850478548e-01
4.615101438252017241e-01
4.657395810177548112e-01
4.549962207030437966e-01
4.421510746850620954e-01
4.470990758402247356e-01
4.667017709218806987e-01
4.714208674524116849e-01
4.418232331786429157e-01
4.402563541822834270e-01
4.790524870472425145e-01
4.772839471372093967e-01
4.513053959475861188e-01
4.542842011844657746e-01
4.567302357465926055e-01
4.532042018718187015e-01
4.548627419026082808e-01
4.539949120317191555e-01
4.598836185519016295e-01
4.548753292898514156e-01
4.564494456304821757e-01
4.488144148281884571e-01
4.518212904107885008e-01
4.561344932978375621e-01
4.651637211565737284e-01
4.469863272732275128e-01
4.502318207948317053e-01
4.596313624498690742e-01
4.546041073714603975e-01
4.516620110545576106e-01
4.509753209336035962e-01
4.523629136401474127e-01
4.562699025821580490e-01
4.584319014477490351e-01
4.490141396802934670e-01
4.564984680187677002e-01
4.548379353479655163e-01
4.557507729278534869e-01
4.623381286709465354e-01
4.682478012163586722e-01
4.561498454877089825e-01
4.411788870724167033e-01
4.405514718849832256e-01
4.426428233474463125e-01
4.667522623340895072e-01
4.694423511337555976e-01
4.675205764252992613e-01
4.475490810471101644e-01
4.424943768576091729e-01
4.737530376248919040e-01
4.816873909645117413e-01
4.509230962969192347e-01
4.543434131172483514e-01
4.525646295305184585e-01
4.558754823485440810e-01
4.586440119560274975e-01
4.491984630415168933e-01
4.556201949500894854e-01
4.562342957903004481e-01
4.506863214642977677e-01
4.475166661755935471e-01
4.474542854581864404e-01
4.555549771910593071e-01
4.582417744847916974e-01
4.515505790528808738e-01
4.496124808385344451e-01
4.573077226804748707e-01
4.548734440865633832e-01
4.531767504385665890e-01
4.484273352737419560e-01
4.561936293447459989e-01
4.571864705803818096e-01
4.558626362323883741e-01
4.534876392363167419e-01
4.539958080527209394e-01
4.551416297898658314e-01
4.725866318497963792e-01
4.726355551386134946e-01
4.680095065872345028e-01
4.528730973914786295e-01
4.557894715195747182e-01
4.398358886081623065e-01
4.424101230722051747e-01
4.627275740525719772e-01
4.719710014976453705e-01
4.401506004322747745e-01
4.381609772238805323e-01
4.800444127003279382e-01
4.502632357249791717e-01
4.558988453061908475e-01
4.529868173856901326e-01
4.688942165446161603e-01
4.548667287421652716e-01
4.550750386775700429e-01
4.525380071272555038e-01
4.554385721255163055e-01
4.563755849405578546e-01
4.433360668983385988e-01
4.469702573818074010e-01
4.549343617265700912e-01
4.631966710780461849e-01
4.602913159660978470e-01
4.553348515917925443e-01
4.506919342845545073e-01
4.535658390442240395e-01
4.551563078850990873e-01
4.520051980904499223e-01
4.524565440906397340e-01
4.544030805673658913e-01
4.586763367833426863e-01
4.545948535331237328e-01
4.551495913133277171e-01
4.586717164455732521e-01
4.712928179078179070e-01
4.760019379191355871e-01
4.505139346226068042e-01
4.558735594506506117e-01
4.391377015404438477e-01
4.402217491152332629e-01
4.656874378297573003e-01
4.722837121396753490e-01
4.338406054525097422e-01
4.800484546646969219e-01
4.826703751494982320e-01
4.845217017390092695e-01
4.516076869164958318e-01
4.600173829430483363e-01
4.520939068518568527e-01
4.521581405776980978e-01
4.708069733007424484e-01
4.532107961380572592e-01
4.572683931679772940e-01
4.522592348024230824e-01
4.556785809051077663e-01
4.550745261762942362e-01
4.483123481244511432e-01
4.538662694531635511e-01
4.570787133943091662e-01
4.612561756228079624e-01
4.527048476022738632e-01
4.520741325801735933e-01
4.543020169906780703e-01
4.507054724017737768e-01
4.548486402895948189e-01
4.552509945491653998e-01
4.569025203605219798e-01
4.503553297575380032e-01
4.538001124413856280e-01
4.502463501876769469e-01
4.602404272478998193e-01
4.719958544446067328e-01
4.752468533204637913e-01
4.515718895046090253e-01
4.549958131936447381e-01
4.421767307536983993e-01
4.513555900361451712e-01
4.708414411997673410e-01
4.670274187824031142e-01
4.427621207480652021e-01
4.381971174375496880e-01
4.728252017624967607e-01
4.530153958872960018e-01
4.930307204377415986e-01
4.488912711263182698e-01
4.553865575069505622e-01
4.574664737422241001e-01
4.537199435878901399e-01
4.550430145601910836e-01
4.538492099729047324e-01
4.560577619626082213e-01
4.568276697691017185e-01
4.425969610101289642e-01
4.578727025217830260e-01
4.456640805128155858e-01
4.605112610947981189e-01
4.575251286742695322e-01
4.530958846193576250e-01
4.540293448565483891e-01
4.520070091633736076e-01
4.501151243231437116e-01
4.561181679087256691e-01
4.577152563692296061e-01
4.545252391409472792e-01
4.538227101464488711e-01
4.534560051576647655e-01
4.459778273073529697e-01
4.634196227064654727e-01
4.695350141903197883e-01
4.680200007701323939e-01
4.519406774225646628e-01
4.537614951488933013e-01
4.421400889000843826e-01
4.418247326795127772e-01
4.438730483084897260e-01
4.669341625467344215e-01
4.675894360013268525e-01
4.711972053133526295e-01
4.324610409748599338e-01
4.385579164088614368e-01
4.807515840975216670e-01
4.567565755102364622e-01
4.594854255290854450e-01
4.519312019092456834e-01
4.544492273964645945e-01
4.525227971515664027e-01
4.345720704502216147e-01
4.584945764110134325e-01
4.591863831858655209e-01
4.609176945709919093e-01
4.516066635557466902e-01
4.532155589796410533e-01
4.563397649218802754e-01
4.507391331458435180e-01
4.503564425876975807e-01
4.538850549131133727e-01
4.577819235864113434e-01
4.561849536299217855e-01
4.529969102832209771e-01
4.572251812771935819e-01
4.567184796233749178e-01
4.754387555711763191e-01
4.523267116979812763e-01
4.523648830918260977e-01
4.428129667582699769e-01
4.387617432447921684e-01
4.614366426824271783e-01
4.672144645672942631e-01
4.172985106302856684e-01
4.553899574278759133e-01
4.582964064351074951e-01
4.562832706111177861e-01
4.642908188915588763e-01
4.502894442326463853e-01
4.567790854456723060e-01
4.580113502459449704e-01
4.540867220246789238e-01
4.539628889361573272e-01
4.506026883467451061e-01
4.560206232066064680e-01
4.474618798046391954e-01
4.620084092027344491e-01
4.507670610503221043e-01
4.572634816472740948e-01
4.554569887827653596e-01
4.560357105676156042e-01
4.519616165054476942e-01
4.516984191249153180e-01
4.417087950260932261e-01
4.429958765587163061e-01
4.669589692399014336e-01
4.668394525911656046e-01
4.560238012957775755e-01
4.617168389741214130e-01
4.639259537528653832e-01
4.567694225468361680e-01
4.632241905353343125e-01
4.521024805566415949e-01
4.584034836681974978e-01
4.570526441660684447e-01
4.555312421994283101e-01
4.542067849986768380e-01
4.469959104364230607e-01
4.442820038827348661e-01
4.564962545371384350e-01
4.574684509048083658e-01
4.580372671435075649e-01
4.865416555092678119e-01
4.513805326058917822e-01
4.511165612717799034e-01
4.433510594889430445e-01
4.510075428552277055e-01
4.696766177520174668e-01
4.679020679007490080e-01
4.569079292424676475e-01
4.697296583237042800e-01
4.549416689006245407e-01
4.586399032705655854e-01
4.590303502535458269e-01
4.563268359081988357e-01
4.764461970746083352e-01
4.554071778932574088e-01
4.582622484038388344e-01
4.553338689625578417e-01
4.549581705671963960e-01
4.508011562828294627e-01
4.641209913373984253e-01
4.723859429081233574e-01
4.787121832297879798e-01
4.715782636770284308e-01
4.502870836940845445e-01
4.507355234569098146e-01
4.472363313981720934e-01
4.476351086352741704e-01
4.684891958202704876e-01
4.650841952351015829e-01
4.510878791118529962e-01
4.715098402165218694e-01
4.540622388899414053e-01
4.544130027622346746e-01
4.681275161126970952e-01
4.661737164402143807e-01
4.669121839118183237e-01
4.480778947583520244e-01
4.603896175428048854e-01
4.534846403082071209e-01
4.638919780822984285e-01
4.573686442194966895e-01
4.541220027390098224e-01
4.558810180055865580e-01
4.785334846393510810e-01
4.757106342643065977e-01
4.724367718653496584e-01
4.491243162018161983e-01
4.492646206914323592e-01
4.452940099406861307e-01
4.366375016512396567e-01
4.434810595854142279e-01
4.599036159954912883e-01
4.650132099128266305e-01
4.690005482841216877e-01
4.500494754221759375e-01
4.522629839661292950e-01
4.518122934953938685e-01
4.524423432374788390e-01
4.543323428116154972e-01
4.535867853844569586e-01
4.610324932752645211e-01
4.667153428342223909e-01
4.632124292951835254e-01
4.388325016890660124e-01
4.581712442891119341e-01
4.627818041952406203e-01
4.384735019867007089e-01
4.315924613804267840e-01
4.764893688136997429e-01
4.896210522154443301e-01
4.478791090762979654e-01
4.471919406527767871e-01
4.403458149223922202e-01
4.436535246676938660e-01
4.630197498557259150e-01
4.727219771187742281e-01
4.504806022037371460e-01
4.678214389939917006e-01
4.534545846056886043e-01
4.525530535575819635e-01
4.615899427947331990e-01
4.773979867924469933e-01
4.633098192449315866e-01
4.348082239651093195e-01
4.585316168446710861e-01
4.602718910599292168e-01
4.477051245491925902e-01
4.425059584138060220e-01
4.701096244916496136e-01
4.960353285697656767e-01
4.694478738624330294e-01
4.467304398328609816e-01
4.443491337434241073e-01
4.428245899569064337e-01
4.501723918568658056e-01
4.665805594653326671e-01
4.742269492645930784e-01
4.611651116643479820e-01
4.746983069755881246e-01
4.591690545173928717e-01
4.523710947652863634e-01
4.773467414402302600e-01
4.595233739810718476e-01
4.880452185112948427e-01
4.558197012173467733e-01
4.600125283985353475e-01
4.657455909681820216e-01
4.597172249909646791e-01
4.584848278136309241e-01
4.498120907386908285e-01
4.421412313246388948e-01
4.608157975619663338e-01
4.622831091049198204e-01
4.598140063201944239e-01
4.422619057522046981e-01
4.739490989960786771e-01
4.885956941900830297e-01
4.726084207694931094e-01
4.442795502774298799e-01
4.430989654611384165e-01
4.460639390918370584e-01
4.436853243387509638e-01
4.649965926449758369e-01
4.657691680531885203e-01
4.613250946902960892e-01
4.617797906859822943e-01
4.618954423121576780e-01
4.621995678043318567e-01
4.521354158343524055e-01
4.539527820911535838e-01
4.547598704367037392e-01
4.790842927208907032e-01
4.317969786031535806e-01
4.553831693637494515e-01
4.577559961532216004e-01
4.728664419256524698e-01
4.604890632267076289e-01
4.497425775674210868e-01
4.480542630748728383e-01
4.561502522002303106e-01
4.343502480655836440e-01
4.619730623623218846e-01
4.626956916116403140e-01
4.606088938977682123e-01
4.441204739450273498e-01
4.581676409261771776e-01
4.653008883245127181e-01
4.591645068948249642e-01
4.676326914572584426e-01
4.377846486655976865e-01
4.758028553517698600e-01
4.723780694054353080e-01
4.765231313552802939e-01
4.431130855245306588e-01
4.432161556500016641e-01
4.426735305076430205e-01
4.322193739973168580e-01
4.276221748367221576e-01
4.367025408078765714e-01
4.601945365669612431e-01
4.607847072653104004e-01
4.693373233580384607e-01
4.558076431874487633e-01
4.677720743745809040e-01
4.591607552261092184e-01
4.486306602179486736e-01
4.698729430456783929e-01
4.518874492797123055e-01
4.527378731263245193e-01
4.684438387086823918e-01
4.476593832979297027e-01
4.591658653644384303e-01
4.796391600697643698e-01
4.604439152816628966e-01
4.597378519536745034e-01
4.420989933128162130e-01
4.513941431262328829e-01
4.482296509766495740e-01
4.512556458858170139e-01
4.826233276386237003e-01
4.756676377057403315e-01
4.279928926433259062e-01
4.656004827978024174e-01
4.641439189380628383e-01
4.629820369808572700e-01
4.624593575544834190e-01
4.431784996349401040e-01
4.656433973066533283e-01
4.488988172810148281e-01
4.469919265949925946e-01
4.651662305774280637e-01
4.502726777077941667e-01
4.407107464349456771e-01
4.768215496716622925e-01
4.790461942830639419e-01
4.784866964448206694e-01
4.435358679054576814e-01
4.521321122561712813e-01
4.365217875063399089e-01
4.455153235926353483e-01
4.601028203144503226e-01
4.637514794226239578e-01
4.458584995817275742e-01
4.773167763528290974e-01
4.552876190424213765e-01
4.574757393094613933e-01
4.493832556064710215e-01
4.718865092125396066e-01
4.505591730462709665e-01
4.514499796474627513e-01
4.756181714636570357e-01
4.967290127215318041e-01
4.382024524085013639e-01
4.566362916012312589e-01
4.691980847649972475e-01
4.583952842230566427e-01
4.590888323418594874e-01
4.439491619368045594e-01
4.619513376106474389e-01
4.452276546090403464e-01
4.504696631301504661e-01
4.465948256581275255e-01
4.735351894893282121e-01
4.474088365931163658e-01
4.375392683155050477e-01
4.664390760930016144e-01
4.651799218065468811e-01
4.643473310563867584e-01
4.418924688808746337e-01
4.599758836085409142e-01
4.457684831564746042e-01
4.581415440450236076e-01
4.655927638721822359e-01
4.462703113447484271e-01
4.775811407744408599e-01
4.816636098703319657e-01
4.788649843404095829e-01
4.406158519805398743e-01
4.561837664868637621e-01
4.394661845405226641e-01
4.474997820643721314e-01
4.453933559473018389e-01
4.447162809424837215e-01
4.674722629726952294e-01
4.908001361439703891e-01
4.790863035076305398e-01
4.913181926762884566e-01
4.690344707349993203e-01
4.588026561372555157e-01
4.512559839620604585e-01
4.508791842183015874e-01
4.652630476068240761e-01
4.512207209138708874e-01
4.540943821734648722e-01
4.683044590887497360e-01
4.509674234764011747e-01
4.466217056397527863e-01
4.476898592076107852e-01
4.752432448569263723e-01
4.548152576447270778e-01
4.620075532251007866e-01
4.455539504982347077e-01
4.588524253180313317e-01
4.458284481718802206e-01
4.493804268804396096e-01
4.783817784861072453e-01
4.279234055340034870e-01
4.663678453440198712e-01
4.668794551498144929e-01
4.658314932817079201e-01
4.414657746148206163e-01
4.548713681279916710e-01
4.449363530515398901e-01
4.619351400193925095e-01
4.408460542071358512e-01
4.411228108623237443e-01
4.741087090774963597e-01
4.886533729717829067e-01
4.778895761821836952e-01
4.418392678424395426e-01
4.385176316298737276e-01
4.433998070460687391e-01
4.633538593990456644e-01
5.072157790443503345e-01
4.900019532286391533e-01
5.073127351878309321e-01
4.075655155237554728e-01
4.113817372307135289e-01
4.059324662923658456e-01
4.391774634889809015e-01
4.736348619803684157e-01
4.506155618084752290e-01
4.703504520062818384e-01
4.559082559420886693e-01
4.636882756621718005e-01
4.472055291365958918e-01
4.618214689524217098e-01
4.470034653937732805e-01
4.473216378332509624e-01
4.499668278354803097e-01
4.823483900873499208e-01
4.865434829175855902e-01
4.397467177443112329e-01
4.317930748054776835e-01
4.648149412741420239e-01
4.752085601825186689e-01
4.669221912808516062e-01
4.409936219161644244e-01
4.493678135295945397e-01
4.446939443194384833e-01
4.558044120447254377e-01
4.522794770105542095e-01
4.743275674479830450e-01
4.814754928004654211e-01
4.429144480938473349e-01
4.386376627358638536e-01
4.448811443339455995e-01
4.467479631613487934e-01
4.625354532788862327e-01
4.442670269750356171e-01
4.359271490535547855e-01
4.637146921791510112e-01
4.330202006226911426e-01
4.433329026123670746e-01
5.413708993271556524e-01
4.576844509210907797e-01
4.897037059691247696e-01
5.693043142504095044e-01
4.597653167330694735e-01
4.577200986628592871e-01
4.672791240324774553e-01
4.734052620720915483e-01
4.700064525647268399e-01
4.673379108343987398e-01
4.695049169694008873e-01
4.748727730760204935e-01
4.443275045625378339e-01
4.649578466398858190e-01
4.491597630996452262e-01
4.488291663238802576e-01
4.708564556984695115e-01
4.288860877340698319e-01
4.636428293332376382e-01
4.752858857539087878e-01
4.685291599015033448e-01
4.392694410457079757e-01
4.491161743955927599e-01
4.445714605640525008e-01
4.828193771059078876e-01
4.970101530912027221e-01
4.427204472471197860e-01
4.314750160866409612e-01
4.436755572348024534e-01
4.501853701066835800e-01
4.502969936446269417e-01
4.466148597062680192e-01
4.365333204146483181e-01
3.783110985548195915e-01
3.190862783241362188e-01
5.274359695825089345e-01
4.536955062127637772e-01
4.625860469380940754e-01
4.495308460361969738e-01
4.499359222343490838e-01
4.559657705743202505e-01
4.596475220528763450e-01
4.604518156939531037e-01
4.622945445486605354e-01
4.636135906133821427e-01
4.451071939823961765e-01
4.765763919829504314e-01
4.479353155544261722e-01
4.485978682258912609e-01
4.647725668491577422e-01
4.318037273598441805e-01
4.295988744487023725e-01
4.608580315904151625e-01
4.735506531121789209e-01
4.737745727987587308e-01
4.383370547296504549e-01
4.448420287879887858e-01
4.417380160776225861e-01
4.665361875624848831e-01
4.911870173427207442e-01
4.663981166376405807e-01
4.765858626536023657e-01
4.420649400412591246e-01
4.381537627962953096e-01
4.454701884545245183e-01
4.498904205734913231e-01
8.066637009525234880e-01
4.488974473637819540e-01
4.552722012691659548e-01
4.173408874278477509e-01
2.776442914163090303e-01
4.467076094004572839e-01
5.073559840714144675e-01
4.782271767886094316e-01
4.618965874740327271e-01
4.597760603125721213e-01
4.572521701748769041e-01
4.405935428009049581e-01
4.633653740045101666e-01
4.513488700586276159e-01
4.586120452658687952e-01
4.651190240530314601e-01
4.369286951980804190e-01
4.431545060240247857e-01
4.434141519965861811e-01
4.700923941491058078e-01
4.792275820605719772e-01
4.699707465144928875e-01
4.848286224903388675e-01
4.390380100769232796e-01
4.467309208219957251e-01
4.430584268983639995e-01
1.028850325251015718e+00
4.523713246783906405e-01
4.435948729969903526e-01
4.500616344814409864e-01
4.465044627568151014e-01
4.587564516625891597e-01
4.670896668739858981e-01
4.583999943240289476e-01
4.602963415872617370e-01
4.557290347697691701e-01
4.359238312926311254e-01
4.484354887625347508e-01
4.426277245172420272e-01
4.636966823098793156e-01
4.860958014108035519e-01
4.680754957795053017e-01
4.789466058941487803e-01
4.742241955845761803e-01
4.375234091034193584e-01
4.595927210879354741e-01
4.406895249675507054e-01
1.125796138759365350e+00
4.427614686688847168e-01
3.950774042951591958e-01
4.732548271577034504e-01
4.726092177958838847e-01
4.486849834410717164e-01
4.577629154357348851e-01
4.606695819056119690e-01
4.568208021582922940e-01
4.565031661484147407e-01
4.561963364860160963e-01
4.562247650402191379e-01
4.568151753569099638e-01
4.578982300295437180e-01
4.598949630231017327e-01
4.614817480857157372e-01
4.691780185460181496e-01
4.627325787022097403e-01
4.351052554643616843e-01
4.639829105186490388e-01
4.248293072801373471e-01
4.630900702013047154e-01
4.823308749901176751e-01
4.666176055407342815e-01
4.753011651494347123e-01
4.747187161639810360e-01
4.331494299831382677e-01
4.578221388680562276e-01
4.352577737949857584e-01
1.293001121230484829e+00
3.548681098523314703e-01
5.399127793449239876e-01
6.022342536360211218e-01
5.950024844785490874e-01
5.783631029159562731e-01
4.925674568801183817e-01
4.294420016482795588e-01
4.262646479037882075e-01
4.359470300373757268e-01
4.522503661836071998e-01
4.597175874482756219e-01
4.622039323030971980e-01
4.633033359351076408e-01
4.668968934168378215e-01
4.640895700233977905e-01
4.320322152840437302e-01
4.261921302583177029e-01
4.680274759425696596e-01
4.739048946982847288e-01
4.620013358919214941e-01
4.663495607409322563e-01
4.746388830680916548e-01
4.737156146346924168e-01
4.354687037244034942e-01
4.352459698659518761e-01
1.481640893075989451e+00
5.504988483349331219e-01
4.396637635713310233e-01
4.212433511126455477e-01
4.455593210333572141e-01
4.672642253490386643e-01
4.662996309871030864e-01
4.569476743227163795e-01
4.616075810209454011e-01
4.662923611869200236e-01
4.845960317391324601e-01
4.387081089086496966e-01
4.278053516270526879e-01
4.384716935641464475e-01
4.026776981728183991e-01
4.851038514027551374e-01
4.771902607413742725e-01
4.356506808446627965e-01
4.386806782261287729e-01
4.411020531134929867e-01
4.368373479889301469e-01
4.291640743298008598e-01
4.395476301986001588e-01
2.241108827238691426e+00
1.948586155567420430e+00
4.324255402245342217e-01
4.604552863500410709e-01
4.391232819890181771e-01
4.406613640154822820e-01
2.590160763535866106e+00
4.308616320585332282e-01
4.429559158503104110e-01
4.432035964963843000e-01
4.412797351283450631e-01
3.019741912684815510e+00
4.388619168752513344e-01
4.543698924445054299e-01
4.352293918391778593e-01
4.463894805625803208e-01
4.492019950032999920e-01
4.420009822381253950e-01
3.574806808263026436e+00
4.383422946043277757e-01
4.497887242081009540e-01
4.427720555690100590e-01
4.481818215568467711e-01
4.479850992357081174e-01
4.354193841928920783e+00
4.421829801002226112e-01
4.490474921020711219e-01
4.454533604412593828e-01
4.484146823547105476e-01
4.468925728452834978e-01
5.643555675510376624e+00
4.425166932628925021e-01
4.586093668622416852e-01
4.463630671934702421e-01
4.506091525415397148e-01
4.490434588673691274e-01
8.820011404457927640e+00
4.446070104661687394e-01
4.681972909354392698e-01
4.460131077448857284e-01
4.506273787837947742e-01
4.493435037668888632e-01
1.138598228609346918e+01
1.798446776509214473e+01
7.412274674822865173e+00
5.664144864409720981e+00
5.013832996120344276e+00
4.603749661966126894e+00
4.295962717936721020e+00
4.045308409566087171e+00
3.831498882789477811e+00
3.643335342690877443e+00
3.474029027379221368e+00
3.319231069543133739e+00
3.176061494023501020e+00
3.042581536811379994e+00
2.917486442950224301e+00
2.799914599652011837e+00
2.689320237673217928e+00
2.585382054135389573e+00
2.487933073299661402e+00
2.396903878200140170e+00
2.312274905670304470e+00
2.234035352917476569e+00
2.162147266324891959e+00
2.096514092704396592e+00
2.036953703870937549e+00
1.983176848668555703e+00
1.934773145855486209e+00
1.891207848097029354e+00
1.851833140361591523e+00
1.815916981649678519e+00
1.782689911242295366e+00
1.751405899520372511e+00
1.721408321001303143e+00
1.692188500977396037e+00
1.663424239203734167e+00
1.634990309900276717e+00
1.606941049421644285e+00
1.579473547524347099e+00
1.552884854944643456e+00
1.527535762085854953e+00
1.503827718098968313e+00
1.482191435322466555e+00
1.463079376446101643e+00
1.446952001555505074e+00
1.434249419125630753e+00
1.425344226721030338e+00
1.420475778787440913e+00
1.419669837439414994e+00
1.422651093453507709e+00
1.428760977336353877e+00
1.436900586672020808e+00
1.445526926862487738e+00
1.452734397445470060e+00
1.456443941940263942e+00
1.454693179753418830e+00
1.445976518503544472e+00
1.429544421484370664e+00
1.405563115915688277e+00
1.375075221882092968e+00
1.339773725285664296e+00
1.301667808156502737e+00
1.262743751533193404e+00
1.224701027332114611e+00
1.188796125280082716e+00
1.155785849550313937e+00
1.125944735168101785e+00
1.099134774005358972e+00
1.074915706571907492e+00
1.052688014954647810e+00
1.031854706311555292e+00
1.011977356585535226e+00
9.928960448486000567e-01
9.259077641646538126e-01
9.228736655832188163e-01
9.345905036496120477e-01
9.884578637848443483e-01
9.672159550565143649e-01
1.009511678318663730e+00
1.026214316517679803e+00
1.033037743200018177e+00
1.023170006209632943e+00
9.886936984934757700e-01
9.206110819088192398e-01
8.083618009552870909e-01
6.481592950850046941e-01
4.805093308805694075e-01
4.418574971830395715e-01
4.503307969682754930e-01
4.513449378437235926e-01
4.504957641417197123e-01
