1.219436844448613932e+01
7.923248377095037931e+00
6.226212571177593524e+00
5.421367443252009366e+00
4.380707928142549612e+00
4.049885694211232234e+00
3.852998665928224931e+00
3.698041818076957643e+00
3.553918655957787553e+00
3.407010658431846473e+00
3.252135395720931133e+00
3.089956992073737752e+00
2.925210423410134819e+00
2.764819625077844734e+00
2.616020603295028391e+00
2.484876103043947460e+00
2.375462565423048122e+00
2.289739752075286905e+00
2.227877662922881363e+00
2.188727049347254372e+00
2.170184160231091397e+00
2.169355399210694202e+00
2.182590478273600976e+00
2.205549295109285879e+00
2.233456260009206051e+00
2.261587184985490495e+00
2.285891282010734660e+00
2.303556101328900318e+00
2.313327056913840885e+00
2.315485203162642502e+00
2.311508572618059087e+00
2.303530312248379452e+00
2.293731319051288242e+00
2.283778061873140697e+00
2.274372289849697637e+00
2.264950120840518277e+00
2.253567027602927819e+00
2.237023824708553654e+00
2.211298890882428481e+00
2.172315441392949520e+00
2.116963556128202750e+00
2.044134708643117193e+00
1.955399912128098050e+00
1.854993791181867246e+00
1.749014867896222292e+00
1.644118973688015739e+00
1.546241571204687304e+00
1.459846803780174174e+00
1.387880328150686182e+00
1.332213587775098462e+00
1.294151202901721698e+00
1.274628217424657484e+00
1.273969797150675154e+00
1.291359927696694054e+00
1.324334808405938757e+00
1.368627277016245536e+00
1.418553589487810740e+00
1.467908343961272122e+00
1.511108287701584674e+00
1.544208459718205972e+00
1.565468719090749472e+00
1.575342094605755028e+00
1.575974337538437853e+00
1.570435264178803525e+00
1.561909060090982182e+00
1.552992331038866691e+00
1.545154469142538733e+00
1.538357536879610299e+00
1.530831538666520331e+00
1.519045462221005005e+00
1.497970397531893205e+00
1.461739451973509851e+00
1.404696576316021073e+00
1.322556700857341561e+00
1.213069121134717099e+00
1.075940632837547373e+00
9.174784707239286297e-01
7.672403704197613417e-01
6.727806621289358358e-01
6.270572159899927556e-01
5.923042385112365915e-01
5.701607032875565251e-01
5.510892778287382887e-01
5.383375549545761363e-01
5.153932105631345850e-01
5.002361024680479495e-01
4.912849998451319644e-01
4.894730701200649126e-01
4.978699220706529482e-01
5.113193586129564094e-01
5.297931668096472757e-01
5.522083301084397267e-01
5.632463896592659891e-01
5.679372799857373977e-01
5.607228942824847850e-01
5.552643098822478418e-01
5.497135186765086390e-01
5.419066545513688826e-01
5.343230181758896746e-01
5.272711472706153035e-01
5.200841709325779716e-01
5.114291096296649242e-01
4.995845829871384813e-01
4.834931282465508851e-01
4.635375973534846539e-01
4.392390210416632357e-01
4.168955065130519611e-01
4.128994118026285687e-01
4.346629883651240145e-01
4.766338604719634331e-01
4.991539509393629892e-01
4.906661831022798292e-01
4.113456730952280260e+00
4.457636192795078056e-01
3.494415482682374230e-01
2.696310674560821741e-01
2.193101277409904570e-01
1.896062558095872874e-01
1.746400630705255974e-01
1.709404607738126969e-01
1.754834774519841156e-01
1.852115241306818150e-01
1.968641174384789250e-01
2.071690774811277558e-01
2.133513524256229199e-01
2.137000071131570922e-01
2.078669741286905959e-01
1.967478484378811232e-01
1.820431010095946434e-01
1.657313353856587068e-01
1.496512810505189472e-01
1.352703812318709065e-01
1.224029014044817343e-01
1.141189115106995833e-01
1.095433470698011780e-01
1.086884783230654544e-01
1.112509883372589520e-01
1.164936647911903878e-01
1.230048014620181568e-01
1.285306837179717721e-01
1.300872924444705647e-01
1.246090348211313509e-01
1.103571282667302339e-01
8.745574332842399878e-02
5.975552623304587058e-02
3.321234533861170540e-02
1.393805955309378175e-02
5.460358252928961854e-03
6.980658127387026103e-03
1.416008963866738184e-02
2.189407887759186808e-02
2.672538467086091329e-02
2.751573571980900357e-02
2.484564867722813611e-02
2.008379856636970107e-02
1.464753116898706922e-02
9.603143195060006090e-03
5.561718522212103638e-03
2.741020455308625699e-03
1.066216801071287685e-03
2.681906297277877839e-04
3.658783528900192718e-05
3.507927486153124795e-05
3.219435584625187197e+00
2.534150129770387132e-04
2.649823873449429712e+00
9.028999736105694203e-04
2.224990085172984244e+00
1.972690490151488441e-03
1.884722663292354605e+00
3.163775433585617677e-03
1.605214796797967303e+00
9.555277139214249371e-02
8.355058704893697508e-02
1.874191800007296294e-01
1.897074860119378481e-01
3.919702662922498748e-03
1.387021771030126471e+00
7.473004816333305156e-01
6.539468667551058267e-01
9.563507878538455298e-01
9.556283814084091111e-01
4.344839477408984213e-02
8.025750487274214973e-02
2.627782268185329187e-02
2.218933810693291542e-01
2.569006193153116624e-01
3.170589042328075813e-01
3.744271003600754214e-03
2.417085601748392709e-01
5.458427600003555591e-02
8.881391729738526974e-01
8.019573016769432350e-01
8.552467705142133836e-01
7.644741654702623679e-01
8.465813575677346714e-01
8.901751072176538049e-01
1.039516931061800487e-01
1.399764323395824850e-01
3.093180200213757614e-01
2.497463949857582632e-01
2.369054743310236577e-01
2.619770989423182705e-03
1.140425197992548378e+00
1.233352318048203111e+00
4.401699862061249080e-01
2.577645087199630924e-01
9.464898835164211599e-01
9.454767096091142298e-01
7.790783923277445622e-01
8.090207829159963282e-01
9.778908763768440204e-01
1.082786586046009525e+00
1.137471381216106137e+00
1.300059871448490334e+00
1.355236918880299291e+00
7.053634007055656352e-02
1.023621984726973411e-01
7.934442414436411184e-01
3.985985255639132863e-01
3.542019631588250728e-01
1.523504889112021199e-01
1.336594839515539979e-01
1.970429917996468772e-01
1.726476100712675821e-01
1.302800145823966409e-03
1.081912438449786462e+00
1.767944211724122638e+00
1.371933583089418152e+00
2.367831224876321805e+00
2.630539679346133752e+00
2.641982973071204110e+00
2.609657077266856362e+00
1.044621229956145481e+00
5.974140016850026935e-01
1.432708830885141227e+00
1.278247358918580545e+00
1.098588403257731771e+00
1.065194012407669533e+00
1.032492850940784468e+00
1.211136590552617021e+00
1.660881853348546544e+00
2.025603771351070392e+00
2.313745613310277172e+00
2.128710888806115253e+00
1.441249952505183896e-01
1.274178861690375086e+00
8.049297909181403199e-01
4.259582995732728583e-01
1.822776008974724415e-01
1.295362924652356529e-01
1.194638741003982291e-01
1.263770821705275660e-01
1.303595915768180095e-03
1.023082238414479539e+00
2.175198178974083463e-01
2.342328193371367995e+00
1.485448004855066895e+00
1.116073681679996321e+00
1.272885108784094443e+00
1.689012864023474281e+00
2.261412144831814075e+00
2.333394236565045077e+00
1.835611639178172272e+00
2.151047739124674618e-01
1.607159829370090831e+00
4.993052747085029996e-01
2.619475668511888622e-01
2.692243152560283015e-01
1.957358187650217463e-01
2.171486888842946994e-01
2.157298870655605383e-01
1.124014697479444602e-01
9.920667641079242149e-02
1.225510000378739611e-01
7.356433730673897498e-02
1.186166833341525395e-01
6.966775556595257435e-02
4.433045638406016460e-03
9.695369581490235200e-01
1.098987423377576766e-01
1.546571365229555683e-01
5.694093605760518484e-01
2.342891185085876349e-01
3.296312377854241915e-01
3.320607251961511519e-01
2.739981290659998514e-01
2.619509899457972968e-01
2.306565714700308523e-01
1.337012048822509291e-01
1.758430225285954884e-01
2.737853573460617349e-02
2.185184281356001776e-02
1.202290998172837397e-02
9.396221282152195098e-01
4.352366099700989421e-01
1.906784660932514253e-01
2.636436346096036054e-01
2.648251135836963144e-01
3.309652154517875866e-01
3.211589146411449325e-01
1.550868021358798310e-01
3.369408754882727286e-01
6.832522649568345541e-02
2.991423224041983020e-01
5.667148904758179812e-02
2.552884342834978518e-02
2.421134272464428930e-02
9.378610662708805057e-01
5.748719805683779605e-01
1.090303462266139389e+00
1.802297916505579134e-01
2.775867321143929978e-01
3.770256713773531554e-01
2.650636098865809531e-01
1.890696478146349779e-01
3.499520571314944650e-01
3.086788727991301995e-01
1.019520891403239149e-01
3.501415688616250632e-01
3.295869308683679333e-01
1.853207760520549363e-01
8.405021036955583058e-02
3.973649526006404337e-02
9.576693905113400351e-01
1.215296887876967880e+00
1.060376803415758351e+00
1.395547627387718537e+00
2.660524697812437500e-01
8.575122207483707459e-01
1.075854386465060930e+00
1.942459947149606236e-01
2.042405920325058577e-01
4.539932843492952008e-01
1.730108801935317242e-01
1.464832029314626083e-01
2.743045078176444829e-01
2.261217345276959612e-01
2.177495579137039561e-01
3.689375644751949346e-01
1.206644703167276400e-01
1.437739202781019021e-01
5.636099989912292385e-02
9.857592028399795314e-01
1.395641963267511443e+00
1.384465208244196388e+00
1.044525634622056831e+00
8.046382785392298675e-01
8.714528045746784413e-01
1.120192434325810948e+00
1.365311987545647865e+00
1.032970932948058529e+00
1.335942809591937896e+00
5.334071360785660465e-01
1.081620691216355290e+00
8.877398450513726003e-01
8.725404273668517785e-01
1.041832869975808151e+00
2.605185408437311612e-01
5.776587781025628310e-01
7.588986612293311396e-01
8.416267194456225065e-01
9.510640648782892059e-02
4.759637980911373134e-01
5.771746257457857077e-01
1.584494313084815198e-01
5.242531859734128608e-01
5.981692110278595820e-01
1.869695303636511596e-01
7.166125574231631268e-02
1.015177544572847479e+00
1.429637613337608082e+00
1.068452970151502202e+00
1.008790108946133968e+00
8.692929333996329833e-01
8.362864345127235532e-01
9.339187947410446666e-01
6.669580438062595595e-01
2.606102014227907326e-01
8.255435034797563576e-01
7.956415056587231582e-01
7.948169878059380133e-01
8.477013058880907836e-01
8.683612882176883208e-02
1.518160424049642410e-01
6.073106821087277396e-01
6.709874874524692778e-01
6.797581819496051336e-01
1.360381943825771378e-01
6.271047038217134051e-02
6.412409672763986768e-01
6.293524706777290367e-01
1.893773429184625878e-01
1.836129507320950482e-01
8.378881274261812395e-02
1.033299027925662417e+00
8.232872876669687923e-01
6.808189345035361439e-01
5.340092994144611804e-01
3.617064026222089335e-01
2.188176592747517746e-01
5.751239997966982598e-01
6.466621842997316572e-01
7.461024314638740051e-01
3.994132505988495785e-02
1.131275351441757004e-01
6.189590738465682307e-01
5.987447591774495148e-01
6.416107935608496016e-01
1.239466048194913517e-01
1.199021752374445499e-01
1.783866624587362448e-01
9.193565136319066522e-02
1.048678363118484613e+00
7.268169868423193236e-01
5.086131237746004397e-01
2.814085917474178355e-01
1.179386365211188281e-01
6.080124142664590225e-01
3.411425185667054660e-01
1.483693834778375686e-01
7.517904140909720256e-02
9.640580783115852703e-02
1.038724509575618793e+00
9.689627100128885007e-02
9.130438145099781244e-02
1.912021643165728590e-01
2.913542093791810506e-01
4.409246909337197762e-01
5.526981639224618492e-01
5.471388184727214998e-01
3.446158848973160382e-02
2.956975976400911046e-02
7.722462870328586360e-02
1.467637911034803955e-01
2.403573871934450712e-01
3.773402742111068853e-01
4.508459403718974579e-01
9.834548820198074637e-02
9.682563000390411734e-01
4.189649692887081334e-01
3.586837683587694170e-01
6.187157764419288775e-01
7.262194786619856623e-01
7.829374086212509409e-01
7.940292635596878368e-01
8.476228342140615379e-02
8.733816941243266463e-02
2.441353426037912722e-01
5.471301502205956346e-01
7.235611844677639626e-01
6.755450982775070834e-01
4.986774305150517561e-01
5.450479504894693017e-01
6.208159759082273466e-01
4.397080705077995033e-02
6.826528127263048473e-02
4.497769776104168504e-01
4.650278617816986926e-01
5.072661605047406042e-01
3.437884508351873869e-02
5.729236728613935209e-02
4.272321245910963849e-01
3.703023419004158323e-01
3.658316331326568749e-01
9.910714714277416015e-02
7.846426588156923954e-01
1.801264047295519644e-01
1.959337151823038470e-01
7.833400849140004230e-01
7.747845563003982194e-01
7.964216774654429010e-01
8.389623686683408410e-01
8.561129454677380846e-01
2.116739185246394039e-01
2.384578017866267330e-01
6.643152456301162356e-01
6.006922260622623577e-01
5.359143401892576541e-01
1.660121017720174452e-01
1.869842366458741023e-01
4.574345075732108579e-01
2.791698875914981892e-01
1.267909008841329177e-01
1.428220253247770299e-01
3.412238142478423164e-01
1.953167779033782026e-01
1.920333595532588977e-01
1.009132053764348336e-01
4.600605567151311304e-01
2.011377318521195834e-01
7.846328883187646541e-01
6.333575868057100822e-01
4.203964993073506240e-01
2.654478754093249071e-01
4.250447580889223365e-01
1.880429382266264882e-01
2.340335461841357712e-01
2.628502688608010951e-01
9.514047441182799103e-02
2.027516185984086783e-01
7.410811224793756313e-02
1.052735707311949764e-01
1.664932492004047859e-01
2.127902328699739221e-01
1.954376825362365289e-01
1.451813723010885737e-01
2.923337020450296198e-01
1.057637058420113352e-01
7.355097639346958038e-02
2.921845023026043986e-01
6.142457055646385194e-02
3.829345548699086138e-02
2.608281571617888650e-01
2.621140204381788297e-01
5.072489502750902879e-02
3.001046370354819998e-02
1.141054546531879432e-01
1.640451890282884351e-01
2.486284125381931984e-02
2.211839491401109692e-01
9.919210818492610326e-02
3.119289213690229490e-01
2.765467103777606295e-01
7.616878185330000495e-02
2.997590065887277277e-01
2.207994533852949415e-01
4.108527739108149696e-02
1.923973420693664838e-01
2.535234928849320127e-02
1.298508066675616301e-01
-9.798891232739201612e-05
2.207269935998259214e-01
1.402312445898276083e-01
1.737074351764100744e-01
1.400936130070928876e-01
1.391351219717253118e-01
9.577917332581493970e-02
8.153053002415550088e-02
8.852469032270260385e-02
5.585734435925996527e-02
1.575458492940021160e-01
1.604352443941039715e-04
1.437266561692401023e-01
2.133482019947255393e-01
1.181133630207244489e-01
1.976080689940450941e-01
7.764258116324940229e-02
1.377648418553748255e-01
4.689606415536238387e-02
1.046252676872598819e-01
2.009196677841827983e-01
1.560334010287601960e-04
2.093730892794131992e-01
3.185853891980746644e-01
2.106550627853173985e-01
1.656950913646639267e-01
1.798465397992618509e-01
2.348823689344861076e-01
2.010553452410344111e-01
1.744101541144356671e-01
1.284390737287528506e-01
1.558732786408033588e-01
1.551858615933178476e-01
1.408915809011994369e-01
6.338006915273408648e-02
7.160790082352311292e-02
1.260533897507835344e-01
1.159356484112786106e-01
2.773563761772127045e-01
3.611083698304732247e-04
5.184056269133461292e-01
5.924834936820014830e-01
1.460384057456617091e-01
4.341219152292314365e-01
4.548282773915456323e-01
1.457834060472626703e-01
2.952319060904720627e-01
1.269086262723096714e-01
1.626553005114710626e-01
9.923156679501131394e-02
4.101352286729089136e-01
1.069386548659344164e-03
6.080549625492778221e-01
5.828532967224472339e-01
5.809461347073933135e-01
1.437385180918556715e-01
1.169806573111712017e-01
5.910460834585244960e-01
6.247573133021717684e-01
1.506150387559681558e-01
1.318847761306892463e-01
3.040823952342418535e-01
4.495999250660976387e-01
4.623582004371727394e-01
1.366631648204332528e-01
1.320674910356795795e-01
2.016327972969987337e-01
2.797977066413026570e-01
1.034778693321848075e-01
9.425439541567635915e-02
5.201644594512356834e-01
5.262062458887281080e-01
2.213722147981002017e-03
5.247240161703268235e-01
6.070059472585183080e-01
6.225589866630000246e-01
6.077544072378225637e-02
5.600534953321833348e-02
5.573027327263921915e-01
5.742554794029766096e-01
6.129839364872995411e-01
8.621656400719197866e-02
6.805778199923366578e-02
4.732546810008201321e-01
4.824980659442689168e-01
1.071224595104122990e-01
8.817207716102792858e-02
2.924291815047442844e-01
3.755954947506814356e-01
4.047276119779515402e-01
7.211350923285805847e-02
5.858380624312466839e-02
5.440455398461261360e-01
3.545804498805238056e-03
5.499683058658804136e-01
3.257404648556503357e-01
1.587711120562375899e-01
6.973929939574279036e-02
5.532838628968302919e-01
3.470466493359614102e-01
2.039851502756206691e-01
8.042374822902842446e-02
4.696784420526461251e-02
4.747365997907188051e-01
3.402012481951840472e-01
2.437252418960182965e-01
1.312446439698185530e-01
3.930143746721003611e-02
5.834256100863978445e-02
3.444372264193848454e-01
2.546656503042168951e-01
2.117875078292379143e-01
1.068857403822836699e-01
2.649293474035298648e-02
1.047358116696020802e-01
3.564821057499795859e-02
5.239331640490602071e-01
4.649063788377389567e-03
4.646761288741547286e-02
4.712654016012765568e-02
4.022524584574090761e-02
1.117947858525223798e-01
2.239287606915794371e-01
2.284782117949071822e-01
8.661817739514389436e-02
9.203129136824522716e-02
4.058287966298788907e-02
7.326534366613331184e-02
2.020312015199411393e-01
2.581317055028256591e-01
9.964996925076789747e-02
1.033653664372756603e-01
4.449194191980285207e-02
5.256737926644878406e-02
1.563531364638016397e-01
2.241772942888191344e-01
1.224751881227348072e-01
1.239846844347860522e-01
5.681505155517773548e-02
4.450973699700940672e-02
1.303909452194791929e-01
2.088482977606636870e-01
1.052477582706524001e-01
5.486046405940897541e-02
6.583849613719994220e-02
2.244938282228058773e-02
4.304837341108832399e-02
1.310546878791287173e-01
2.043398805712849653e-01
5.335512264886465017e-01
5.119658273655708358e-03
7.874218467780670638e-02
1.024429148138402690e-01
2.563275562562022380e-01
2.914443562144937161e-01
1.497906224290631305e-01
2.100467228428298805e-01
2.728386621719945948e-01
3.055824155679710552e-01
3.224484026875801268e-01
1.526823444640035277e-01
2.032816566776818046e-01
2.360320164533773468e-01
2.773103605717303077e-01
3.023672625907224409e-01
1.694317797486910859e-01
2.123689552496209609e-01
2.181462960242636362e-01
2.597280724827645271e-01
2.910648322065814142e-01
9.101425401528200065e-02
1.237755726825212621e-01
2.123463122495138355e-01
2.493646505936621405e-01
2.851501094254274005e-01
1.019126962004610615e+00
4.742791873002747023e-03
9.936973082944210167e-02
8.679743789734439829e-02
2.896572980915186890e-01
2.599359699759563047e-01
2.496990851070426676e-01
2.224525282466967291e-01
2.464384215035300696e-01
3.085260255135104934e-01
2.667474938016908270e-01
2.095147369354382061e-01
2.279737745658344528e-01
2.891569888639026753e-01
2.456145757943376529e-01
2.130851944282750599e-01
2.178296800901944608e-01
2.723054834938851143e-01
2.236755191349228400e-01
1.232419260015429202e-01
1.350796298148201624e-01
2.720741530199529135e-01
2.199518494525552481e-01
2.494884598160147515e+00
3.616512158708465752e-03
7.986274267415661987e-02
5.559139650527657184e-02
2.030217719024036693e-01
1.592627731620068487e-01
2.590315042692866165e-01
2.276460989804637014e-01
2.253742022899029029e-01
1.567340391665861532e-01
2.386106516490410223e-01
2.062666664384096848e-01
2.121190247429689535e-01
1.455871182373447703e-01
2.208456362748188184e-01
1.849404987589733651e-01
1.973143774100634129e-01
1.240961673525505932e-01
1.383151887732005092e-01
1.193650587956603670e-01
2.033810535650717455e-01
1.159439592046570405e-01
7.395542713730688611e+00
2.153391788514918016e-03
3.331030007344542437e-02
8.498721318542500069e-02
1.942798184258248406e-01
8.513455292063322466e-02
7.936250858663938812e-02
1.727913846128701914e-01
8.138448023211898585e-02
7.590014682620885300e-02
1.460781873270296793e-01
6.772352868678303828e-02
6.012408636919566035e-02
9.958657665286389793e-02
9.335042900032874957e-02
6.483836120335011166e-02
4.547601001186974551e-02
1.910111059923696430e+01
9.337740676331504446e-04
3.297951775539449681e-02
1.391186382649883292e-02
8.321454041922951572e-02
3.058793708444682707e-02
1.891580880027635414e-01
1.169495884518663431e-01
2.521248019954472341e-02
1.697571434177929661e-01
9.479261985418435676e-02
2.493869534802756194e-02
1.445560798893903709e-01
7.345638109965821338e-02
1.793351855454749372e-02
4.166160959253189383e-02
5.488785571480005177e-03
2.850337120951199310e+01
4.610235273910006292e-04
5.524963134689718502e-03
9.098896036904415702e-03
5.667189631986912363e-02
7.489245537766820934e-03
4.362534148231610870e-02
7.842498175819997280e-03
3.286318097072264688e-02
5.272206572730027234e-03
1.860895771226826409e-02
-1.377077830885441601e-03
3.150355684631665909e+01
9.337740676387138112e-04
1.391186382642448094e-02
3.058793708450274068e-02
1.169495884520699580e-01
2.521248019936703569e-02
9.479261985493098175e-02
2.493869534775446095e-02
7.345638110046602554e-02
1.793351855418104379e-02
4.166160959288160714e-02
5.488785571385402032e-03
2.850337120950137404e+01
2.153391788525527151e-03
3.297951775528925461e-02
3.331030007333381227e-02
8.321454041934868429e-02
8.498721318558440097e-02
1.891580880029814227e-01
1.942798184260282335e-01
7.936250858644057493e-02
1.697571434185803085e-01
1.727913846136341636e-01
7.590014682585466410e-02
1.445560798902563449e-01
1.460781873280308507e-01
6.012408636885671620e-02
9.335042900069258354e-02
4.547601001177017932e-02
1.910111059922712684e+01
3.616512158723354450e-03
5.559139650519923787e-02
1.592627731622947296e-01
2.276460989804744706e-01
8.513455292048673073e-02
1.567340391666594279e-01
2.062666664387803606e-01
8.138448023191746650e-02
1.455871182371709927e-01
1.849404987592732363e-01
6.772352868661879466e-02
1.240961673525356607e-01
9.958657665309098017e-02
1.193650587958409726e-01
6.483836120333762165e-02
1.159439592046133394e-01
7.395542713725428818e+00
4.742791873020440335e-03
7.986274267413905059e-02
8.679743789731579617e-02
2.030217719026042311e-01
2.496990851073417617e-01
2.590315042692030723e-01
2.464384215033060821e-01
2.253742022901259467e-01
2.667474938021444641e-01
2.386106516492157437e-01
2.279737745658229897e-01
2.121190247428901277e-01
2.456145757944965258e-01
2.208456362747454049e-01
2.178296800898640306e-01
1.973143774103062187e-01
2.236755191352159389e-01
1.383151887730439400e-01
1.350796298146242358e-01
2.033810535651152385e-01
2.199518494524692058e-01
2.494884598156788869e+00
5.119658273674584752e-03
9.936973082943484359e-02
1.024429148138350232e-01
2.896572980920082974e-01
2.914443562150267897e-01
2.599359699761270570e-01
2.224525282464366316e-01
2.100467228425961785e-01
3.085260255139117835e-01
3.224484026881257459e-01
2.095147369348624167e-01
2.032816566770623001e-01
2.891569888642849806e-01
3.023672625911590917e-01
2.130851944278360499e-01
2.123689552491209720e-01
2.723054834946365133e-01
2.910648322074139704e-01
1.232419260013518231e-01
1.237755726822672708e-01
2.720741530194996649e-01
2.851501094247118062e-01
1.019126962002228520e+00
4.649063788395616306e-03
7.874218467772399477e-02
4.712654016002842255e-02
2.563275562566201815e-01
2.284782117951671965e-01
1.497906224285326382e-01
9.203129136777954411e-02
2.728386621725419903e-01
2.581317055034170194e-01
3.055824155686596710e-01
1.526823444633093330e-01
1.033653664365326436e-01
2.360320164539306542e-01
2.241772942894262599e-01
2.773103605722110343e-01
1.694317797481920407e-01
1.239846844342379489e-01
2.181462960247594340e-01
2.088482977610757740e-01
2.597280724834993282e-01
9.101425401489460221e-02
6.583849613683695479e-02
2.123463122493986777e-01
2.043398805713744493e-01
2.493646505929569546e-01
5.335512264871655752e-01
3.545804498820780745e-03
4.646761288730025946e-02
4.022524584589803887e-02
1.117947858531950084e-01
2.239287606921850637e-01
8.661817739456095788e-02
4.058287966286776988e-02
7.326534366674695986e-02
2.020312015209959899e-01
9.964996924989517890e-02
4.449194191940483017e-02
5.256737926690425999e-02
1.563531364648700905e-01
1.224751881220578903e-01
5.681505155469222107e-02
4.450973699733266203e-02
1.303909452203384223e-01
1.052477582709277909e-01
1.068857403799385319e-01
1.047358116706812864e-01
5.486046405898650086e-02
2.244938282211547328e-02
4.304837341113500887e-02
1.310546878794016656e-01
5.239331640481736940e-01
2.213722147992596041e-03
5.499683058671539504e-01
6.225589866628399305e-01
3.257404648574692141e-01
1.587711120573119528e-01
6.973929939612723283e-02
5.600534953319018239e-02
5.532838628987272189e-01
6.129839364882050390e-01
3.470466493374919636e-01
2.039851502765318847e-01
8.042374822964939995e-02
4.696784420525509929e-02
6.805778199901083014e-02
4.747365997920872105e-01
4.824980659451570397e-01
3.402012481963405666e-01
2.437252418965095702e-01
1.312446439704577916e-01
3.930143746739891281e-02
5.834256100834925990e-02
8.817207716065517120e-02
3.444372264209109025e-01
4.047276119790343962e-01
2.546656503049234965e-01
2.117875078293233182e-01
2.649293474050762320e-02
3.564821057477461641e-02
5.858380624287700539e-02
5.440455398459970171e-01
1.069386548666420751e-03
5.247240161705516437e-01
5.809461347079973859e-01
6.070059472579593107e-01
6.077544072353410071e-02
1.169806573109616193e-01
5.573027327270101416e-01
6.247573133026635972e-01
5.742554794032322940e-01
8.621656400699564959e-02
1.318847761307864463e-01
4.732546810019185868e-01
4.623582004398097411e-01
1.071224595100904453e-01
1.320674910356611220e-01
2.924291815056399568e-01
2.797977066421513115e-01
3.755954947516697562e-01
7.211350923266757196e-02
9.425439541565278079e-02
5.262062458881340277e-01
3.611083698320170744e-04
6.080549625495249577e-01
5.924834936826456344e-01
5.828532967226234263e-01
1.437385180917570560e-01
1.460384057457199403e-01
5.910460834591444446e-01
4.548282773922628364e-01
1.506150387562711357e-01
1.457834060477222471e-01
3.040823952348643555e-01
2.952319060910233994e-01
4.495999250684830084e-01
1.366631648205709204e-01
1.269086262725752645e-01
2.016327972973569471e-01
1.626553005116206374e-01
1.034778693322893350e-01
9.923156679521651091e-02
5.201644594514438502e-01
4.101352286727258378e-01
1.560334010240612096e-04
5.184056269137615747e-01
3.185853891985970798e-01
1.656950913648036483e-01
4.341219152297110528e-01
2.348823689344268772e-01
1.744101541150747392e-01
1.558732786406895054e-01
1.408915809016321186e-01
7.160790082351163599e-02
1.159356484115734026e-01
2.773563761774650027e-01
1.604352443788966537e-04
2.093730892794902210e-01
1.437266561694944822e-01
2.106550627857728120e-01
2.133482019951170039e-01
1.798465397990337555e-01
1.181133630208515001e-01
2.010553452420688059e-01
1.976080689952643410e-01
1.284390737287134654e-01
7.764258116337255378e-02
1.551858615938627450e-01
1.377648418561814581e-01
6.338006915279346953e-02
4.689606415566181102e-02
1.260533897511799117e-01
1.046252676879485810e-01
2.009196677844475309e-01
-9.798891234105827608e-05
1.402312445900481541e-01
1.737074351769928027e-01
1.400936130078505593e-01
1.391351219729363431e-01
9.577917332648266946e-02
8.153053002485330381e-02
8.852469032357612733e-02
5.585734435979693852e-02
1.575458492943626609e-01
2.486284125502801964e-02
2.207269935996814536e-01
2.211839491400107993e-01
9.919210818533924501e-02
2.765467103785353986e-01
7.616878185403112844e-02
2.207994533862361608e-01
4.108527739141862312e-02
1.923973420709396143e-01
2.535234928873962568e-02
1.298508066679978090e-01
1.640451890282915992e-01
1.664932492040608336e-01
2.127902328697463541e-01
1.451813723018332281e-01
3.119289213694139140e-01
2.923337020451301504e-01
7.355097639397806253e-02
2.997590065892391520e-01
2.921845023028657451e-01
3.829345548717958542e-02
2.621140204392384820e-01
3.001046370357940765e-02
1.141054546536937470e-01
4.600605567199383406e-01
2.011377318521117286e-01
1.954376825369599779e-01
4.203964993092882407e-01
2.654478754095825899e-01
1.057637058424966137e-01
1.880429382276724015e-01
2.340335461845660103e-01
6.142457055666924320e-02
9.514047441213749345e-02
2.608281571630478024e-01
2.027516185987678909e-01
5.072489502751661300e-02
7.410811224789437546e-02
1.052735707314401276e-01
7.846426588191223184e-01
1.959337151824571133e-01
7.846328883199463755e-01
8.561129454704715647e-01
6.333575868068530568e-01
2.384578017869993238e-01
4.250447580906975831e-01
5.359143401918019523e-01
1.869842366466576700e-01
2.628502688615513838e-01
2.791698875924273904e-01
1.428220253251801797e-01
1.920333595536572735e-01
1.009132053766944176e-01
9.682563000403835440e-01
1.801264047297792270e-01
3.586837683619517048e-01
7.833400849112206465e-01
7.940292635581812641e-01
7.747845563003851188e-01
7.964216774665743293e-01
8.389623686710886430e-01
2.116739185249733313e-01
8.733816941338484741e-02
6.643152456323032640e-01
6.208159759105583708e-01
6.006922260642275635e-01
1.660121017728020121e-01
6.826528127289487047e-02
4.574345075740332001e-01
5.072661605057674494e-01
1.267909008845160557e-01
5.729236728600584083e-02
3.412238142480678027e-01
3.658316331333617000e-01
1.953167779037634499e-01
9.910714714309558360e-02
1.038724509575707611e+00
4.189649692913942070e-01
6.187157764461094223e-01
7.262194786665464585e-01
7.829374086211113859e-01
8.476228342274387539e-02
2.441353426035808294e-01
5.471301502171673770e-01
7.235611844632119372e-01
6.755450982731537879e-01
4.986774305164630161e-01
5.450479504939377273e-01
4.397080705103236647e-02
9.130438145218100487e-02
4.497769776108109796e-01
5.471388184747819627e-01
4.650278617828865202e-01
3.437884508340870865e-02
2.956975976439202292e-02
4.272321245910281617e-01
4.508459403726204906e-01
3.703023419004718431e-01
9.834548820228858346e-02
1.048678363118176637e+00
9.689627100238341895e-02
1.912021643184848019e-01
2.913542093815770229e-01
4.409246909369290424e-01
5.526981639246422162e-01
3.446158849018329112e-02
7.722462870419891101e-02
1.467637911047355026e-01
2.403573871950427376e-01
3.773402742129043363e-01
9.640580783146843191e-02
1.033299027925390190e+00
7.268169868451548332e-01
7.461024314659340240e-01
5.086131237779684122e-01
2.814085917495478539e-01
1.179386365220368577e-01
1.131275351452807887e-01
6.080124142678439148e-01
6.416107935615130708e-01
3.411425185682882000e-01
1.483693834785383414e-01
7.517904140930449508e-02
1.199021752376222688e-01
9.193565136348931521e-02
1.015177544572765322e+00
8.232872876700098042e-01
8.477013058901489151e-01
6.808189345063754283e-01
5.340092994171368179e-01
3.617064026253651310e-01
2.188176592773755924e-01
1.518160424069819603e-01
5.751239997975385876e-01
6.797581819501227196e-01
6.466621842999963343e-01
3.994132505988540888e-02
6.271047038225724402e-02
6.189590738469276099e-01
6.293524706775236455e-01
5.987447591777490530e-01
1.239466048196164599e-01
1.783866624584407590e-01
1.836129507318471632e-01
8.378881274296072490e-02
9.857592028401754858e-01
1.429637613323348599e+00
1.365311987538154970e+00
1.335942809588849922e+00
1.068452970153596082e+00
1.041832869979263165e+00
1.008790108950515796e+00
8.692929334026986421e-01
8.362864345141345357e-01
9.339187947397026290e-01
6.669580438056349481e-01
2.606102014251180377e-01
2.605185408466791919e-01
8.255435034817989459e-01
8.416267194477633495e-01
7.956415056599172031e-01
7.948169878069324401e-01
8.683612882233680830e-02
9.510640648818875775e-02
6.073106821094237384e-01
5.771746257472064601e-01
6.709874874528476418e-01
1.360381943834978735e-01
1.584494313094942375e-01
6.412409672776074876e-01
5.981692110301217724e-01
1.893773429184076318e-01
1.869695303635804384e-01
7.166125574269505139e-02
9.576693905118086603e-01
1.395641963270588093e+00
1.395547627396842794e+00
1.384465208255030388e+00
1.044525634631453759e+00
8.046382785405874483e-01
8.714528045605709483e-01
1.120192434301754636e+00
1.032970932934671238e+00
5.334071360795608063e-01
2.660524697843084652e-01
1.081620691216925501e+00
1.075854386464934587e+00
8.877398450536853058e-01
8.725404273695293034e-01
1.942459947161045974e-01
5.776587781035890101e-01
4.539932843507195059e-01
7.588986612304639001e-01
1.730108801936575125e-01
4.759637980924414924e-01
2.743045078186968078e-01
2.261217345285497504e-01
5.242531859756224266e-01
3.689375644768217444e-01
1.437739202782871151e-01
5.636099989930808130e-02
9.378610662715565205e-01
1.215296887880313870e+00
1.090303462270050705e+00
1.060376803414074143e+00
1.802297916508759923e-01
8.575122207469848545e-01
3.770256713783034508e-01
2.650636098867820700e-01
2.042405920330325197e-01
1.890696478153001681e-01
3.086788727994860815e-01
1.464832029318224871e-01
1.019520891406195118e-01
3.295869308698000100e-01
2.177495579150300342e-01
1.853207760529242965e-01
1.206644703168967270e-01
8.405021036963836178e-02
3.973649526007044103e-02
9.396221282159966659e-01
5.748719805694966212e-01
4.352366099717109860e-01
1.906784660927766384e-01
2.775867321145171207e-01
2.648251135837605963e-01
3.211589146400880002e-01
1.550868021365747751e-01
3.499520571322277118e-01
3.369408754892538327e-01
6.832522649606107001e-02
3.501415688639827883e-01
2.991423224059871488e-01
5.667148904765621081e-02
2.552884342836380521e-02
2.421134272465422926e-02
9.695369581497673694e-01
1.546571365230203499e-01
5.694093605768441035e-01
2.636436346092045913e-01
2.342891185076279026e-01
3.309652154518520906e-01
3.320607251959074024e-01
2.619509899472812209e-01
2.306565714709895298e-01
1.337012048828292166e-01
1.758430225294594917e-01
2.737853573460653778e-02
2.185184281352504573e-02
1.202290998175035812e-02
1.023082238415110368e+00
1.098987423374221395e-01
2.175198178975056018e-01
1.835611639184073551e+00
2.151047739134405445e-01
3.296312377844122232e-01
4.993052747101776601e-01
2.739981290680458259e-01
2.619475668523981171e-01
1.957358187660687976e-01
2.157298870659698498e-01
9.920667641118055546e-02
7.356433730638615998e-02
6.966775556590155960e-02
4.433045638433156209e-03
1.081912438450366221e+00
1.371933583100591214e+00
2.342328193354418442e+00
2.609657077272847125e+00
1.485448004844308834e+00
1.116073681677135720e+00
1.272885108785249519e+00
1.689012864028273997e+00
2.261412144843015781e+00
2.333394236573084868e+00
5.974140016918941809e-01
1.607159829361165748e+00
2.128710888805362522e+00
1.441249952507769605e-01
2.692243152570725773e-01
4.259582995756434065e-01
2.171486888845771956e-01
1.822776008976245976e-01
1.124014697486291625e-01
1.295362924662607218e-01
1.225510000370672176e-01
1.194638740996430276e-01
1.186166833341236598e-01
1.263770821704297276e-01
1.303595915775474390e-03
1.140425197993201634e+00
1.767944211728134540e+00
2.367831224884769270e+00
2.630539679355766047e+00
2.641982973067044327e+00
1.044621229963924369e+00
1.432708830888985263e+00
1.278247358922699917e+00
1.098588403259984858e+00
1.065194012409855118e+00
1.032492850948246721e+00
1.211136590567196247e+00
1.660881853363809224e+00
2.025603771363922778e+00
2.313745613314096783e+00
2.577645087210685415e-01
1.274178861687450093e+00
1.355236918884887620e+00
8.049297909171740928e-01
1.023621984728775580e-01
3.542019631611042496e-01
1.336594839513637889e-01
1.726476100718699336e-01
1.302800145824682850e-03
1.233352318049248941e+00
4.401699862065265867e-01
9.464898835158218615e-01
9.454767096127363324e-01
7.790783923348727491e-01
8.090207829251691019e-01
9.778908763819171845e-01
1.082786586045295874e+00
1.137471381216437871e+00
1.300059871451077820e+00
7.053634007062867251e-02
5.458427600016263481e-02
7.934442414452286263e-01
8.901751072202256365e-01
3.985985255657974458e-01
1.523504889112191618e-01
1.399764323396935906e-01
1.970429918005682235e-01
2.369054743318563805e-01
2.619770989414904605e-03
2.417085601755278312e-01
6.539468667587879924e-01
8.881391729742854624e-01
9.556283814105636099e-01
8.019573016774249608e-01
8.552467705143816934e-01
7.644741654718736346e-01
8.465813575701676141e-01
1.039516931062695188e-01
8.025750487294104618e-02
3.093180200217356957e-01
3.170589042331223850e-01
2.497463949865462995e-01
3.744271003601423817e-03
1.605214796799787402e+00
1.387021771031602402e+00
7.473004816358196356e-01
9.563507878563374254e-01
4.344839477423398377e-02
2.627782268210679395e-02
8.355058704981034590e-02
2.218933810701471665e-01
1.897074860124128293e-01
2.569006193159568130e-01
3.919702662945106532e-03
1.884722663294366996e+00
9.555277139263534947e-02
1.874191800016282716e-01
3.163775433606168946e-03
2.224990085175172272e+00
1.972690490155269705e-03
2.649823873451817580e+00
9.028999736066729061e-04
3.219435584627844182e+00
2.534150129764553582e-04
4.113456730955446616e+00
3.507927485935830351e-05
6.226212571182171196e+00
4.457636192806275210e-01
4.906661831029883736e-01
3.494415482691444197e-01
2.696310674566766985e-01
2.193101277416510397e-01
1.896062558102584450e-01
1.746400630711346935e-01
1.709404607741392135e-01
1.754834774522058827e-01
1.852115241310895999e-01
1.968641174389166304e-01
2.071690774814522740e-01
2.133513524258742744e-01
2.137000071134093349e-01
2.078669741289322359e-01
1.967478484382869930e-01
1.820431010100041769e-01
1.657313353859523053e-01
1.496512810507562574e-01
1.352703812321496002e-01
1.224029014048069741e-01
1.141189115109758206e-01
1.095433470702324580e-01
1.086884783235484569e-01
1.112509883375802783e-01
1.164936647915137125e-01
1.230048014623920660e-01
1.285306837183537998e-01
1.300872924450298396e-01
1.246090348217897131e-01
1.103571282673407872e-01
8.745574332897937397e-02
5.975552623354862120e-02
3.321234533891662816e-02
1.393805955318315297e-02
5.460358252982903081e-03
6.980658127423917600e-03
1.416008963869547568e-02
2.189407887762120225e-02
2.672538467089870598e-02
2.751573571984736524e-02
2.484564867727477241e-02
2.008379856644217087e-02
1.464753116905014724e-02
9.603143195109386729e-03
5.561718522239749926e-03
2.741020455311719579e-03
1.066216801067005953e-03
2.681906297238121771e-04
3.658783528633668719e-05
7.923248377100622797e+00
1.219436844449511703e+01
5.421367443255522112e+00
4.380707928145149310e+00
4.049885694213538834e+00
3.852998665930373434e+00
3.698041818079000009e+00
3.553918655959793504e+00
3.407010658433879069e+00
3.252135395723035227e+00
3.089956992075991504e+00
2.925210423412612393e+00
2.764819625080534582e+00
2.616020603297839475e+00
2.484876103046864682e+00
2.375462565426071926e+00
2.289739752078331581e+00
2.227877662925836777e+00
2.188727049350102760e+00
2.170184160233812776e+00
2.169355399213271696e+00
2.182590478276015933e+00
2.205549295111507213e+00
2.233456260011298156e+00
2.261587184987515986e+00
2.285891282012692649e+00
2.303556101330787698e+00
2.313327056915672308e+00
2.315485203164406425e+00
2.311508572619847879e+00
2.303530312250204215e+00
2.293731319053073037e+00
2.283778061874867760e+00
2.274372289851407380e+00
2.264950120842263992e+00
2.253567027604590045e+00
2.237023824710146602e+00
2.211298890884140889e+00
2.172315441394868429e+00
2.116963556130278423e+00
2.044134708645267473e+00
1.955399912130316720e+00
1.854993791184154528e+00
1.749014867898497361e+00
1.644118973690303243e+00
1.546241571207022769e+00
1.459846803782479441e+00
1.387880328152848453e+00
1.332213587777055119e+00
1.294151202903602194e+00
1.274628217426441168e+00
1.273969797152312067e+00
1.291359927698268573e+00
1.324334808407420239e+00
1.368627277017635757e+00
1.418553589489365496e+00
1.467908343963085338e+00
1.511108287703492925e+00
1.544208459720170623e+00
1.565468719092750982e+00
1.575342094607673715e+00
1.575974337540290593e+00
1.570435264180759516e+00
1.561909060093130686e+00
1.552992331041152863e+00
1.545154469144867537e+00
1.538357536881933330e+00
1.530831538668939507e+00
1.519045462223482135e+00
1.497970397534249321e+00
1.461739451975776705e+00
1.404696576318102741e+00
1.322556700859360168e+00
1.213069121136836959e+00
1.075940632839785582e+00
9.174784707260833505e-01
7.672403704212547026e-01
6.727806621295668865e-01
6.270572159904305165e-01
5.923042385119375863e-01
5.701607032880983139e-01
5.510892778291818228e-01
5.383375549552382733e-01
5.153932105641625405e-01
5.002361024693589009e-01
4.912849998465812495e-01
4.894730701216105651e-01
4.978699220723361019e-01
5.113193586152513515e-01
5.297931668126470983e-01
5.522083301113781539e-01
5.632463896620064636e-01
5.679372799885478162e-01
5.607228942851655296e-01
5.552643098849230352e-01
5.497135186791133332e-01
5.419066545537468693e-01
5.343230181783222843e-01
5.272711472727354964e-01
5.200841709344449226e-01
5.114291096317188368e-01
4.995845829890883105e-01
4.834931282481884640e-01
4.635375973550841522e-01
4.392390210430885955e-01
4.168955065134282156e-01
4.128994118025741678e-01
4.346629883651164650e-01
4.766338604724135730e-01
4.991539509404183117e-01
