1.778973401120466136e+01
1.127586831780617871e+01
8.735697384672755916e+00
7.357098227076452446e+00
5.635719766573566325e+00
4.997928532100422316e+00
4.596442588634721993e+00
4.295309473925227550e+00
4.050064333402125349e+00
3.840705789644380364e+00
3.656156717884246898e+00
3.489684821598348474e+00
3.336985688422374974e+00
3.195238687362349506e+00
3.062587946725114030e+00
2.937831484270065019e+00
2.820219996963088782e+00
2.709317533526403476e+00
2.604900080635152992e+00
2.506879416658740034e+00
2.415244849829351725e+00
2.330017842137130923e+00
2.251215698673739496e+00
2.178821321403328515e+00
2.112756888088633378e+00
2.052860397449240981e+00
1.998865370990858148e+00
1.950385547208212111e+00
1.906907893876765403e+00
1.867798222053162815e+00
1.832323454726056733e+00
1.799692571313317169e+00
1.769114257693178871e+00
1.739864077968134248e+00
1.711349324761415103e+00
1.683157915870155508e+00
1.655080489160675850e+00
1.627102036370986271e+00
1.599368522349946309e+00
1.572141107317807096e+00
1.545752607458266370e+00
1.520576918209128880e+00
1.497014365513254841e+00
1.475488040691090186e+00
1.456441402316771105e+00
1.440327124602705622e+00
1.427580438440778421e+00
1.418574850403818033e+00
1.413562063993550222e+00
1.412600334286007397e+00
1.415477090658717518e+00
1.421634219153737000e+00
1.430109489772658948e+00
1.439515071941060542e+00
1.448080527413668328e+00
1.453786297141768324e+00
1.454597076481415563e+00
1.448770615525888372e+00
1.435176591863102535e+00
1.413534029902745681e+00
1.384485954648149164e+00
1.349479902110634510e+00
1.310490435474690685e+00
1.269669958382781072e+00
1.229023458116007772e+00
1.190173933588876798e+00
1.154240580728376209e+00
1.121816071217243804e+00
1.093014696602066183e+00
1.067566935380355408e+00
1.044946177918645303e+00
1.024518561189331045e+00
1.005702842789817808e+00
9.276127921948950084e-01
9.262997005600198674e-01
9.305881062009944138e-01
9.572936253016404162e-01
9.789795258178134452e-01
1.004395838830015375e+00
1.030815281181342469e+00
1.054149174877870632e+00
1.068819422298023847e+00
1.067826952394790530e+00
1.043063037164900564e+00
9.857338718132904187e-01
8.864730261097053532e-01
7.388706415421963936e-01
5.604055294216336858e-01
4.252807781468163628e-01
4.402502926238628378e-01
4.452475356599112644e-01
4.485301442266423910e-01
4.408927181829059294e-01
4.414657854922384717e-01
5.593082630933637667e+00
4.283430313609796758e-01
4.418198228738592914e-01
4.401246000154735438e-01
4.382953099279247589e-01
4.379189353527580542e-01
4.314010840294753457e+00
4.235131336206061081e-01
4.422513675388858312e-01
4.403475256540622107e-01
4.389011263841133270e-01
4.394327488769821932e-01
3.538463628921499460e+00
4.266699976763571045e-01
4.428095870617331231e-01
4.456923580202671320e-01
4.421761986474903039e-01
4.395570052311787435e-01
2.984588341753318552e+00
4.290522286059756385e-01
4.339509197887699843e-01
4.442599490160090148e-01
4.462786543225267799e-01
4.405862174056368596e-01
2.554841058170320700e+00
4.358959602074314321e-01
4.221652744927494316e-01
4.415029365014766505e-01
4.435254617564166058e-01
4.387183282896000569e-01
4.364018350428612858e-01
2.204882797602268241e+00
4.258746421860615250e-01
4.336223916360710806e-01
4.318411798484739772e-01
4.487404083920237818e-01
1.911057851618588321e+00
4.204447058825144246e-01
4.312733132018246041e-01
4.249718919512655568e-01
4.238994000636024384e-01
4.233538713543540943e-01
4.250870863154523893e-01
4.592226561168949450e-01
3.513194616241622215e-01
4.722547824645582648e-01
4.683512212766095528e-01
4.983225132120150391e-01
4.813684882370054541e-01
4.230787562858886464e-01
4.195411641098486522e-01
4.441914799635735545e-01
1.249406329129607363e+00
1.440849620852119095e+00
4.508795359811699210e-01
4.452765265724217270e-01
4.693070899517368666e-01
4.137631869267754392e-01
4.030572114566843278e-01
4.785275749906293674e-01
4.655634345527138174e-01
4.707127878998410009e-01
4.791300675518612162e-01
5.010142923152589578e-01
4.898482840543903483e-01
4.197927961966107513e-01
4.213630879310432675e-01
4.372652554896570010e-01
1.079621280270858907e+00
3.627715264830071451e-01
4.204904465345497555e-01
4.598877269574573878e-01
4.848571012004291858e-01
4.752963297080221583e-01
4.554984961002161992e-01
4.503606864502730511e-01
4.537529395406028621e-01
4.577360872344339859e-01
4.609666979116891494e-01
4.637499889576466860e-01
4.654814707580470778e-01
4.708188231845019667e-01
4.673380550532085786e-01
4.631187046903921245e-01
4.400256553190717845e-01
4.459545096774100159e-01
4.776901589901184630e-01
4.667855306762276335e-01
4.758748318615845241e-01
4.914084651844252694e-01
4.863862903869338727e-01
4.992535737594424039e-01
4.244433373174740232e-01
4.290016995526067523e-01
4.244746501130755578e-01
9.336640773040587593e-01
4.505655879718489798e-01
4.351494014623791817e-01
4.381644381388430931e-01
4.453289797662489113e-01
4.582934938835303562e-01
4.561236193793442029e-01
4.552831489379009500e-01
4.554584425898993705e-01
4.565425229020437237e-01
4.581517354197481851e-01
4.602812341583957800e-01
4.629611932453228662e-01
4.670519887093153022e-01
4.636627470375499493e-01
4.706534737801314483e-01
4.290268941883829124e-01
4.331899479537233422e-01
4.511912800386714828e-01
4.690052409578264747e-01
4.760991392774002740e-01
4.891687581280194097e-01
4.895358365511134902e-01
4.976375578393365529e-01
4.259412344800531103e-01
4.271984546827343188e-01
4.241491844074283257e-01
7.614623424850494038e-01
4.128719385196158997e-01
4.120399449019589433e-01
3.771324927988790043e-01
4.324685602890790959e-01
4.368839037899459044e-01
4.601106025686751977e-01
4.593440021269080131e-01
4.580760540135491721e-01
4.616227459200729633e-01
4.569697842382051678e-01
4.677239791130995972e-01
4.326040437814266948e-01
4.380757183293770840e-01
4.406350195570185591e-01
4.695194624669865591e-01
4.777099622565658676e-01
4.972274912890721210e-01
4.922167944862252953e-01
4.926662778493332562e-01
4.259438035504031772e-01
4.429119885460334749e-01
4.418278522302139244e-01
3.705442280419806722e-01
2.723023847629508776e-01
3.265219856810939736e-01
3.823042960600397389e-01
5.173864120728809413e-01
4.931382584650647050e-01
4.684136000169747960e-01
4.617851324816018010e-01
4.650953151140183039e-01
4.609987160540282569e-01
4.652582913340747583e-01
4.284769980653739263e-01
4.438803076243243440e-01
4.578026384979916319e-01
4.680616938166866081e-01
4.353669294798490075e-01
4.411361132284997710e-01
4.389582064951974560e-01
4.718441095538474239e-01
4.839579899209798808e-01
4.960165038259149450e-01
4.884950611366170592e-01
4.258219255039847329e-01
4.207513375090470853e-01
4.486814274343602360e-01
4.521411394051889632e-01
4.437076627863172362e-01
4.486210148385707530e-01
4.374627891464895058e-01
4.479099033852201872e-01
4.789152838984983007e-01
5.041638006100452873e-01
3.392870512409205674e-01
4.820117654797998474e-01
4.976447185757124636e-01
5.066433543464793354e-01
4.600807040458082531e-01
4.611233845679144072e-01
4.611489300192659901e-01
4.665113459701318299e-01
4.610548177118026225e-01
4.631762825379676651e-01
4.685892489838351382e-01
4.671971100868909099e-01
4.758815257580469305e-01
4.336681227277775497e-01
4.348694857779206169e-01
4.411176896397814851e-01
4.566421676616695957e-01
4.798087771698180681e-01
4.048651540588333875e-01
4.363023272954589249e-01
4.633082649534550068e-01
4.634221589897414839e-01
4.690842045790256654e-01
4.745423916776723705e-01
4.371251832272483040e-01
4.432402040874521276e-01
4.328649646876808754e-01
4.946570818939256542e-01
4.614315764368534523e-01
4.249604206916666183e-01
4.300767719612841877e-01
4.463029804424535341e-01
4.465066179216808928e-01
4.441565904537455589e-01
4.449426119437245863e-01
4.556732313234490017e-01
4.782511744275189103e-01
4.456356886959196850e-01
4.605979120128101401e-01
4.857282916593652078e-01
4.601198859673715225e-01
4.541482622192622998e-01
4.578784317215722210e-01
4.654280891631898953e-01
4.605526258651667648e-01
4.609042426516211655e-01
4.652273545897848694e-01
4.800975796842286702e-01
4.957994566511624845e-01
4.809466229186548647e-01
4.332569555815187212e-01
4.406747338374120693e-01
4.415096387523714805e-01
4.406544469056321578e-01
5.169463652281888200e-01
4.173130975130522335e-01
4.649109046919486787e-01
4.684586140042314995e-01
4.809315335682866621e-01
4.394805477349839062e-01
4.433310422906718840e-01
4.327091644894852096e-01
5.350476241111785658e-01
4.528514281077256620e-01
4.148280734953066484e-01
4.043385781857546935e-01
4.820990551963593718e-01
4.985247455782892967e-01
4.281922343682135201e-01
4.325854441827116648e-01
4.407980631135557381e-01
4.443524811569000144e-01
4.387379267114820958e-01
4.523741286178200594e-01
4.524202683831406446e-01
4.678270247143396232e-01
4.568058349851822353e-01
4.542982054409168691e-01
4.686386587556935490e-01
4.808237075472189814e-01
5.007903427669628815e-01
4.447487187380797513e-01
4.509919183035477896e-01
4.527413886232630746e-01
4.738788610550452862e-01
4.942039961649876689e-01
4.195635338679223336e-01
4.227394319432411507e-01
4.691243008826905814e-01
4.849470787691530504e-01
4.892252161857686410e-01
4.341588179450886487e-01
4.445072948795958379e-01
4.508166485881527352e-01
5.209775695464958778e-01
4.698258666810755102e-01
4.117307961338539379e-01
4.240259990024328185e-01
4.629053847177221348e-01
4.672304348270659435e-01
4.829030568190352257e-01
4.405916683149809776e-01
4.444182723713875349e-01
4.358221245638638219e-01
4.985286964833613998e-01
4.146787191732465572e-01
4.966773282343475704e-01
4.869472610064333185e-01
4.993386500862211919e-01
5.128700037507293308e-01
4.304342664040635147e-01
4.340994442220614813e-01
4.329810857250817602e-01
4.342418296629185215e-01
4.345429497330617896e-01
4.647436683116647482e-01
4.681406174424824762e-01
4.673706132432783877e-01
4.578733269967757979e-01
4.634334600408075988e-01
4.738257740525189110e-01
4.788472357111751565e-01
4.451821241383296934e-01
4.493777101282198649e-01
4.496505437860495169e-01
4.672688698806758412e-01
5.359750732870504075e-01
4.651459166081776120e-01
4.316032675460575452e-01
4.632771357454157912e-01
4.689771291860189151e-01
4.771017800693397315e-01
4.900322934992552559e-01
4.354636867501783248e-01
4.346051334016334811e-01
4.454136082584095879e-01
4.532848319374173651e-01
4.842546215277482302e-01
4.259499101865530379e-01
4.618666108442905927e-01
4.660204697694241838e-01
4.835181881509288959e-01
4.409853892564281619e-01
4.448166302419281903e-01
4.393243363115472144e-01
4.998168414929778369e-01
4.818360591930798131e-01
4.040778540853100509e-01
4.215903967413149878e-01
4.935259478114982223e-01
4.949519699019510055e-01
5.030925788465409054e-01
4.320734616134649930e-01
4.334476956515841417e-01
4.302861400125008173e-01
4.340857522429582560e-01
4.316958672141929521e-01
4.347351613822685867e-01
4.662502298749492402e-01
4.705036327545049635e-01
4.675871316957715962e-01
4.627430444114188912e-01
4.736117031543273237e-01
4.680183773167422845e-01
4.430354961885093479e-01
4.484968361147066984e-01
4.494924633417287096e-01
4.472895386809535023e-01
4.838467154572588802e-01
4.449400727984315629e-01
4.643115102001130756e-01
4.700847761036574535e-01
4.722511774175394694e-01
4.911138025683135511e-01
4.344599990238273146e-01
4.335080595148596561e-01
4.464447196291667641e-01
4.421853209381456096e-01
4.441141132376607015e-01
4.819148516094884371e-01
4.878984761082578170e-01
4.208144218715135776e-01
4.172421186541336868e-01
4.608899884028874183e-01
4.652288796846358321e-01
4.822537366853258400e-01
4.405682821382693182e-01
4.417926778916754782e-01
4.526678597473624555e-01
4.956673686924362721e-01
4.227143134861743312e-01
4.950962998226293155e-01
4.953326322592465081e-01
4.258296607720975513e-01
4.380261468859788510e-01
4.371763012572524310e-01
4.431695610957409048e-01
4.668560553115681522e-01
4.669609796389402323e-01
4.719699407074892106e-01
4.659592849215869470e-01
4.797097714175670990e-01
4.799410834924041636e-01
4.465300491910612624e-01
4.486379810737899931e-01
4.607235311422539503e-01
4.774160703602124411e-01
4.778762803937616210e-01
4.305278214102168377e-01
4.388641214439964466e-01
4.641642439473529502e-01
4.739954739180756715e-01
4.739337757302878318e-01
4.345357145218388673e-01
4.475693123250641392e-01
4.513660785618756055e-01
4.673006441708343894e-01
4.327590972909646228e-01
4.606341804065830492e-01
4.643479541588335646e-01
4.815375892201098074e-01
4.386698870940429207e-01
4.477329738803422221e-01
4.608243709103484465e-01
5.018995039546448877e-01
4.998750350578030077e-01
4.110383492340419775e-01
4.171849670847916913e-01
4.980534555912125017e-01
4.977540834501570366e-01
4.892820514635959905e-01
4.328281011034826875e-01
4.446701156638379060e-01
4.338042749081350014e-01
4.347193452327188790e-01
4.644765113453291350e-01
4.680721102422274460e-01
4.760939106249406083e-01
4.747458993579807829e-01
4.773380324362510585e-01
4.978399604019580482e-01
4.469833959741301710e-01
4.495717574151174567e-01
4.703496863352057411e-01
4.598663790560176823e-01
4.508127398199512914e-01
4.731299941984432045e-01
4.663013055496756931e-01
4.754324820870993173e-01
4.837011582784261354e-01
4.489002550526706159e-01
4.641529882733323453e-01
4.509365243154436209e-01
4.207029088675734996e-01
4.602253459246668510e-01
4.627070539588293840e-01
4.796405893989645897e-01
4.428824140681504873e-01
4.510501967695624836e-01
4.592473996008096804e-01
4.316307396439265642e-01
4.236653003140172236e-01
4.932116168181182037e-01
4.915092799273497182e-01
5.081983110341616872e-01
4.354809376202175564e-01
4.320891890510089595e-01
4.300360210754542445e-01
4.337962173877820682e-01
4.298320304959192817e-01
4.601273213172720755e-01
4.669099265651958097e-01
4.677844355537126297e-01
4.741669007013689652e-01
4.715508125769591330e-01
4.729628559573538227e-01
4.576001567825078165e-01
4.425474890765138669e-01
4.497034091545935031e-01
4.652638244188381234e-01
4.695004989481513236e-01
4.706986379377867680e-01
4.818548206011698531e-01
4.269933917385684841e-01
4.603422740110363343e-01
4.609375101295232757e-01
4.794364824452027607e-01
4.587994101461037588e-01
4.257559920796924469e-01
4.212388968803539302e-01
4.867657582975796204e-01
4.830256155456111311e-01
5.144690950286112674e-01
4.338423530121539029e-01
4.297712399102230352e-01
4.342294549822963146e-01
4.326807722716825566e-01
4.659568483419255780e-01
4.686840512440111350e-01
4.647513994453718600e-01
4.625258799298094803e-01
4.762264313498804080e-01
4.777803276647877850e-01
4.342775718670968677e-01
4.662163359534156615e-01
4.701817663920239698e-01
4.872294467171103816e-01
4.390523404088373383e-01
4.622571863487255905e-01
4.658106696037149219e-01
4.744279771101764243e-01
4.326858625529703684e-01
4.968528262391627703e-01
4.905144078381735717e-01
4.906990428320757713e-01
4.343107223522205129e-01
4.319438265869599558e-01
4.346357393294336680e-01
4.373357159569014607e-01
4.452208786516232419e-01
4.694989542163562901e-01
4.693244365972052967e-01
4.628363129890881167e-01
4.677314930287652661e-01
4.724054846274669539e-01
4.842394491742028073e-01
4.601671074837715980e-01
4.615041737969562408e-01
4.625803211118387215e-01
4.673005091006110501e-01
4.700354831385185617e-01
4.448142802942579022e-01
4.282072104794373280e-01
4.334799289686305235e-01
4.573724441215902270e-01
4.475279831203592407e-01
4.905298163091590946e-01
4.944818180886919601e-01
4.331447644272755082e-01
4.367539872863490102e-01
4.370236274258526565e-01
4.359356912987478183e-01
4.642046127751875417e-01
4.665187348049869009e-01
4.644747045494637683e-01
4.738671285411825695e-01
4.924239925960335329e-01
4.587439860718797169e-01
4.662513377862234076e-01
4.347410327909909111e-01
4.460559055913720372e-01
4.863301863362278210e-01
4.637856843480077651e-01
4.499752679350634277e-01
4.636551366799182561e-01
4.899503654402950215e-01
4.814214372141584208e-01
4.901309209397702871e-01
4.363281978648092529e-01
4.382880325364399421e-01
4.329104198827347094e-01
4.343638145674726947e-01
4.633771586527999919e-01
4.659143230220642029e-01
4.671406982133653463e-01
4.741077642379286639e-01
4.690318552226105941e-01
4.564052278450881905e-01
4.659181134483300624e-01
4.641793266891796610e-01
4.362057855766596215e-01
4.245201922605599254e-01
4.837483958405265350e-01
4.974477777901947229e-01
4.791342666909324532e-01
4.498786940422541680e-01
4.481398261833176022e-01
4.674121469885119118e-01
4.697942618649845192e-01
4.570520035756163169e-01
4.875885896626550586e-01
4.421097250138903978e-01
4.287621761252643493e-01
4.318470931220096953e-01
4.634275798003127389e-01
4.686735238650478474e-01
4.648073308719319896e-01
4.339123825233331955e-01
4.623751178789998750e-01
4.724682672184332133e-01
4.424892145537139276e-01
4.316888053558926575e-01
4.854347290049706998e-01
4.838430679503997189e-01
4.471138175998346509e-01
4.360725178635098676e-01
4.542912681642717332e-01
4.337193177293749979e-01
4.269488622698829894e-01
4.598652481062880382e-01
4.651603407794550060e-01
4.613250247042456897e-01
4.426343547182827187e-01
4.424749960388073000e-01
4.465700761682997455e-01
4.346702032388556902e-01
4.355810026091254672e-01
4.427197857517993773e-01
4.641541794359311801e-01
4.698160555309822128e-01
4.361368501235326489e-01
4.648227393179414912e-01
4.694623250990874186e-01
4.341708290602349640e-01
4.794215732143197184e-01
4.811204846712732186e-01
4.532171827659983721e-01
4.462350098708274260e-01
4.680092238872125554e-01
4.537213573076057660e-01
4.376196855929034291e-01
4.439955829861640391e-01
4.636708545287212546e-01
4.692456554071988695e-01
4.653171580376995742e-01
4.654369580550880570e-01
4.420157623972722494e-01
4.998069861057984342e-01
4.844670599746732642e-01
4.768219122916057540e-01
4.472968926256788991e-01
4.479508835191510774e-01
4.390344510349888929e-01
4.422602669729024383e-01
4.653471620330354996e-01
4.710152374799519981e-01
4.253524506700057661e-01
4.302577982698125303e-01
4.691410737183234758e-01
5.162817269992771019e-01
4.645530553204888502e-01
4.636880867937721029e-01
4.635906428185708750e-01
4.807166838599506997e-01
4.438105168984917692e-01
4.273065078350965496e-01
4.596211582456041222e-01
4.968181732276468199e-01
4.056018140710354603e-01
4.447964749571445275e-01
4.762270812244623341e-01
4.759780478926916580e-01
4.469397814347649267e-01
4.455702967439075235e-01
4.591052763093186329e-01
4.595383572572082076e-01
4.364859339902399382e-01
4.350809833247059055e-01
4.703022665966536953e-01
4.653468869422202614e-01
4.482580616772805504e-01
4.498492829932138615e-01
4.651741794602053948e-01
4.760423083206409833e-01
4.845968922588501093e-01
4.507837537406276240e-01
4.496538471816866611e-01
4.337070693398254462e-01
4.355317498686178124e-01
4.633429424065703683e-01
4.669497585125260142e-01
4.263751222125406470e-01
4.242732151226734638e-01
5.108580298484151072e-01
4.964676758504931731e-01
4.593092773203690249e-01
4.541450302243033033e-01
4.701584586677295396e-01
4.644545329380865284e-01
4.723995224781376567e-01
4.728452191993665066e-01
4.311087196509470476e-01
4.336270063057667823e-01
4.695900683048179203e-01
4.865159486827414503e-01
4.235326674668788427e-01
4.257069421325617720e-01
4.378862091891318475e-01
4.682759189145088152e-01
4.746062892225733632e-01
4.434071107316390759e-01
4.452358667749324872e-01
4.587441342247433052e-01
4.591361761755973769e-01
4.410824783651249859e-01
4.396664898094158058e-01
4.399646837580390990e-01
4.709098195679147225e-01
4.656550216222076211e-01
4.552735217686472158e-01
4.491312817897663012e-01
4.519749160163818447e-01
4.613976370887332146e-01
4.818587674248464570e-01
4.848477684590214443e-01
4.521833125407734300e-01
4.519075287902403204e-01
4.343671544627315528e-01
4.291945708605756082e-01
4.605840527899703329e-01
4.686112965404221620e-01
4.656687377508695325e-01
4.275951658083462226e-01
4.867273392482218686e-01
4.911426270369836922e-01
4.551081732270839675e-01
4.569492799951991313e-01
4.580530988598950914e-01
4.708853866269440691e-01
4.807801224180506816e-01
4.377029759630522987e-01
4.829067861983399879e-01
4.819800799472066521e-01
4.270056289334197008e-01
4.217505552872314323e-01
4.733730212974822660e-01
4.748421380282079607e-01
4.780772231127896621e-01
4.434429079189447509e-01
4.445239975571860791e-01
4.628552860158968163e-01
4.427612940735992098e-01
4.496063085596911368e-01
4.635339453034863499e-01
4.677650591342283337e-01
4.475922706337541190e-01
4.488757200725241314e-01
4.548963537513209809e-01
4.617454336673595394e-01
4.838587664572766567e-01
4.891702089072336723e-01
4.523983191796915326e-01
4.545092362607776049e-01
4.367549905469481630e-01
4.349227871945170465e-01
4.364965781217129970e-01
4.635833875540730786e-01
4.721311625807619872e-01
4.307887686204468491e-01
4.338366701852426899e-01
4.881797562175325123e-01
4.807944958321424545e-01
4.557316368244471172e-01
4.576461645238640852e-01
4.686519869356616796e-01
4.675406421053358574e-01
4.971624544779695842e-01
4.463987239365425075e-01
4.369966368177536920e-01
4.813718281620081862e-01
4.788956836204011358e-01
4.304219153615412852e-01
4.296677872099363138e-01
4.368232118028042010e-01
4.739016609833704985e-01
4.824195162941852799e-01
4.449448274133275261e-01
4.591382423690505421e-01
4.634385129320839902e-01
4.448630701131615073e-01
4.440553581690127039e-01
4.598330533712701174e-01
4.665614023754895423e-01
4.409281787002796160e-01
4.493203932500512976e-01
4.562407065176375398e-01
4.581869051956994343e-01
4.880713924114074564e-01
4.862229913681113125e-01
4.472765872132817289e-01
4.554981933615572243e-01
4.386809000160593608e-01
4.438529616821352275e-01
4.643240894853165046e-01
4.652228489822374802e-01
4.377267253011134507e-01
4.290164373649710261e-01
4.850368213670819273e-01
4.782900036598867199e-01
4.553167114632191703e-01
4.544822541441819186e-01
4.587679724195312114e-01
4.680971584036891509e-01
4.664311385575979352e-01
4.974397717170372935e-01
4.377524555642431925e-01
4.475581466800300223e-01
4.786710048051770472e-01
4.749334407711310324e-01
4.337163528034842508e-01
4.348565461377048580e-01
4.664329089455289123e-01
4.728229248570260945e-01
4.497768498057279074e-01
4.449583751337733428e-01
4.607902199062092197e-01
4.661266717123697667e-01
4.427188684371671790e-01
4.399760447341335423e-01
4.585762964375645900e-01
4.650905309079799710e-01
4.490560349970745269e-01
4.618745474629779579e-01
4.839179414225885378e-01
4.834524785957647341e-01
4.509001048912336662e-01
4.565059710696950379e-01
4.366829197025604015e-01
4.340614673638487631e-01
4.584214406144965781e-01
4.627928839271661099e-01
4.319306438754475508e-01
4.317479209558746089e-01
4.801709956388917622e-01
4.709839715754516321e-01
4.538919069316615373e-01
4.530592380338106517e-01
4.735472892773208708e-01
4.559656954819672481e-01
4.258656531533006051e-01
4.481607227311523722e-01
4.803392617411101906e-01
4.787828232944458251e-01
4.279313528606360495e-01
4.288488566302631755e-01
4.691390447383301798e-01
4.641953709154225671e-01
4.834600993092668109e-01
4.463125563561816112e-01
4.406867447939688542e-01
4.637076115709914403e-01
4.623606056926427010e-01
4.417396192381740638e-01
4.401013038674451705e-01
4.637674982023466397e-01
4.630083717695405721e-01
4.654530123316862888e-01
4.471501244955464194e-01
4.492332884620431899e-01
4.584893151015106971e-01
4.589020366397610351e-01
4.831429847116239240e-01
4.798332475649906836e-01
4.547886827490819628e-01
4.337151237051563579e-01
4.355276437621854457e-01
4.626961826518795617e-01
4.571394470843785918e-01
4.803333736696711043e-01
4.194990058592145132e-01
4.423831748001333386e-01
4.786762659932987107e-01
4.722010688370714693e-01
4.542912585622541077e-01
4.528223827691871262e-01
4.556573600911805189e-01
4.674401909064406224e-01
4.788019127336942127e-01
4.288027311433900146e-01
4.296719830738850998e-01
4.634857457130717728e-01
4.668795280871341213e-01
4.678874201904047458e-01
4.391062564702403193e-01
4.507352941829447235e-01
4.672605144174521441e-01
4.593097893948104304e-01
4.404709497008817976e-01
4.401508751946642817e-01
4.619190559968395227e-01
4.693958530957827446e-01
4.454860188112318986e-01
4.498988134787346160e-01
4.675650279603001391e-01
4.608221744053339064e-01
4.798608253097954024e-01
4.736198931284747449e-01
1.123346040714741312e+00
4.323869917857811052e-01
4.321041941768680728e-01
4.601272402255037197e-01
4.332401713582227365e-01
4.710715505218423527e-01
4.525796561746639468e-01
4.546142527578112547e-01
4.958892055146300049e-01
4.763812005582475084e-01
4.311285325982855410e-01
4.354803638966456281e-01
4.428705316222644184e-01
4.626025907582239638e-01
4.358029075222977222e-01
4.692280822761500381e-01
4.648626724687909828e-01
4.421512224042357109e-01
4.431666132040718020e-01
4.470359769331123667e-01
4.621234175708049396e-01
4.527444403900904302e-01
4.359701733687618153e-01
4.495091399420551026e-01
4.651506902660705878e-01
4.574109293666707710e-01
4.737218707201197865e-01
4.688508088034536447e-01
4.697847856283607904e-01
5.514678156368320039e+00
4.332896806462982475e-01
4.240307246629505533e-01
4.917564032637590232e-01
4.769740909315564603e-01
4.528809780230532156e-01
4.516032550471620888e-01
4.817535362029964352e-01
4.815484974413150598e-01
4.325350705203332979e-01
4.393162883331998558e-01
4.538263320354610775e-01
4.399056985079629056e-01
4.544168470721548503e-01
4.671124398918280463e-01
4.405360130617260728e-01
4.632348385918628186e-01
4.636093397579088005e-01
4.652746955838846787e-01
4.693791200988211010e-01
1.715665141529235171e+01
4.290675015455036601e-01
4.279424824652663384e-01
4.654621984532594237e-01
4.849900344696735366e-01
4.538614490750945696e-01
4.488535346492079081e-01
4.654595176052592209e-01
4.437243298737690855e-01
4.339093687830456458e-01
4.955435188463068741e-01
4.581522783606403748e-01
4.440076195332274267e-01
4.273660166897569890e-01
4.576429062674173265e-01
4.667110330409085517e-01
4.762305461067783963e-01
2.759008154981215100e+01
4.370190633629305044e-01
3.743022062299388719e-01
4.648027607024814434e-01
4.643382190347994376e-01
4.357433551466366461e-01
4.914440161689571651e-01
5.018118624651985993e-01
4.302403025212798160e-01
4.405958873119251717e-01
4.675522867130280091e-01
4.496594918914699202e-01
4.609011005748371859e-01
4.684402723469719976e-01
4.622568060998693551e-01
4.572808400081274649e-01
3.151628000332861390e+01
4.368240584958019701e-01
4.281476710152309906e-01
4.843511744896139559e-01
4.642879976322982216e-01
4.488604459575881167e-01
4.913159001695094896e-01
4.652388591540219109e-01
4.302695502169072150e-01
4.340438703462032310e-01
4.581568925768120248e-01
4.267298436527083294e-01
4.608823474836774015e-01
4.576661032134620166e-01
4.622084919894245969e-01
4.762293776601696504e-01
2.759032712479493910e+01
4.292444261900414948e-01
4.240161813148163317e-01
4.656399389259018307e-01
4.778872410123453651e-01
4.538163996311138648e-01
4.515626609379124745e-01
4.812891859546060136e-01
4.439066455999756133e-01
4.395141242884010868e-01
4.955523987505126571e-01
4.538139599280265335e-01
4.439252494988048525e-01
4.543269697142320318e-01
4.636612252171233850e-01
4.667151075384606274e-01
4.693363653875555208e-01
1.715687718629138203e+01
4.331405235396125208e-01
4.319725164495694103e-01
4.925998829926431233e-01
4.715670386908948353e-01
4.528204801449557393e-01
4.545118834582437262e-01
4.815097749788064818e-01
4.761649307993956470e-01
4.327160231149660974e-01
4.430107789057288192e-01
4.648565363239680059e-01
4.399723386903409694e-01
4.470035149696737209e-01
4.670496263795502201e-01
4.526855525958085047e-01
4.404082434433116422e-01
4.495871145472181696e-01
4.632804720878997973e-01
4.573341532423326194e-01
4.653029030014320111e-01
4.697726928958625425e-01
5.514783590168292449e+00
4.325059642105631985e-01
4.356682167414779316e-01
4.602350372809329015e-01
4.804780218158513083e-01
4.329255817653318017e-01
4.414560650836085731e-01
4.726496204432345527e-01
4.524506693985572148e-01
4.554703266239370496e-01
4.956455439976774624e-01
4.785944891741473195e-01
4.312367790040194659e-01
4.297561517934912478e-01
4.356172475554661583e-01
4.625312452559663945e-01
4.677580187077922669e-01
4.357446247053228805e-01
4.506968970176496447e-01
4.692026963257517891e-01
4.592765620795432602e-01
4.421859173234561902e-01
4.401433972794270844e-01
4.431225279475088374e-01
4.620464949392114051e-01
4.693013740631633013e-01
4.360458993119232796e-01
4.498440461902300513e-01
4.654071004936576883e-01
4.607929779069702692e-01
4.737154146972266111e-01
4.736149261546632183e-01
4.688436280217027075e-01
1.123383221528092779e+00
4.338722143984326540e-01
4.342235154452106505e-01
4.624512221762372977e-01
4.625275305387890890e-01
4.574074575407673926e-01
4.187210750867544906e-01
4.311616238162588322e-01
4.790495464704085382e-01
4.711102428372788142e-01
4.542035175588082785e-01
4.530459984896080816e-01
4.526868565913241826e-01
4.675853729019370242e-01
4.560655750658083596e-01
4.480184294955449897e-01
4.786445830418673553e-01
4.288559042881092687e-01
4.289078636957419088e-01
4.633725829713845612e-01
4.833242080352294634e-01
4.667794221802544774e-01
4.390713257556039251e-01
4.406594774828321848e-01
4.672273408877122836e-01
4.623309159988641670e-01
4.404528634921510699e-01
4.401557830822214190e-01
4.618340858352752987e-01
4.653722910942421631e-01
4.453433821180087793e-01
4.492181383347552126e-01
4.676528955181987746e-01
4.588849823334585909e-01
4.798573708627037471e-01
4.798296215512504181e-01
4.547917271777181525e-01
4.368506161951026812e-01
4.440099251982149164e-01
4.577162496443308859e-01
4.645848906647092047e-01
4.315170204074603721e-01
4.288733503233046473e-01
4.799701108689482520e-01
4.782373366817013194e-01
4.537749660100143800e-01
4.585722442763908724e-01
4.734374084927210902e-01
4.971990546196640159e-01
4.257998559374240877e-01
4.479448077440565945e-01
4.802241404840997263e-01
4.749500127823108042e-01
4.279436084953502362e-01
4.348788105444364449e-01
4.690257456308999373e-01
4.727316298259569560e-01
4.640659101892525840e-01
4.462886835833893562e-01
4.449364843737584341e-01
4.636751843231805004e-01
4.660917778539838685e-01
4.417478686664475518e-01
4.399829945071100368e-01
4.637153748101985329e-01
4.650909539660382230e-01
4.629956515154383667e-01
4.470532543689974547e-01
4.490643287947240769e-01
4.584948240858961466e-01
4.618601334162074634e-01
4.831427356690392583e-01
4.834526316326959172e-01
4.565052959454790060e-01
4.387998846879596071e-01
4.364262583065372514e-01
4.638168938526351370e-01
4.716717572050236895e-01
4.377946003372690797e-01
4.340577386989987740e-01
4.848683514572468822e-01
4.805144567048375559e-01
4.551368888175896799e-01
4.575512855715163640e-01
4.543022398567713727e-01
4.680657104681069658e-01
4.971341370816852456e-01
4.663455905471471930e-01
4.383260222788918914e-01
4.374280700792269605e-01
4.787176800932134713e-01
4.789819102000795192e-01
4.337715666425015493e-01
4.367824778852076317e-01
4.663702087028239185e-01
4.823671279134230661e-01
4.497636206224673305e-01
4.449300821065905187e-01
4.607623603180358018e-01
4.633945240945672173e-01
4.427480738588903120e-01
4.440960177816775656e-01
4.585926711257133359e-01
4.665874082267740808e-01
4.492951449211637360e-01
4.581518526855308249e-01
4.839191985489765813e-01
4.862270690282832764e-01
4.509069975781754835e-01
4.555045554605490765e-01
4.366154015827322654e-01
4.290854031086037135e-01
4.348679465985917370e-01
4.630794846780840746e-01
4.652961577512523816e-01
4.310512008398632022e-01
4.276454178200295719e-01
4.879229247781723400e-01
4.908318481809189060e-01
4.555850114201431267e-01
4.578338131797786148e-01
4.686455862842732745e-01
4.810162449073370761e-01
4.675153307544549497e-01
4.467163908073905065e-01
4.378551369185373354e-01
4.815128700994500965e-01
4.821525412445137881e-01
4.303127904700276840e-01
4.216883306107603868e-01
4.296307026438362930e-01
4.738720702279275443e-01
4.781127158404702704e-01
4.445002093391111631e-01
4.590843958154718907e-01
4.628243633785769640e-01
4.448396986619342908e-01
4.495965895025635373e-01
4.598678682310826660e-01
4.677907844101988899e-01
4.408917614815568431e-01
4.488601288989231275e-01
4.562182052724230719e-01
4.617650387388107514e-01
4.880740780110887078e-01
4.891746905717812011e-01
4.472802312341758180e-01
4.545098684572847492e-01
4.341993163222860330e-01
4.353607125931399091e-01
4.602145914357280709e-01
4.665802088408575465e-01
4.682528364838565715e-01
4.247698021131391388e-01
4.864547828825387943e-01
4.964036080347511981e-01
4.549413018818128096e-01
4.700155614599626497e-01
4.567660475489306315e-01
4.709061405802809630e-01
4.729138323751515549e-01
4.336322236826025134e-01
4.831284925332465230e-01
4.867741533236358831e-01
4.268445811024628722e-01
4.377056595659560845e-01
4.733887425893225642e-01
4.746478724510080349e-01
4.749537444301696332e-01
4.434259426394935866e-01
4.452205523418907296e-01
4.590993784747172679e-01
4.427324660338592399e-01
4.398497883896907990e-01
4.635532626111034116e-01
4.656840041794593765e-01
4.475740177489907490e-01
4.491255160795794565e-01
4.548543320682303381e-01
4.613810188828905146e-01
4.838657267516744409e-01
4.848579396832612409e-01
4.523968174771018647e-01
4.519051254530135897e-01
4.334847774354151362e-01
4.419130878148781472e-01
4.630692274931556551e-01
4.707820817983277562e-01
4.266964040919765111e-01
4.309122753313227028e-01
5.110178964092966236e-01
5.196625386168323146e-01
4.590937306406679408e-01
4.644453703564288549e-01
4.539685320197214269e-01
4.646624561114626739e-01
4.808410349469326994e-01
4.725071571733117093e-01
4.310549924618964912e-01
4.271933772393264883e-01
4.699244636263314456e-01
4.972073233548058857e-01
4.232828204782538295e-01
4.445947717892744233e-01
4.255546941485491286e-01
4.683442768923933852e-01
4.760735143259232638e-01
4.433858699330005537e-01
4.455592652267396092e-01
4.587058467958226582e-01
4.594962392618065494e-01
4.410540840872863022e-01
4.351749468800250042e-01
4.396109576553885456e-01
4.709160544014646677e-01
4.653141907030714508e-01
4.552466309558785285e-01
4.482407848255985372e-01
4.520371571395473409e-01
4.651514824611318044e-01
4.818735355647121854e-01
4.846143510943846655e-01
4.521802217068828789e-01
4.496531905955816755e-01
4.385866695394049497e-01
4.421052872551107793e-01
4.651073459555615242e-01
4.695677721389472370e-01
4.259456080620813712e-01
4.366835707143528755e-01
4.692320969319808688e-01
4.638386417178944621e-01
4.667733817265392049e-01
4.637888421973375697e-01
4.437412574047999714e-01
4.340539560831158661e-01
4.597203022166546083e-01
4.054552249464212221e-01
4.763297201057881680e-01
4.811663815416059031e-01
4.469309403303751149e-01
4.462237023298332161e-01
4.590590242953893063e-01
4.536731684633779071e-01
4.364947573496018585e-01
4.439466855807426282e-01
4.703142412293965235e-01
4.653162044967957822e-01
4.419582540047616859e-01
4.498495366353362779e-01
4.844247387595770893e-01
4.760529419186514954e-01
4.767042717906969651e-01
4.507840534107504515e-01
4.479497400236863713e-01
4.343363810617319465e-01
4.314661051904763456e-01
4.350994484528044048e-01
4.639295947791019503e-01
4.646170050530135653e-01
4.346815584704386004e-01
4.651007652655694269e-01
4.727959355972570776e-01
4.315629969866076054e-01
4.796574709999251729e-01
4.840468425806314090e-01
4.532040067154134433e-01
4.471068981822775013e-01
4.679552873773019650e-01
4.542392312157452205e-01
4.376788510876198912e-01
4.269866309844979613e-01
4.637184158696693315e-01
4.652062488720788980e-01
4.692201030009758300e-01
4.654678180010293209e-01
4.425992826858480833e-01
4.996838783311644550e-01
4.472999768160542677e-01
4.465731569091672681e-01
4.282923639428642404e-01
4.339906366657866887e-01
4.635381912283728645e-01
4.660808398149199894e-01
4.680317922083417348e-01
4.691919961239765513e-01
4.625752688985380612e-01
4.644914069267213064e-01
4.424208950908472548e-01
4.241869850032644607e-01
4.855148159089942017e-01
4.795045238042944802e-01
4.481509235971866678e-01
4.360734114643467496e-01
4.337754423684057614e-01
4.599054321945909574e-01
4.698601498113593178e-01
4.630419464692653309e-01
4.874890874426471288e-01
4.424700985341883386e-01
4.421029170414294551e-01
4.324429547544454411e-01
4.393341680392823245e-01
4.636746816131608884e-01
4.668344339091187734e-01
4.668154650895228186e-01
4.930440746224513116e-01
4.744066874152632618e-01
4.566277072357616817e-01
4.665325064086704998e-01
4.661221943895734188e-01
4.360080898531576432e-01
4.459113644022469902e-01
4.838404076684824640e-01
4.863695699080481938e-01
4.976771008750261460e-01
4.498907613246789783e-01
4.499785597593072839e-01
4.674135133948552623e-01
4.636905129287329785e-01
4.570571974834549134e-01
4.901211491030159073e-01
4.382575615188263329e-01
4.363745415996103105e-01
4.441500230819894757e-01
4.643781686379017670e-01
4.695051324046498609e-01
4.655089323767298004e-01
4.852815341518227910e-01
4.738187690456037160e-01
4.590103784960081201e-01
4.616000259274798956e-01
4.347071950442895627e-01
4.700245118135537026e-01
4.283138378975614446e-01
4.638217398504137501e-01
4.574244325640640096e-01
4.475029268897710577e-01
4.899677222521501285e-01
4.944912907145081471e-01
4.814180383638897998e-01
4.362957686906507870e-01
4.367626447085378172e-01
4.342996503475313741e-01
4.320696025561692744e-01
4.362873573409358774e-01
4.696275490429183130e-01
4.647553906283692915e-01
4.641432656505001808e-01
4.786361469687601122e-01
4.687694224131393472e-01
4.732583952065757549e-01
4.604296039135707397e-01
4.342464860931296577e-01
4.625826249071605112e-01
4.873691481661600045e-01
4.674037237786365373e-01
4.452003853704714631e-01
4.393525124851850872e-01
4.335268614988879166e-01
4.745017256944927819e-01
4.326528545943791326e-01
4.905385361558110557e-01
4.907083993080777473e-01
4.331258805130894229e-01
4.317491518919728266e-01
4.333973750579668827e-01
4.292701229878637115e-01
4.660548227269503685e-01
4.672116121931777499e-01
4.688484429312821389e-01
4.635610214460672562e-01
4.732053711695977105e-01
4.770702810461305843e-01
4.489335870450905652e-01
4.663365078886509418e-01
4.819403307723903462e-01
4.702395207346450889e-01
4.272929663254269594e-01
4.623317207596013834e-01
4.795132598325655970e-01
4.658673950435296418e-01
4.213419929920325102e-01
4.968600902123335161e-01
5.144804435738234982e-01
4.905193710978453248e-01
4.341738220455775843e-01
4.297698175749811167e-01
4.331953745275439194e-01
4.341579930844888802e-01
4.611240041741537787e-01
4.690960896890301601e-01
4.669000096057392968e-01
4.972869878190578352e-01
4.736566956243919990e-01
4.718379594192097515e-01
4.568796780750719599e-01
4.703112464766330825e-01
4.598729491057980678e-01
4.417444737885860007e-01
4.504365652769917738e-01
4.654136297827203284e-01
4.838071446933004949e-01
4.696301526768562606e-01
4.707884760282351477e-01
4.208321381998503807e-01
4.604079220627296798e-01
4.797233035735733453e-01
4.610073795973119726e-01
4.586561299128168456e-01
4.590925336321688977e-01
4.315208840655029299e-01
4.258823414055225576e-01
4.237604145675196721e-01
4.867825215467244671e-01
5.082088260854215056e-01
4.830408742981384673e-01
4.338188979103100862e-01
4.299910136458471310e-01
4.347942143086633848e-01
4.433935789994428167e-01
4.649570863816879229e-01
4.672717736923989729e-01
4.737133267954663496e-01
4.779096625286425315e-01
4.726766161922226761e-01
4.769734038323842906e-01
4.470161957468394287e-01
4.605899767034389303e-01
4.495923456786711236e-01
4.776344319216183076e-01
4.389555045931891053e-01
4.732905777687190785e-01
4.740704904222027283e-01
4.664909573083265704e-01
4.755529831492495973e-01
4.490378306909707518e-01
4.515702367048414212e-01
4.640548418726603841e-01
4.670766556983584894e-01
4.509723717561358591e-01
4.327188067394518445e-01
4.602721211652744393e-01
4.815812934557746616e-01
4.627587770790013710e-01
4.428845354604522555e-01
4.607789844315645644e-01
4.509495309229472060e-01
4.996722070867917753e-01
4.171488160864585959e-01
4.932313988477149413e-01
4.892969446888189577e-01
4.915250603278683017e-01
4.354558593741482686e-01
4.446409960388978955e-01
4.320474981272965920e-01
4.380275077532382322e-01
4.379711653211841305e-01
4.667907316630103276e-01
4.698688440007564027e-01
4.713034162032713192e-01
4.671915345665175190e-01
4.653365954343539612e-01
4.782601955960150142e-01
4.465362854874316834e-01
4.470990962406249380e-01
4.486263348474278101e-01
4.771241421910465408e-01
4.834444963918489435e-01
4.307502099962686737e-01
4.452149019171481314e-01
4.644120297543664622e-01
4.912702397951845268e-01
4.741553035915015979e-01
4.345108299555481834e-01
4.440895171884758352e-01
4.478282964126372168e-01
4.874668596144893784e-01
4.170780823784273617e-01
4.606531822507569096e-01
4.822882727292388538e-01
4.643827957349788149e-01
4.386033522328812162e-01
4.525875934666914735e-01
4.476813800296982060e-01
5.016668675527248267e-01
4.956957295808298025e-01
4.109555276970579540e-01
4.226028393517661796e-01
4.980729183982360864e-01
4.953528615007158908e-01
4.977717831533924331e-01
4.328216150079303715e-01
4.380043474964554484e-01
4.380054933408142337e-01
4.377334088930857070e-01
4.346114982439294727e-01
4.658799921332381633e-01
4.673014445141394635e-01
4.662991057228964564e-01
4.777590307971208428e-01
4.627934116336110959e-01
4.731848547268209249e-01
4.430673827656927966e-01
4.672305777030588692e-01
4.483254974443175445e-01
4.492720217093894575e-01
4.642116264182050145e-01
4.317880865357761055e-01
4.646427327178787592e-01
4.901705757963433219e-01
4.703384696601581871e-01
4.723815336188474379e-01
4.344913974207829099e-01
4.533835632007390815e-01
4.335213570747758483e-01
4.466010186987018904e-01
4.421952124306200993e-01
4.815699870798538784e-01
4.843924314183030155e-01
4.205419762343426959e-01
4.256818357852760748e-01
4.608412133830415702e-01
4.836643353967713943e-01
4.652412224242135075e-01
4.404962747088644326e-01
4.392764481667066345e-01
4.416819145348854780e-01
4.819309546205948203e-01
4.215628800111689278e-01
4.951146185221416141e-01
5.031163317426475823e-01
4.258193166347511438e-01
4.302799975037276403e-01
4.351716675588951366e-01
4.514422006652344388e-01
4.659537982680430068e-01
4.694210263174757869e-01
4.677569014355433263e-01
4.573502112667492403e-01
4.976847067919604184e-01
4.636644510472382463e-01
4.724618752244600928e-01
4.443918521401027943e-01
4.726307384705275005e-01
4.494946879810178264e-01
4.495745012815661745e-01
5.354704787715329761e-01
4.932713422774204215e-01
4.231420801951265021e-01
4.638233521069697884e-01
4.895501395361875341e-01
4.692757625845205283e-01
4.771842500985515878e-01
4.354914973424908742e-01
4.508877369395898893e-01
4.346523128971158667e-01
4.455912215220766415e-01
4.706907167086533117e-01
4.239736104413464601e-01
4.618352880546136019e-01
4.828893119024991742e-01
4.660114503809544284e-01
4.409306712994428001e-01
4.357911681406737014e-01
4.447386452913098531e-01
4.998164331247076375e-01
4.984921263500959876e-01
4.040743733412957561e-01
4.146476526299711085e-01
4.935453356262035629e-01
5.128942261490920806e-01
4.949763864240931399e-01
4.320487791019068657e-01
4.329611381119082281e-01
4.334331370564288299e-01
4.425147885086151422e-01
4.435585099508723705e-01
4.371392479432563705e-01
4.582241520052128814e-01
4.790495621624387135e-01
4.648480327445282945e-01
4.674260768499207686e-01
4.626264129981691453e-01
4.676463377022571644e-01
4.752407165897575281e-01
4.454052440312002425e-01
4.653828054396318969e-01
4.502143096351076124e-01
4.509733663466797826e-01
4.806179698500631647e-01
4.201760688784842435e-01
4.692710594088079223e-01
4.851510436360597645e-01
4.341669263529819300e-01
4.406854585661473811e-01
4.446064207121847023e-01
5.215325084540914924e-01
5.173257241563885556e-01
4.120097768493047874e-01
4.175033304564038095e-01
4.628530885570218412e-01
4.809027197156178768e-01
4.672065106324521100e-01
4.405380245439754483e-01
4.327145730372140009e-01
4.443632338064881226e-01
4.530168796595211433e-01
4.042511114398125716e-01
4.966981647700929314e-01
4.985606628228607673e-01
4.869525548863882780e-01
4.993677912222017068e-01
4.304094092437156238e-01
4.407742023546766807e-01
4.340744591550338982e-01
4.464415922596982056e-01
4.484203709593754805e-01
4.435415529384481026e-01
4.561856255799304760e-01
4.441021895439191680e-01
4.724770199362028356e-01
5.207530989651932840e-01
4.738693881049892975e-01
4.829997721645232223e-01
4.547427818801663135e-01
4.945186139601402409e-01
4.567559153248917370e-01
4.605569457608631456e-01
4.759563222682541839e-01
4.608230407069172085e-01
4.651683490963468559e-01
4.800988486151259171e-01
4.955447906166168259e-01
4.332428916414824971e-01
4.567092335426033989e-01
4.407019307962015686e-01
4.415194675933588608e-01
4.796116781996251355e-01
4.361916423810606736e-01
4.647893352249795051e-01
4.744606804944473399e-01
4.684192478459713316e-01
4.394388376955062903e-01
4.329123888634754391e-01
4.433022170092519310e-01
5.347945772101040385e-01
4.613323691402210769e-01
4.147822606045035165e-01
4.821187614877834315e-01
4.281644566881119274e-01
4.462737866169935175e-01
4.325575131284518648e-01
4.535725800025211529e-01
4.423028903785201082e-01
4.437030411606849856e-01
4.354869203580110648e-01
4.839352205525076500e-01
3.595418146244866442e-01
3.532180020958122224e-01
4.735285719003173854e-01
4.805130315487854409e-01
4.599552951025320247e-01
4.660287597273831128e-01
4.595801792760189075e-01
4.590746956636077014e-01
4.656709860932672362e-01
4.613254664787633241e-01
4.636537183047713118e-01
4.688914353971706528e-01
4.673048134811536580e-01
4.336321482579630349e-01
4.576804059932275681e-01
4.348683950558525635e-01
4.411048664114259887e-01
4.669243712760285381e-01
4.043805280214199382e-01
4.633332520858660097e-01
4.634174605457474505e-01
4.689943768424754134e-01
4.371209662696565190e-01
4.390119812724910253e-01
4.432441677704282434e-01
4.943427839609396135e-01
4.884965980444829214e-01
4.249307978199983737e-01
4.486512456552692041e-01
4.300466126533706301e-01
7.617530105751579850e-01
3.717413384349307348e-01
4.127148006278397729e-01
2.972455877216118036e-01
3.879026448843801989e-01
3.706279016588833741e-01
4.620471078718234592e-01
4.878594744103028069e-01
4.753392341291303724e-01
4.656057616206635830e-01
4.677238804867442368e-01
4.623201148036933383e-01
4.284490163522655104e-01
4.601101743603507876e-01
4.437661272462163353e-01
4.674832143273909835e-01
4.353476461374924944e-01
4.407274508481643371e-01
4.411563381640866144e-01
4.718475516756633903e-01
4.926666906508114230e-01
4.839663725346808332e-01
4.959717036758947151e-01
4.257871889425928758e-01
4.429134748872584071e-01
4.207182571246229630e-01
9.339491988494322827e-01
4.166953881796241488e-01
4.324138807844913335e-01
4.459289247881975116e-01
4.366603263591202766e-01
4.593394454198399535e-01
4.706477046851346713e-01
4.580824817891805401e-01
4.615856559194818631e-01
4.568647234781895716e-01
4.326740965746999623e-01
4.512823785547396271e-01
4.381055393890216920e-01
4.695114413929106223e-01
4.976325566972280012e-01
4.777104639522443685e-01
4.972362616192321783e-01
4.922243590559371995e-01
4.258893513515116802e-01
4.241409040633539740e-01
1.079681198001778419e+00
4.490691703001384871e-01
3.622403082956103249e-01
4.338632141878918103e-01
4.389530106072487281e-01
4.578528104305961688e-01
4.628530276373258867e-01
4.553600851449438047e-01
4.543323538051612376e-01
4.546577157793110224e-01
4.561666230891877061e-01
4.581041069139900057e-01
4.603320144870184927e-01
4.630005774837795962e-01
4.670648555240370370e-01
4.636763414996675214e-01
4.290416681894469453e-01
4.459220347766149062e-01
4.332796135907551749e-01
4.689763725133776484e-01
4.992278225754542276e-01
4.760861111130738621e-01
4.891618956005223118e-01
4.895332258368200740e-01
4.258848644689618435e-01
4.244697639476077700e-01
4.271712515357120599e-01
1.249431250543524108e+00
4.436313339729453520e-01
4.136531856545295760e-01
4.642179437327673686e-01
4.572272465074357917e-01
4.897664639135295150e-01
4.852654672255769519e-01
4.611874525523348423e-01
4.504952579084580133e-01
4.520893244509978648e-01
4.565157648229361542e-01
4.604704139616162539e-01
4.636685128375765408e-01
4.655179765018686577e-01
4.709018958944896638e-01
4.672981002106425530e-01
4.400369454709068817e-01
4.030633457664742902e-01
4.776899973729791249e-01
4.898282359414667386e-01
4.667790813832958241e-01
4.758563718990641012e-01
4.913812262683386334e-01
4.863549059622253035e-01
4.243603219893978262e-01
4.372463075950658862e-01
4.289924827202915569e-01
1.440879900410851455e+00
4.485497979300167026e-01
4.137291197981011193e-01
3.512800250585235151e-01
4.783537643902922576e-01
4.813123407697715850e-01
4.653406196631476588e-01
4.706612136043133998e-01
4.790925834634056635e-01
5.010092123174475498e-01
4.197761856507118972e-01
4.441302505606316564e-01
4.213327412332665278e-01
4.591400787267063688e-01
4.721687676494591424e-01
4.683126808964787058e-01
4.984398698264884686e-01
4.230385600597483808e-01
4.250683504971570215e-01
4.194957769926473956e-01
4.233161290276120092e-01
4.238643018500487525e-01
2.205026783929055600e+00
1.911158302924078622e+00
4.204006423373274903e-01
4.486873598291114540e-01
4.312215234061746449e-01
4.249242304662462777e-01
2.555028807015156112e+00
4.258246410161916073e-01
4.363472451358486048e-01
4.335881197588174474e-01
4.318089825322070641e-01
2.984820321765614626e+00
4.358606058190647725e-01
4.406087214901311944e-01
4.221241558954482720e-01
4.414757887645985313e-01
4.434975642419167197e-01
4.386783185139919161e-01
3.538743947905059528e+00
4.290264838509196266e-01
4.395342615997878677e-01
4.339361765119466585e-01
4.442467380296060142e-01
4.462544487513651070e-01
4.314352466446238488e+00
4.266483323201328282e-01
4.394312645890147695e-01
4.428079547810044869e-01
4.456930621087802913e-01
4.421689256771456078e-01
5.593521009048493475e+00
4.234958454615432855e-01
4.379249362350699504e-01
4.422632518167705085e-01
4.403671313463163872e-01
4.389046341911077564e-01
8.736367917286917972e+00
4.283310612399843786e-01
4.414899982523742272e-01
4.418484123675120445e-01
4.401820982992578069e-01
4.383015357327584294e-01
1.127673680654154076e+01
1.779105654579189633e+01
7.357699290560977268e+00
5.636199048207057416e+00
4.998347771630177405e+00
4.596799249960111133e+00
4.295589831471735565e+00
4.050251612037738980e+00
3.840783918784944628e+00
3.656113225526967270e+00
3.489513338933697195e+00
3.336687860253573223e+00
3.194825173102890936e+00
3.062078267763932438e+00
2.937252656282564711e+00
2.819604117866209680e+00
2.708698707843077536e+00
2.604311185206237500e+00
2.506349217502038762e+00
2.414795873010521898e+00
2.329665224239285681e+00
2.250967050938314173e+00
2.178677485410507764e+00
2.112713368227024713e+00
2.052909228345510595e+00
1.998997195447237418e+00
1.950591706822713878e+00
1.907182334208199492e+00
1.868138966968455161e+00
1.832733325770163013e+00
1.800178780329604544e+00
1.769686582573979816e+00
1.740531625350909328e+00
1.712116378149618479e+00
1.684019899118230246e+00
1.656021359968271156e+00
1.628094209941978621e+00
1.600375682106937925e+00
1.573123264626853812e+00
1.546671984570271441e+00
1.521403018566534815e+00
1.497727024407399687e+00
1.476078056142750006e+00
1.456909134285156338e+00
1.440679918234429424e+00
1.427829790534363763e+00
1.418734005374240104e+00
1.413644381451408805e+00
1.412618466724189448e+00
1.415442813050772353e+00
1.421558651872573575e+00
1.430003407677402416e+00
1.439388967404494402e+00
1.447944117028537647e+00
1.453647308275429317e+00
1.454459495017570436e+00
1.448633078662138418e+00
1.435032013550003427e+00
1.413371444524817333e+00
1.384294700182447935e+00
1.349254902053135696e+00
1.310236302274129905e+00
1.269401785664479698e+00
1.228763635460344172e+00
1.189946275239949891e+00
1.154064285584067040e+00
1.121701836570729860e+00
1.092963987708415630e+00
1.067573893765020987e+00
1.045000761317442572e+00
1.024609500332318568e+00
1.005819589173800210e+00
9.264195700636964625e-01
9.277429202144629183e-01
9.306971184238946870e-01
9.790593080032635731e-01
9.573822535317465521e-01
1.004467548529923482e+00
1.030879300613092520e+00
1.054205417020904090e+00
1.068867376750050724e+00
1.067865797616100787e+00
1.043091729852838823e+00
9.857511126994299433e-01
8.864770387600189316e-01
7.388591738790648566e-01
5.603773643146716665e-01
4.252485194000358293e-01
4.402607724354600238e-01
4.452827906417563542e-01
4.485826975405864947e-01
4.409204653156741927e-01
