1.661560298662696766e+01
1.067440484179116744e+01
8.301811515050854240e+00
7.145142963969572492e+00
5.626132573210556487e+00
5.091280101857122098e+00
4.757763133195589411e+00
4.503440801574757124e+00
4.289800890300616842e+00
4.100457146163313915e+00
3.927096985933615780e+00
3.765330948428717850e+00
3.612901972140278417e+00
3.468771862068309897e+00
3.332617292746542947e+00
3.204536751269400519e+00
3.084862583959318449e+00
2.974021770498204820e+00
2.872422865626471644e+00
2.780366225603585484e+00
2.697980700914471175e+00
2.625187615469912750e+00
2.561688871675794399e+00
2.506974307943945046e+00
2.460343654636909516e+00
2.420938258741739180e+00
2.387775917589403107e+00
2.359779855234266144e+00
2.335792870082843642e+00
2.314572395151672790e+00
2.294771963590859887e+00
2.274926788873168793e+00
2.253470659487555761e+00
2.228811687304443456e+00
2.199480666171870435e+00
2.164338135511949979e+00
2.122793293642931012e+00
2.074965777694645297e+00
2.021726241607410213e+00
1.964588362475825356e+00
1.905479317501248326e+00
1.846460545570980605e+00
1.789482196878130704e+00
1.736229343848032292e+00
1.688073248373815449e+00
1.646101689031365778e+00
1.611184411838034070e+00
1.584033337482019688e+00
1.565232094062796175e+00
1.555225176909470264e+00
1.554268796652741980e+00
1.562353996352931151e+00
1.579120181613536289e+00
1.603784096810170201e+00
1.635112904244000243e+00
1.671466272042854140e+00
1.710918019489586328e+00
1.751443156500470666e+00
1.791126880714280833e+00
1.828329535558900210e+00
1.861738748213521255e+00
1.890265411399672857e+00
1.912792399205144322e+00
1.927851785971069098e+00
1.933367694248008029e+00
1.926631357175937032e+00
1.904641506489112013e+00
1.864822520205136502e+00
1.805937631206494975e+00
1.728827525788281250e+00
1.636561826377271212e+00
1.533785251597465926e+00
1.425400527222467018e+00
1.025370955956441454e+00
9.658096779340206162e-01
9.125173356645011058e-01
8.517618403272499972e-01
7.830778397495771204e-01
7.420136778568966474e-01
6.992689811472126982e-01
6.658810477058386690e-01
6.374461102816781910e-01
6.177924638793242940e-01
6.012415238788187954e-01
5.942608379920008010e-01
5.902075598899291231e-01
5.912260522439006794e-01
5.958375263598234550e-01
6.001543148976139497e-01
6.074384598901648724e-01
6.177160510463868270e-01
6.277063047155762021e-01
6.353728017612395584e-01
6.387059723951848955e-01
6.350891878113512634e-01
6.248864344877894661e-01
6.049357536442320216e-01
5.784344473274265486e-01
5.512722667312299762e-01
5.290876907888794056e-01
5.119685748535786063e-01
4.951720777173513888e-01
4.782081680755914110e-01
4.940461861893332696e-01
5.376335621424544797e+00
4.807325795414521541e-01
4.822721438100124880e-01
4.809371436095361552e-01
4.786546028255148078e-01
5.171636902833336435e-01
4.154391929430287789e+00
5.101882108055519893e-01
5.192898928416579407e-01
5.316769878022388207e-01
5.275286268221953678e-01
5.478768412277637001e-01
3.390268511509146432e+00
5.435411061140443811e-01
5.231913491556261508e-01
5.283236709659128172e-01
5.233295648262177302e-01
5.437195680380230156e-01
5.498614300039286196e-01
2.828327804422509750e+00
5.684657336137383110e-01
5.414218236711230148e-01
5.250242007282384105e-01
5.059460347097599620e-01
4.829320136802652819e-01
4.937577105780487918e-01
4.827191596569000986e-01
2.379817647722933582e+00
4.565475035231202905e-01
4.008012296048338308e-01
4.214405319805383798e-01
4.504073795020164250e-01
4.214398337429515196e-01
2.005148120356592845e+00
3.848094501759611874e-01
2.869726651226898739e-01
2.718318274875755058e-01
2.529767776028838955e-01
1.684831931671425087e+00
2.207367883234213624e-01
1.008032268563577999e-01
1.929255990391074913e-02
-3.418429773303643514e-03
-8.551635535463189552e-03
7.590761497331781626e-01
4.370179330249772121e-01
1.015214838435338551e+00
1.072404354823771166e+00
1.081046850883071508e+00
5.412710474484050405e-02
1.046170914814924302e+00
9.803272356057720627e-01
1.032005330820503275e+00
2.892049071857183962e-01
2.240971506602615626e-01
1.028098167076041403e+00
5.647976314675418053e-01
3.914616314813672560e-01
8.158312678004218110e-01
1.124994838957777521e+00
1.067042151977651399e+00
3.165799121465542876e-01
9.956121066976709733e-01
1.179717456775472018e+00
5.899849342038673283e-01
1.742431882220433215e-01
7.395296829757738166e-01
5.513621439726202889e-01
4.776552745688001367e-01
4.005352866887880725e-01
4.341720058747602362e-01
6.410759302786416258e-01
8.218560941902389727e-01
8.513080769089146349e-01
8.555798617609875478e-01
8.880627944508097116e-01
9.854914512715124975e-01
9.287589815344721167e-01
1.804625248815767413e-01
1.046599087378480730e+00
5.066896934589423251e-01
6.257353607573495902e-01
9.650007527843829092e-01
9.953023412671847536e-01
9.924485435722311122e-01
4.912768669794487231e-01
5.686580668622301937e-01
8.608120966826287024e-01
2.040156691434557856e-01
8.815255979339194914e-01
5.834313781653187592e-01
6.027922755703110091e-01
7.665063891265522233e-01
9.018847288492496395e-01
8.616796786142673081e-01
2.338179414719640525e-01
6.162720991791375003e-01
7.237863820779034674e-01
9.102517456504717330e-01
8.837789262276697366e-01
5.580452991329710732e-01
5.491880168857290467e-01
7.761076492317997566e-01
5.616503679360819179e-01
4.459014428255529960e-01
6.912560410235424335e-01
8.761413521481982158e-01
1.012286984925841571e+00
9.335952347143730012e-01
3.664424650475071599e-01
3.461623804323942233e-01
7.464161847869053013e-01
7.430801760103700193e-01
6.906812712717460556e-01
7.029638167170014773e-01
6.785982102199842325e-01
7.079595366889341879e-01
7.863558892623759844e-01
8.492007224813262756e-01
8.743285132914945246e-01
8.940560494708987838e-01
9.782337828136781210e-01
1.115193268245758595e+00
1.254303485537516138e+00
1.241993571634813831e+00
2.366641732929830322e-01
2.078189892926445848e-01
7.531098086229234267e-01
6.759160025265198435e-01
6.005792424063035595e-01
2.627801272337434990e-01
2.182804473986224292e-01
7.240679152944105024e-01
6.426973264990394341e-01
6.245161003792241150e-01
5.616885987745516839e-01
5.851711165313673302e-01
7.376339981683140978e-01
4.717471597274628392e-01
4.849515958148616357e-01
4.834835879560336336e-01
9.310029444809770904e-01
5.627321818413175691e-01
4.927827104108147283e-01
7.637268567288987287e-01
9.603869416890538080e-01
1.110732141393121042e+00
1.036304796106068071e+00
1.785907144439549954e-01
1.156727412157988022e+00
7.417977099881970515e-01
5.204285661339794755e-01
7.633443397727591728e-01
9.060230085626770347e-01
8.302642296739248806e-01
1.469540101813523458e-01
5.950360640770618881e-01
5.434056154940178907e-01
1.663839208883191312e-01
5.591838625676753827e-01
4.965419912968316862e-01
5.831022319628798023e-01
6.317973565200940556e-01
6.351386548527310216e-01
7.775538857220928302e-01
4.741281813742527773e-01
4.821843768495120974e-01
9.585374529079235817e-01
5.457662987214916273e-01
6.529976362426672676e-01
9.611679910710693164e-01
1.120875428376332694e+00
1.025683607604693792e+00
2.195845596033258185e-01
3.396430949858459947e-01
6.356989161173993708e-01
3.219494078021428174e-01
5.020646651037410368e-01
3.418755406501294836e-01
4.817081231621248016e-01
6.412381031414395860e-01
6.456792290813764268e-01
6.608467523508188002e-01
4.665060869237939722e-01
4.520313326363725182e-01
4.640851680823045444e-01
7.710380747288261283e-01
5.986455215946293595e-01
9.182372744310397517e-01
9.955841224727056682e-01
4.649864652872426340e-01
5.008932886075663227e-01
5.209632692308607815e-01
6.497148490693487322e-01
4.362901926128275321e-01
6.114765776805327624e-01
6.115157537628435058e-01
5.870096049618648282e-01
3.325796171502018450e-01
4.787537722120766559e-01
3.662464154068557631e-01
4.219937542217745974e-01
5.275833182592668535e-01
6.201131536460720017e-01
5.012608326978353901e-01
3.018064891299828134e-01
3.253503090503567785e-01
2.596094117522905753e-01
4.165860495689994170e-01
4.381254591616016714e-01
6.169899683142817670e-01
6.635192267245367814e-01
6.635924730521719495e-01
5.762027472380140125e-01
5.813732226729345642e-01
4.491787124803229281e-01
4.527393949552397934e-01
4.510734022667400311e-01
7.299558104050238860e-01
4.250351773983845893e-01
4.874888805227569621e-01
5.154075194946455829e-01
5.208070018138298840e-01
5.345497928490710038e-01
7.353062319747155628e-01
5.680417531538909381e-01
5.751618933377007359e-01
5.811499457491000609e-01
6.190587075933626782e-01
6.001950135802660569e-01
6.042838982672096293e-01
6.308998039739568409e-01
4.369478077229944635e-01
4.507312260762553202e-01
6.116616278747688540e-01
5.442750787689600855e-01
5.746727162682045975e-01
5.712119119817857804e-01
5.765285080245410310e-01
5.942926833979114143e-01
4.161069436383795228e-01
4.435099568103521572e-01
4.992706377241074578e-01
6.652693556189175350e-01
6.356221285088846651e-01
6.124200353621119808e-01
6.104178566828035724e-01
4.304257298206734528e-01
4.593370547351343092e-01
4.551646487322418833e-01
4.965420891163450645e-01
4.950327178455045107e-01
5.386963530376462916e-01
5.705743570767477513e-01
5.184568666621657274e-01
3.092308051060575491e-01
5.172638255767995075e-01
5.206703785732039735e-01
5.255757271701122502e-01
5.054249778377556401e-01
5.037581503968425745e-01
7.731756530895160795e-01
1.900620507179024421e-01
3.533911731529010836e-01
2.667110170355360133e-01
3.284052862381366955e-01
4.321802905510518378e-01
4.965549979695019767e-01
5.861336817609675842e-01
5.532394146733004003e-01
5.896731252436270276e-01
5.990032261719241413e-01
5.117924806113954839e-01
4.521243550490829377e-01
4.440047549388438930e-01
4.634937307213594648e-01
5.655839721202189363e-01
5.616705505342561855e-01
5.564446935182364440e-01
5.541329591582911940e-01
6.043770649456788879e-01
6.178866119358348286e-01
5.302613711434730481e-01
5.244236608435298708e-01
5.411841566399769876e-01
5.767859579997727248e-01
6.212473692675389847e-01
6.357731757959236285e-01
6.839752018144121815e-01
5.544623943901110241e-01
3.388170331168786631e-01
4.027386507919014091e-01
3.117695588586157363e-01
3.075660260839298554e-01
3.301820803218029066e-01
4.052147131406385050e-01
4.759547600619675745e-01
4.989880544048764799e-01
5.237874497057046774e-01
4.967540282125545437e-01
4.832569245853980400e-01
6.891974370323394883e-01
5.125031849843013632e-01
4.884409306537752515e-01
5.069788963509163082e-01
4.873796227830869965e-01
5.125033304478044949e-01
5.705060582167984506e-01
5.555126237884476792e-01
5.399651505045174327e-01
5.708286771602779641e-01
6.167708576354298255e-01
5.143989904183934314e-01
5.172101678302782890e-01
4.589261388463587998e-01
4.277431229275052149e-01
4.524975639714893805e-01
5.455839120081975580e-01
5.173427216665306139e-01
5.255759072408446864e-01
6.224966679175411022e-01
4.397306795375559019e-01
5.651244307546170464e-01
6.026530565545029638e-01
6.304486786122330821e-01
6.650334122388146252e-01
6.456719541934693440e-01
6.425974116748643938e-01
1.266815321851917364e-01
2.541200509238912830e-01
1.945448478937515380e-01
4.571754694250031448e-01
5.127658996321383666e-01
4.997684613225690242e-01
5.348240512599886642e-01
5.213932626517493452e-01
4.688485580157932819e-01
5.098791801796127565e-01
5.256582795030559918e-01
4.320364097936843506e-01
3.596516774889303436e-01
2.668038946175132486e-01
2.377033864017250586e-01
4.459512957138457301e-01
5.118448733979333864e-01
5.116860699637343357e-01
4.995063223548555364e-01
5.365862114202982758e-01
5.408243006708933764e-01
5.419631297608874521e-01
5.364362545389806947e-01
6.163530708327349394e-01
6.360973879918390139e-01
5.070751745088413198e-01
4.585330224457804249e-01
4.575635012996840389e-01
4.650708905783010882e-01
5.100322894790754180e-01
5.040907263781581049e-01
5.038587720999829767e-01
5.388086848382936944e-01
5.971837044910209835e-01
6.024377377103790066e-01
4.394045656341678541e-01
4.636503876898249166e-01
5.932950807797935378e-01
6.093357431365877819e-01
6.487385963178988746e-01
6.437949455503868545e-01
6.659869898339549898e-01
1.306452449818607808e-01
1.653077064887018277e-01
1.671162777786161791e-01
2.818710317262591580e-01
2.822412602345892862e-01
5.482254661227194958e-01
5.394770219410501833e-01
5.373474209120189249e-01
5.509737949388929801e-01
4.536641875400949653e-01
5.111441513973191686e-01
5.170068925042422547e-01
5.227151268065943768e-01
5.455665966484898322e-01
5.351291657211492137e-01
5.381014662548774252e-01
5.305033555552992608e-01
6.898270150504675069e-01
5.279182474788230994e-01
5.077372142838894042e-01
5.040502109664707353e-01
4.914441376948119888e-01
5.095815671097909672e-01
5.108405957155358612e-01
5.208353922942029479e-01
5.531838770979844444e-01
6.611731526238033840e-01
4.982114413600561842e-01
6.256172791989073056e-01
6.201060853839143183e-01
6.358067311899411322e-01
5.738376910002922493e-01
1.519541956191605703e-01
2.344547331750521935e-01
5.430470253346681986e-01
5.495341027860719540e-01
5.523600653810787353e-01
5.539148805538506304e-01
4.606319267178024535e-01
4.660572987249361199e-01
5.309705243734917923e-01
5.459226064339458562e-01
5.514119543813907898e-01
5.028604944085564021e-01
4.918011431471409067e-01
5.216205214622897657e-01
7.004725875990380768e-01
6.054726965014809448e-01
4.888072489403902376e-01
4.995611417291608847e-01
4.848444855554756017e-01
4.970210618941273695e-01
5.168031868273036400e-01
5.152560586780690066e-01
5.353487668808439848e-01
7.319760443736873512e-01
4.903995329592923946e-01
4.546404727599607232e-01
6.226984765825490653e-01
6.101433682206992559e-01
6.222260128117107492e-01
5.712074495296515231e-01
6.176010615368214829e-01
6.401782756781644323e-01
1.500837474140557792e-01
9.454003808202562920e-02
2.016236256165551965e-01
1.996091541046873252e-01
5.484809458498561829e-01
5.596139446329559952e-01
5.749395791063017791e-01
4.817554559929476121e-01
5.395637237828836419e-01
5.302079990585399916e-01
5.475473281754971167e-01
3.471138178096007110e-01
3.648294189388138209e-01
4.806628683764101462e-01
4.972903815725788212e-01
4.756803255937729902e-01
4.066837427845080843e-01
4.333992375978905631e-01
4.125375941796760038e-01
7.075489385414330812e-01
5.091565956298871320e-01
3.959460354302455909e-01
6.048782572615604147e-01
5.983757129606477321e-01
4.622253970017496938e-01
1.171212442048108482e-01
-2.356409574385384675e-02
-9.461148626453063856e-03
6.086081096553735970e-02
4.947365144834914991e-02
1.473722055792885954e-01
5.460741243428319791e-01
5.388104793197044939e-01
5.562566564896351817e-01
4.934186491784833262e-01
4.922356811445043334e-01
5.487096377508461353e-01
4.824026939683253579e-01
3.625755846832453000e-01
4.772688777958200013e-01
4.878288481530146381e-01
2.440118482472394545e-01
2.058370065823158512e-01
4.508044671773280831e-01
4.408654656782595715e-01
6.180359806496427133e-01
6.027871442225991583e-01
5.732819523106823523e-01
2.880787209461049825e-02
1.266711827643329964e-02
1.489262861039715724e-01
1.619777678332460780e-01
5.420396069710894382e-01
4.139396062953454858e-01
4.088602233625620030e-01
5.050029700857163739e-01
5.018765026827275433e-01
3.030673452262065970e-01
5.171898059736025344e-01
2.322281926745522751e-01
4.349532161343848680e-01
3.858115946288085962e-01
3.955679756302092343e-01
3.637046144752789645e-01
2.091488427914585113e-01
7.524636028373036037e-04
4.162512056348737222e-01
4.847028142508029158e-01
4.717146311293155536e-01
4.966874783275691541e-01
4.444811554032130907e-01
5.281836578802039384e-01
5.434889783637657512e-01
4.039659486541752331e-01
3.639839152802264444e-01
3.118668542264821375e-01
3.952061871452879904e-01
4.289800766959961376e-01
-1.358891415675563073e-03
6.672362099933861757e-01
7.171057879911608701e-01
5.807166345990402156e-01
5.497681688612475748e-01
5.678287215665965837e-01
5.370466972031622266e-01
5.101886179506986974e-01
5.722023732309001742e-01
5.307024035807564877e-01
4.037360650784104221e-01
4.238405532489889493e-01
3.805727611546290690e-01
3.732321722497461414e-01
4.828703951405003414e-01
5.116383052824441391e-01
-3.667017025762140422e-04
7.156368966972451728e-01
6.991142677559102347e-01
5.324570257905286708e-01
6.798640011257202076e-01
6.751535166614619499e-01
5.074343976891141361e-01
5.684011617625690516e-01
4.852322500557525453e-01
4.956049127173905444e-01
3.815911388729795739e-01
3.867268386756208542e-01
4.812224991755226777e-01
5.559282831245491163e-01
3.951535948223103833e-01
3.806050853347375251e-01
3.875705127432967356e-01
5.628726024054755417e-01
5.850091582210297236e-01
6.915255785928833658e-05
8.764680080002800562e-04
-1.043534144915731583e-03
5.687637022461883990e-02
2.083009621673308776e-01
3.170435467457350387e-01
3.910720072698694039e-01
7.004558242721433681e-01
6.764014179265804838e-01
5.445250087602546696e-01
5.649745835231534397e-01
5.389479903632956592e-01
5.316383204027611553e-01
5.317465830957209816e-01
6.707086100813492990e-01
6.879726053564467758e-01
5.310307321921683421e-01
5.372167679475843283e-01
5.827892299475255777e-01
5.827163343957431074e-01
5.867162720617027372e-01
6.302194154896425538e-01
6.250747052635386991e-01
5.264721167269517110e-01
4.687428196445978523e-01
4.974569856125070633e-01
4.473802318052153004e-01
5.200757379655652768e-01
5.964340620977439666e-01
5.953322692317446485e-01
3.735968134247726891e-01
5.260216999094273760e-01
4.323318150842112018e-01
4.934877487176395627e-01
5.963162909481034557e-01
5.949475280636913332e-01
1.658774451396942542e-05
4.637703795811168366e-05
4.849781846352489512e-06
-1.029126626643105244e-03
3.865127206728722897e-01
3.913646493999150544e-01
4.085135646031750611e-01
6.655285075564799646e-01
6.772032454985649208e-01
6.728465191579687810e-01
5.661057257830858225e-01
5.622908767740442126e-01
5.811655332559284570e-01
5.831315713340432527e-01
4.671823839160719194e-01
4.852975814981424496e-01
6.871626911074192323e-01
6.599512893951059445e-01
5.322656307749805693e-01
5.308201613847345346e-01
5.780489008783193938e-01
5.847943755411157962e-01
5.280010598986202286e-01
5.174421802842413820e-01
5.165034549531536401e-01
6.036725301425903689e-01
5.957939555312640190e-01
5.364286289819180098e-01
5.307452364082331231e-01
4.852990417037861270e-01
4.890923656450999468e-01
4.795971315263030110e-01
4.993099340778393569e-01
5.187800518949182704e-01
5.916358763849725033e-01
7.160467601034535834e-01
5.831856838897616635e-01
5.921879692824203456e-01
5.237781079493973868e-01
5.701352661975246372e-01
4.938262852092861754e-01
4.850029094852248979e-01
5.833117091602955107e-01
-1.846988332187395751e-06
3.903660499523294303e-01
4.131273523751961552e-01
4.366178159541483916e-01
6.954975140615952123e-01
7.120422321017152445e-01
5.610271420974857204e-01
5.586806940446624736e-01
5.710085504153705749e-01
5.745512263826734189e-01
4.629957216572528900e-01
4.832473256436558562e-01
5.082454165854994876e-01
6.579867550839624268e-01
7.103753461967278193e-01
7.143673133658798857e-01
5.304757301316807006e-01
5.257127389865634548e-01
5.903177075386772943e-01
5.970493498892464057e-01
5.207035959388353064e-01
5.406246562950189904e-01
5.957479040144588733e-01
6.364057602678471204e-01
6.324752616099337255e-01
5.325678540329019661e-01
5.279722127035648693e-01
5.497797740348878692e-01
5.677231252098723369e-01
4.649500987230725801e-01
4.487278492794510854e-01
7.095889479142104550e-01
6.701818713702623054e-01
6.456702724504169710e-01
6.034800501389770977e-01
5.939118371124659790e-01
5.732847781059017267e-01
5.720790695935346060e-01
4.774508803985976768e-01
4.844171565314302486e-01
5.916138002551832864e-01
6.139602010849206648e-01
4.366122050800889665e-01
4.538573676236797860e-01
6.848666869419113290e-01
6.538798054786599812e-01
5.511252458127315901e-01
5.512128407517298267e-01
5.860018371295580009e-01
5.842405665931538206e-01
4.949317312816062242e-01
5.052610728188424716e-01
6.977934700147427893e-01
6.894295157171778099e-01
5.238316119464391241e-01
6.073064782136621265e-01
6.044028992456054183e-01
5.272512168743815897e-01
5.373235425412125066e-01
6.333555818747833577e-01
6.350646491082672096e-01
5.342985324871217800e-01
5.310507362334995207e-01
5.709882305072031539e-01
5.712473093289355264e-01
4.133531972407442634e-01
4.362862000791233874e-01
4.501149225969404144e-01
6.400818413844545640e-01
6.166573166349211821e-01
5.669228113891450205e-01
5.674202829590579977e-01
5.572887072148371423e-01
5.583410473377276029e-01
4.902830921340295411e-01
4.962852262748388976e-01
6.292626950311062117e-01
6.228117065882975423e-01
4.570551202223653298e-01
4.626781321298494287e-01
4.813380545534498567e-01
6.300223505939187563e-01
6.404994223237103768e-01
6.528525627280573618e-01
5.449569038128435627e-01
5.800980368833226208e-01
5.787868270477035670e-01
5.024830587698374540e-01
4.928137732908553503e-01
5.079374589850479405e-01
6.505964531179715404e-01
6.505181888260187506e-01
6.594824329449137101e-01
5.260042130774262858e-01
5.263418901117588034e-01
5.996723033145332504e-01
5.985479236834457817e-01
5.344898188369716641e-01
5.247730679679342147e-01
5.444192378285536149e-01
6.142309991388177348e-01
6.053496894057237565e-01
5.320781645681609273e-01
5.282860080224360821e-01
5.716358199363279491e-01
5.730024475716789523e-01
4.620628522254679460e-01
4.703605681804766681e-01
6.098036316397971168e-01
6.158448247833610001e-01
6.362086501880874767e-01
5.468365623772668549e-01
5.362781815804394947e-01
5.480618697151167229e-01
5.035620035060076605e-01
5.143669277280621399e-01
6.001118448888681511e-01
5.980257151925820747e-01
4.690229371781102774e-01
4.728910284903015682e-01
6.280799416438884730e-01
5.997730162944262533e-01
5.507471965525386759e-01
5.513828371607695233e-01
5.989506797889995182e-01
4.908986026484469245e-01
4.882164504471903088e-01
6.553231203247592562e-01
6.538477941055049758e-01
5.309684155686964502e-01
5.339957940230798394e-01
6.169107102034111501e-01
6.167916490403422269e-01
5.328058858655133623e-01
5.275779742298755126e-01
6.015483953482684276e-01
5.974373874449268040e-01
6.143359312782180615e-01
5.267977347569940960e-01
5.278412368492543250e-01
5.720904758925469125e-01
5.707931366738310253e-01
4.758227584876993377e-01
4.825497104277128302e-01
4.967577374958527248e-01
6.154983965625506759e-01
5.830779412201181344e-01
5.473229577351733655e-01
6.118302877897472403e-01
5.306769454284377963e-01
5.336991180624109932e-01
5.246804738351721342e-01
5.354217954578250893e-01
5.741373714817203933e-01
4.741209318757648727e-01
4.827984724151836438e-01
4.829069581458285132e-01
5.884162732540665353e-01
5.802326777305656380e-01
6.048607518462422172e-01
5.459002278105848927e-01
5.651276416859002394e-01
5.987404266073136361e-01
6.278339091941591565e-01
4.889592332336600289e-01
4.931102785664139287e-01
4.968356428868823116e-01
6.094528449134523074e-01
6.060353775081306349e-01
6.404129286940508647e-01
5.299999027862224432e-01
5.381073102639889472e-01
6.462648475758447919e-01
5.368889095059594663e-01
5.284664144859626544e-01
5.330080561268247807e-01
5.797037103730589003e-01
5.765238695551284653e-01
5.832767814206126777e-01
5.304057343651126244e-01
5.277074901317335698e-01
5.777806924027303337e-01
5.743214756050568637e-01
5.001490161212422958e-01
5.033781385550780696e-01
5.720998648095350081e-01
5.321795021800639347e-01
5.373933159498516243e-01
6.013115098498864608e-01
6.352471400397597945e-01
5.303299209063826458e-01
5.276614610078956824e-01
5.457712003406826051e-01
5.521534604926889855e-01
6.023982494267325905e-01
5.590202207977138515e-01
4.876769282722633880e-01
4.927657430685852269e-01
5.793101347343619922e-01
5.915171032724076960e-01
5.728096271057185884e-01
5.637667365583951540e-01
6.295151794294198133e-01
6.236879928796166261e-01
4.985270650681653537e-01
4.965140269359878400e-01
6.250142896418406924e-01
6.277651193882762826e-01
5.453182141317920451e-01
5.503657504969318159e-01
6.478954833373045119e-01
6.445313160073345982e-01
5.282015693886797925e-01
5.251320117419981948e-01
5.812759586576303761e-01
6.160259974978843367e-01
5.254459145467057501e-01
5.468157003333288246e-01
5.915052890365026794e-01
5.912111722435621219e-01
5.019531296306366519e-01
5.189159222939064842e-01
5.260767313884618934e-01
5.028766755491237417e-01
4.948413309383603575e-01
5.243086454437692057e-01
6.226562687702176246e-01
6.037009376899138413e-01
5.238305386859987145e-01
5.643863415539203121e-01
5.670554568351308111e-01
9.410905919788450369e-01
4.922431580661158490e-01
4.915775643319796329e-01
6.028882628179434988e-01
5.849842860745511075e-01
6.428382981340576841e-01
6.272959293639879252e-01
4.954602948485251068e-01
4.995011722886598671e-01
6.350673410674395614e-01
5.696046876907601142e-01
6.592672157765738783e-01
6.473893544180147064e-01
5.200813031673623410e-01
5.215905433307121974e-01
6.143796498389625382e-01
5.697565251802190200e-01
5.183298423266238242e-01
6.182357149166911592e-01
5.780176529740475022e-01
5.675287343838140153e-01
5.007245812565755960e-01
5.026796070721362142e-01
5.212451288594622811e-01
6.284196504403770644e-01
6.701933140749779527e-01
5.189857201728940161e-01
5.125988491522979196e-01
5.740501147665535431e-01
5.758419904150939850e-01
5.199056247043683854e+00
4.911361965882966030e-01
4.653874699071138821e-01
6.045650876292660847e-01
6.023793166490619688e-01
4.991657727612208162e-01
4.761486443287367698e-01
6.404528971284862982e-01
6.294982537011385437e-01
5.181649029073137624e-01
4.812051029821389214e-01
6.220213900040741928e-01
6.093690562320872584e-01
4.856270087228117815e-01
2.873007416015511684e-01
4.890112816413777486e-01
5.491925901410990019e-01
5.246000445432952297e-01
5.273598542735000727e-01
5.847540991647377506e-01
5.737685965876827554e-01
1.678721396015394873e+01
3.924535189983748840e-01
3.267275214226529889e-01
6.430498445442005551e-01
4.222519102510902123e-01
3.164178646371461623e-01
6.655687333576454368e-01
4.646122743592823734e-01
2.639320018565353698e-01
6.605784272696521020e-01
5.853843167141845605e-01
7.660864640514764012e-02
5.186200744369729998e-01
4.704007573719714008e-01
5.797253310436935037e-01
5.518828299522080538e-01
2.739752110986064437e+01
1.917099191676308878e-01
6.685310202263053947e-01
6.427341043233136819e-01
1.885173878184059904e-01
6.662781772082069232e-01
6.701852438717660343e-01
1.454731604669802780e-01
6.099066830058260669e-01
2.105076483273814886e-02
4.288364563456853462e-01
5.432225077012698966e-01
3.941783270046546050e-01
3.151011200598733453e+01
3.266878517143184668e-01
6.685477902738393707e-01
6.431464695921542685e-01
3.164388289936126974e-01
6.662634980705939292e-01
6.655556447801797004e-01
2.639270216834225247e-01
5.853745984857353646e-01
7.660677052815786925e-02
4.700751895885879605e-01
5.431865321952455972e-01
5.518463483053568375e-01
2.739802527765352380e+01
3.924426393599422247e-01
4.653454864065832974e-01
6.023208745265825614e-01
4.222651988411392221e-01
4.761713271756912724e-01
6.294938529262501525e-01
4.646068886723454527e-01
4.811935201998133738e-01
6.605614160663695333e-01
6.093510359054141734e-01
2.872778595713615934e-01
5.186422734512639021e-01
5.273736191407730756e-01
5.796931018145937697e-01
5.737355276540235804e-01
1.678767956391372351e+01
4.910904043279236131e-01
4.915356629515517661e-01
6.046089956883224925e-01
6.273822929837911122e-01
4.991879196793492235e-01
4.995238125255571093e-01
6.404463960174937576e-01
6.473776258283364671e-01
5.181454694833350638e-01
5.215697401181697002e-01
6.220293397369036636e-01
6.182470423351243971e-01
4.856185488718350873e-01
5.674872685813800999e-01
4.891767217473992346e-01
5.212253543527897159e-01
5.488889776261661746e-01
6.676456165905412243e-01
5.240959065137491546e-01
5.120475005670822588e-01
5.847266857561820297e-01
5.758160512972195777e-01
5.199274502414151122e+00
4.922079726713145531e-01
4.927418195965399539e-01
6.029024268262980213e-01
5.915356792970323241e-01
5.849643893137543849e-01
5.637683266346087407e-01
6.429238813722141233e-01
6.237520962994894669e-01
4.954808806855896530e-01
4.965288577647347656e-01
6.350756928012040170e-01
6.277755476079326380e-01
5.695874053767514544e-01
5.503459883444240530e-01
6.592553373169418585e-01
6.445182289688419219e-01
5.200692731652282186e-01
5.251340487307669669e-01
6.143235485432991805e-01
6.159732851260071307e-01
5.697529399049975352e-01
5.183881309645858027e-01
5.468938807814032188e-01
5.912434016716791030e-01
5.779609278917554605e-01
5.260011486808995329e-01
5.006818434939006579e-01
5.242696009732975559e-01
5.026464484823742751e-01
6.261786774960338420e-01
6.024802474859035639e-01
5.184992707605570184e-01
5.233202343777473287e-01
5.740256619290176054e-01
5.670320015550538439e-01
9.411672823198081739e-01
4.876571510410558363e-01
4.829144850023587288e-01
5.793492328586269391e-01
6.048927423050669550e-01
5.727442611367415948e-01
5.650317355041593048e-01
6.295403331226359089e-01
6.278669058712785800e-01
4.985395405664426183e-01
4.968404486829091637e-01
6.250254133851635974e-01
6.404215337700431832e-01
5.453000672165205787e-01
5.380916475708575897e-01
6.478684774773785238e-01
6.462393674009759836e-01
5.282184688659967708e-01
5.330509141549522045e-01
5.812220396323801719e-01
5.832230599630986445e-01
5.255212869792476038e-01
5.277724291566726622e-01
5.915346478848878542e-01
5.743573146267045848e-01
5.018655185467515434e-01
5.032684360336902030e-01
5.188259906203696037e-01
5.028594217349906526e-01
5.373800216119776207e-01
4.948040780913756653e-01
6.221295047631427710e-01
6.355573252511076410e-01
5.276399747134900009e-01
5.643630081951752642e-01
5.521310869065061411e-01
5.590422163612384088e-01
4.741446281984248445e-01
4.729146737474128614e-01
4.827994287940338691e-01
5.884459375885806587e-01
5.998173989605382062e-01
5.802629333016687818e-01
5.458627667588125121e-01
5.513566735202243274e-01
5.987352782838335497e-01
5.989432616858623160e-01
4.889651966064494926e-01
4.882328407743485310e-01
4.931237075794983604e-01
6.094582224061076969e-01
6.538522633622205760e-01
6.060416232480873022e-01
5.299873295797555839e-01
5.339824883836262748e-01
6.167543202571401650e-01
5.368946423453435646e-01
5.275662463617020181e-01
5.285054481012610994e-01
5.796725623792833293e-01
6.143106322331449709e-01
5.764781500125113478e-01
5.304644088892018772e-01
5.278888693658195796e-01
5.778145523370419312e-01
5.708339517932129459e-01
5.000238114087005581e-01
4.966856277123512520e-01
5.721259626279016075e-01
5.831053544401896271e-01
5.321725854732282102e-01
6.016317128532181480e-01
6.121607988675671352e-01
5.304434709914809254e-01
5.339235757676012994e-01
5.457487058948408132e-01
5.354006118679923709e-01
6.024083615710511541e-01
5.741586736046544459e-01
4.690617521460126449e-01
4.813915403677952454e-01
6.281122773474944188e-01
6.528755948977303936e-01
5.507236307024243605e-01
5.449374726668468893e-01
5.787629201333936990e-01
4.909081543260829239e-01
5.079433329969836874e-01
6.553287854604333829e-01
6.594915953054382163e-01
5.309598078391071230e-01
5.263317129211468881e-01
6.168747182286711261e-01
5.985170807431842155e-01
5.327504699554097556e-01
5.443429505389598688e-01
6.015103689965021205e-01
6.053233482005735411e-01
5.974264384313804355e-01
5.268390356872122426e-01
5.283196258435650661e-01
5.721305093582309542e-01
5.730558682509656609e-01
4.759301087043548151e-01
4.704710845110769979e-01
4.824131259167752095e-01
6.154808800121249757e-01
6.362589347476962365e-01
5.471104214255343434e-01
5.466044487499741589e-01
5.308898468282778893e-01
5.480750465810098060e-01
5.246593207356631261e-01
5.143475130983690136e-01
5.980394254381932173e-01
4.571164356783600780e-01
4.539184981813936259e-01
4.627306103032839402e-01
6.300426483143535261e-01
6.539129396043013021e-01
6.405323173346643140e-01
5.512160932980433303e-01
5.800716523445019757e-01
5.842134219483346991e-01
5.024877969415342260e-01
5.052764589085666502e-01
4.928192008108682187e-01
6.506108940166822618e-01
6.894472167318332900e-01
6.505275939789409989e-01
5.259992866524308974e-01
5.238217196095732442e-01
5.996442037510135714e-01
6.043769217126399029e-01
5.343997551794558154e-01
5.372328592038196904e-01
5.246899068868693394e-01
6.140665247321618336e-01
6.349290580914361826e-01
5.321055013770017439e-01
5.310720121088652323e-01
5.716913726939505391e-01
5.713180571269526054e-01
4.620908464474177135e-01
4.499023735799313473e-01
6.098948408672546506e-01
6.167652838948567418e-01
6.159039679268822898e-01
5.674731781261687091e-01
5.362276265594203561e-01
5.581637866703548223e-01
5.035427452729361875e-01
4.962677243865400989e-01
6.001380351279753667e-01
6.228304232725012657e-01
4.366697058695895861e-01
4.366795878986026169e-01
6.848718145153327441e-01
7.120324089225191777e-01
5.511272774396388519e-01
5.587139159342875416e-01
5.859715373100814473e-01
5.745188708444950443e-01
4.949432267395681984e-01
5.082439049167716272e-01
6.978102920826975142e-01
7.143848816187027273e-01
5.257140701434589447e-01
6.072808603690582618e-01
5.970193165165860183e-01
5.271739288714194505e-01
5.405518272684699532e-01
6.333707059072978263e-01
6.324878789978294336e-01
5.343113615318130227e-01
5.279804543083600477e-01
5.710652444652087878e-01
5.678124679234940464e-01
4.132776280797685886e-01
4.486511335637113906e-01
4.360984779912037146e-01
6.402490271285545820e-01
6.458015156026483128e-01
5.669756792576642335e-01
5.941438758942891862e-01
5.570980611822941020e-01
5.718821556829424280e-01
4.902661194247721066e-01
4.844011015458542513e-01
6.292731841830659922e-01
6.139698118475830357e-01
-1.847811716818484395e-06
1.658745280495874591e-05
4.849066617398804506e-06
3.904096360989047776e-01
4.085542921977755038e-01
4.131793615731689795e-01
6.954877501287292096e-01
6.727715353946134291e-01
5.610563463970569265e-01
5.623386503083992460e-01
5.709728904660894555e-01
5.830890139190054722e-01
4.630092865621898701e-01
4.853278547018853861e-01
4.832569370452471369e-01
6.580056508337820409e-01
6.599720668883869434e-01
7.103958080948726828e-01
5.304735039934820318e-01
5.308220276092445733e-01
5.902838245010034735e-01
5.847620058526024067e-01
5.206372706551157803e-01
5.164603915129055700e-01
5.957998763520440111e-01
5.958559376935189666e-01
6.363724185618685469e-01
5.325644156170307175e-01
5.307384121340136263e-01
5.498707013566749291e-01
4.891573505537226696e-01
4.648592006776844365e-01
5.186441960490052461e-01
7.088921356525541562e-01
7.152407453658908842e-01
6.701828705170380651e-01
6.037647219316860658e-01
5.925440824659894412e-01
5.731244280754921316e-01
5.700163583525829081e-01
4.774346369084699893e-01
4.849876580989750940e-01
5.916262597575143722e-01
5.833307831482910100e-01
6.916799123037064862e-05
4.638039004703578018e-05
-1.029063949836455782e-03
-1.043457992036597639e-03
3.865365656221109170e-01
3.910944982080808430e-01
3.913994336099688720e-01
6.654632640539815958e-01
6.763418904626542494e-01
6.771218753320430439e-01
5.661526950855834128e-01
5.650184379662596124e-01
5.811372737377122899e-01
5.316435704393085437e-01
4.671557722092071763e-01
5.317602325144115127e-01
6.871967325113044200e-01
6.880077292757429408e-01
5.322677133007273076e-01
5.372185565968621290e-01
5.780163908541779971e-01
5.827093653480517332e-01
5.279871553158472786e-01
5.870349735328630469e-01
5.174015379986254271e-01
6.037373475053428029e-01
6.251304115520920357e-01
5.364082392041586989e-01
5.264460383992775050e-01
4.853829305151646234e-01
4.796812240633914204e-01
4.975037655728282160e-01
4.991760955780844555e-01
4.473370642935672326e-01
5.914191000641971785e-01
5.200272971573320913e-01
5.835221236758179053e-01
5.955969559683165215e-01
5.237272714677329022e-01
5.260016168134756809e-01
4.938116574404798342e-01
4.934723025357963810e-01
5.949573013284044087e-01
-3.666640524565897971e-04
8.763584854510277251e-04
5.687558344067877164e-02
2.083051613081574327e-01
3.170567049257450587e-01
7.003828987344890011e-01
6.990420673363352266e-01
5.445958022429140399e-01
5.325177952040596185e-01
5.389279591522464496e-01
6.707446035147652807e-01
6.751944506442264515e-01
5.310337751218797697e-01
5.074333637214843984e-01
5.827927836076255419e-01
6.302721022008533902e-01
5.683882663263950530e-01
4.955568115119330375e-01
4.687473314891063003e-01
3.867980754001141830e-01
5.966459623482326391e-01
5.560332231783600143e-01
3.736372083486204088e-01
3.806331840447852999e-01
4.323103739669868495e-01
3.875899000559739349e-01
5.963410588112579847e-01
5.850339512605423620e-01
-1.358640954711855513e-03
7.155582442208252569e-01
7.170251119818604746e-01
5.498807783353861778e-01
6.799177254208291776e-01
5.678549240036842027e-01
5.101795067016322571e-01
5.306420596776378895e-01
4.851772842256655283e-01
4.238144776588198548e-01
3.816712648874345803e-01
3.732092844059453074e-01
4.811878534343460578e-01
4.828293823672801244e-01
3.951732272356176523e-01
5.628694004568830511e-01
5.116427964837488851e-01
7.514587305278246348e-04
6.671810202196655215e-01
4.161695617920054824e-01
5.807483584680734889e-01
4.846897849042017814e-01
4.967183556515974430e-01
5.370373155848765512e-01
4.444648788028331410e-01
5.721145137407481762e-01
5.433967919341093911e-01
4.037345188705334653e-01
4.039595633560930099e-01
3.805548613298532223e-01
3.639825772148839733e-01
3.118136882876623717e-01
4.290116562184572713e-01
1.266440462585213117e-02
1.619652327115363166e-01
4.089514869335431624e-01
4.717442869272874262e-01
5.018950470068656022e-01
3.030503489199968814e-01
5.280864359807335706e-01
5.171012606056090144e-01
2.322142853569348353e-01
3.858301201624917409e-01
3.637428421057068428e-01
3.952211337551800874e-01
2.091843199263921649e-01
4.947776793218847113e-02
1.489427174643750962e-01
1.473984241886447388e-01
5.420026354151542547e-01
5.559828267315870542e-01
4.140860508756060154e-01
5.050197167948665689e-01
4.922557571921803987e-01
3.625324663075861209e-01
4.877372149269852963e-01
2.058083795238620506e-01
4.349588339368646306e-01
4.408540144396013161e-01
3.956317406897318922e-01
5.733696421299251389e-01
2.881840330435344114e-02
6.086536878699696368e-02
9.457323932387162735e-02
1.996270891300812589e-01
5.460285053684162948e-01
5.746739288461901740e-01
5.390376231351035052e-01
4.934408029379540039e-01
4.817723025088336830e-01
5.486661177000428102e-01
5.474906336775505755e-01
4.823675780180654571e-01
4.771797196416028841e-01
4.805784128565554481e-01
2.439620593856583475e-01
4.065642095459605088e-01
4.508423268422015462e-01
4.125827115698632030e-01
5.091734448052931405e-01
3.959328595653170968e-01
6.180704054952488313e-01
5.984281405679258148e-01
6.028363231584719095e-01
-9.460679645648702521e-03
1.501509291129954071e-01
1.520222809229995753e-01
2.016396727815569223e-01
2.344549546214632907e-01
5.484759561494227942e-01
5.537035153951492816e-01
5.594916964098456402e-01
4.660857098956148192e-01
5.395319460613375862e-01
5.513707675658326979e-01
5.301692004008169423e-01
3.470566185225228972e-01
5.215482110481303168e-01
3.648297357139025920e-01
6.055099020099367069e-01
4.887500751789997655e-01
4.972081937186815237e-01
4.970427771051398880e-01
4.754815438478570688e-01
4.334667234003344860e-01
5.354291773237942476e-01
7.075529614284049584e-01
7.319819153605463535e-01
4.546376228471161740e-01
6.049642824414015463e-01
6.223224274224633534e-01
4.622207431834401414e-01
6.402011722358402768e-01
1.171280345419107166e-01
-2.356137397207332465e-02
1.670823949231267092e-01
2.821990247002857388e-01
5.430377117019498101e-01
5.508291655877552984e-01
5.495050835178852955e-01
5.523180268034605378e-01
4.606551176594929631e-01
4.536808053118767114e-01
5.309554315525839563e-01
5.455645891063294339e-01
5.458870018055768103e-01
5.028188577727300546e-01
5.304746004662566072e-01
4.917389501195875146e-01
7.005022624693417743e-01
6.898480739491732461e-01
5.077120295586895482e-01
4.995680761956804439e-01
5.095872209251448570e-01
4.848685675160843700e-01
5.168671011122371040e-01
5.532498582921605568e-01
5.153296572558742072e-01
6.611860541725584905e-01
4.903626159539494211e-01
4.981719260180162423e-01
6.227752817390395101e-01
6.201844323031681094e-01
6.102367160976281957e-01
5.712208951595798556e-01
5.738399524718095224e-01
6.176103216233521653e-01
1.298195341282955551e-01
1.257344483993520223e-01
1.652517350021125708e-01
2.818286162898383518e-01
1.945480777543238948e-01
5.482160388764298897e-01
5.255260498773238753e-01
5.394735075582239858e-01
5.373570173848748466e-01
4.459666928901519500e-01
5.111293540084244080e-01
5.365553063357326735e-01
5.169847973656210849e-01
5.226929704401970245e-01
5.350900142459971143e-01
5.364300742842574854e-01
5.380621816514844502e-01
6.360790867163144124e-01
5.279024732507782147e-01
5.070800676832265541e-01
5.040907880046344713e-01
5.100889455999222388e-01
4.914820366923068340e-01
5.109074447741382974e-01
5.388722972429029756e-01
5.208987118484866841e-01
6.024660519433852057e-01
4.636130132274902671e-01
6.256987923471679647e-01
6.488246582057152212e-01
6.357911226822788864e-01
6.659690188560905000e-01
3.381461866135972438e-01
2.540615647663919119e-01
4.568428742035927637e-01
5.124367216094136701e-01
4.995719845625545275e-01
5.347078816807150359e-01
5.213028783370315944e-01
4.688571850792013218e-01
5.099184961136601357e-01
4.320364597633705173e-01
4.832542009283476436e-01
3.596730145248304700e-01
2.668247631487996041e-01
2.377104975763641714e-01
5.124781702564409347e-01
4.884609682254354435e-01
5.118116099535769958e-01
5.124575560740862734e-01
5.116616633495164601e-01
4.994797554416147700e-01
5.407879556558912171e-01
5.707826448242063755e-01
5.419276889955344512e-01
6.162972350057973614e-01
6.167161083406583755e-01
5.172516260862130011e-01
4.586226570438020067e-01
4.525878056994873666e-01
4.576468472786681674e-01
4.651312603774888643e-01
5.041399432632176492e-01
5.256269825899053671e-01
5.039224927619184724e-01
5.972171608849886626e-01
6.225312435637295749e-01
4.393852228945909766e-01
4.397024328914211910e-01
5.933837732508164819e-01
6.305385013961474217e-01
6.094268391689633413e-01
6.437820717215514410e-01
6.425949854940178341e-01
5.555405365969570131e-01
6.114615883380853933e-01
4.027978318153567217e-01
4.552172168736002278e-01
3.118113889166299058e-01
3.075996919636603821e-01
3.301969434829589711e-01
4.052671384008257882e-01
4.949515427107437637e-01
4.759238756196037534e-01
5.037198010471061194e-01
4.989857115240523555e-01
5.237958169145503495e-01
4.967554049331621702e-01
6.891740419283469699e-01
7.731238334768183451e-01
3.534084499210732311e-01
5.069372571461377985e-01
4.964927600422933129e-01
4.873412844438305136e-01
5.704576808213893679e-01
5.896222977091036821e-01
5.554678544067427337e-01
5.399320309833531839e-01
5.989135578176052466e-01
5.144564965009632562e-01
5.118664790745225401e-01
4.590046214900805888e-01
4.635733560652177676e-01
4.278235113667563372e-01
5.456083621409634210e-01
5.541407059055952766e-01
5.173790127531919802e-01
6.179534439120758504e-01
5.302314391828617524e-01
5.651955035234657032e-01
5.768520135618153688e-01
6.027355664444783434e-01
6.650075461356723672e-01
6.839490797515110909e-01
6.456653672246052134e-01
6.128928180210281296e-01
5.814297457451428341e-01
4.304520360389019196e-01
4.511212212599708948e-01
4.593831018711039271e-01
4.964317414410446272e-01
5.382614768335760580e-01
5.702038275748257945e-01
5.183493160351914097e-01
3.087759015715281774e-01
4.243275630647976304e-01
5.172412490373705651e-01
5.345282502092253418e-01
5.206424788386371239e-01
5.255478373026415406e-01
5.053912380285187078e-01
7.352827975775301228e-01
1.900645511201878302e-01
2.667835967123548535e-01
3.284033908900172993e-01
4.320835603157915372e-01
5.860707384635180928e-01
5.810781622819256587e-01
5.531884921388522391e-01
6.000692347448484121e-01
6.310384057290232551e-01
4.522126028479954152e-01
4.508207045013958858e-01
4.440812193981207301e-01
5.655580036554562762e-01
5.746547492661753243e-01
5.616549890783543164e-01
5.564499996344892674e-01
6.044870413841775258e-01
5.713200083401377416e-01
5.942779718671357125e-01
5.244773191584751748e-01
4.993148794810434721e-01
5.412421964774783989e-01
6.212091980558877014e-01
6.355572487095587642e-01
6.357402438757276952e-01
5.762753022465568753e-01
6.608869020047595244e-01
4.492268272611800173e-01
4.642426359405560921e-01
4.527698084086861918e-01
7.283776347966299802e-01
9.946793913481782878e-01
4.875089862619423342e-01
5.209710906650455442e-01
5.154343384991301180e-01
5.208017985269031147e-01
6.497935930934273241e-01
5.679693844280828685e-01
6.114420609406521212e-01
5.750954100240911471e-01
6.189061910830533364e-01
5.868554924583868626e-01
6.044797681287141788e-01
4.790106602923469015e-01
4.370936303803966139e-01
4.221731888871035898e-01
6.115779831869863070e-01
6.200321118210946336e-01
5.442212697764620133e-01
5.013069453530006880e-01
5.765331207730143293e-01
3.253723745495263331e-01
4.161350893551062913e-01
4.381649891981823641e-01
4.435439435868936409e-01
6.652300836515988580e-01
6.635604269764726615e-01
7.776087085484745254e-01
4.665655013177870680e-01
4.822440152357050924e-01
4.520933120183408538e-01
7.693144743625337512e-01
1.024987033273771830e+00
5.991484433131373244e-01
9.183035063306190793e-01
4.650394586208296266e-01
3.396621096081854363e-01
5.009162069902315384e-01
6.355747699597168454e-01
4.362392765479623513e-01
3.219030216351542739e-01
6.114042688771231804e-01
5.018777771691049772e-01
3.327279111423152580e-01
3.663963159608505382e-01
5.275004083531230625e-01
3.417969929502664983e-01
4.816721312694871582e-01
3.018294530595353464e-01
2.596370108201238036e-01
4.166188927257993835e-01
6.169272586012126691e-01
6.456125928538435366e-01
6.634651234037448608e-01
7.376754713199246138e-01
4.742489424756602956e-01
4.835606969494962160e-01
9.583925663615481261e-01
1.036656764204325398e+00
5.443578734719989320e-01
6.530721639846260862e-01
9.617518739714557841e-01
1.120379673499931839e+00
2.195842558310299453e-01
1.785748009213211918e-01
8.296807550937057574e-01
1.469467440232858080e-01
5.435648805341523060e-01
1.663570642165599911e-01
4.966650592797928199e-01
6.411862056537591670e-01
6.350844325070001961e-01
7.761523970849802945e-01
4.715212354177990006e-01
4.458438487513327608e-01
4.849866129731196795e-01
9.325220669224948411e-01
9.339812159370592948e-01
5.627020037278003262e-01
4.923961498349400112e-01
7.634295800612614924e-01
9.606322530499847856e-01
1.111346535389191370e+00
3.461041651711903588e-01
1.157797714865990590e+00
1.241953330270145095e+00
7.430291684576534328e-01
5.204776590497536271e-01
7.638569954851388566e-01
9.054636200058981954e-01
2.078309212802825212e-01
5.951879534544814998e-01
6.005485694534243857e-01
2.182802718307329248e-01
5.593282668574779404e-01
6.244246210558666021e-01
5.830521080536902323e-01
5.851145122762909656e-01
6.317239454714427271e-01
8.608661338766141480e-01
5.614422586319228747e-01
6.914972026408484629e-01
8.759825386929401825e-01
1.012353182248578065e+00
3.663628109919260245e-01
7.463305182002190064e-01
7.430263493027743360e-01
6.906151242201648000e-01
7.028821813541566987e-01
6.785089607760411701e-01
7.078572158659141023e-01
7.862334652238497368e-01
8.490488785113438075e-01
8.741271803481678315e-01
8.937817121531775877e-01
9.778462497402291564e-01
1.114646265511918699e+00
1.254154247846334336e+00
2.366721509847179161e-01
2.040199976301547147e-01
7.454614877450651544e-01
8.597268127406351157e-01
6.736951191233317981e-01
2.627646420415691297e-01
2.337978876771423520e-01
7.230817659727312163e-01
8.831977155758700126e-01
6.420111927843766830e-01
5.616211478944072022e-01
5.491212432364622753e-01
9.956713371081832298e-01
1.742486906417251846e-01
8.817382055231547389e-01
9.289632437521474495e-01
5.836688669144037833e-01
6.032904531482868871e-01
7.673784492965960435e-01
9.020693197963226551e-01
1.804387642131599356e-01
6.182202754322697613e-01
9.926094379659230471e-01
7.247557273186175930e-01
9.100562986156919276e-01
5.579731899086047830e-01
5.685821572979629090e-01
1.179773401468335203e+00
5.900505744276869358e-01
9.804242953940184302e-01
7.396296822836716522e-01
1.032123383026266605e+00
5.514291849713390814e-01
4.777093493972009441e-01
4.005762049148906545e-01
4.342068847837666223e-01
6.411218520453463299e-01
8.219307682744693144e-01
8.513972786205898924e-01
8.556821172867963288e-01
8.881881021938382581e-01
9.856646925563374850e-01
2.240708288873280440e-01
1.046630746024934888e+00
1.067194412589820507e+00
5.066993394686796215e-01
6.257763736424508672e-01
9.647386611827525327e-01
9.946598609792860479e-01
4.911916581222122713e-01
3.165553145696011206e-01
1.046298057984347940e+00
2.891894622903543599e-01
4.370497172507368799e-01
1.028127848233760799e+00
1.081163038769922480e+00
5.647707262063476064e-01
3.915091399093884594e-01
8.159157069052026534e-01
1.125101858804919086e+00
5.411470151277111146e-02
7.591327034777335392e-01
1.015293522438232010e+00
1.072496581777282465e+00
-8.544039836764598383e-03
2.005155619526163946e+00
1.684859671706494977e+00
2.207585309516114369e-01
2.529516049886580409e-01
1.009594456954633068e-01
1.935422132627811001e-02
-3.435522934242764628e-03
2.379802297994064730e+00
3.848286998522655877e-01
4.214972282368282808e-01
2.869692037275400898e-01
2.717980982011486413e-01
2.828286519982615044e+00
4.565972470037239495e-01
4.827175601894145296e-01
4.009879378169904363e-01
4.216121089775117237e-01
4.505037978818349775e-01
3.390196659991151051e+00
5.683513672451748766e-01
5.497600118423561222e-01
5.413258293219967987e-01
5.249649058095835485e-01
5.058823441342912286e-01
4.828249629434001600e-01
4.936625444666518092e-01
4.154281638470577853e+00
5.435111800990384268e-01
5.478653819392541591e-01
5.231586296593658814e-01
5.282882598565958876e-01
5.232730828631517728e-01
5.435728382507324374e-01
5.376170880475490854e+00
5.101729357432188694e-01
5.171609174976617984e-01
5.192799272533876742e-01
5.316678534330425698e-01
5.275063982195752343e-01
8.301537592021340117e+00
4.807319328856065610e-01
4.940284297302935390e-01
4.822734327947123534e-01
4.809325275463766647e-01
4.786414311668730770e-01
1.067402868696059848e+01
1.661505511729247075e+01
7.144862168300937455e+00
5.625892854456935765e+00
5.091055931385516153e+00
4.757551892221475676e+00
4.503242734604448572e+00
4.289616869504504493e+00
4.100288235267754544e+00
3.926944411827796522e+00
3.765196150366422856e+00
3.612786607766850455e+00
3.468677715819051155e+00
3.332546088468660628e+00
3.204489912415745767e+00
3.084840998236114018e+00
2.974025603141742913e+00
2.872451442213940442e+00
2.780417987618721387e+00
2.698053231061606105e+00
2.625277730444911750e+00
2.561792780392755375e+00
2.507087829065344664e+00
2.460462479199131636e+00
2.421058234591073166e+00
2.387893325462033811e+00
2.359891644221923990e+00
2.335896824377370784e+00
2.314667214039129561e+00
2.294857250342237975e+00
2.275002957864877828e+00
2.253538781227359955e+00
2.228873296280593053e+00
2.199537556770369218e+00
2.164392167980722537e+00
2.122846226472224096e+00
2.075019135464252429e+00
2.021781218857523044e+00
1.964645755939273597e+00
1.905539473703300457e+00
1.846523311017232771e+00
1.789546864804942405e+00
1.736294603256880897e+00
1.688137154356688763e+00
1.646161684165530215e+00
1.611237432863724672e+00
1.584076036152396449e+00
1.565261183378397813e+00
1.555237883688620704e+00
1.554263362796816983e+00
1.562330134283559824e+00
1.579079368692049679e+00
1.603729603573219809e+00
1.635049499383521843e+00
1.671399626578386366e+00
1.710853920231828695e+00
1.751386700971728105e+00
1.791081833373498355e+00
1.828297971647258047e+00
1.861721018793821125e+00
1.890260371399058670e+00
1.912797785936028783e+00
1.927864632940899936e+00
1.933384702677357625e+00
1.926649199151942549e+00
1.904657072851487554e+00
1.864833137802423879e+00
1.805941258112190750e+00
1.728822904220502110e+00
1.636548554870913108e+00
1.533763750211861510e+00
1.425371915204759254e+00
9.657756225940956618e-01
1.025328274312582000e+00
9.124952876250693734e-01
7.830312731814622618e-01
8.517264785606545319e-01
7.419642399279035017e-01
6.992244289802642676e-01
6.658389356034497553e-01
6.374073754684643767e-01
6.177595696003602699e-01
6.012192290578097786e-01
5.942549168619676303e-01
5.902238910039874220e-01
5.912701596604341692e-01
5.959116410661401408e-01
6.002560954557555339e-01
6.075639475047498461e-01
6.178577119745367607e-01
6.278550093833941137e-01
6.355185839104730006e-01
6.388389715119696666e-01
6.352106818139989786e-01
6.249908286809365832e-01
6.050202807910324276e-01
5.784992110735378557e-01
5.513187527831782120e-01
5.291206967394304073e-01
5.119879122530958115e-01
4.951803440296259073e-01
4.782084127359127468e-01
