1.702480511688677467e+01
1.087368252824539105e+01
8.441766050831725821e+00
7.198997705848685591e+00
5.602985771829047223e+00
5.028152086384567454e+00
4.668583053590687371e+00
4.396777407482080235e+00
4.171623875263347436e+00
3.974977462101987769e+00
3.797145868281020853e+00
3.632655467387111869e+00
3.478450289115197602e+00
3.332950422441021132e+00
3.195481387232680159e+00
3.065895544523626892e+00
2.944311653558034259e+00
2.830937856017956555e+00
2.725957856166949522e+00
2.629465180774271715e+00
2.541432673906791173e+00
2.461706182329065573e+00
2.390013134265827066e+00
2.325978207193152514e+00
2.269139473083374714e+00
2.218959630387280058e+00
2.174828709704398566e+00
2.136057408205819019e+00
2.101864036439193395e+00
2.071362448614918250e+00
2.043562071128562696e+00
2.017392420166383538e+00
1.991761371840316208e+00
1.965647932504118289e+00
1.938217631815432718e+00
1.908936138035564944e+00
1.877650332965213886e+00
1.844610710353209448e+00
1.810424655571104324e+00
1.775951052908056438e+00
1.742163701033932144e+00
1.710017200678719318e+00
1.680343236044897104e+00
1.653792044674230910e+00
1.630819810072932752e+00
1.611712223342106176e+00
1.596628736531380488e+00
1.585650160598576219e+00
1.578813238732839741e+00
1.576119617890421765e+00
1.577513728903122692e+00
1.582834145440477513e+00
1.591753845578100179e+00
1.603732510192699579e+00
1.618004256438722033e+00
1.633614510826796984e+00
1.649501363577715596e+00
1.664595611778352247e+00
1.677899041812274117e+00
1.688501464206773273e+00
1.695518145371523566e+00
1.697967078417417230e+00
1.694647625468194141e+00
1.684109280065620995e+00
1.664790758324175668e+00
1.635352412429465385e+00
1.595128224200163425e+00
1.544529237137663102e+00
1.485201263572012875e+00
1.419819193493306209e+00
1.351564089077325281e+00
1.283484206967562935e+00
1.217987684255531056e+00
9.266450676829485200e-01
8.967870375967300633e-01
8.727515243174956971e-01
8.430731340752887215e-01
8.377182906734550460e-01
8.386741840301926709e-01
8.456848929973292961e-01
8.581863236952835816e-01
8.751959756338715257e-01
8.952187266302237267e-01
9.161992823122157015e-01
9.355290556344352249e-01
9.500701629175017926e-01
9.561051834238170066e-01
9.490704649614819521e-01
9.229020910481902096e-01
8.687856427177510499e-01
7.762249482687785251e-01
6.488851934164273638e-01
5.283989027136513084e-01
4.834677320134929124e-01
4.762729364220321671e-01
4.698615840031878932e-01
4.666505465706378697e-01
4.508028279440392527e-01
4.499813303832235767e-01
5.439054007720269368e+00
4.308630103199053152e-01
4.551749033545020584e-01
4.603129045902466521e-01
4.606695405241108543e-01
4.198622220873995836e+00
4.453538163058268218e-01
4.333427478279381351e-01
4.571226035404338250e-01
4.618097605055277444e-01
4.515317163992790261e-01
4.512937623363722506e-01
3.433219868655313256e+00
4.382997311702370724e-01
4.586676726514815616e-01
4.640276500034251628e-01
4.676288354214589993e-01
4.646264020145315365e-01
2.877609935269561880e+00
4.484004911481924149e-01
4.346811029301161922e-01
4.562414476355574067e-01
4.627831976694545824e-01
4.634423197833426600e-01
4.419936674846345337e-01
4.408609118470333543e-01
2.439846898045999968e+00
4.089851793477335407e-01
4.226483830657978280e-01
4.445493602238734798e-01
4.197831130495133789e-01
2.078458583893029399e+00
4.080003019592740587e-01
3.874899409587760912e-01
4.129656251787077736e-01
4.094274292039469798e-01
1.771904875383407019e+00
3.860310388152948247e-01
3.911769970149076570e-01
3.841531716419311349e-01
3.862819674840544115e-01
3.865193251780358885e-01
2.182917706151612514e-01
1.776065575057417245e-01
5.506714160046005668e-01
5.879248624736780338e-01
5.989825314558649971e-01
6.741224264530717436e-01
6.460240164983742650e-01
3.813000987463679436e-01
3.634508051468363643e-01
3.947990061343996659e-01
1.089402124972219221e+00
1.281843900274475478e+00
5.717246215778351015e-01
4.456174977750907429e-01
7.875677899693375172e-01
7.923452379387008193e-01
7.176686813917151353e-01
6.777319760040085850e-01
1.252790789499363400e-01
6.337395026316140489e-01
5.110242778975071509e-01
5.508940322591798777e-01
6.036696773666692106e-01
6.618380085316396544e-01
6.429826504797638842e-01
4.127080225171531058e-01
4.249570940814474951e-01
9.301654766171570943e-01
1.443140865005310136e-01
1.462499148366598334e-01
5.448715551624249143e-01
4.271281437801974223e-01
4.830705299827331989e-01
5.624238748531182885e-01
5.642073897110678748e-01
5.295065862933138190e-01
5.382089382214875206e-01
5.692129840584494449e-01
6.142199081376343850e-01
6.588151698822268809e-01
6.749885699542336193e-01
6.331946659641742858e-01
1.567763905438523120e-01
6.273476460665713406e-01
5.359599620897276262e-01
5.791481810115490791e-01
6.409971592027817744e-01
6.573417252209639017e-01
6.428041879538658465e-01
4.125549865007475669e-01
4.038961723348742372e-01
4.243070001329044549e-01
8.030882654694861955e-01
6.016638290542598577e-01
5.994014754774379394e-01
6.013926520101776640e-01
1.391300262836484836e-01
5.300263096958139908e-01
4.987742217289471425e-01
5.487215723997852512e-01
5.945474721875542157e-01
7.072336732038184692e-01
7.172938848112040411e-01
1.803074245999410352e-01
1.842481984369658266e-01
5.263214228378501058e-01
5.696439418096839180e-01
6.559705592716252864e-01
6.411006335330065031e-01
4.430449193157788290e-01
4.528531414682386846e-01
7.099787287754304455e-01
5.971162347345517762e-01
4.742941955534231702e-01
3.702309392153889100e-01
6.897879522327927670e-01
6.579024461031824922e-01
5.398437425463309403e-01
2.500127253372876890e-01
5.758351839541453465e-01
5.339129823338841785e-01
5.519902513808652156e-01
5.667224864795514794e-01
5.877842017915343442e-01
6.146013481296209724e-01
6.501297270569205144e-01
6.956948782190077729e-01
7.514256103993991465e-01
7.101084300742539490e-01
6.773547839147648908e-01
2.837829897872131135e-01
6.407525018375872516e-01
4.862118953995465120e-01
3.409275015698925992e-01
5.852135789164951696e-01
5.355491384466236626e-01
5.293539917914874549e-01
4.485779783332521919e-01
4.499206722049711171e-01
4.694164508169255123e-01
6.317928686415962281e-01
3.791639813862863750e-01
3.887721833157233298e-01
4.515943239077322424e-01
4.690604912442882246e-01
6.337078903594010049e-01
7.608383969276437675e-01
8.315179054817111171e-01
7.715359899008988886e-01
4.064628598043411589e-01
4.645370556597452349e-01
5.183390747181512159e-01
4.224907947040199563e-01
4.994585835840782972e-01
5.825403065312321216e-01
6.166361589714690616e-01
6.283612583736649659e-01
6.922987866114913569e-01
6.597071855017064834e-01
5.766440582144722882e-01
3.683736651752106961e-01
4.769467078564500473e-01
4.902352957594686145e-01
5.812677610801840755e-01
4.049490962361754764e-01
4.924122791756578299e-01
4.978251516704339519e-01
5.076170560357063932e-01
4.604927103471209149e-01
4.711693574984379129e-01
4.690848981207830781e-01
4.247496694079903046e-01
3.772238042128624458e-01
2.788370068213978370e-01
2.892219175799345399e-01
6.584894128596754381e-01
5.694785107493151033e-01
6.916664279816235883e-01
8.411909286147292164e-01
8.383972688918455152e-01
7.892870126715370027e-01
4.403818752989993035e-01
4.428708379175912979e-01
4.473253098681484463e-01
4.373280217716215001e-01
4.723015763652747556e-01
4.773702877630268127e-01
4.937660142463811130e-01
5.934476676766179404e-01
5.202342434262822168e-01
4.937077425378816331e-01
5.036934216515960294e-01
4.906149579012899498e-01
5.131654931992990498e-01
4.706224718121227446e-01
4.941795848129082458e-01
4.818089632086230978e-01
5.362364847787500777e-01
4.692994030346681611e-01
4.660140924763753190e-01
5.231498288369739180e-01
5.568450399563539266e-01
5.670677499225710294e-01
4.746272382018610902e-01
4.909179562273151554e-01
3.523954878725331641e-01
3.781114293698411011e-01
3.025810331067925185e-01
2.860252746074114505e-01
4.783951319174695183e-01
6.070816919515733545e-01
8.216328984949343717e-01
7.439269023808642300e-01
4.399544745088571629e-01
4.384841467081433408e-01
4.610449169823842563e-01
4.652294810862439567e-01
5.238982969088774588e-01
4.600279060032519962e-01
4.677889142736204597e-01
5.388280461504834085e-01
5.549148068674504275e-01
4.910071654488478710e-01
4.811267282994063921e-01
5.036485497247206178e-01
5.219879003154995756e-01
5.003700448230430364e-01
4.835716131536672568e-01
4.741151728180046376e-01
4.603097967327847706e-01
4.748869048892324085e-01
4.945942512022792337e-01
4.895185455187656687e-01
4.787755919894018386e-01
5.529887712428966928e-01
5.154305661177045472e-01
4.580877065303913254e-01
4.374816408627730802e-01
5.343211602003955507e-01
5.423613422656625715e-01
5.676200869873531119e-01
4.744428938012964503e-01
4.785604768119363639e-01
4.994183553345892812e-01
3.797874769578593046e-01
3.971609557421498793e-01
4.210007913142506664e-01
2.743652118230071602e-01
2.481797560264690228e-01
2.445942686210610950e-01
3.163779941955512376e-01
2.088847272111452047e-01
5.428138105442366079e-01
4.967564341600839151e-01
4.480982432948820149e-01
4.448872466058109709e-01
4.658883353029893981e-01
4.555873749177231646e-01
4.468740856763177560e-01
5.301791723653750399e-01
4.534123361593641044e-01
4.942541278559520745e-01
5.013240429540836152e-01
5.107133619008752401e-01
4.902377229152470317e-01
4.856794825843290808e-01
4.884146843323515230e-01
4.932128687707060810e-01
5.505204159105303585e-01
4.822843865318307000e-01
4.457251766406685189e-01
4.274637298697159249e-01
4.512411135733441769e-01
4.906018870635918683e-01
4.859099523606197346e-01
4.754668955229215954e-01
5.356648837493591664e-01
4.347882720751003460e-01
5.550894051814538876e-01
5.491447542060189368e-01
4.844110137545670214e-01
4.862156826198952841e-01
4.844693183370550882e-01
4.100098417775075998e-01
3.899765837316426231e-01
2.204643223224540816e-01
1.963740542237671083e-01
4.064101605098651704e-01
4.258906087412129837e-01
4.736533808294208781e-01
4.899323987732061014e-01
4.314221512325694952e-01
4.471283299493984953e-01
4.431433213200585142e-01
4.324873633031350861e-01
5.524533068832031546e-01
4.329261304147118961e-01
3.921895237605746432e-01
4.902200283961292704e-01
4.832020803816480803e-01
4.780916906116446374e-01
4.918572366534264551e-01
4.826877107010820178e-01
5.110515058483735551e-01
5.521535454758944583e-01
5.448974620018385284e-01
4.923177795910195775e-01
4.723759803805217539e-01
4.496897756755348641e-01
4.387670598048234449e-01
4.565182847152188805e-01
4.858359672320081146e-01
4.784115330707263691e-01
4.806886166463481547e-01
5.390715886509118704e-01
5.287693378473506955e-01
4.523855364969987525e-01
4.291439683493417090e-01
5.507661312348675064e-01
5.606060026496808568e-01
5.593425997525935944e-01
4.844967074762367987e-01
5.012879162994194893e-01
3.862301512583084517e-01
3.793117347480504664e-01
1.867883545924897692e-01
1.073402282294233512e-01
5.359634645492792476e-02
1.303008501745120916e-02
-3.490998013653410798e-03
3.900581282968421451e-03
-1.003896138871524874e-04
2.338991521671145390e-05
1.675811093867399956e-05
5.024330457285474116e-01
5.172351275867227427e-01
5.202007172749258945e-01
5.245105655041740755e-01
3.883029065476641950e-01
4.007815510549612714e-01
3.971331871539140468e-01
6.332676575526113849e-01
4.024872558650289811e-01
4.791017462240133029e-01
4.744177422561775548e-01
4.737352809424255073e-01
4.928796348225470414e-01
4.887891865427846927e-01
4.882603264869978532e-01
4.926863394039467936e-01
4.906071431073952827e-01
5.649453917346002330e-01
4.727237050080345671e-01
4.587077582474153314e-01
4.569507743725801374e-01
4.607209925924218297e-01
4.756342720684650915e-01
4.703473092673269851e-01
4.913344798345982145e-01
5.452253904056506562e-01
4.179869596362856266e-01
5.488445181823289332e-01
5.514834230631162626e-01
5.822640568589604326e-01
4.770512691541464179e-01
4.820950906706703565e-01
3.796669503210444163e-01
3.685557332766717931e-01
8.149660017827815156e-03
-2.902771301507132040e-04
5.175898364073666658e-01
5.318033866857708736e-01
5.364429688059039192e-01
3.658783188788149454e-01
2.408352946578466713e-01
2.626282337712300685e-01
5.115382101073241428e-01
3.028543919675448226e-01
4.273158912858252001e-01
4.818915892118471600e-01
4.876802967395947874e-01
4.890538300218132406e-01
5.051721230590304756e-01
4.958285515453287329e-01
5.026683639193032516e-01
5.672282589224945104e-01
5.687908796226928132e-01
4.906201277646445869e-01
4.694916737500667292e-01
4.658410635332888017e-01
4.661726583203399388e-01
4.646703618543250314e-01
4.658144661508263340e-01
4.700493561453794045e-01
5.010082544531430093e-01
5.460916971729543601e-01
5.396477358529450097e-01
4.326426731501120670e-01
4.160529403240533219e-01
5.516497095310116672e-01
5.523329249081873060e-01
5.554514175058706815e-01
4.778835617017713200e-01
4.780739484318714538e-01
4.764491539880839066e-01
3.683402282445438769e-01
3.430679881513650220e-01
-2.831161626588860666e-04
-1.499805874723122816e-03
5.283316789063098318e-01
5.212636363201141876e-01
5.388948637432909861e-01
5.409485823010773409e-01
2.801196686025430593e-01
4.076204751872523069e-01
4.904907885010170165e-01
4.959150524113587477e-01
5.117789392123940351e-01
4.929791713174306311e-01
4.898277240349397932e-01
5.494846201123209095e-01
5.954503249659978126e-01
4.697954710942885970e-01
4.692543477774578364e-01
4.711022838863570539e-01
4.690670266711002845e-01
4.752095440058647924e-01
4.862038581774044133e-01
5.032414924434970294e-01
5.354872373496958327e-01
4.094909837793433982e-01
5.601328524542527054e-01
5.675450765046857748e-01
4.742091443617368340e-01
4.721676259803503362e-01
3.424342281818016365e-01
3.017859784446892402e-01
5.486411152680260861e-03
1.125170812776866008e-01
5.190842110414255473e-01
5.196673123538759764e-01
5.224161164938646573e-01
5.375308279984580828e-01
4.077703780118771548e-01
3.915316627971934249e-01
4.899854453167482027e-01
5.017648424492194836e-01
5.056245345700980387e-01
4.826826289570327333e-01
5.875750102500580940e-01
4.887791939886096948e-01
4.659162655045199219e-01
4.738830666636714706e-01
4.650709413119195612e-01
4.591450471478029094e-01
4.509136501824178023e-01
5.669675987821597429e-01
4.152008596817012287e-01
4.036707423226193470e-01
5.558757206610278612e-01
5.379322680734015538e-01
5.453986812735874823e-01
4.761590045407854133e-01
4.660458256761946805e-01
2.938722571991985166e-01
2.039929540943632436e-01
4.497745025541378672e-01
5.064989043892784704e-01
5.113300997825376282e-01
5.150793159224058559e-01
4.317922630708302956e-01
4.960214669466010418e-01
5.089148127322407067e-01
4.976550895366615990e-01
4.673532610601895398e-01
4.772234260153896956e-01
4.293703345546135974e-01
3.985687986649312786e-01
3.808092165092343828e-01
5.664078862387490476e-01
5.594339189998868145e-01
4.696588543597479681e-01
4.712335626340891093e-01
1.494135299778539538e-01
1.163353926394271182e-01
8.107368849930497445e-01
7.948871260440136810e-01
5.028255770391513169e-01
5.013799449219961124e-01
4.766077589729674768e-01
4.604480485765305442e-01
4.170659723494850035e-01
4.694365947910834058e-01
4.641465746708106077e-01
4.720847974095879751e-01
4.349752553796371046e-01
4.043371593017818788e-01
5.567633774168176952e-01
5.486906402825197926e-01
5.612225117312995559e-01
4.744816618698067257e-01
1.071938473757944044e-01
2.374864360629190818e-01
2.587848441533583954e-01
7.300320522517118604e-01
7.066782456057595363e-01
5.082275694080297113e-01
4.705256162597153957e-01
5.249334238684706389e-01
4.630679700246174146e-01
4.320221423790893134e-01
4.696801890588037098e-01
4.467211747841759450e-01
4.449904796758494263e-01
4.374576891271846346e-01
4.043872361119776326e-01
3.649547480995886106e-01
5.007023836049678822e-01
4.771760294976252759e-01
4.761418097157158469e-01
2.855790478063958693e-01
2.845131385025129744e-01
6.918314578342994459e-01
6.925125516449404106e-01
5.154785148462718292e-01
4.758209105916043069e-01
5.456588855229033141e-01
5.698712576221167669e-01
4.516513283405160784e-01
4.834426871553729188e-01
5.040473174863638883e-01
4.496756267755268044e-01
4.423615312759176521e-01
3.530902064627998715e-01
3.651489058976703506e-01
5.660840625445461294e-01
5.034044452793068336e-01
4.812742872850031550e-01
4.790862554329059497e-01
2.672722667296211774e-01
2.640496801215883593e-01
2.708177842153312587e-01
6.818610872603304562e-01
6.437494899791198488e-01
4.869923496976995003e-01
5.738835348132648173e-01
5.690491368091559199e-01
4.520010920730773152e-01
4.563297324593890703e-01
5.623153447583202347e-01
4.505072249991760036e-01
4.563301701434986923e-01
5.069641970065140724e-01
4.980746690167304203e-01
5.047182839681736422e-01
5.059527151048177629e-01
4.824647700649647430e-01
4.844888764938216075e-01
2.618488181058047370e-01
2.519988771809199002e-01
6.395947871959241082e-01
6.458591947385493581e-01
6.447016192518574274e-01
4.866244260734894911e-01
4.851665747039694554e-01
4.612364138699185379e-01
4.645729762364725901e-01
4.603307091943379947e-01
5.639461866385231392e-01
5.639236371739129172e-01
4.568894518598842214e-01
4.470415445658627029e-01
5.548058940278907114e-01
5.558310135784056971e-01
5.373206453560871454e-01
4.520272661387333413e-01
4.552689399922771329e-01
4.950544301216544540e-01
4.917272402892362559e-01
4.050561131201736442e-01
4.349854772512034007e-01
5.771085462862020066e-01
5.872209995540834671e-01
5.074646120716104214e-01
5.067439274890503942e-01
4.751629414464393908e-01
4.806380586491948992e-01
5.196383300912149616e-01
5.251744077344907558e-01
4.890550464508253148e-01
4.903051810140371392e-01
2.500254637049857953e-01
2.722405931854237071e-01
2.845285408573400288e-01
6.564366013658576859e-01
6.576715484098361042e-01
4.850888933516571688e-01
4.877264983514479346e-01
5.166203237387221314e-01
5.154666620545731437e-01
5.159379230573211128e-01
4.300208541936980655e-01
4.451984868429195719e-01
5.610464245249566773e-01
5.986008984229470586e-01
5.959964809443216716e-01
4.429316267822775433e-01
4.467812184908837581e-01
5.418867244577629805e-01
5.998879953556760514e-01
4.966835772771100999e-01
4.590993607612187666e-01
4.580142884202811349e-01
5.449451435900545260e-01
5.423524818041076667e-01
4.609781935103987038e-01
4.514612976842029557e-01
5.054969079670533771e-01
4.983730072121035914e-01
4.113038046602169318e-01
3.950521571189400394e-01
5.458846299352381193e-01
5.751067468562818252e-01
5.765096291340333634e-01
5.069688560821103973e-01
5.138482092548385394e-01
4.660608225874314225e-01
4.732173410894174870e-01
5.101179962661296363e-01
5.147171280582136799e-01
4.919787943030035637e-01
4.922256852588024478e-01
2.920211493387425139e-01
2.944286397932883714e-01
6.379761909290720956e-01
6.188991478608327768e-01
4.918015821194481885e-01
4.892286691738492177e-01
5.076547511986511108e-01
5.087327813909449103e-01
4.381244452150127588e-01
4.403997116033270820e-01
5.916635358414528145e-01
5.995986636435556294e-01
4.417250388642560699e-01
5.828572526240161089e-01
5.885908758343856295e-01
4.566175895338651647e-01
4.623908160199332595e-01
5.339831219413936347e-01
5.242789206097817623e-01
4.498894806280240855e-01
4.475547160171071681e-01
5.048482852149845934e-01
5.040376175248454382e-01
3.861411998271102597e-01
3.892094902009963220e-01
4.013377214929503833e-01
5.758208516538945165e-01
5.671198108287943684e-01
5.170723947932013287e-01
5.064440421645843848e-01
4.707097601873856951e-01
4.769230246566702469e-01
5.142257140292704198e-01
5.142648444466461077e-01
4.884741038363989984e-01
2.894694033893893126e-01
2.958187015623761074e-01
5.944038432107430214e-01
5.686990285824392588e-01
4.928999910228178405e-01
4.935638009828021699e-01
5.136972091225541215e-01
4.374882348774534191e-01
4.384291550420868488e-01
4.564478389437641725e-01
5.799809700133314871e-01
5.643974841326547809e-01
4.459848120066858823e-01
4.449844553581946416e-01
5.893862470498774098e-01
5.813508120201708040e-01
4.502172600946758863e-01
4.513229383092155489e-01
5.178960983024976095e-01
5.385060117247805200e-01
5.332943183158522782e-01
4.495466558604332974e-01
4.463723790310705208e-01
5.157042944135014073e-01
3.911285041457225886e-01
4.004187232309496247e-01
5.551073237245638392e-01
5.357393865494256557e-01
5.120216723344950260e-01
5.096470533742873954e-01
4.727719647746894127e-01
4.835608073409354279e-01
5.115330217924634049e-01
5.131203722569016579e-01
4.906482864919222142e-01
4.870767101661971354e-01
3.011921980266371035e-01
3.278240587384900762e-01
3.398834324038941812e-01
5.595757607744801243e-01
5.779317314221206203e-01
5.855075972198832135e-01
5.034025002690428741e-01
5.113686300859430212e-01
5.085681638491911238e-01
4.418392986756550234e-01
4.392163703048203027e-01
5.495536843551944717e-01
5.889289102452246460e-01
5.968986218057108495e-01
4.509723929418616439e-01
4.436304267976122206e-01
5.774150553157096910e-01
5.725680940920566675e-01
4.534910682410160376e-01
4.524681401888870913e-01
4.533225243742160515e-01
5.327327733711478830e-01
5.438751309796977518e-01
4.445942609408431445e-01
4.416581278184499859e-01
5.147233713235470631e-01
5.271656927935444159e-01
4.018459133603416444e-01
4.231508439682752365e-01
4.394008945833968727e-01
5.202914857527917158e-01
5.546562959639088630e-01
5.574471324302445741e-01
5.024299670029306331e-01
5.102548492244314282e-01
4.758400516370495659e-01
4.869765444289310685e-01
5.143613903365075180e-01
5.142875608316619385e-01
5.026062718282587882e-01
4.933162984841235610e-01
3.501838662871398222e-01
3.501390087710504750e-01
5.670463329332980917e-01
5.574506690292928557e-01
5.081052449408139937e-01
5.092337129049666622e-01
5.039941053844237961e-01
5.051202796427242125e-01
4.367656089991514001e-01
4.414936137780460235e-01
4.475709895547456130e-01
5.919699274636081032e-01
5.910780645122791777e-01
4.455056542746144710e-01
4.491791284662874917e-01
5.651623800164005118e-01
5.591321214614324298e-01
4.452578518391474560e-01
4.441160893734080739e-01
5.175940204340117035e-01
5.321218174559547709e-01
5.335761005552938085e-01
4.338417499465849758e-01
4.360827322369052461e-01
5.236088957768307850e-01
5.281538559415466239e-01
4.274742051476047577e-01
4.196352782206870802e-01
5.504933158679533589e-01
5.554396852307798005e-01
5.026298735173730936e-01
5.041262015478359393e-01
4.813186133201296513e-01
4.850694354476428050e-01
5.119341176780984881e-01
5.102726454086720098e-01
4.745368099942827156e-01
4.963834352638539227e-01
3.504620784777498499e-01
3.530351946682303566e-01
5.264181693933511763e-01
5.273217068730118307e-01
5.677945677168189098e-01
5.070587655537667215e-01
5.009796583230442524e-01
4.997473005215311570e-01
4.910561615448458261e-01
4.514657959929651021e-01
4.555130689762539320e-01
5.615921553384038978e-01
5.699126832412567678e-01
6.187303092168794372e-01
4.542078046312432171e-01
4.629060115381679608e-01
5.608187723264760338e-01
5.564050227815584559e-01
4.457637788553239777e-01
4.500446959551028248e-01
4.533901222494424732e-01
5.322188508769964965e-01
5.422283651625866563e-01
4.347515156246689050e-01
4.415389385814519896e-01
5.296314634811185584e-01
5.310294424317527628e-01
4.234216899567892489e-01
4.329695204917266560e-01
4.353790023245024954e-01
5.324067511646268791e-01
5.168740536793932083e-01
4.932070249541805063e-01
4.855193173583229327e-01
4.849235343297066403e-01
5.108913463990617521e-01
5.075188753086155025e-01
4.897915592109506333e-01
3.520925771266434912e-01
3.585535322878596332e-01
5.169893097495051881e-01
5.171048135532114731e-01
4.825707172908177967e-01
5.020729087237496557e-01
4.891557336879341356e-01
4.755353503571043694e-01
4.489085379727383307e-01
4.452646267212047593e-01
5.642156314717508003e-01
5.318778931681943378e-01
4.289889761944527535e-01
5.102672760744686453e-01
6.001996281188365367e-01
4.445274101824967516e-01
4.404989400621411311e-01
5.123492122966916140e-01
5.049710194257809315e-01
5.659900736133437471e-01
4.250173320281676048e-01
4.492424520561541512e-01
5.298385210337267504e-01
5.240470554551276416e-01
4.493437632942802185e-01
4.475426496416768374e-01
5.125878150224263408e-01
5.129628277854119123e-01
5.156238499478342785e-01
4.947499197533519188e-01
4.819682613303996610e-01
4.908447615142566556e-01
5.103166013930382494e-01
5.065298493402005109e-01
1.084075133283977976e+00
3.642581306439623967e-01
3.688042696764078365e-01
3.691484675788099246e-01
5.254064214253869602e-01
5.095865531460802567e-01
4.452080575426370368e-01
4.410799681976775855e-01
5.412466295484843481e-01
6.041996716599414841e-01
5.922960750076456948e-01
4.364362260058932130e-01
4.342664556342267224e-01
5.165012244796642893e-01
4.695106176284309374e-01
5.227789559256391660e-01
5.178506208304807235e-01
4.434150465733857627e-01
4.411268320462183312e-01
4.935604133770125079e-01
4.904315150984583371e-01
4.909482006830752088e-01
4.998811976267121815e-01
4.922731170529187628e-01
4.931441412102313127e-01
5.086119704288283305e-01
5.053031518931537791e-01
5.405214135322510494e+00
3.832362906759584908e-01
3.852377279074766236e-01
5.113902014764142301e-01
5.110599830781585862e-01
4.449535525161297800e-01
4.368109148542816955e-01
6.126028885341523456e-01
5.866216834422434134e-01
4.343460733941539864e-01
4.350156430510673800e-01
4.591976915609971011e-01
5.250900204934615401e-01
5.173712831928410916e-01
4.440944787472833055e-01
4.532567041610159886e-01
4.654940520628496614e-01
4.918690577637910288e-01
4.922030391229117452e-01
4.922881936119466451e-01
4.966037052975392219e-01
4.950623715221429966e-01
5.150958873432431862e-01
5.117399772512971623e-01
1.698690004058816072e+01
3.849840219670306318e-01
3.880117606674303166e-01
5.399026550437202587e-01
4.965560071052034785e-01
4.466544165695936486e-01
4.496094540370714765e-01
5.832094331259740638e-01
6.046246416447056404e-01
4.545789137169515826e-01
4.210715468983586285e-01
5.566749589979628210e-01
4.722227435368007153e-01
4.302280782719169472e-01
5.127062969060348641e-01
4.894192527515962010e-01
5.077919837427248284e-01
5.042868402349691692e-01
2.749160336113545711e+01
3.171830187253724676e-01
4.859126451814929637e-01
4.557170149150753802e-01
3.799572299608668380e-01
5.603986962578615394e-01
4.060724341551786853e-01
4.094288538527655619e-01
5.570652585208935026e-01
5.605468676557009422e-01
3.992249744988981552e-01
5.023276677110948274e-01
5.129672838692467263e-01
4.831318071725237973e-01
3.151260742087330513e+01
3.879776302084083639e-01
4.965192280023136284e-01
4.557771675441278925e-01
4.496657968684903972e-01
6.046212935027757140e-01
4.060726389884336540e-01
4.210746441184272104e-01
5.570833998424807865e-01
5.567000574554573644e-01
4.301904994958505313e-01
4.893983248128713770e-01
5.129720743487378165e-01
5.042936957017420951e-01
2.749150846723907193e+01
3.849546081577518430e-01
3.852070884424891317e-01
5.398917250963138903e-01
5.110036179098803588e-01
4.466963545903602228e-01
4.368492500877245166e-01
5.832024061319076580e-01
5.866186641891589781e-01
4.545883636958093499e-01
4.592149069987184196e-01
5.173824185010147403e-01
4.722087738834777615e-01
4.655138404558331056e-01
5.125002441478425652e-01
4.948403374186410852e-01
5.077955732452059667e-01
5.117434309817122662e-01
1.698681528483086112e+01
3.832152464841849793e-01
3.691529836792763475e-01
5.113486494483824307e-01
5.095456820331886183e-01
4.449798027474691775e-01
4.411072570938074366e-01
6.126019692612353351e-01
5.922922511228686515e-01
4.343592313537486538e-01
4.342820066240464238e-01
4.350304238367397880e-01
5.250973225169592862e-01
5.178558906326864442e-01
4.440681178145177155e-01
4.410911024827940397e-01
4.532289880609958743e-01
4.918825896608534642e-01
4.904468055700442197e-01
4.922211750684339915e-01
4.923262799389657718e-01
4.994812074288603743e-01
4.964690797217601315e-01
4.930877132082951420e-01
5.150981035810744402e-01
5.053031927752150709e-01
5.405176214860954786e+00
3.642874538215307156e-01
3.585835634700079710e-01
3.688134559444330995e-01
5.252136362721935292e-01
5.169545040429411875e-01
5.020163333482883239e-01
4.754921869218696195e-01
4.452197210352487056e-01
4.452729855598971387e-01
5.412419390801912478e-01
5.318646799837604133e-01
5.102686660661917006e-01
6.041841790717853433e-01
6.001858188449449294e-01
4.364535606833674364e-01
4.405139508617483823e-01
5.165030023606644871e-01
5.660070513490629285e-01
4.694706275964400377e-01
4.491995708761229444e-01
5.227842397552164844e-01
5.240507034660681907e-01
4.433861579613804782e-01
4.474922996657259566e-01
4.935801999767305825e-01
5.156547570436932348e-01
4.909697481703856892e-01
4.819712846987958543e-01
4.923727747578731107e-01
4.909486953081488858e-01
5.086115220198735853e-01
5.065285353922219791e-01
1.084062540206769176e+00
3.521228070675916366e-01
3.530667614224679562e-01
5.170306574087071283e-01
5.679388685647329682e-01
4.825250877292879825e-01
5.009794923615631390e-01
4.891073337041680347e-01
4.910132972455233391e-01
4.489101547076387866e-01
4.555072193586000018e-01
5.641680149354615370e-01
6.186736169833245702e-01
4.290189621984823454e-01
4.629407780362340685e-01
5.564092996818545966e-01
4.445427835198140221e-01
4.534065023211402701e-01
5.123650833607517052e-01
5.422481224236755937e-01
5.049943107587848701e-01
4.249669478203161876e-01
4.414957834365759726e-01
5.298407001844768205e-01
5.310322702720499111e-01
4.493175270290992729e-01
4.353669084714118509e-01
5.126228343426220135e-01
5.169001464935308876e-01
5.129953366217732125e-01
4.945771211947897483e-01
4.933637410832294456e-01
4.849670111980906584e-01
5.103148403399297983e-01
5.075160483951755008e-01
4.897917483338145583e-01
3.504811499238030814e-01
3.501460432065631179e-01
5.263617907540919516e-01
5.573970630287999883e-01
5.273813506559906772e-01
5.070678702801777460e-01
5.092243065178614359e-01
4.997047076414676825e-01
5.050768617496149693e-01
4.514519847897153215e-01
4.475364439418060281e-01
5.615501376192649774e-01
5.910332706249227241e-01
5.698588273386105962e-01
4.542390024341209642e-01
4.492068073798932137e-01
5.608277782250116195e-01
5.591566061777110130e-01
4.457838871854892804e-01
4.441379667501804129e-01
4.500623180945031998e-01
5.322290274996274162e-01
5.335815773738366019e-01
4.347083309557185360e-01
4.360407933737894814e-01
5.296346253175925334e-01
5.281504164531818368e-01
4.234025212646152503e-01
4.195803905985670545e-01
4.329529526713032928e-01
5.323822478693918114e-01
5.554468200294558899e-01
5.041131666615897844e-01
4.856324688545764490e-01
4.851034779744818892e-01
5.108880380760615347e-01
5.102685171999665759e-01
4.963831824002298831e-01
3.501775556051291982e-01
3.398499840585843534e-01
5.670191365077441592e-01
5.855067182764420730e-01
5.080897711549217100e-01
5.033898252645071514e-01
5.039568625558787929e-01
5.085235113998056722e-01
4.367269477033026148e-01
4.391836614702873121e-01
4.414660736126799767e-01
5.919305446263892767e-01
5.968640299625352919e-01
4.455290889680874056e-01
4.436508405265756627e-01
5.651919719263411857e-01
5.726032893214462183e-01
4.452797830398214085e-01
4.533399913258973069e-01
5.176120265142013510e-01
5.438961461851364865e-01
5.321266126663141138e-01
4.338038133188672485e-01
4.416202386866682761e-01
5.236080477158620017e-01
5.271652176893844022e-01
4.274753477097290588e-01
4.397133729859885598e-01
5.505196133383314372e-01
5.574601993482830586e-01
5.025174801733927055e-01
5.102010380795695133e-01
4.813615964148570403e-01
4.870008059772936160e-01
5.119295968818783349e-01
5.142823552329917058e-01
4.745397769642499819e-01
4.933162276679128322e-01
3.011669318784981897e-01
2.957895585518092729e-01
3.278019889312563384e-01
5.595211090483577232e-01
5.686381784199433520e-01
5.779255347938934140e-01
4.935499152496507502e-01
5.113322442580723326e-01
5.136679530065823007e-01
4.418028859496673788e-01
4.563984755154262274e-01
5.495406678064714834e-01
5.643860913329856732e-01
5.888957846472191449e-01
4.509875611443689980e-01
4.450003491169315928e-01
5.774553376532614024e-01
5.813989109519170917e-01
4.535153437038298985e-01
4.513511763506423136e-01
4.524892970639061152e-01
5.327393878860725573e-01
5.332868189576143170e-01
4.445589662352207871e-01
4.463396023921333278e-01
5.147336912702618061e-01
5.157212212338913027e-01
4.019256056694801571e-01
4.006344296608601585e-01
4.226309534861973360e-01
5.202811901373828318e-01
5.358592189901209002e-01
5.546533069088028789e-01
5.024202981217255060e-01
5.096148820485538744e-01
4.758735847889096759e-01
4.835765440287326800e-01
5.143557361463785282e-01
5.131141153363274476e-01
5.026087142383859341e-01
4.870786870637645594e-01
2.894284221233927590e-01
2.943857854468143742e-01
5.943706160318190657e-01
6.188777032194879846e-01
4.928855838036502179e-01
4.892110576963373259e-01
5.087040173388914788e-01
4.374313379492297815e-01
4.403508638585769686e-01
4.383809773071427052e-01
5.799788394818723436e-01
5.996042496917339815e-01
4.459954765003464328e-01
4.417344614093064448e-01
5.894446175552231493e-01
5.886505999469574535e-01
4.502436120403139341e-01
4.624147674412930065e-01
5.179015477556438984e-01
5.243054183956785685e-01
5.385146695673840300e-01
4.495158628420548030e-01
4.475269111967576374e-01
5.040497014758096306e-01
3.915085911120362305e-01
4.016545736479258388e-01
5.551661974730908167e-01
5.669729171343987906e-01
5.120091845236972583e-01
5.064260557146832431e-01
4.727967654460544789e-01
4.769311697339055356e-01
5.115261562273479834e-01
5.142572931788571555e-01
4.906512812419361325e-01
4.884768758717117354e-01
2.919751904518443353e-01
2.844861512052201391e-01
6.379552667165299118e-01
6.576524103366323537e-01
4.917848824111496486e-01
4.877097342026589510e-01
5.076288379667709405e-01
5.154614236171579655e-01
4.380736178266152470e-01
4.451436488256726443e-01
5.916767168584742276e-01
5.960226449521157654e-01
4.467834975554416110e-01
5.829216795300513621e-01
5.999520478683793012e-01
4.566376544314627028e-01
4.580310977364153158e-01
5.339846036753730374e-01
5.423689328300701495e-01
4.498626753587723903e-01
4.514337439136924535e-01
5.048605110763165760e-01
4.983682211501352932e-01
3.864779865280862925e-01
3.953487523737007070e-01
3.894842697497785666e-01
5.758817589486937560e-01
5.768893246669953845e-01
5.170485384102107007e-01
5.138703539860959291e-01
4.707019434377385791e-01
4.732154746492683306e-01
5.142171347521903302e-01
5.147074833548069828e-01
4.922266711480222101e-01
2.500465274752609046e-01
2.520351496165965099e-01
2.722231718775470211e-01
6.564299964066597770e-01
6.447674910003146076e-01
4.850747603194069946e-01
4.851440536586552055e-01
5.166134728903283291e-01
5.159207639209836271e-01
4.644759515053794585e-01
4.299755544577712474e-01
4.603183654808450931e-01
5.610349459452799170e-01
5.639067178136436542e-01
5.986240627378701662e-01
4.429328576925016248e-01
4.470372366148495646e-01
5.419187101659530548e-01
4.967164637589490672e-01
4.591150701042818194e-01
5.449549837625543569e-01
5.373139494136495165e-01
4.609484903849977999e-01
4.552408112273164109e-01
5.054749853474923560e-01
4.917046526347961799e-01
4.112825270701982450e-01
4.349290353883965565e-01
5.457921886610475060e-01
5.873516625848131945e-01
5.753752628325211615e-01
5.069638397030509225e-01
5.067581107126369888e-01
4.660391372616137784e-01
4.806157999903849509e-01
5.101088144124239498e-01
5.251662083697860028e-01
4.919841428581311349e-01
4.903082862418516319e-01
2.618926434214794430e-01
2.708890181567177313e-01
6.397257604512648355e-01
6.438940141336284562e-01
6.459034341614962038e-01
4.865914632639053994e-01
4.869689312120830671e-01
4.612085922212245670e-01
5.639769279524435852e-01
5.690819558661651678e-01
4.568819109772043197e-01
4.563262754456157699e-01
5.547774604343524985e-01
5.623016371978739603e-01
5.558517029336120796e-01
4.520134418561126965e-01
4.504950365511007915e-01
4.950213351026214736e-01
4.050157922964796042e-01
5.769489995586600806e-01
4.562410571406228521e-01
5.075021147941727317e-01
5.070261161433334829e-01
4.751368419564129808e-01
5.046953734278766257e-01
5.196331699928334880e-01
5.059338963156294611e-01
4.890614801648629495e-01
4.844933759744146085e-01
2.673752510920903158e-01
2.846180101249793370e-01
2.641235200157024399e-01
6.819608181384876344e-01
6.926063780446307661e-01
4.757846914981256337e-01
5.739515737322290478e-01
5.699311042038819330e-01
4.520022163684830896e-01
4.516507403631294659e-01
5.040557065393229674e-01
4.423582363162993358e-01
3.651111173317961867e-01
5.034073694060229309e-01
4.980433930239089868e-01
4.824664254264370289e-01
4.790925576633245919e-01
2.856879549383476991e-01
2.588921546330042456e-01
6.919824870896471580e-01
7.068397484140420683e-01
5.154183534021099522e-01
5.081927087077738880e-01
5.456590272844288325e-01
5.249130982632437270e-01
4.320184762205764306e-01
4.835334708493343459e-01
4.468038734735058082e-01
4.496692740116657316e-01
4.374756157680717017e-01
3.530734526495237224e-01
3.649555257623547933e-01
5.661461834266738880e-01
5.007738130673419219e-01
4.812805686772557157e-01
4.761499262630770057e-01
1.072233277978476285e-01
1.163388088983287050e-01
2.375749369283322310e-01
7.300459759398034709e-01
7.947365309587202109e-01
4.766449083485667093e-01
4.704716703435227187e-01
4.169659216090244591e-01
4.630670316867382397e-01
4.641457846104232177e-01
4.697786074796125866e-01
4.721911857328623952e-01
4.450073432828982045e-01
4.349725846343730495e-01
4.043796262245453743e-01
4.043230556644769047e-01
5.612298543219882418e-01
4.771812542409354374e-01
4.744878482359506933e-01
1.493899034951808591e-01
2.040370043560552071e-01
8.105857168966104087e-01
4.496967174014470103e-01
5.029970507078826980e-01
5.150459760892429628e-01
5.014212629930301368e-01
4.603340230261767085e-01
4.316832128188550222e-01
4.694536012900278332e-01
4.976838664258140255e-01
4.674792247304596637e-01
3.985593417504971758e-01
3.807776937152519969e-01
5.567086585624247963e-01
5.594045396663088754e-01
5.486879228930603425e-01
4.712398932915833338e-01
2.939689379119939661e-01
3.018951365832755473e-01
1.124885583481311097e-01
5.065781313500579142e-01
5.374345174419364879e-01
5.113614331861269235e-01
3.914102681361549263e-01
4.960700171166387840e-01
5.056585911957816037e-01
5.089472113668528364e-01
4.660257459296327509e-01
4.771971061202834319e-01
4.591238661676634858e-01
4.293764321165328690e-01
4.036435850536964076e-01
5.663638352836138923e-01
5.453821102584741620e-01
4.696633319488213720e-01
4.660497873377537070e-01
3.425168066027835523e-01
3.431506033136328404e-01
5.502847286319024860e-03
-1.496547727304014088e-03
5.191317106203036102e-01
5.410156433505726170e-01
5.197549127086350529e-01
5.224358993580396904e-01
4.076311214402139615e-01
4.074846476271799522e-01
4.900395336541411018e-01
5.118361151581708457e-01
5.018167566612383723e-01
4.826873939870481856e-01
5.495484651115104535e-01
5.875035797594915232e-01
5.953614593655739418e-01
4.888926423025082291e-01
4.698740844009412498e-01
4.738555000749797297e-01
4.690508324036190002e-01
4.650347671226255364e-01
4.509317008089532286e-01
5.032195262623648802e-01
5.669914398298706582e-01
5.355113148614475405e-01
4.151568493326266984e-01
4.094587573958970439e-01
5.557985926246958863e-01
5.675096560431477366e-01
5.379212586475995428e-01
4.761656294415127499e-01
4.721724773486490889e-01
3.683164042214250866e-01
3.685118364961887383e-01
-2.826027458304491199e-04
-2.905307123319276000e-04
5.283951173948010505e-01
5.365586295685988993e-01
5.213284076203862361e-01
5.389351448630361752e-01
2.801249343593748553e-01
2.625923636309009379e-01
3.029328125883867240e-01
4.271707750058463260e-01
4.905541669702673802e-01
5.052675584468787617e-01
4.959782496174052202e-01
4.930073048429904903e-01
5.027171203524029020e-01
4.898934929852123421e-01
5.687057975535605436e-01
4.695223877672365931e-01
4.692301641668457091e-01
4.646368003180876838e-01
4.710608076297567726e-01
4.752041497903353173e-01
5.010112272342550632e-01
4.861768661846660455e-01
5.396710803478333984e-01
4.160101043572045354e-01
5.601096671299019558e-01
5.554279209072513490e-01
4.742164299197958455e-01
4.764615552288951617e-01
3.797686510012469596e-01
3.795201195310245468e-01
8.136534706700362246e-03
1.277450291193151302e-02
4.017930230744606868e-03
1.678556759020297643e-05
5.177034086487617426e-01
5.246602620280133022e-01
5.318879594828681556e-01
3.657901250623679101e-01
3.970628126747138276e-01
2.407701055330275508e-01
5.116282099493651980e-01
6.333289436717142173e-01
4.023345549259451093e-01
4.819662363656432857e-01
4.929425554956833877e-01
4.877528681741282734e-01
4.891211250644645903e-01
4.958501489385568339e-01
4.906230078791475879e-01
5.671689933066931255e-01
5.648958779119191975e-01
4.906246588035598766e-01
4.727031359763562701e-01
4.658170995456203389e-01
4.606906628586961427e-01
4.661438667099332966e-01
4.658209328154550022e-01
4.913454141521160223e-01
4.700531208599204036e-01
5.461183979474594219e-01
5.451726816388233754e-01
4.325884515722903667e-01
4.178992911082485273e-01
5.516398600396847929e-01
5.822511128731870933e-01
5.523281496362841825e-01
4.779004775851464770e-01
4.821094532451288828e-01
4.780848891468614248e-01
3.853434310153276421e-01
3.891935190143165912e-01
1.867136920375094544e-01
1.962576579937215515e-01
1.072771059198874832e-01
5.353741849064898306e-02
-3.484207190293935573e-03
-9.986135718879180726e-05
2.354215969022599409e-05
5.020432660889371235e-01
4.912091595133446509e-01
5.174461523893503223e-01
5.205074141580893210e-01
3.882488389575226018e-01
4.324271272168573876e-01
4.007336049733413175e-01
5.525207151611185585e-01
3.921147193313317403e-01
4.791649879722250649e-01
4.781535407192165077e-01
4.744869597492417657e-01
4.738011537807378937e-01
4.888049225734691916e-01
5.110876991970890737e-01
4.882784336599043651e-01
4.927126205608904908e-01
5.449094948207723332e-01
4.722798688584490256e-01
4.586839913519382694e-01
4.565018993401987468e-01
4.569235292147142413e-01
4.756495038028202282e-01
4.807003795625833242e-01
4.703651009171559982e-01
5.285201317303878099e-01
4.288951376800880233e-01
5.488301137888338399e-01
5.593481210204708232e-01
5.514672765402024446e-01
4.770681551161286560e-01
5.013073692929640446e-01
4.102957261530973954e-01
4.213232275544021022e-01
2.203941624712301706e-01
2.444986800250830983e-01
4.039719984159536592e-01
4.947104174139043131e-01
4.241053198042045724e-01
4.756043480461590311e-01
4.313573493999350861e-01
4.468049102449095922e-01
4.470863120646325628e-01
4.430915681134935391e-01
5.301600269094736140e-01
4.329120367770331601e-01
4.534627491173294223e-01
4.903016588724488090e-01
5.107892466786765340e-01
4.832667385001394034e-01
4.918688080570315369e-01
4.932045070194305825e-01
4.827079336062680137e-01
5.522171964557619495e-01
5.505745844460865346e-01
4.921832104433005450e-01
4.821265232518676114e-01
4.496645721328805245e-01
4.512352299316283455e-01
4.387409780786262758e-01
4.858547728646403496e-01
4.754769489243719227e-01
4.784342613158211743e-01
5.389126544274297492e-01
5.357288425364967743e-01
4.521167195157748675e-01
4.345650219590052044e-01
5.507828741328089084e-01
5.491574599312725180e-01
5.606092978094441293e-01
4.845198406269710101e-01
4.844913210486622157e-01
3.796540095020806693e-01
3.778971552513278320e-01
3.971605995294589242e-01
2.742710877061197428e-01
2.859606189748031824e-01
2.480629805930479048e-01
3.176402450272713396e-01
7.446701457110691535e-01
2.090424837964276750e-01
5.390109768889440600e-01
4.480074247654454167e-01
4.651992675643050190e-01
4.448228780566919616e-01
4.658487325699348647e-01
4.555339252100886194e-01
5.232912990060527569e-01
4.680712862704318189e-01
4.944341490655143612e-01
5.552144182361321567e-01
5.014285389006413185e-01
4.902396428978286202e-01
5.036302125233269589e-01
4.856846854574996541e-01
4.884353769899529296e-01
5.221561555788604148e-01
4.834671100487535900e-01
4.456928223408515022e-01
4.748807167868352441e-01
4.274447987758735468e-01
4.906212662874075980e-01
4.787851742440811798e-01
4.859331719262911520e-01
5.158501705677008831e-01
4.375294140732739478e-01
5.551182587994475393e-01
5.676389583656851201e-01
4.844320199998513599e-01
4.994442827359273918e-01
4.862371731526116680e-01
3.522255715469414517e-01
4.245280288268050151e-01
3.025111332586120638e-01
2.892009202050563332e-01
4.783902886265819498e-01
7.903998361790091076e-01
6.072757496253312626e-01
8.222979446392697511e-01
4.398780880952411487e-01
4.473137011310671096e-01
4.384127852460797392e-01
4.609780504240436616e-01
4.344643219350159957e-01
4.602970733859712560e-01
5.391153050406570779e-01
4.910009904701712613e-01
4.937386077777868865e-01
4.811190697450947740e-01
5.205465883889284218e-01
5.002557717231471690e-01
5.036369349346331292e-01
4.740268222857254576e-01
5.131073912941584991e-01
4.602780311752098785e-01
4.946140271409411038e-01
4.818150504719754257e-01
4.895440910986871841e-01
5.544191771538716784e-01
5.363967654352160830e-01
4.581983598638065258e-01
4.661477262421055423e-01
5.343378188777567761e-01
5.670827901384329905e-01
5.423845328602688864e-01
4.744618218234734064e-01
4.909355012792286921e-01
4.785800670581583649e-01
6.316425580171066700e-01
3.772065084818581604e-01
3.887315433399109454e-01
2.787993314368417130e-01
6.585938423788162410e-01
7.720752881799222145e-01
5.696171572146967454e-01
6.913148662063393068e-01
8.409633497238594435e-01
8.404977061181737596e-01
4.402486366787055072e-01
4.645183105248187339e-01
4.427582978534440050e-01
5.729346592950030903e-01
4.722301426136467639e-01
4.901778705490036914e-01
4.773417304500683911e-01
5.936739898451752762e-01
5.813777649082459975e-01
4.937245944165671308e-01
4.905962557663328116e-01
4.706613448518225384e-01
4.978491825238801627e-01
4.941925538100920279e-01
5.072362634185163532e-01
4.693943453574799807e-01
5.232387890340729486e-01
5.568529329348117507e-01
4.746445449286649798e-01
4.691004974317010690e-01
7.097892239407674886e-01
3.791903644905647575e-01
3.702601502600815775e-01
4.512811726010627633e-01
6.577797674764421787e-01
4.685934665063333227e-01
6.333820086613974887e-01
7.612403881228025915e-01
8.326202452436606283e-01
4.068762040651528467e-01
2.500282254704862539e-01
5.178830081757671566e-01
6.774328207446466132e-01
4.224006919960677231e-01
4.997424936445130084e-01
5.829556185068534013e-01
6.172941989996085788e-01
6.296333166292891192e-01
6.932762618589637382e-01
6.542036992918337512e-01
3.683669549971285151e-01
2.837281154661021043e-01
4.769230623851620221e-01
4.864691967028805242e-01
4.049796249279224436e-01
3.409012877586427015e-01
4.924277570109258928e-01
5.290782897800322404e-01
4.605106130663295660e-01
4.694362329035106085e-01
4.711850537684552087e-01
8.029797360177756138e-01
5.967039335807993172e-01
5.992761284355899720e-01
4.743584653351940461e-01
6.015002339078280302e-01
6.898212125058539312e-01
5.399819124969523765e-01
5.759698778051280943e-01
5.337262631995387530e-01
5.521334236667923001e-01
5.668146619647785878e-01
5.877715743620742783e-01
6.146610354090975559e-01
6.502031148019563611e-01
6.958389635497109760e-01
7.515987355548536808e-01
7.099004346303644519e-01
1.390702929007294197e-01
6.429334260204400131e-01
7.186556188200193818e-01
1.842503382883224627e-01
5.844667976553084010e-01
6.439687434389995691e-01
5.347372241909732482e-01
4.485774807134500497e-01
4.528503336022072223e-01
4.499390452551305097e-01
9.300850325043114042e-01
6.018026979709770741e-01
1.462152011057906431e-01
5.293755915270976775e-01
6.329958633749968033e-01
4.988014758526090886e-01
5.486155152845585414e-01
5.942609521111364979e-01
7.080318550155936252e-01
1.803419495188276767e-01
1.568123183895436257e-01
5.257475308926781166e-01
6.422990057568105371e-01
5.694954872681535774e-01
6.575266692180405936e-01
4.430483648969429922e-01
4.243289617314173756e-01
1.089341616584737604e+00
1.442837906343424348e-01
4.460007101170117561e-01
5.434983509881821107e-01
6.776252722258718775e-01
4.259530808738939966e-01
4.823463635962851881e-01
5.630128881643704508e-01
5.658076188660344785e-01
5.305577966802459411e-01
5.381137049995731170e-01
5.689119236465656204e-01
6.140810228025472828e-01
6.587903685057648895e-01
6.745298568533972805e-01
1.253020417447590074e-01
6.272559227769999302e-01
6.429646670746870241e-01
5.359547161389529579e-01
5.791862801483473877e-01
6.410076561140346518e-01
6.569573011983265154e-01
4.125944300322065827e-01
4.250420429423287239e-01
4.038379339802056767e-01
1.281795828777380741e+00
5.718586989456085901e-01
7.878749552107905396e-01
7.924628323734000945e-01
7.171136398088506780e-01
1.776346974258803113e-01
6.335940830380285549e-01
6.460315600487065435e-01
5.109794018156309514e-01
5.508661170791387951e-01
6.036483213593258901e-01
6.618251181884794443e-01
4.128074542249458578e-01
3.948864720872126144e-01
2.183223101143952072e-01
5.506402411588410262e-01
5.879232258020631319e-01
5.989845614131766860e-01
6.741301562118354740e-01
3.812433145847250460e-01
3.863973658001044753e-01
3.634443507440600629e-01
3.861391311225469414e-01
3.841889082840057035e-01
2.078421139565520548e+00
1.771867416351074809e+00
3.860898724133524085e-01
4.094500284932106049e-01
3.913155445005450650e-01
2.439806703024935963e+00
4.079812510218753796e-01
4.197879616149470805e-01
3.875055028859907824e-01
4.129879895847683446e-01
2.877564588940198842e+00
4.089521942176838065e-01
4.408586773082230903e-01
4.226210988790408130e-01
4.445108211806693133e-01
3.433167176970327361e+00
4.483805630429601452e-01
4.646151618355929824e-01
4.346393152721262365e-01
4.562409830032390090e-01
4.628333473964472700e-01
4.635114243023934488e-01
4.419923615515260473e-01
4.198559828073872957e+00
4.382983486958743069e-01
4.513091087152240610e-01
4.586747910487048996e-01
4.640443789058989466e-01
4.676359406204033120e-01
5.438978045015004703e+00
4.453674533383906731e-01
4.606912501288046857e-01
4.333539897774054683e-01
4.571425656281689620e-01
4.618444024275433213e-01
4.515469898065515020e-01
8.441661613434042977e+00
4.308740517439580420e-01
4.499899827428980870e-01
4.551961013934455735e-01
4.603407927814832656e-01
1.087355848436282102e+01
1.702462407091687524e+01
7.198903831352196470e+00
5.602899513691927069e+00
5.028061328324799462e+00
4.668483892069791530e+00
4.396667174425304303e+00
4.171500537162489586e+00
3.974839599656071254e+00
3.796992757683774755e+00
3.632487196742532287e+00
3.478267894706729813e+00
3.332756016230416840e+00
3.195278231359855781e+00
3.065688028869911985e+00
2.944105150544644278e+00
2.830738453777207120e+00
2.725771994063522996e+00
2.629299221842373413e+00
2.541292448272297833e+00
2.461596531919411746e+00
2.389937489567846907e+00
2.325938233030436120e+00
2.269134827295494983e+00
2.218987879256191675e+00
2.174885431953749837e+00
2.136136496008451235e+00
2.101958172900471489e+00
2.071463714474858442e+00
2.043662615035568120e+00
2.017485118940684163e+00
1.991840408166335230e+00
1.965709224933388732e+00
1.938259065139879445e+00
1.908957562956232534e+00
1.877653334614366676e+00
1.844598183563455951e+00
1.810400262280331685e+00
1.775918661353354855e+00
1.742126907836204053e+00
1.709979014581078705e+00
1.680305963908684808e+00
1.653757378026769143e+00
1.630789073163287028e+00
1.611686715185033147e+00
1.596610080279156740e+00
1.585640564505413908e+00
1.578815577282557170e+00
1.576137264542794014e+00
1.577550117121905293e+00
1.582892100026069615e+00
1.591834800233664415e+00
1.603835788401812845e+00
1.618126615093566922e+00
1.633750109572809972e+00
1.649642226565854797e+00
1.664732518410514173e+00
1.678022666037561672e+00
1.688603524701845160e+00
1.695592352376600775e+00
1.698009748935227936e+00
1.694657939577019823e+00
1.684089218098199447e+00
1.664744769191951246e+00
1.635286834562986957e+00
1.595050458925216352e+00
1.544446704645307644e+00
1.485120262194742358e+00
1.419743889402991677e+00
1.351495914104894114e+00
1.283421886459005457e+00
1.217927960311292690e+00
8.967248682846872265e-01
9.265738248495235529e-01
8.727009623144069694e-01
8.376898974808316689e-01
8.430420081039688984e-01
8.386420796335578576e-01
8.456428769428174785e-01
8.581296013370763864e-01
8.751220044560884537e-01
8.951276442557113411e-01
9.160938756033576436e-01
9.354142933959370687e-01
9.499523945702796901e-01
9.559911911866462164e-01
9.489666173496259516e-01
9.228138341677053491e-01
8.687175321290000474e-01
7.761785087913098957e-01
5.283510648447632407e-01
6.488551598998002490e-01
4.834381262522621236e-01
4.762637232447814450e-01
4.698662808100294019e-01
4.666628374352269071e-01
4.508100492472703058e-01
