1.743661111529195296e+01
1.108277647323000181e+01
8.594670831227862351e+00
7.270137280037406668e+00
5.603152396321361195e+00
4.993273499872232790e+00
4.611845728369224240e+00
4.326529403309007371e+00
4.094134208684423015e+00
3.895210811819697305e+00
3.718978180915565090e+00
3.558913680260535894e+00
3.410908137844639754e+00
3.272345514148908396e+00
3.141583328831672794e+00
3.017631410232931799e+00
2.899939347383734933e+00
2.788249261113850519e+00
2.682491106546799564e+00
2.582707236605823908e+00
2.488997564961851428e+00
2.401479061827038297e+00
2.320254731107815438e+00
2.245388256058094445e+00
2.176881498738563625e+00
2.114653197962110376e+00
2.058518626409622243e+00
2.008171610570023358e+00
1.963171989680998708e+00
1.922942894329376040e+00
1.886782596536581647e+00
1.853894550835176736e+00
1.823436331349522765e+00
1.794583818030240030e+00
1.766602302104830935e+00
1.738912787060696852e+00
1.711141148144696311e+00
1.683140624529296137e+00
1.654983770639793406e+00
1.626926873443718113e+00
1.599355922432554866e+00
1.572726742977532677e+00
1.547511890262748269e+00
1.524163385526420500e+00
1.503094421802470215e+00
1.484676603814144791e+00
1.469244190586244558e+00
1.457094788137000663e+00
1.448477522241046200e+00
1.443564134417579581e+00
1.442403956514353602e+00
1.444868415182913202e+00
1.450593352694079075e+00
1.458928006536353017e+00
1.468899210762890650e+00
1.479200183164345539e+00
1.488216433264190064e+00
1.494105687098392421e+00
1.494949180951591572e+00
1.488980406968322345e+00
1.474869435474937873e+00
1.452002571368876227e+00
1.420669220461974414e+00
1.382075948763459516e+00
1.338160712828633025e+00
1.291255822784327156e+00
1.243703857863572182e+00
1.197535090996772578e+00
1.154271631796202735e+00
1.114864777009934471e+00
1.079731563088521584e+00
1.048847253845767380e+00
1.021863593047139362e+00
9.154561166705986741e-01
9.063029233751040969e-01
9.010166435328440526e-01
9.054017947403680822e-01
9.162686686242655920e-01
9.330605351385296009e-01
9.551434826976391568e-01
9.810888120520960820e-01
1.008506401443339362e+00
1.033896677971731348e+00
1.052551807313498067e+00
1.058552526082041201e+00
1.044906033448035343e+00
1.003793498257065986e+00
9.267359078390119409e-01
8.043787282297609753e-01
6.343148908857000334e-01
4.552542608034958471e-01
4.056355887513181657e-01
4.380015384576495530e-01
4.439126372458874203e-01
4.428168027028280829e-01
4.422979941364551526e-01
5.517048607595233634e+00
4.192537817285551527e-01
4.173069020418829211e-01
4.413039245270565236e-01
4.401261053524154199e-01
4.390250386267192662e-01
4.257595952467613465e+00
4.188435788941498594e-01
4.210066076809977353e-01
4.425230241306521428e-01
4.414735785746225494e-01
4.473511138598781911e-01
3.488976051728899463e+00
4.213508903235060887e-01
4.158781696079058010e-01
4.409952460561614163e-01
4.464298699805265835e-01
4.323696478830741374e-01
4.309045437801687362e-01
2.936874896508583799e+00
4.097807546534988909e-01
4.271500893440628444e-01
4.445937443017629054e-01
4.453940617842985228e-01
4.380448206110039155e-01
2.506424717167581306e+00
4.259249210388723617e-01
4.029374735486287995e-01
4.285396201872001543e-01
4.407717710800854172e-01
4.240941063084974760e-01
4.227442607782248563e-01
2.154697899129790706e+00
4.037334474922550376e-01
4.278085005920154171e-01
4.170176274095319102e-01
4.158927333129345816e-01
1.859050363922702065e+00
4.119328692589075969e-01
4.223174903886758869e-01
4.154920085127095652e-01
4.138528122954259203e-01
4.167720158056577029e-01
2.816826905011224347e-01
2.574096530553393047e-01
4.800765096835882817e-01
5.117643029237411989e-01
4.976374703289357937e-01
5.028818648860140517e-01
5.016872207997196131e-01
4.156951424839667730e-01
4.082576634197986332e-01
4.359041182965659456e-01
1.202166256358121466e+00
1.389106788459533615e+00
4.884251636652292561e-01
4.875869575757941776e-01
4.898178926843180236e-01
2.516183754026642960e-01
4.770109320013298793e-01
4.885200277948485437e-01
4.943864130518899613e-01
5.129649771155813109e-01
5.262603421000974224e-01
5.347983913231588726e-01
4.154987508363135462e-01
4.171704383281235606e-01
4.237789707150017016e-01
1.042584426002654219e+00
1.733815410494919940e-01
1.999567390186214322e-01
4.483838333551112276e-01
4.512637412958289129e-01
4.744619331871968160e-01
4.694033702879622516e-01
4.691081976115826224e-01
4.692869654521080180e-01
4.701130872637179214e-01
4.734108012702484825e-01
4.775916643422212227e-01
4.850777084649721127e-01
4.950183153766413713e-01
4.927931273221078934e-01
4.795998055535199422e-01
3.791664363633767687e-01
4.821559732509076435e-01
4.915050042245649453e-01
5.055415373788038069e-01
5.419841401542223602e-01
5.197573756777130738e-01
4.172216741374455973e-01
4.199643890565984972e-01
9.068577046095412930e-01
2.139136417639555254e-01
3.770715368523602784e-01
4.033701671258857480e-01
4.694012364481359723e-01
4.682026941915537477e-01
4.692850206476473218e-01
4.689945688271085489e-01
4.750391732955668300e-01
4.715639841770782326e-01
4.763126101521054090e-01
4.861756540365271273e-01
4.892826597558773694e-01
4.935980570930057487e-01
3.935189807800123507e-01
4.363301601721167322e-01
4.330371842689104134e-01
5.011642947071536236e-01
4.853545354237960852e-01
5.008753705812638568e-01
5.365093594597898363e-01
5.304590214896036660e-01
4.186675653811312570e-01
4.150676784066310576e-01
4.376027616921447927e-01
8.137013889981218329e-01
5.199286220928406310e-01
4.177368998652905563e-01
5.211857207729689856e-01
4.329313707006280376e-01
4.210068271187794031e-01
4.145494240418928777e-01
4.667680148866741319e-01
4.725139813572903358e-01
4.779150350618180387e-01
5.080061185745774477e-01
5.298633872425074776e-01
4.328982927243174572e-01
4.444772060969605088e-01
4.400949979338133478e-01
5.110674076717329761e-01
4.868143994220482385e-01
5.090578189453985880e-01
5.436273091460257501e-01
5.396395666578089889e-01
4.209877567106763974e-01
4.258609863172772014e-01
4.326347845349726717e-01
5.550944636568451163e-01
4.753630793048412295e-01
4.683501664301089606e-01
4.899105520389757107e-01
5.077526531554118483e-01
4.193955760869129690e-01
3.243342744506909625e-01
4.858454257133504317e-01
4.505932009226303880e-01
4.598998499220131042e-01
4.332964584038336286e-01
4.526175787585684507e-01
4.800721374015665677e-01
4.961261075286161337e-01
5.104815750188390622e-01
5.259894329718569628e-01
5.184989941546771508e-01
5.044865240528865202e-01
4.153064255953212713e-01
4.341941608084122772e-01
4.587976509793616486e-01
5.996741708470896270e-01
4.464169848486078118e-01
4.447559048528045844e-01
4.445148396527437429e-01
5.048338348987654323e-01
4.982709878020978311e-01
4.950331316016640670e-01
4.247478169055026731e-01
4.315042838231151201e-01
4.280227657246062356e-01
4.204079928262696719e-01
4.336870521281960267e-01
4.737749312867666207e-01
4.655864813028716132e-01
4.631766655013172529e-01
4.756653565061573219e-01
5.052178521628710728e-01
4.906256240061897533e-01
4.174857172274012429e-01
4.334899139217405772e-01
4.273855241959199636e-01
4.315636236129115622e-01
4.766023922608464969e-01
4.663461167458599066e-01
4.750587192896193467e-01
4.773854665767806593e-01
4.867955083043337128e-01
5.022515035746857315e-01
5.318015626080602187e-01
5.092227480135392836e-01
4.169077410253356208e-01
4.309369062711158049e-01
4.355415778160781071e-01
4.295545882790539061e-01
5.834117283237687523e-01
4.833032252358999692e-01
3.857602142709594117e-01
3.797523566267246853e-01
4.541663276136125305e-01
4.608464679299913436e-01
4.608720919456473220e-01
4.449479952932482441e-01
4.484083036234561837e-01
5.023764476656233935e-01
4.633407762504367366e-01
4.031635295702752919e-01
4.991733288583776185e-01
4.290204296364993897e-01
4.302762366774712244e-01
4.291521707447960021e-01
4.393963368059660146e-01
4.312933693660474521e-01
4.305671578431524149e-01
4.615330025198610686e-01
4.733511233201221358e-01
4.765746822563612928e-01
4.882786686503546303e-01
4.786347879174866482e-01
4.861501756569338029e-01
5.086857054202529316e-01
4.993997749747742798e-01
5.003951247686511117e-01
4.025189762714182495e-01
4.441342444781545273e-01
4.463780753028308013e-01
5.048415040452564062e-01
4.648209024006661472e-01
4.765422404337211204e-01
4.682813404301164883e-01
4.780781340058176676e-01
4.259112965761792657e-01
4.404698384324990390e-01
4.521936635245986102e-01
5.044839416842806790e-01
4.110837664561468041e-01
4.591790756914265192e-01
4.656649745299219489e-01
4.646627720345857804e-01
4.457845202244732907e-01
4.460719869762491685e-01
4.517567799109984961e-01
5.374368177382554679e-01
4.967957614819351053e-01
4.092384373621236748e-01
4.975254593409480508e-01
5.123355189022994471e-01
5.382882590429604042e-01
4.298095059068973156e-01
4.531109507285652205e-01
4.266607366352757613e-01
4.249674775809725857e-01
4.393604972841594347e-01
4.799723909439617686e-01
4.727266616115349263e-01
4.837792955653469895e-01
4.894067038803980862e-01
5.210098440797935604e-01
5.094968710995446681e-01
4.248226590787528845e-01
4.256797512516813375e-01
4.426939485431971577e-01
4.491647794598635501e-01
4.766950846636622829e-01
4.571722396327888016e-01
4.625935798661841014e-01
4.370920438413434805e-01
4.796277999586354146e-01
5.018412431794067041e-01
4.972379615895213267e-01
4.294283983583327968e-01
4.348026039026145484e-01
4.423407618771209582e-01
4.511424485581422839e-01
5.221169577774334991e-01
4.170729961692637988e-01
4.173527151975790495e-01
4.679766311416799773e-01
4.705364548356194554e-01
4.710331980933999407e-01
4.722020186925224849e-01
4.445523584243257220e-01
4.465577060785216879e-01
4.560232460677809962e-01
4.971426497692362223e-01
4.042003191619192859e-01
4.117536262163967176e-01
5.221628143826209101e-01
5.185989548511231728e-01
5.247839716187987502e-01
4.298320509617232776e-01
4.251030865266801073e-01
4.463263243697155325e-01
4.252777431564512267e-01
4.179493185563661339e-01
4.748634220819621943e-01
4.755129727229231440e-01
4.321039086187061229e-01
4.636778293713137988e-01
4.983919170734211201e-01
5.113722241732032714e-01
5.099992096779119022e-01
4.236734691655189566e-01
4.216936908216951663e-01
4.412259811761858330e-01
4.485681796301346225e-01
4.727039124590166619e-01
4.409257250045456322e-01
4.867548527843124639e-01
4.728300407668056260e-01
4.909501434020328570e-01
4.916085585122216273e-01
4.315706732747272012e-01
4.419937842439169429e-01
4.452070862254744466e-01
4.547382998683897060e-01
5.246466784416577989e-01
5.010986238908385904e-01
4.242077976504878833e-01
4.707961108063039579e-01
4.713043326491183627e-01
4.719437097381929958e-01
4.444314310700976933e-01
4.475118446368783753e-01
4.542553129480992880e-01
5.038471204380343682e-01
4.987787666474856607e-01
4.238490977620443800e-01
4.223271371617920988e-01
5.114870542661594799e-01
5.178286622274951290e-01
5.362677260364244747e-01
4.337411024376649493e-01
4.353069194814585541e-01
4.310403209934231539e-01
4.132952824222462795e-01
4.134590243510354868e-01
4.726132302281353947e-01
4.724310476877783271e-01
5.035204987246912900e-01
5.081205637914448792e-01
5.232138605420316724e-01
5.341169316164849912e-01
4.228389794445047145e-01
4.249031836966657982e-01
4.351716653958122016e-01
4.298349546161664425e-01
4.840745455069430103e-01
4.712601523499612699e-01
4.235615700708408315e-01
4.324470925513666519e-01
4.863958906524159520e-01
4.779106741446358386e-01
4.970487822725412341e-01
4.997818693719099370e-01
4.389056715693413491e-01
4.479920169132178276e-01
4.518629561299245534e-01
4.596787434918191417e-01
5.103584909134567527e-01
4.201283382119873067e-01
4.156809471296473157e-01
4.704089169189259456e-01
4.699801771808747031e-01
4.450715683359415253e-01
4.475823690484579953e-01
4.484594937834082140e-01
4.461590335163913568e-01
4.956135037999059856e-01
4.149522733998358692e-01
5.055227825585495438e-01
5.083049390874497808e-01
5.429542563826413870e-01
4.307527383293248691e-01
4.404289413363268735e-01
4.168068914803232938e-01
4.176593828155885646e-01
4.233032235124991605e-01
4.682696863321708092e-01
4.736810695110050817e-01
4.730625124008427385e-01
4.922282827153602325e-01
5.147688934697071117e-01
5.183063903956884877e-01
4.283456001332928142e-01
4.350370255432549071e-01
4.364159492145224251e-01
4.845661281302910961e-01
4.420580625855867196e-01
4.792675131058557469e-01
4.821387365066895914e-01
4.864788595180005171e-01
5.066958209321452689e-01
4.532655383457468434e-01
4.536210491907341491e-01
4.761292513609341470e-01
5.154952516802632223e-01
4.979803613762833203e-01
4.329018029817881530e-01
4.716272460028573810e-01
4.704255180559643312e-01
4.675515899659336561e-01
4.448851024796203202e-01
4.492723406286261989e-01
4.596933712685556395e-01
4.839645919039594069e-01
4.979049035649064647e-01
4.265808682092957493e-01
4.150718269296010954e-01
5.176159749250719422e-01
5.126502126772531920e-01
5.134115926037851052e-01
4.376284337121394419e-01
4.471750287518442835e-01
4.278698934175204638e-01
4.337130382047827415e-01
4.767057136952969065e-01
4.722629715640741521e-01
5.183088933261008613e-01
4.917001679181073337e-01
5.222382108595668981e-01
5.213677263884942681e-01
4.350292478133319651e-01
4.410162660396513279e-01
5.314229469328229927e-01
4.389548148756634016e-01
4.265185778840555608e-01
4.748842382771865656e-01
4.849726497660092339e-01
4.834873852554916751e-01
4.538429108857686134e-01
5.142766026230201071e-01
4.953965133704207879e-01
4.516502469714712698e-01
4.183433403496825131e-01
4.713895280896369666e-01
4.698229347374419662e-01
4.651458269996330275e-01
4.421547808707059213e-01
4.560727411537249254e-01
4.797474368755452190e-01
4.808709513827130189e-01
4.241424359855797133e-01
5.148434736892451014e-01
5.150867372146692436e-01
4.450929022936521151e-01
4.476995733055564863e-01
4.215236346086226882e-01
4.173213454085916707e-01
4.748536859364048124e-01
4.782639497503457515e-01
5.027573162301127718e-01
5.017328447395423829e-01
5.269217580394575107e-01
5.408232346457341189e-01
4.301811036398586197e-01
4.653213097876118809e-01
4.022264024516231662e-01
4.813091893324674131e-01
4.774379494645877298e-01
4.771564082915151772e-01
4.866945645791488917e-01
5.176307942058273603e-01
4.285449941202220114e-01
4.686772271296719694e-01
4.693760286258784054e-01
4.624053531091922298e-01
4.664317335266545683e-01
4.322988327317475732e-01
4.144301005614089983e-01
5.095676098544527077e-01
4.973705695026349183e-01
5.266056167286048417e-01
4.474887566028147301e-01
4.449578517129431643e-01
4.134169127659595433e-01
4.072553069137843651e-01
4.722578292413351364e-01
4.760090050975081533e-01
4.992352112088444538e-01
5.174829612581716143e-01
5.245450366274532206e-01
4.447666293943478566e-01
4.720919233328105258e-01
4.703104812187781647e-01
4.912047180819703041e-01
4.374987899557011839e-01
4.697692664503570481e-01
4.676101514798257641e-01
4.688241295011894016e-01
4.196875166771324994e-01
5.174728024517593061e-01
5.118896888366093467e-01
4.557462148399658020e-01
4.499681237876538842e-01
4.138126439080370145e-01
4.155780404702947850e-01
4.156705461020421821e-01
4.657406132273805288e-01
4.732409045028625472e-01
5.136586472901050193e-01
5.054434104655339821e-01
5.170602470478042889e-01
5.196170116202878386e-01
4.487129711695363454e-01
4.623849884147469003e-01
4.677981639255694990e-01
4.062589215065689485e-01
4.467769895475833253e-01
4.078807889306708123e-01
4.516514266831211932e-01
4.378375079750037036e-01
4.202429956503929698e-01
5.111989847274889254e-01
4.942889151039340789e-01
5.026755800124838025e-01
4.494519758997918557e-01
4.519208667697771631e-01
4.262977744607182595e-01
4.351069589752913913e-01
4.705296945588649526e-01
4.749466122623335340e-01
4.706508432132170960e-01
5.100909110840026184e-01
5.175692512452759741e-01
4.687891573120104849e-01
4.611003757972404471e-01
5.063613566866810300e-01
4.253500321730284139e-01
4.405168867406639710e-01
4.485024557089189456e-01
4.490601669938892870e-01
5.013030754852672022e-01
4.734960501308698166e-01
4.522498367954843612e-01
4.516568025479370529e-01
4.256985327352341142e-01
4.211450157951480699e-01
4.748239940788509528e-01
4.741751246380022655e-01
4.214241997644899151e-01
4.970935943137525515e-01
5.086533601037609431e-01
4.994865581891421158e-01
4.325997536967888801e-01
4.185906628055651724e-01
5.068220121482187590e-01
4.360243393586535898e-01
4.447536845091702440e-01
5.250305442035283487e-01
4.535332967576020113e-01
4.540581784780716168e-01
4.527014480629923399e-01
4.164530151259931423e-01
4.136772764489291543e-01
4.722401032408351518e-01
4.740668137443764807e-01
4.567344379409951083e-01
4.262435476062398365e-01
5.018962351768525565e-01
5.076896949357732058e-01
4.131074203884745888e-01
5.188136896581380109e-01
5.000354858343594167e-01
4.420222817309071295e-01
4.293601498637071856e-01
5.062306842145910535e-01
5.032023688674508444e-01
4.945492608801889678e-01
4.939028481140679827e-01
4.511671962085827547e-01
4.552006009480646931e-01
4.537681727780627505e-01
4.093579064398051859e-01
4.143948950335306636e-01
4.697487517006848634e-01
4.700037515273781663e-01
4.186329061606927637e-01
5.022145181301633787e-01
4.977506407879457861e-01
4.222507544671975088e-01
4.220817439708991481e-01
5.021814267604844950e-01
5.080922061023789293e-01
4.365301777599126520e-01
4.373685234069736860e-01
4.688163210864682573e-01
4.744334024083121659e-01
4.500526475089642875e-01
4.087216274148786077e-01
4.338791253230263045e-01
4.968965009013686096e-01
5.017320777983785840e-01
4.684180785677546921e-01
4.621864209613933960e-01
4.721979721211013170e-01
4.766511419002227301e-01
4.919309157414194500e-01
5.131172616765463657e-01
4.530177754811762214e-01
4.572235160929860598e-01
4.158363680399494999e-01
4.247760902741486433e-01
4.340384208295327562e-01
4.676012722580674685e-01
4.735008035572176865e-01
4.708280713196790201e-01
4.275491513669419374e-01
4.217765928201049341e-01
4.654408269689345734e-01
4.863132671176442212e-01
4.710616589198731718e-01
4.692098020074788600e-01
4.703945780173582336e-01
4.883843786031200063e-01
5.092775244097041965e-01
5.098240854949125378e-01
4.159265095065927675e-01
4.122309209426784915e-01
4.570134300690765761e-01
5.648420013084896052e-01
4.211654540491744925e-01
4.061735269066701348e-01
4.997641613077913880e-01
4.937145806004880066e-01
4.386376034415543912e-01
4.726272558109469446e-01
4.743788398824144159e-01
4.243565346768712332e-01
4.282260776261879176e-01
4.988478120819587192e-01
4.850126280841692838e-01
4.601943991198784167e-01
4.490213522347598074e-01
4.649950817125835245e-01
5.067518931803801641e-01
5.106873139154556318e-01
4.575886935832189639e-01
4.573273452159792307e-01
4.284304392476888657e-01
4.303094864590047419e-01
4.701612313462372739e-01
4.784179914100959996e-01
4.134470554118325203e-01
4.052443274527604000e-01
4.738438059536526081e-01
4.812499209697649327e-01
4.675583038943409986e-01
4.682792579831329127e-01
5.140799554249163572e-01
5.254567428594425493e-01
4.169047124367314949e-01
5.458178841973306827e-01
5.310188830463620224e-01
4.132281967058157313e-01
4.249492050359905959e-01
4.852355385927841214e-01
4.943237245416163272e-01
4.472412642086726065e-01
4.432193222353956186e-01
4.748320333814851635e-01
4.745228923210706995e-01
4.264362275834631677e-01
4.334545589545894528e-01
4.393496697561034559e-01
4.900358669864887662e-01
4.806532108294589434e-01
4.665110024811714995e-01
4.581548275210557408e-01
4.554699028353118018e-01
4.632273473372366390e-01
5.097033261042545060e-01
5.120115583062496700e-01
4.583416759255808937e-01
4.178254281919805413e-01
4.169246702284072348e-01
4.699641479898813423e-01
4.773986003635571906e-01
4.150045355546532755e-01
4.780757268153862927e-01
4.762384730545801692e-01
4.671524216549174380e-01
4.611605780000485044e-01
4.739199644951301860e-01
4.980353841294222206e-01
5.142915750295599109e-01
5.220439090989181796e-01
4.230367488277914645e-01
4.280983386162139359e-01
5.246191416309685662e-01
5.396548816441162355e-01
4.140262909846110784e-01
4.147688015672457706e-01
4.297891554967036010e-01
4.942700809206727053e-01
4.924160494773253127e-01
5.030865873544161371e-01
4.472413696386811077e-01
4.388503294728915427e-01
4.759102266790347091e-01
4.770986128905679857e-01
4.364113115757780603e-01
4.419023310790075598e-01
4.766759838807940741e-01
4.831518031772639721e-01
4.658902602602439380e-01
4.593833446780757890e-01
4.592212163806921876e-01
4.652400337022660204e-01
5.087055347386568727e-01
5.101658255732918201e-01
4.625308229737244425e-01
4.593377932063988922e-01
4.124290987580673806e-01
4.130787286605189235e-01
4.672480636243518948e-01
4.747280314572795978e-01
4.163475012433631717e-01
4.287826040726172017e-01
4.789941826454378049e-01
4.739711762606699796e-01
4.621129616163686116e-01
4.646210625752795198e-01
5.178301006293297704e-01
5.257170746590051902e-01
4.337908407617359074e-01
4.246168945416937679e-01
5.373061086948089926e-01
5.311611300585082907e-01
4.172618120191881608e-01
4.122109272524541734e-01
4.903074802620865924e-01
4.943702736726487967e-01
4.379573148386446402e-01
4.355552178864772195e-01
4.750886137033925039e-01
4.733400851382881802e-01
4.319312389111973349e-01
4.289920911174555651e-01
4.797867059434020587e-01
4.872231475713390547e-01
4.875648765914146199e-01
4.557905120487503181e-01
4.598502149002233752e-01
4.596958155686163283e-01
4.671907884881821293e-01
5.083653091585532691e-01
5.087476190934552278e-01
4.630881079450997473e-01
4.617606681252087175e-01
4.175970427573363897e-01
4.209095693333925747e-01
4.266924824376341907e-01
4.682060629365690785e-01
4.661176252434839351e-01
4.708197643988448200e-01
4.329852969243945804e-01
4.245261263321875034e-01
4.763083356968830229e-01
4.734788193459625871e-01
4.627116191269878831e-01
4.580137520939503992e-01
4.656969613296372823e-01
5.089341481237600329e-01
5.012908125340076460e-01
5.439688865094557402e-01
4.247988960554225923e-01
4.294700774561169276e-01
5.337787577379772275e-01
5.271816773928257316e-01
4.125365765304098709e-01
4.167058638125087922e-01
4.231021592124192265e-01
4.752923272996427695e-01
4.861601402714195164e-01
4.921568955775478815e-01
4.379010061053519309e-01
4.362724433610418173e-01
4.790347818217594589e-01
4.766048869308314173e-01
4.269807658394472738e-01
4.237067608382898976e-01
4.816922455673919856e-01
4.889734183674078194e-01
4.508271074204259210e-01
4.581739105117685340e-01
4.644595177744683112e-01
4.644350821602214463e-01
5.069447913815255946e-01
5.056551060500118489e-01
4.573121787665801463e-01
4.653516708718785644e-01
4.317992875267170905e-01
4.329262377343655044e-01
4.631826811137808031e-01
4.640127822910030120e-01
4.245496570370220213e-01
4.342058658548733630e-01
4.849719181082859376e-01
4.561090484200401862e-01
4.571827467808268208e-01
5.250552911513794996e-01
5.378305739527816653e-01
4.222487420199720343e-01
4.433911253126992524e-01
5.262114087375776572e-01
5.156123497101656739e-01
4.240355906538009201e-01
4.179356268064033930e-01
4.826614687030383877e-01
4.917866448200177154e-01
4.328961793041155026e-01
4.364555712545647448e-01
4.858106935792908532e-01
4.364339387450789087e-01
4.419124437110401038e-01
4.418439211594359928e-01
4.776964730329480435e-01
4.832531430815403262e-01
4.561355260186976679e-01
4.664747775498752080e-01
5.044410596994439722e-01
5.022010560266946255e-01
4.630965063805969062e-01
4.250948509059716551e-01
4.226380716989845410e-01
4.622395831571929903e-01
4.657611222912717008e-01
4.789645177726329917e-01
4.108920962591922077e-01
4.137380865468601732e-01
4.856398105291242495e-01
4.880727991921872122e-01
4.576211478566071800e-01
4.553568161001683157e-01
4.576242746323967436e-01
5.426019174272151968e-01
4.589774412883875776e-01
5.238101714201169878e-01
5.223196265158401852e-01
4.137925249366184444e-01
4.092481984052871447e-01
4.716762837582494372e-01
4.677280242368043184e-01
5.069239257417962330e-01
4.193586079817590018e-01
4.460066355525729165e-01
4.853606019964852303e-01
4.842929103254332568e-01
4.490618274317831893e-01
4.462864922127787182e-01
4.726778293696620170e-01
4.767644932153461412e-01
4.573424247134836307e-01
4.531371956826880099e-01
4.691128257963438908e-01
4.668047357032505396e-01
5.037997385858490329e-01
4.949433512765317178e-01
1.115226948476639279e+00
4.205729495322293454e-01
4.190814513170931233e-01
4.369012764486632228e-01
4.907105772324647508e-01
4.723112775220612569e-01
4.564217042822212300e-01
4.600703797476599632e-01
5.218879028218893490e-01
4.168064868070744389e-01
4.166818537587425597e-01
4.207500972423813268e-01
4.759556022456007951e-01
4.366450537014761046e-01
4.893050109263925584e-01
4.834563926723883798e-01
4.425177611201106531e-01
4.464076516395438232e-01
4.765811700335981782e-01
4.658676452881227448e-01
4.967707727210087798e-01
4.600838666017799672e-01
4.478893845774747917e-01
4.721059696726909172e-01
4.699614829313619735e-01
4.972397124253091216e-01
4.893414771948602082e-01
5.477362922199269235e+00
4.118389037214192361e-01
4.116223665664032194e-01
4.793365227237044168e-01
4.789123097790747852e-01
4.532321429868070850e-01
4.537695441380369399e-01
5.528867800775053576e-01
5.244406087970527874e-01
4.258925436456893476e-01
4.389393412057957522e-01
4.898534126840818903e-01
4.780456780299220942e-01
4.415653482764697046e-01
4.418282491330914885e-01
4.669408218967197044e-01
4.519986304536457999e-01
4.715868105996517401e-01
4.690409922403632192e-01
4.923491778773508298e-01
4.878752520326201103e-01
1.708875638556953547e+01
4.263119234722894113e-01
4.107843796590428531e-01
4.678260720069545298e-01
4.627858862158050202e-01
4.495259271518326494e-01
5.253775605589747766e-01
5.353070099188225184e-01
4.288697463034642499e-01
4.074283255777630397e-01
4.777547610591600380e-01
4.996924624434321283e-01
4.465486059407429709e-01
4.484928933214797353e-01
4.655991321379552850e-01
4.796599242268703156e-01
4.927330891048126715e-01
4.876259787059810669e-01
2.754926054300056393e+01
4.232144523999586960e-01
4.113209972675957449e-01
4.877429710301410259e-01
4.897277652422388217e-01
4.459073768994835096e-01
4.586284386459203444e-01
5.184865710997138555e-01
4.035111985148260860e-01
4.237619221250992774e-01
4.865009280488886145e-01
4.646915042499804582e-01
4.332679602855942780e-01
4.705854734586005783e-01
4.920232600191005168e-01
4.816680579195856682e-01
5.314956606212154488e-01
3.151457688735616003e+01
4.227012157738034293e-01
4.103313646339960541e-01
4.884163432577993680e-01
4.691286955280262183e-01
4.458926545163511834e-01
4.494513079342926098e-01
5.350773987356953754e-01
4.035242420656414142e-01
4.075513142342421791e-01
4.995879402149985826e-01
4.647408402512012704e-01
4.485589348461356818e-01
4.796948132505389206e-01
4.920113046047150940e-01
4.876168456926873174e-01
4.816677762865965162e-01
2.754925790242520378e+01
4.265336354534026153e-01
4.118437423372964812e-01
4.800311512047241158e-01
4.627110617864221287e-01
4.536745585364263533e-01
5.251394857064796140e-01
5.242661340534010561e-01
4.289894837777706860e-01
4.390139734328933341e-01
4.776510069724098639e-01
4.779418699482218535e-01
4.466168151567274647e-01
4.418949396917218331e-01
4.655222710206090020e-01
4.690511928916381024e-01
4.927322794055088995e-01
4.878742643294027848e-01
1.708875126443768266e+01
4.117634521037622508e-01
4.190002183017767501e-01
4.804502251922578848e-01
4.730469039856154412e-01
4.531217044234938096e-01
4.599352268010734046e-01
5.527651675121615371e-01
5.218211373590536661e-01
4.259486209755628527e-01
4.207977475176376547e-01
4.897495576756951130e-01
4.833632694477664193e-01
4.416261344840048397e-01
4.464597246040782341e-01
4.669389216953668820e-01
4.967347247056049797e-01
4.520256186082651784e-01
4.476909762407750293e-01
4.715197164365753646e-01
4.698359496548414338e-01
4.923482687491980703e-01
4.893403847572938559e-01
5.477361360505433652e+00
4.205806455921477505e-01
4.226924182683624021e-01
4.364901294391501096e-01
4.788462607078907696e-01
4.129922234707256723e-01
4.913069889483444586e-01
4.885148999710722806e-01
4.562736639551024376e-01
4.574205008343181778e-01
5.222569776968939426e-01
4.168572924753831122e-01
4.093010658025713622e-01
4.167393996715373361e-01
4.758746126753516381e-01
5.067770452105676560e-01
4.366726417425594864e-01
4.461090230934666168e-01
4.892189656496968020e-01
4.842106021454255504e-01
4.425812350188154665e-01
4.463585220727954161e-01
4.765428256404009022e-01
4.767753734627794837e-01
4.658368829679729317e-01
4.600240089408388355e-01
4.530917907472186701e-01
4.721577403327488764e-01
4.667609609938943582e-01
4.972413427130108476e-01
4.949462000940850204e-01
1.115228270429469815e+00
4.251569090632424386e-01
4.329761686532593301e-01
4.622092878107482705e-01
4.639766711381320130e-01
4.657702913942822764e-01
4.100688823311869347e-01
4.336301326129658462e-01
4.858317761195836137e-01
4.851317610321300156e-01
4.573504487919220485e-01
4.569139182467942817e-01
4.551536234057637076e-01
5.425895745298322526e-01
5.378344903611532724e-01
4.590965842770470262e-01
4.435356841799115157e-01
5.237624284706288158e-01
5.155869539005206725e-01
4.138191936332118459e-01
4.179504064174606737e-01
4.715911423393912560e-01
4.917116879820696562e-01
4.675920128784304963e-01
4.194564913981287391e-01
4.365371500524026782e-01
4.853022700910855636e-01
4.857558864929731324e-01
4.490801210871923632e-01
4.418313480103261970e-01
4.726333666116721566e-01
4.831811163972477563e-01
4.572592683743733621e-01
4.561443839247023568e-01
4.691369684601218171e-01
4.664110971565342822e-01
5.038062543250312331e-01
5.022087854861086997e-01
4.630807017882292431e-01
4.318330191740080148e-01
4.266505231331596537e-01
4.631616267433060763e-01
4.708383229516393542e-01
4.242267969766708724e-01
4.244108570450582651e-01
4.734023954172887905e-01
4.558368690785195021e-01
4.654113584171127305e-01
5.250648552445768003e-01
5.440150969861727859e-01
4.223840087500838059e-01
4.295672312718747943e-01
5.261720305882088278e-01
5.271379857380079637e-01
4.240488687788419586e-01
4.231033233615947853e-01
4.825805855653626519e-01
4.920935182044818834e-01
4.329707418840386679e-01
4.363314877213388954e-01
4.765898070804120978e-01
4.364504392324508042e-01
4.237607160208142765e-01
4.418218861303393474e-01
4.777029779102306417e-01
4.889557869027159609e-01
4.581535935856634878e-01
4.644207737626485644e-01
5.044510107029227530e-01
5.056659408953254609e-01
4.653301089480915143e-01
4.176255666238499753e-01
4.131068317358037034e-01
4.209053704500012594e-01
4.683052613802166086e-01
4.748515098468762408e-01
4.661707066228312213e-01
4.331322969388567423e-01
4.290159847890414047e-01
4.762101923337371812e-01
4.735906570276942062e-01
4.623325611725306317e-01
4.642463319705570357e-01
4.577253010112889986e-01
5.090124150093885413e-01
5.257901394267024964e-01
5.013429360294936465e-01
4.248545818026219223e-01
4.246409077674028754e-01
5.337343612182645636e-01
5.311170502652453607e-01
4.125373884248500489e-01
4.121931253794182681e-01
4.167012639103533922e-01
4.753167639929022914e-01
4.944111511606567033e-01
4.861219368117185580e-01
4.379527692319443721e-01
4.355944498472620330e-01
4.790214574606834197e-01
4.733497770953014050e-01
4.270056742922968551e-01
4.290813547717452492e-01
4.816734016468545154e-01
4.875630727372365358e-01
4.507808292907297676e-01
4.598208765116925112e-01
4.644566315923697730e-01
4.671840695752712547e-01
5.069573105906579613e-01
5.087614075720267026e-01
4.572966936891941780e-01
4.617545750245979908e-01
4.124677981329741283e-01
4.169891617227897695e-01
4.673743718206434528e-01
4.775232152438321775e-01
4.168524478190623883e-01
4.154722241100178293e-01
4.785276810393409019e-01
4.755452239876896137e-01
4.617188796315832011e-01
4.735014140705041674e-01
5.179237629662961639e-01
5.221731716494791842e-01
4.337771619202074880e-01
4.280762204762256218e-01
5.373128493563099628e-01
5.396765784572239433e-01
4.172308804384882164e-01
4.297419663245486410e-01
4.903547987850750967e-01
5.031440395931727760e-01
4.379857158077562485e-01
4.388698868329078961e-01
4.750999489360177019e-01
4.771231965649782025e-01
4.319133009120478262e-01
4.418663650280987287e-01
4.797951032797643234e-01
4.831767828852137625e-01
4.872226898839384091e-01
4.557515418225917547e-01
4.593556360865460597e-01
4.596957166581788767e-01
4.652252222662367487e-01
5.083807408029321628e-01
5.101815474424731267e-01
4.630814529988319106e-01
4.593286577505892865e-01
4.178919066357210665e-01
4.303808296956810331e-01
4.700780942151549513e-01
4.785214482105758504e-01
4.059362873188476217e-01
4.771538432702989163e-01
4.801549455199025651e-01
4.667063128598604171e-01
4.678789483862914600e-01
4.607601528891142051e-01
4.982186091048084742e-01
5.256750673303963728e-01
5.144269782287749226e-01
4.230430419924784968e-01
4.169120971032137524e-01
5.247082154628124329e-01
5.311129238177088041e-01
4.139358080905382598e-01
4.248258128696316693e-01
4.147135153318569634e-01
4.942830892918642638e-01
4.943380280333867227e-01
4.924869526153884403e-01
4.472474145962348491e-01
4.432201915108101020e-01
4.759423390526718034e-01
4.745675416212336017e-01
4.363107529386913708e-01
4.392695084845199549e-01
4.766787436953127122e-01
4.806663894809634630e-01
4.658570412980990172e-01
4.581280524222854367e-01
4.592148863767971934e-01
4.632234757442738049e-01
5.087222225158845035e-01
5.120296785042806054e-01
4.625168686472541646e-01
4.583274326771743512e-01
4.284942031130313800e-01
4.340602812519132048e-01
4.702730128988957814e-01
4.709339693951094530e-01
4.143187150624121351e-01
4.230074775101234086e-01
4.726345329840025422e-01
4.851270721491783844e-01
4.672132544253062569e-01
4.701432271360675985e-01
5.143039603867809451e-01
5.100707911056776567e-01
4.122484397024566705e-01
5.459849684188523566e-01
5.650003855673039199e-01
4.130745077258454190e-01
4.060122988786475373e-01
4.852320412634504310e-01
4.937306150982398445e-01
4.472202425993314634e-01
4.386130254016104568e-01
4.748836944826733686e-01
4.744418424895642805e-01
4.264943428247101043e-01
4.281167622086106128e-01
4.334827282628254674e-01
4.900494100937736186e-01
4.849534788838619770e-01
4.664466035165482638e-01
4.601697559222878153e-01
4.554535563171819290e-01
4.649810908016724365e-01
5.097223374522116268e-01
5.107057484621678745e-01
4.573151059100550309e-01
4.158918487410522280e-01
4.144210158910494601e-01
4.248135762268547833e-01
4.677161267217025409e-01
4.701239137760455655e-01
4.736011212265415216e-01
4.288246621392999836e-01
4.199025825562063274e-01
4.646403946317178568e-01
4.707082457362893324e-01
4.690193753227577256e-01
4.886304242545088106e-01
4.980207191505857667e-01
5.095351092718400920e-01
4.159219285240672859e-01
4.220356528472219426e-01
4.570203016105241489e-01
4.210077308782447236e-01
4.997793727566894328e-01
5.081403167993168157e-01
4.373124827175094431e-01
4.727043175316519852e-01
4.745134720374365456e-01
4.246375722397653374e-01
4.339983184692841611e-01
4.988694661647880557e-01
5.018111959962093804e-01
4.621509844682582524e-01
4.490190492634339448e-01
4.766154438094515333e-01
5.067794198417662210e-01
5.131471997179338773e-01
4.575787334779274351e-01
4.572098136145060221e-01
4.094032904620658053e-01
4.137568016721850928e-01
4.698619974801200860e-01
4.741764928007411450e-01
4.278611999284507306e-01
5.025139809225309673e-01
5.080076677882134906e-01
4.221708575976147459e-01
4.130046864296029185e-01
5.023055217133376438e-01
5.002490093014021477e-01
4.364728118770265786e-01
4.292876642021238309e-01
4.689099566624210791e-01
4.501067014533645105e-01
4.086318000126316630e-01
4.968466239925427019e-01
4.944903900815351694e-01
4.683859598754711584e-01
4.511526621548099247e-01
4.722008650193056378e-01
4.919518814538359486e-01
4.530031489012193990e-01
4.537502319694530772e-01
4.165253747014346364e-01
4.212258986767150049e-01
4.723457911988019342e-01
4.742431042198378965e-01
4.582956963673101569e-01
4.229005306126201735e-01
5.022082082261607461e-01
4.997892322640543616e-01
4.184026306676705831e-01
5.190388555862713860e-01
5.070119917826311218e-01
4.419412979197379632e-01
4.446747887682149236e-01
5.064427988504698330e-01
5.254013299817247296e-01
5.032088584577369961e-01
4.938629717170996414e-01
4.535176165227257084e-01
4.551785459571843218e-01
4.526796026941444229e-01
4.257819368452179787e-01
4.351760832426245229e-01
4.749280097632645470e-01
4.719289802571460246e-01
4.700407337309152611e-01
4.974569987622784462e-01
5.068252178506592598e-01
5.089364736541813761e-01
4.323628262519652599e-01
4.251623315999413233e-01
4.404765553635737185e-01
4.359401396385138572e-01
4.484112648608687413e-01
4.491165500608260697e-01
4.734942936167113592e-01
4.540326726066030161e-01
4.516312967798432054e-01
4.263604383971938971e-01
4.157031923003137175e-01
4.706176962459472923e-01
4.733365007988087347e-01
4.750094438860975044e-01
5.112498026631385750e-01
5.213366537922549115e-01
5.187983124796476941e-01
4.612924757892094552e-01
4.626233071061856550e-01
4.065478841586948056e-01
4.077195843993361990e-01
4.516220479833239487e-01
4.202642821456806232e-01
5.013116200378218146e-01
5.026952290084677477e-01
4.522216584792682070e-01
4.518930784484147534e-01
4.138702663150003458e-01
4.073414017559058298e-01
4.156407348445780858e-01
4.658362073484596522e-01
4.760988112557245078e-01
5.166700171066284097e-01
5.279097016505702733e-01
5.076169891586967964e-01
5.188786325407203082e-01
4.485768483852510258e-01
4.451350708361053732e-01
4.677901404672383245e-01
4.912959915776960451e-01
4.466327791818159865e-01
4.373869309846618036e-01
4.688770506525256065e-01
4.378647244149831419e-01
4.196855390642109107e-01
5.112248937337013910e-01
5.119231543567935860e-01
4.943065048836017827e-01
4.494254230433324393e-01
4.499353794962060449e-01
4.135010726549028792e-01
4.174085123158915445e-01
4.723448809677433524e-01
4.783427224152375645e-01
5.004353709291503582e-01
5.427597486553239481e-01
5.201599613806254796e-01
4.019860498170898522e-01
4.721665105243524341e-01
4.867318390106401549e-01
4.704256854504658691e-01
4.284305966780335151e-01
4.698470845344178137e-01
4.625085549756503545e-01
4.676855349174084409e-01
4.143989218009145326e-01
5.174929770140119789e-01
5.266249260890173423e-01
4.557157199841302408e-01
4.449278348463966415e-01
4.216192532318625563e-01
4.338144512814180453e-01
4.749329518141933715e-01
4.723407117800534349e-01
5.034951604365139888e-01
5.215651168790813585e-01
5.038542134356676083e-01
5.288802037269085821e-01
4.294798919035860418e-01
4.407569328609658998e-01
4.637276650926458466e-01
5.296323267443039384e-01
4.254362154374364824e-01
4.813189571222658558e-01
4.835009871498350820e-01
4.774735193958374868e-01
4.772081993347945250e-01
5.176793150650169650e-01
5.143386823136273378e-01
4.954527147592643899e-01
4.182134330690289170e-01
4.687277515775328807e-01
4.652139232687546033e-01
4.694360218886438618e-01
4.663906670880254013e-01
4.797136206609184383e-01
4.808727105725721929e-01
4.322726590698030558e-01
4.241136748191784434e-01
5.095825563255451662e-01
5.150936422934758729e-01
4.973910631884059796e-01
4.474586805640315967e-01
4.476740334376549391e-01
4.279639772339952075e-01
4.233789196454352255e-01
4.767759454474325143e-01
4.731364922969307774e-01
5.187874193659879341e-01
5.187762665863543399e-01
4.928586724720957490e-01
5.188951033209656671e-01
4.348686425171220393e-01
4.360194328285227350e-01
4.829080982561180790e-01
4.378225808349957560e-01
4.409516340794034650e-01
4.748327839408628681e-01
5.066266180992757828e-01
4.849673807069690423e-01
4.538008276052471479e-01
4.760160010049256929e-01
4.980523430269150897e-01
4.515008512576840771e-01
4.327777789873413217e-01
4.714383049833240635e-01
4.675879216269212546e-01
4.698737337105573508e-01
4.421170343846528850e-01
4.596490526617293959e-01
4.560402191086647128e-01
4.979359082726338426e-01
4.150621632591178223e-01
5.148586870529516801e-01
5.134224986730657747e-01
4.450648481074508389e-01
4.471445055445599226e-01
4.169256877556503649e-01
4.135725260489762634e-01
4.177485682500055031e-01
4.683342210742165723e-01
4.725130845061471518e-01
4.737589982175877679e-01
4.928978982140296838e-01
5.348865702834828539e-01
5.147370807718290031e-01
4.279621332279671675e-01
4.291993173815611406e-01
4.347320971789822019e-01
4.704621907034684525e-01
4.313524917888096888e-01
4.791695088518324042e-01
4.996473166692403378e-01
4.820725445484233540e-01
4.864095818954731754e-01
4.531845520649598336e-01
4.595725052578188419e-01
4.535378569386633862e-01
5.155425867331708822e-01
5.104132823201450453e-01
4.156261443863357719e-01
4.716641688566594048e-01
4.700047332622690477e-01
4.704679519410003286e-01
4.448462981862834620e-01
4.461353458211548273e-01
4.492346669522450653e-01
4.839953562371246965e-01
4.956417993997218052e-01
4.265873882621348812e-01
4.149632248885305463e-01
5.176214392283861043e-01
5.429643354987065962e-01
5.126547609897385005e-01
4.375971441321260258e-01
4.403983404165250914e-01
4.134319791426529500e-01
4.181099757090231961e-01
4.726704430200523999e-01
4.755919456151368463e-01
5.099760998376486887e-01
5.109639565148076379e-01
5.096748221387095157e-01
5.238211539578635501e-01
4.219087180005626769e-01
4.478622934141984202e-01
4.242109819237555035e-01
4.346632895294172405e-01
4.830872692764713316e-01
4.716988280811434953e-01
4.225695776655863378e-01
4.399541584900656943e-01
4.862591529037744165e-01
4.914493937250830613e-01
4.778039931936491347e-01
4.969193058515786743e-01
4.388250706539575940e-01
4.546579177242432990e-01
4.478998676566263715e-01
4.517815898729498070e-01
5.012139006485887283e-01
4.201232873439493254e-01
4.242487282620018840e-01
4.704415441274852339e-01
4.719546122273744482e-01
4.450625179372261764e-01
4.542590359188234395e-01
4.475747014734398621e-01
4.484384877419000937e-01
4.987846517374324717e-01
4.223566901687407782e-01
5.055190018728633605e-01
5.362582854126655141e-01
5.083118522470451150e-01
4.307227773342967581e-01
4.310108724478631248e-01
4.253844662642756180e-01
4.394923285656363032e-01
4.749029606877202547e-01
4.728356899241910050e-01
4.334778800327382386e-01
5.110504026762459073e-01
4.644044549682593281e-01
4.993875527020171790e-01
5.125241170002553526e-01
4.218314315320335073e-01
4.474881789460095072e-01
4.198185421670863615e-01
4.402998257944821803e-01
4.559970216683775779e-01
4.358459251811529489e-01
4.865541957334796885e-01
4.970592938661361204e-01
4.726339975037838759e-01
4.907702289246983485e-01
4.315259206586889995e-01
4.511055463174001301e-01
4.419673314018912613e-01
4.451910198879072134e-01
5.245457810530496090e-01
5.220254717760213214e-01
4.175123480964791911e-01
4.708212784490558578e-01
4.721957334881846657e-01
4.713313319748232422e-01
4.444356895642703753e-01
4.560340716345716583e-01
4.475178111514253043e-01
5.038405833128966060e-01
4.971201236224015996e-01
4.238840680563581431e-01
4.117863720642285230e-01
5.114906316361027550e-01
5.247671040590841107e-01
5.178286462445423899e-01
4.337131749757796029e-01
4.462978492947557996e-01
4.352778322865529237e-01
4.266739268222050074e-01
4.305356698388153047e-01
4.250446633533195850e-01
4.800370308276216136e-01
4.766343842317644630e-01
4.781862708084024804e-01
4.997978508101181827e-01
4.888354036924704715e-01
5.223226733107543263e-01
4.207273746250400626e-01
4.415521147284199310e-01
4.228108938639743020e-01
4.409278202420076620e-01
4.756950344439449530e-01
4.771081427738409486e-01
4.616407899549171412e-01
4.792805272237823377e-01
5.017066799981748648e-01
4.294674742457105787e-01
4.522539963045441591e-01
4.348469411216259739e-01
4.423650222443961666e-01
5.045983408721774754e-01
4.172560395271147637e-01
4.112547972986979050e-01
4.679708373039919711e-01
4.646535584744318492e-01
4.705493325932396109e-01
4.710405157201029147e-01
4.445679550206980135e-01
4.517745421633530545e-01
4.465733937939158626e-01
4.968195544586913592e-01
4.042496583438617841e-01
4.092906861853265466e-01
5.221983269222347790e-01
5.382691569517341623e-01
5.186084733889764209e-01
4.298093419765215972e-01
4.530854390639330598e-01
4.250752975455183158e-01
4.392624234567540920e-01
4.335077513808865413e-01
4.312232953957970683e-01
4.614414947607075046e-01
4.654525118696063446e-01
4.733855151799948868e-01
4.878143749446131605e-01
4.902256831692353711e-01
4.782291888222632292e-01
4.861482431819641459e-01
5.093087941141337671e-01
4.990137974777346663e-01
3.962883980901076297e-01
4.153931381265655864e-01
4.405349118390174956e-01
5.037746179203096419e-01
5.081166070411133884e-01
4.636149295254374247e-01
4.757981125470038819e-01
4.672890738550288248e-01
4.260044079591202015e-01
4.297006115709025020e-01
4.405470288221731145e-01
4.826227732843107465e-01
3.798532945843396957e-01
4.591723250200271944e-01
4.608405477169396081e-01
4.656577018710101323e-01
4.458040339613580372e-01
4.484220469208273774e-01
4.460955703971390962e-01
5.374791364027970975e-01
5.023054921361919112e-01
4.031808871253740878e-01
4.976586798054551397e-01
4.992912941426763118e-01
5.123387091467890286e-01
4.297858476876096345e-01
4.291225550043750725e-01
4.202839256099335508e-01
5.549315237321380545e-01
4.737171853552289424e-01
4.683064611360803764e-01
4.625743720211871746e-01
5.074354430461380794e-01
4.752622363261077565e-01
5.051139559453529104e-01
5.212808484594754210e-01
5.849349586063532502e-01
4.294365947667918015e-01
4.103393932163008628e-01
4.746716862062889675e-01
5.020136081485140345e-01
4.650356616963539635e-01
4.743783898359019702e-01
4.767434896858833704e-01
4.858585577439489822e-01
5.012140898738239869e-01
5.307604026887703386e-01
4.170528830966279688e-01
4.588712039507293894e-01
4.310927293887167333e-01
4.356645819020242838e-01
5.829686437524518317e-01
5.992996908246388532e-01
3.858291139527436076e-01
4.541614550430745911e-01
4.607968227778596049e-01
4.449568300171757862e-01
4.445540172194557549e-01
4.948362079799930591e-01
4.633971999419754240e-01
4.289950159973134891e-01
4.280027733553971592e-01
4.302509285880451451e-01
8.135422694285532330e-01
4.751279605194159705e-01
4.895580750620753263e-01
5.158145152809276990e-01
4.146152619531040528e-01
5.122905026885791191e-01
6.549548768115839303e-01
5.500794164043123491e-01
4.823006353667262380e-01
4.402804941032448793e-01
4.470216673370387972e-01
4.691621565263603966e-01
4.870490321833598202e-01
5.044102954023353957e-01
5.219529387972684509e-01
5.159172111266724370e-01
4.155386949342944058e-01
4.147293949039952410e-01
4.343031054437381799e-01
5.297143981712637562e-01
4.464570541387737346e-01
4.401735371927315010e-01
4.447976738569244248e-01
5.046997007091573728e-01
5.397418218998359940e-01
4.981929257021451840e-01
4.247242242853022653e-01
4.326267397965124495e-01
4.314824573909596950e-01
9.067308673056564405e-01
5.536626046092246733e-01
4.333052158923852981e-01
4.029514470165462270e-01
4.211976793859875112e-01
4.667877318689597765e-01
4.935840418270988073e-01
4.725564612877012904e-01
4.779543102544331346e-01
5.080768467359305651e-01
4.329463193416170363e-01
4.330984891000337345e-01
4.445501469201104117e-01
5.110891134520250123e-01
5.304347271098421857e-01
4.868223715033587196e-01
5.090482510131388860e-01
5.436845628628442784e-01
4.209682064897818377e-01
4.376171018888105335e-01
4.258452771235053946e-01
1.042468992538635453e+00
2.136418983588599663e-01
1.998823374575023348e-01
3.757843596916541906e-01
4.692927955927511108e-01
4.794842238092195119e-01
4.681278347074602220e-01
4.692217644176697733e-01
4.689469885013238803e-01
4.749966764803179031e-01
4.715206723736785621e-01
4.762650793697220664e-01
4.861267252944484474e-01
4.892117338857159825e-01
3.936132981480918169e-01
3.792650621172768410e-01
4.363686985219826786e-01
5.011492674566663252e-01
5.197069037445294359e-01
4.853313830817333474e-01
5.008523212155979731e-01
5.364912615059035383e-01
4.186636431925849777e-01
4.199643087748965997e-01
4.150331700995355533e-01
1.202061945268078968e+00
1.733565286348375256e-01
4.872380472486960712e-01
4.485326849090542911e-01
4.898514785528602089e-01
4.509678096952713933e-01
4.741132269453270931e-01
4.690818716886693274e-01
4.688463026779950971e-01
4.691053042340873613e-01
4.699365893979036146e-01
4.732576955925072437e-01
4.774465606505942650e-01
4.849362189651055810e-01
4.948739072299701558e-01
4.926389943894311507e-01
2.516652589683326946e-01
4.821532508172328702e-01
5.347443363548881612e-01
4.915133176095006773e-01
5.055222138136672427e-01
5.419424954130195315e-01
4.171826025732377485e-01
4.238125707524680874e-01
1.389018224539513735e+00
4.882190499726653532e-01
2.574024791612187224e-01
4.770332688933678345e-01
5.016377861594678578e-01
4.885867980465565252e-01
4.943907332516055964e-01
5.129099579973567247e-01
5.262104783866633495e-01
4.154485841186509321e-01
4.358487414906799251e-01
4.171982266173181464e-01
2.816691228568720118e-01
4.800802381741904878e-01
5.117333262672431049e-01
4.975767586837304135e-01
5.028309706734728213e-01
4.156993314134543316e-01
4.167679250200419516e-01
4.082590475982025291e-01
4.138480005618265234e-01
4.154885322592022368e-01
2.154705316287254480e+00
1.859016689991663140e+00
4.119239763554831679e-01
4.158768193425348425e-01
4.223158378807001512e-01
2.506482701886986408e+00
4.037519695565160438e-01
4.228110572035407300e-01
4.277998290579545504e-01
4.170091166866747856e-01
2.936993100553173974e+00
4.259315883461225472e-01
4.380391789322353180e-01
4.029209714399210052e-01
4.285431000266408663e-01
4.408154274268515360e-01
4.241606402984778867e-01
3.489164777623407598e+00
4.097797766921607021e-01
4.308998582206757799e-01
4.271505520923070121e-01
4.446210126807285667e-01
4.454382411542276432e-01
4.257867961749450814e+00
4.213575398657043447e-01
4.473512202915897462e-01
4.158882154859236402e-01
4.409982291716187941e-01
4.464279840610958505e-01
4.323686066215650659e-01
5.517424774518819852e+00
4.188650297948127155e-01
4.390238994608727241e-01
4.210209114293584909e-01
4.425075832727191072e-01
4.414483691896153861e-01
8.595225232364136048e+00
4.192823628402912450e-01
4.422988387633522978e-01
4.173294215800074647e-01
4.412806092615252362e-01
4.400971756908073629e-01
1.108349135453768852e+01
1.743756160299493629e+01
7.270745780822443827e+00
5.603737869703961927e+00
4.993876532469211149e+00
4.612471465848010155e+00
4.327180606901628757e+00
4.094813794419112085e+00
3.895921975795553216e+00
3.719724292171003643e+00
3.559698285061509093e+00
3.411735107013566193e+00
3.273219297712842479e+00
3.142509255365969256e+00
3.018615956860434046e+00
2.900990305845011719e+00
2.789375728615672401e+00
2.683703228904340765e+00
2.584015619657186846e+00
2.490412249162821112e+00
2.403007934232282761e+00
2.321901247683810343e+00
2.247148391786304877e+00
2.178739963155423620e+00
2.116579176607767288e+00
2.060461645573008482e+00
2.010058547375552784e+00
1.964906667042425115e+00
1.924409922425258879e+00
1.887856881605542103e+00
1.854456933044724032e+00
1.823394073814346594e+00
1.793892481425089835e+00
1.765283699822846275e+00
1.737063253067011370e+00
1.708925988236343452e+00
1.680774208836351979e+00
1.652699057841794605e+00
1.624941466961112857e+00
1.597842639918672258e+00
1.571794856908256266e+00
1.547201613621660199e+00
1.524452393931495120e+00
1.503912564096475224e+00
1.485924038818841053e+00
1.470808789279888229e+00
1.458866095852496381e+00
1.450356179178692306e+00
1.445466922697870471e+00
1.444265387895557362e+00
1.446640029976909103e+00
1.452241813982901864e+00
1.460432808764821511e+00
1.470250507016805486e+00
1.480396949227924530e+00
1.489264964941179104e+00
1.495018282234974683e+00
1.495742794409231857e+00
1.489675092239763465e+00
1.475486501524663430e+00
1.452562562179958716e+00
1.421190001503121580e+00
1.382571268636300976e+00
1.338639537049524764e+00
1.291722526996193610e+00
1.244159117964772410e+00
1.197977136575485435e+00
1.154697501762942613e+00
1.115271314349270293e+00
1.080116038017238766e+00
1.049207639552417470e+00
1.022198596330399889e+00
9.064646950563343131e-01
9.156399735278415442e-01
9.011576093947649690e-01
9.163545427788560849e-01
9.055048594262848916e-01
9.331304172555268117e-01
9.551987251975516680e-01
9.811310480129534772e-01
1.008537641427141196e+00
1.033919334922142053e+00
1.052568617044744359e+00
1.058566352936053168e+00
1.044919584379521371e+00
1.003809008855321760e+00
9.267549005365768311e-01
8.044019163764911662e-01
6.343425718196389340e-01
4.552885965652407330e-01
4.056660932723542001e-01
4.380030987774644613e-01
4.438686685868654114e-01
4.427812596326455852e-01
