1.799418732068176396e+01
1.139245027345456052e+01
8.824742257256971811e+00
7.416856371322474217e+00
5.667864973229396419e+00
5.017162584492990796e+00
4.606720640323511695e+00
4.298534030050814359e+00
4.047415638146945938e+00
3.833075061641665560e+00
3.644327246337650372e+00
3.474411979322656663e+00
3.319020482383976400e+00
3.175318645134382667e+00
3.041411865049739927e+00
2.916030281281231318e+00
2.798332047856009641e+00
2.687773149935867689e+00
2.584016439140593313e+00
2.486864561385449868e+00
2.396207656165250999e+00
2.311980185503821783e+00
2.234123499603924756e+00
2.162552424715527888e+00
2.097125538669475819e+00
2.037620008461095367e+00
1.983712947012507000e+00
1.934972107242701744e+00
1.890859074078532709e+00
1.850747493643971175e+00
1.813956923434113966e+00
1.779799647000051221e+00
1.747634017853901822e+00
1.716914980181716288e+00
1.687231900894663017e+00
1.658326590624628727e+00
1.630089868097418293e+00
1.602541302126165856e+00
1.575801293210578269e+00
1.550065483683844336e+00
1.525588273049789834e+00
1.502676435321123716e+00
1.481688044035133212e+00
1.463028485050535510e+00
1.447135357553027246e+00
1.434446948198804028e+00
1.425353013739271146e+00
1.420130113139186356e+00
1.418865979499011276e+00
1.421379080634221692e+00
1.427142161226675254e+00
1.435223495941219340e+00
1.444266347168539077e+00
1.452532296603673778e+00
1.458031668255296953e+00
1.458748314577684724e+00
1.452936074743534256e+00
1.439429183387280542e+00
1.417885789472316915e+00
1.388888462144671765e+00
1.353861754614134716e+00
1.314821609706847250e+00
1.274021610997442044e+00
1.233586474881563033e+00
1.195216100001442960e+00
1.160011614067044006e+00
1.128435396722296646e+00
1.100386332834474068e+00
1.075356354540078163e+00
1.052631050643083155e+00
1.031498356136254069e+00
1.011431329236180288e+00
9.922156951688628768e-01
9.219383211150922186e-01
9.249988519529706021e-01
9.337041045804268524e-01
9.662947857773257487e-01
9.874354526089866857e-01
1.008293388004345204e+00
1.024669442371448858e+00
1.030998735642327357e+00
1.020440414439339971e+00
9.850636319850590850e-01
9.158692628451243767e-01
8.023003587280360671e-01
6.408510851208426562e-01
4.735017373590683643e-01
4.426390933594755994e-01
4.494473509393122623e-01
4.498634741621573285e-01
4.488555476759882867e-01
4.650839224727716381e-01
5.646393660595395936e+00
4.464798151397446069e-01
4.452425074911230407e-01
4.490989943914557303e-01
4.478508306301994257e-01
4.561697584691284391e-01
4.356156702583069418e+00
4.417248657800021960e-01
4.456711697308962661e-01
4.488963027384267335e-01
4.467687780422900934e-01
4.454817043363120677e-01
3.576186410981066821e+00
4.400742723814683455e-01
4.450553921767215204e-01
4.487812472774895811e-01
4.467582545856902398e-01
4.447779352980166245e-01
3.020672929028657805e+00
4.377419953108224182e-01
4.426095233931625628e-01
4.475375652182174702e-01
4.474841283764260935e-01
4.622677991295959243e-01
2.590718762594396818e+00
4.393216686804487514e-01
4.368136344440067265e-01
4.456307969637254285e-01
4.474593363864868278e-01
4.402274375794752448e-01
4.398255478037601529e-01
2.241345704057561061e+00
4.277267312701072410e-01
4.436078582461728259e-01
4.426646515648449687e-01
4.573711657675020303e-01
1.948549142988614813e+00
4.327471131903558033e-01
4.404937775407952172e-01
4.413049440732300099e-01
4.375520268235493226e-01
4.374802990543314452e-01
4.406143825912431367e-01
4.335105020799514541e-01
4.194162512593861969e-01
4.244279333256380515e-01
4.900326243698420736e-01
4.808726429907804190e-01
4.730315540414145037e-01
4.369848749014766942e-01
4.416241474867663719e-01
4.324397467363191860e-01
1.292500413083267352e+00
1.481229760300844855e+00
4.442497067833044988e-01
4.531190937223294468e-01
4.254598168008161263e-01
4.671531395334980186e-01
4.612813356829946199e-01
4.644008064602820895e-01
4.684581199150079089e-01
4.824408911162031965e-01
4.753463702157782467e-01
4.396137020108664695e-01
4.388932748346574542e-01
1.125214019825966583e+00
3.491675079567931883e-01
4.004432159792966628e-01
3.717852333614465876e-01
3.295448151109705015e-01
3.506257839475486748e-01
4.119085660458420284e-01
4.826517170625959641e-01
4.848452069511833828e-01
4.758027536464951579e-01
4.624812832674092267e-01
4.577452139035837475e-01
4.586101234353343048e-01
4.610275763581700992e-01
4.652785674687202611e-01
4.626544422187423566e-01
4.592820056448733701e-01
4.285040580438265745e-01
4.576536055335260755e-01
4.681700098802332732e-01
4.635733478306574562e-01
4.678275140765396634e-01
4.762947110114227334e-01
4.739714440444472432e-01
4.851278422790623046e-01
4.377999110336559530e-01
4.350017325300873372e-01
4.589741938088681139e-01
1.028199863269841918e+00
4.457933219433247718e-01
4.242754873261355142e-01
4.209035359461448245e-01
4.494748583165785738e-01
4.503527021736259961e-01
4.564187710334215442e-01
4.555227395749389396e-01
4.558311181961843817e-01
4.568520749739995446e-01
4.579203897365477505e-01
4.585959780229937888e-01
4.592084156767429759e-01
4.608633983399872402e-01
4.622390003106050527e-01
4.691609448216155775e-01
4.622521841169140999e-01
4.621058837691362498e-01
4.343767347799216139e-01
4.363218250546039845e-01
4.536927827824079329e-01
4.638546813901887056e-01
4.676764789233706643e-01
4.765531016260230457e-01
4.745955196911025298e-01
4.866455939919156481e-01
4.336801937138718421e-01
4.351806119676878137e-01
4.577448077397499593e-01
8.042623528897270280e-01
4.463305826669974330e-01
4.408252514885616646e-01
4.972860887537655650e-01
4.972951819111625649e-01
4.470848933851067630e-01
4.446692729632460983e-01
4.588324961548754799e-01
4.584827326774693623e-01
4.586236241942577285e-01
4.616997922151748202e-01
4.590344284392897656e-01
4.607634737072944242e-01
4.387161192358918216e-01
4.423035439368687705e-01
4.391019515004128126e-01
4.645545124213187327e-01
4.690786174784586926e-01
4.810006326966030366e-01
4.745493747860096145e-01
4.371377152209472983e-01
4.417194174862810185e-01
4.449489767724383871e-01
4.504062762793532571e-01
4.513938677709231628e-01
4.394724139882788538e-01
4.739060530185590370e-01
3.117352472042779765e-01
4.287362087727424886e-01
4.914220498093331280e-01
4.622721964444289622e-01
4.482573582369013265e-01
4.506823000946645341e-01
4.514005915121498402e-01
4.584777051925504332e-01
4.387659983573670153e-01
4.452216183410869221e-01
4.730036454369072607e-01
4.622165041160654075e-01
4.662320347398183351e-01
4.334403617158310018e-01
4.738915140023740036e-01
4.385133338937707848e-01
4.433028732209227663e-01
4.396795193367843413e-01
4.742985448301103024e-01
4.658371103001927582e-01
4.709522911721947258e-01
4.827447110697370980e-01
4.936624246093186397e-01
4.390704644014147284e-01
4.440880445556961154e-01
4.336313905087634812e-01
4.517263173511422703e-01
4.486560502770183256e-01
4.634354433842589049e-01
4.145491067008424957e-01
4.482064728584865265e-01
5.325526132050013572e-01
5.976631397974001558e-01
4.737583274538319511e-01
3.923101771473958554e-01
4.463770995153200638e-01
5.162289171187186554e-01
4.516206879920257600e-01
4.536510384864944623e-01
4.550429066256519439e-01
4.553768774548185294e-01
4.558591073136826766e-01
4.567255357473778976e-01
4.587233724831689119e-01
4.553151262368744234e-01
4.633519729036867374e-01
4.408666240338252607e-01
4.453770353617758082e-01
4.454985324372335853e-01
4.600736688698989219e-01
4.612939723598593056e-01
4.353532956855482028e-01
4.308734800211750926e-01
4.618432804536558578e-01
4.729010900613164203e-01
4.780109959633431216e-01
4.393378367666386786e-01
4.440700684340608273e-01
4.461649271082684387e-01
4.662081057006549623e-01
4.710531727454309037e-01
4.777620742219662597e-01
5.011770928824470506e-01
4.425150995211328264e-01
4.452842935678076874e-01
4.422387376678833526e-01
4.500221839459420115e-01
4.490674822381508502e-01
4.682462099508854503e-01
4.714622396962427908e-01
5.945055128173221126e-01
5.868987885402571214e-01
4.463889955324025771e-01
3.887970824646000412e-01
4.571323147537277864e-01
4.496554163152278183e-01
4.450664901184331890e-01
4.584829135510548603e-01
4.489238815837892638e-01
4.544580385612682627e-01
4.522007320899806837e-01
4.592114576013423544e-01
4.551963784284233094e-01
4.382411718136981493e-01
4.417891473501155963e-01
4.476288862698401538e-01
4.469044310819657584e-01
4.442716443971929108e-01
4.820913829230292214e-01
4.361538619413369844e-01
4.633498376065102731e-01
4.691018641387362798e-01
4.653186422351541229e-01
4.384897390706466447e-01
4.432567965013120004e-01
4.471294897577460792e-01
4.852259033640002883e-01
4.587011932255674052e-01
4.436574022256891126e-01
4.443945434400917160e-01
4.384775037721413415e-01
4.499449497303167900e-01
4.551416712790338215e-01
5.912717736853150274e-01
4.353020937665872392e-01
4.394260107574106677e-01
3.883396993953240894e-01
3.967248038912384311e-01
4.362276274835606982e-01
4.650926375183458972e-01
4.843342327979915374e-01
4.460147564759132099e-01
4.515855780980044809e-01
4.668938762516897656e-01
4.474021842544164684e-01
4.520447804735276409e-01
4.465708466890315198e-01
4.704018242596327282e-01
4.871028701882968992e-01
4.448882913459212274e-01
4.481273518643398845e-01
4.604797243074722490e-01
4.818292444228203242e-01
4.727063410516834652e-01
4.428479356127630329e-01
4.310085024044412738e-01
4.656219601845140721e-01
4.681732963797551328e-01
4.693768484798741536e-01
4.415754449607587895e-01
4.454521495914512963e-01
4.530624780898787063e-01
4.652134980548272569e-01
4.524627078109138556e-01
4.395174871688872775e-01
4.636035466198064614e-01
4.819935232428810279e-01
4.931730646680528851e-01
4.433413386049451232e-01
4.438822080696240846e-01
4.387073032981468890e-01
4.552988934529733633e-01
4.484041040540293621e-01
4.396045169635031669e-01
4.341076509407243988e-01
4.482810345066122748e-01
4.717315077183000804e-01
4.658919866395986320e-01
4.574898401511843238e-01
4.514914290339966385e-01
4.755726160140741343e-01
4.475546615484309876e-01
4.484934891459374517e-01
4.500620364623768022e-01
4.684526081628787031e-01
4.840453787435941568e-01
4.475052505046887563e-01
4.416859647543961431e-01
4.638000506285648861e-01
4.647002046537453968e-01
4.644464482132672489e-01
4.729438406530560579e-01
4.443472901375244977e-01
4.460611800570484786e-01
4.495451303553463784e-01
4.618429023434542091e-01
4.732326431377478215e-01
4.406870575107392773e-01
4.669766348826645541e-01
4.666809168227373794e-01
4.664560613027830538e-01
4.421018089279338259e-01
4.458729605638281912e-01
4.587145749836542552e-01
4.677147914273903084e-01
4.381800694398324536e-01
4.443573405139205623e-01
4.716549862302486518e-01
4.778975660526997848e-01
4.838903688007534232e-01
4.416729377744151863e-01
4.595901217246201043e-01
4.262057489256097509e-01
4.247585523659224704e-01
4.431983825962937384e-01
4.530269838065793531e-01
4.479951829815203013e-01
4.566966884092308332e-01
4.584449904902002104e-01
4.678969365981933137e-01
4.463602597717321041e-01
4.485138911052759525e-01
4.492899055336192493e-01
4.666193880302697550e-01
4.714758227689956338e-01
4.647218108187335939e-01
4.405959610624366474e-01
4.603456157012560945e-01
4.626801155056914361e-01
4.616576786888694772e-01
4.822727033329276547e-01
4.442452313303090206e-01
4.464293541402341026e-01
4.519821640373090643e-01
4.482729354419697776e-01
4.510728673714009540e-01
4.810516704464601334e-01
4.566737992149789149e-01
4.293102920518065413e-01
4.658852185566667581e-01
4.651629850464109039e-01
4.643775471565460555e-01
4.426498097250643471e-01
4.468888175879107694e-01
4.652122943531376564e-01
4.648682166557121520e-01
4.661549107871911790e-01
4.422391548798205174e-01
4.762359173593512796e-01
4.780703905291445732e-01
4.817903535326904518e-01
4.407105148468044575e-01
4.386797675029315280e-01
4.515030157398556843e-01
4.283167031331440167e-01
4.418332014242156158e-01
4.500688301769060207e-01
4.510439491829994485e-01
4.593041375030268436e-01
4.549614994211175767e-01
4.564226069094363680e-01
4.574431960428723132e-01
4.566131735620523324e-01
4.469911118623752788e-01
4.505494737918139259e-01
4.513526382304368090e-01
4.521695502725319171e-01
4.785188067038386728e-01
4.422018532924370526e-01
4.592112600204508177e-01
4.627384217209576933e-01
4.624284209897669418e-01
4.725888501584321055e-01
4.399667361927278031e-01
4.488780302970151737e-01
4.516061313187743065e-01
4.467516004190819623e-01
4.814139209458814239e-01
4.567169413389511878e-01
4.357787142448901196e-01
4.662450988506816607e-01
4.638446557579695151e-01
4.636649223030778200e-01
4.437180814864760126e-01
4.506776808673629287e-01
4.510148694137321446e-01
4.609500111754593066e-01
4.657548019243349380e-01
4.449773649034427514e-01
4.391316306190254370e-01
4.753964626906953539e-01
4.786266699256780388e-01
4.784738259625533896e-01
4.445682084388357658e-01
4.473686063333691676e-01
4.527568566585741250e-01
4.570955821623961524e-01
4.594655417905803563e-01
4.647584040582067866e-01
4.565053110711634332e-01
4.557339202912930043e-01
4.559828394035289612e-01
4.688758346591065385e-01
4.507310199502899684e-01
4.546374464066368359e-01
4.624485693735002623e-01
4.863065674276367267e-01
4.157568768424034777e-01
4.412463714024059680e-01
4.603693317610374480e-01
4.626715777032614496e-01
4.574676288716313932e-01
4.510549012083960307e-01
4.411385402062350525e-01
4.643401801824677544e-01
4.625858053167404282e-01
4.613327424414750411e-01
4.623038575859862997e-01
4.433639090901514979e-01
4.429579244361832591e-01
4.537481117535541730e-01
4.454400551107560724e-01
4.757215266492899053e-01
4.749719707693169091e-01
4.904502971221950669e-01
4.438726519226754430e-01
4.439094402907269865e-01
4.395361108135517614e-01
4.504525342454058778e-01
4.536437174243816428e-01
4.566262665010881738e-01
4.623505653673976035e-01
4.552501894845896180e-01
4.576099707685906126e-01
4.550990878363184722e-01
4.703282453830231469e-01
4.780974579984135220e-01
4.457912342408501538e-01
4.609624631949166829e-01
4.622029849928787626e-01
4.598452610773121618e-01
4.777785446784203471e-01
4.464043519476033617e-01
4.326870696674688377e-01
4.613143910102409651e-01
4.605096650459113983e-01
4.607590241344576842e-01
4.449351353879041904e-01
4.695596157780592139e-01
4.710878202885547816e-01
4.971255592823560221e-01
4.445351306343422459e-01
4.447338520695553465e-01
4.517052891819525184e-01
4.513560368724248706e-01
4.540369499539953502e-01
4.576459481338643887e-01
4.549725471864710102e-01
4.588171691505747440e-01
4.595260070969013899e-01
4.520239706750561748e-01
4.583711049809940374e-01
4.622681253532296419e-01
4.672187616559385637e-01
4.487495465678955631e-01
4.594631582351581534e-01
4.650237128942292797e-01
4.482974672943355054e-01
4.323256812203138399e-01
4.722704882641281521e-01
4.712123460713872336e-01
4.850949465761749124e-01
4.469706318758119856e-01
4.440060166673278630e-01
4.547810893143753308e-01
4.509891030510883025e-01
4.569280217424434576e-01
4.539919202443987722e-01
4.623153043506871285e-01
4.604070895027421728e-01
4.574964680929894389e-01
4.578775049683189158e-01
4.567125211345542390e-01
4.755945698596372728e-01
4.552015833255632637e-01
4.689898680638261430e-01
4.600962009338472880e-01
4.610971948990469915e-01
4.669536851295237878e-01
4.539350720200258649e-01
4.584418020300749519e-01
4.385843587709296054e-01
4.572109966515272017e-01
4.563270617626074555e-01
4.760650521828893589e-01
4.735781525006483861e-01
4.479589396352494091e-01
4.494796000858785057e-01
4.534932519825045638e-01
4.563993413102271912e-01
4.617248851808311572e-01
4.656812939144398533e-01
4.561835577771250483e-01
4.569010363805191544e-01
4.705350031318994430e-01
4.549707394344752465e-01
4.593134956818127890e-01
4.647835301661043528e-01
4.499552258443035857e-01
4.567244476206784864e-01
4.613006593977772019e-01
4.567454892423198909e-01
4.633021680408545007e-01
4.539923661778199615e-01
4.541998595480725709e-01
4.636960884325357357e-01
4.749304961995404195e-01
4.716732276664346024e-01
4.810623883196998851e-01
4.495912261361344475e-01
4.510086351066470156e-01
4.472026512828408684e-01
4.489401244886443987e-01
4.640221200562356652e-01
4.615325065703437257e-01
4.564019540766831029e-01
4.570453767936002998e-01
4.640405491198302812e-01
4.590471455735609108e-01
4.566225933733723541e-01
4.634523808543630219e-01
4.778578454603540915e-01
4.537536783667458495e-01
4.595705874422145176e-01
4.585913777891334475e-01
4.540054619496607935e-01
4.507899887316845766e-01
4.572956991494885881e-01
4.717561622175236447e-01
4.673533825897073779e-01
4.849064838636772401e-01
4.505852686785354888e-01
4.514652505808962601e-01
4.475256513726838525e-01
4.428196401022371775e-01
4.621873046662006157e-01
4.625627359803373140e-01
4.629370276530601624e-01
4.659538275788490669e-01
4.187749493643714849e-01
4.568655215845844886e-01
4.586715695812432769e-01
4.516081204408873839e-01
4.600868353214100925e-01
4.597126530594936589e-01
4.553545855433557277e-01
4.540395345363839597e-01
4.485505070422874385e-01
4.574922970205712036e-01
4.462089394777694618e-01
4.622829156372063042e-01
4.563860790943789492e-01
4.578103983764942875e-01
4.554246931722065184e-01
4.559720121291281347e-01
4.516910529871719926e-01
4.520577489895643564e-01
4.494825346170767677e-01
4.462511705048496924e-01
4.481721897216264794e-01
4.580356660628352450e-01
4.650280069192677113e-01
4.644283037111878176e-01
4.403581453680958102e-01
4.560178313186276089e-01
4.565098299803217463e-01
4.597120877942149075e-01
4.651268449389588944e-01
4.530459413304052108e-01
4.591429200385121479e-01
4.610377059218641604e-01
4.542413337246463123e-01
4.534438598220452143e-01
4.520828291695815349e-01
4.523438829257941385e-01
4.486469563354829604e-01
4.516064014509696967e-01
4.550574192413753272e-01
4.573317944322191630e-01
4.562041996585894377e-01
4.582200720715054465e-01
4.522873084298851265e-01
4.527145624964710180e-01
4.473800952278692011e-01
4.542482265221902682e-01
4.677039926941446990e-01
4.662831853575605257e-01
4.348004222909224170e-01
4.396190358681835164e-01
4.772535277429867939e-01
4.755143193505165233e-01
4.837404970164239648e-01
4.567521196279083484e-01
4.576244603170159797e-01
4.548133576331588324e-01
4.531133491421270865e-01
4.555019447031997126e-01
4.525148744881355989e-01
4.398293457257038130e-01
4.548821788648509390e-01
4.605258134976459305e-01
4.620221057438467782e-01
4.598371343666340372e-01
4.517134455459853593e-01
4.535018923192312146e-01
4.574237066872977042e-01
4.529625632032991400e-01
4.523079709207226684e-01
4.566739844306122453e-01
4.578040573156567095e-01
4.546610450199229381e-01
4.541200834071560388e-01
4.543955365840872118e-01
4.571134109040509430e-01
4.634303306383644738e-01
4.757249435356988854e-01
4.703649121565411928e-01
4.526537358756793084e-01
4.540997181796050941e-01
4.453740389779777820e-01
4.438525412974165252e-01
4.685886595811280531e-01
4.703452498808078919e-01
4.378362714279148138e-01
4.347409764166992874e-01
4.900417201838329073e-01
4.508926118402303285e-01
4.487769983706186849e-01
4.597612591503814627e-01
4.557441513614645112e-01
4.537292587109769126e-01
4.703343999802206965e-01
4.561036258439813418e-01
4.534687973569212494e-01
4.547251536732379029e-01
4.537948964127850315e-01
4.412722994938657051e-01
4.443849988232096981e-01
4.527534382654541112e-01
4.617971009208402533e-01
4.624418254747284518e-01
4.525029126281748804e-01
4.548620928206986158e-01
4.549608368540487557e-01
4.516208046649631269e-01
4.556358104052818936e-01
4.577285395032219539e-01
4.569776315176202197e-01
4.548346161955918454e-01
4.546348786923545271e-01
4.456509690278825375e-01
4.600981512726602385e-01
4.691574747672774826e-01
4.736682957163876329e-01
4.522497259426394578e-01
4.552984954169012055e-01
4.420931303452780847e-01
4.401046634173318983e-01
4.659873678814008824e-01
4.720222907791823963e-01
4.368418072331588520e-01
4.760169311447675633e-01
4.827273023381641326e-01
4.514643742981505059e-01
4.514877391575747301e-01
4.556076030073279437e-01
4.521615362312308428e-01
4.529232698205659102e-01
4.682711005304346918e-01
4.583201592585312012e-01
4.533802615596234653e-01
4.543492070493903023e-01
4.549187281007837091e-01
4.469785186465948246e-01
4.457362537528216651e-01
4.582811949067314705e-01
4.639756952455420524e-01
4.538123003113022080e-01
4.516678624171160394e-01
4.555481816688854990e-01
4.514417037330642479e-01
4.531575569099172696e-01
4.554720548619687337e-01
4.588986488418161924e-01
4.509961241924929642e-01
4.552150761663161238e-01
4.500967684879240149e-01
4.586233610793723492e-01
4.705070802559087606e-01
4.776011374458801195e-01
4.518328816252991098e-01
4.561088127835656314e-01
4.418095785630223316e-01
4.394733064199345951e-01
4.615738487711491533e-01
4.696221463490234949e-01
4.411537461207557520e-01
4.393896671671397303e-01
4.820208013680978287e-01
4.821822756265229382e-01
4.498448447178324261e-01
4.536297606467988852e-01
4.529333802121414676e-01
4.547012103147410889e-01
4.584097432263565253e-01
4.555250627555039178e-01
4.561025799999003927e-01
4.540581163862243974e-01
4.548732205036551401e-01
4.420755763342377742e-01
4.448669188105632277e-01
4.559596745028547948e-01
4.607125840034948516e-01
4.614126230528372563e-01
4.562377797179701933e-01
4.506719520612668117e-01
4.540617787467790545e-01
4.551305841206635394e-01
4.528145568163714496e-01
4.490646374230163884e-01
4.547562996963459003e-01
4.574488667166189404e-01
4.543014469460648908e-01
4.551733366574803874e-01
4.552614639460024759e-01
4.700494766824826476e-01
4.725020739722786134e-01
4.507605114825976589e-01
4.559439233476180742e-01
4.426011533304443080e-01
4.425848547829903112e-01
4.472404280662917175e-01
4.680668733932136227e-01
4.681998676101928880e-01
4.736578866700593138e-01
4.437116275259905818e-01
4.352067307036089905e-01
4.724568386208262694e-01
4.773125785873018612e-01
4.508035471836880914e-01
4.522619876072820899e-01
4.538748283338162048e-01
4.556586086241980471e-01
4.533098739752460249e-01
4.497866976009428086e-01
4.620610659737326431e-01
4.553661079100431164e-01
4.482860279394038083e-01
4.469215466846033213e-01
4.517170419728683273e-01
4.557760025185044195e-01
4.650579343030186164e-01
4.526805124768187305e-01
4.513814917537846139e-01
4.574545342276589155e-01
4.546300557015312549e-01
4.540188982857126798e-01
4.518643067466628915e-01
4.566169254455467730e-01
4.562087661555980223e-01
4.587943008951047563e-01
4.537618350986025173e-01
4.566428650790521071e-01
4.559799041654148954e-01
4.719243447656146229e-01
4.683347346292691671e-01
4.529659889362441794e-01
4.562962270875290383e-01
4.407934500780010811e-01
4.434135147906101970e-01
4.681361489422295463e-01
4.743161105594121962e-01
4.381751162185092419e-01
4.407956261628260819e-01
4.795729457416291197e-01
4.725808030725138775e-01
4.509590939345802796e-01
4.519146241136915432e-01
4.568166189635609609e-01
4.554374479081422233e-01
4.541552697436428421e-01
4.539281692910536736e-01
4.536183102402827072e-01
4.485383623741217574e-01
4.512111564867829494e-01
4.561150190545419925e-01
4.570641031585501723e-01
4.482179744253703135e-01
4.523703619168760182e-01
4.594721232268387245e-01
4.541001389354824558e-01
4.522228690286703157e-01
4.544885043415748394e-01
4.527873909026804977e-01
4.565686789548992208e-01
4.580032985741971929e-01
4.493739233705820180e-01
4.553482077796955907e-01
4.550890750500560800e-01
4.563387873986799459e-01
4.690354922355512435e-01
4.629647369746981989e-01
4.661800948180658821e-01
4.551240480608100825e-01
4.370534411157724897e-01
4.403227787466915122e-01
4.622697193401258953e-01
4.607087089670322544e-01
4.855352892442442170e-01
4.305937425997307111e-01
4.454044427509797899e-01
4.759474643115126358e-01
4.651883980242870198e-01
4.513647775924414240e-01
4.528911593066420882e-01
4.542536209136439074e-01
4.600231093035616059e-01
4.531130724151581357e-01
4.460549240056908560e-01
4.507390874357912192e-01
4.570888819363042588e-01
4.541765907937775903e-01
4.695867080871982679e-01
4.440740332730397366e-01
4.565747855190726567e-01
4.590546424413712856e-01
4.549470786786833365e-01
4.536679495228378434e-01
4.536924785584988684e-01
4.564763713097034215e-01
4.567653568180137791e-01
4.473739200852895337e-01
4.548448559091690657e-01
4.564219911709950228e-01
4.558559240830025172e-01
4.619154252101160263e-01
4.637939802801006595e-01
1.161711265160247919e+00
4.353217149001737396e-01
4.336476780895086036e-01
4.594247439170545677e-01
4.495835494749575445e-01
4.748500775850804656e-01
4.739625507738682297e-01
4.526652392043755135e-01
4.533249417444982776e-01
4.565404351280724637e-01
4.459799075632107646e-01
4.476516665390747329e-01
4.537032228558675051e-01
4.533910167329429641e-01
4.545202483640782276e-01
4.517030831619224251e-01
4.525447435950110675e-01
4.567483385222356751e-01
4.548714442770556143e-01
4.474027571966154859e-01
4.556314408483388423e-01
4.571659512243760881e-01
4.557106060127864566e-01
4.622906733301571092e-01
4.627539940395000717e-01
5.600227945488296832e+00
4.379954711273519319e-01
4.300032071560898062e-01
4.626719064512217483e-01
4.532409632779443864e-01
4.476408248726002070e-01
4.610767640661925793e-01
4.534445455339667919e-01
4.483485060400474453e-01
4.456631873476588068e-01
4.646481360928612081e-01
4.581120159104692946e-01
4.527904731565613461e-01
4.504554971605256863e-01
4.581129227233239898e-01
4.541295080340398971e-01
4.516756565987813943e-01
4.641992039937198888e-01
4.622525625511962333e-01
1.727570221551928853e+01
4.324765499897782473e-01
4.306082282573709952e-01
4.992201524145430391e-01
4.685249947253508074e-01
4.559054799482105125e-01
4.475274866244680627e-01
4.588417621129514123e-01
4.525040616143909400e-01
4.455610636585642381e-01
4.407334235060069716e-01
4.433443602627613056e-01
4.494970770947325223e-01
4.681499714074656704e-01
4.535047219241591376e-01
4.548377422516569624e-01
4.695343880847214768e-01
4.538103921123559648e-01
4.653257154921521810e-01
4.572939674180307446e-01
2.765423014347578601e+01
4.400043639189118450e-01
3.951656785784717352e-01
4.663890114809441934e-01
4.699658028613054594e-01
4.520765305577756354e-01
4.557864239910355830e-01
4.500075136805599119e-01
4.498272476103489792e-01
4.522232095988459877e-01
4.498335230668664142e-01
4.570146287488252024e-01
4.669634363686727130e-01
4.564475243296349238e-01
3.151648442495739388e+01
4.454164700417471701e-01
4.370869961688080840e-01
4.693326121351542590e-01
4.685308247317752639e-01
4.461379507578746018e-01
4.534614280480129822e-01
4.429154854528113971e-01
4.676791537247633745e-01
4.521425814841572577e-01
4.547846445344735922e-01
4.537674236476965106e-01
4.670270926618969587e-01
4.574161573047832441e-01
2.765345207206961575e+01
4.393017933201117664e-01
4.366323941937026998e-01
5.008797479138870079e-01
4.644475078777706711e-01
4.547077608839581453e-01
4.465605357066662062e-01
4.599373797420298615e-01
4.542603490254513710e-01
4.451373133384113334e-01
4.452285638567771708e-01
4.400890471011156824e-01
4.493767632133320866e-01
4.582560025373621504e-01
4.534701547282651846e-01
4.503772293569434093e-01
4.694459611461718751e-01
4.516104304196721930e-01
4.654289925105163372e-01
4.623301354681387254e-01
1.727497186043326849e+01
4.444678926962172816e-01
4.400209987217119645e-01
4.752334171986612454e-01
4.523629851338537566e-01
4.525326454932030451e-01
4.600612670546480598e-01
4.501953169316321168e-01
4.480111865153643125e-01
4.473527926776633690e-01
4.646822929789060641e-01
4.548366308561148652e-01
4.527392609969929094e-01
4.542316855473553239e-01
4.580647334862754105e-01
4.547816820074759292e-01
4.542264007901979928e-01
4.558220061988821348e-01
4.556395024752367684e-01
4.642774123954223064e-01
4.628040861822904639e-01
5.599875048819325407e+00
4.412333785107432904e-01
4.458872749844002281e-01
4.554713016560273386e-01
4.812661773967878420e-01
4.474122941654684049e-01
4.417168390440860959e-01
4.760930992261966921e-01
4.661236387837844330e-01
4.519806741701092867e-01
4.536455211083703642e-01
4.532035765461632781e-01
4.457183741119519760e-01
4.504501981589158488e-01
4.539824787773954484e-01
4.700149817310661504e-01
4.534851671708286514e-01
4.565513376678128621e-01
4.549536659402129701e-01
4.516448088820354534e-01
4.536473557882521046e-01
4.566977331795769590e-01
4.566837244376119043e-01
4.476910158850556098e-01
4.549796417122394798e-01
4.572420628651517882e-01
4.558041192276038323e-01
4.623434898595423781e-01
4.638319732133000528e-01
1.161581644864151830e+00
4.419729718277021213e-01
4.478260203315115873e-01
4.572614514945838593e-01
4.688745234611553236e-01
4.564343148562293173e-01
4.269093980790165110e-01
4.378845532212655711e-01
4.764292607883640618e-01
4.719775019452774334e-01
4.519461708558006885e-01
4.518899851057580630e-01
4.523480554080303584e-01
4.605127196133134704e-01
4.541037775269740617e-01
4.458514249861060263e-01
4.510326014658413429e-01
4.573582610456154440e-01
4.573161390715260732e-01
4.545539138402115431e-01
4.440709735877146902e-01
4.524209327423648341e-01
4.589603020203562589e-01
4.540632185090430206e-01
4.536173300292700716e-01
4.527606486347052761e-01
4.564109523687629455e-01
4.579433659387087685e-01
4.474727613962636297e-01
4.555205012783561380e-01
4.565341132944484293e-01
4.563437502108381727e-01
4.619538313020479237e-01
4.662079996804484594e-01
4.550890626919029680e-01
4.447817001846969820e-01
4.503006929628707855e-01
4.630678391927871562e-01
4.688795589072001779e-01
4.357473552210950341e-01
4.333259783240707153e-01
4.782054146596023680e-01
4.754327684405471044e-01
4.511526719118545969e-01
4.541307109110863660e-01
4.576830136632903390e-01
4.541809885934350310e-01
4.559060654147465974e-01
4.539760406971844464e-01
4.593730236860599780e-01
4.541633921359031212e-01
4.555504571531483471e-01
4.483517200586469298e-01
4.514420290517388024e-01
4.563526919938684645e-01
4.652890384401181523e-01
4.482642633423356560e-01
4.514383933848290509e-01
4.594696773455861916e-01
4.546134799638604784e-01
4.521619798898429687e-01
4.517702275379379406e-01
4.544073572786628268e-01
4.564955469676691968e-01
4.587146028732388414e-01
4.494449714299533771e-01
4.567865478797690226e-01
4.551870590669834238e-01
4.560578049563318026e-01
4.690545931644249378e-01
4.683508252368819291e-01
4.629925830379931773e-01
4.562647435356649850e-01
4.438168866221047226e-01
4.406912336765096971e-01
4.453619246016533584e-01
4.643682464060526205e-01
4.657753841326273681e-01
4.632789716658536339e-01
4.426321125272312806e-01
4.387683727100666897e-01
4.703286663994405981e-01
4.798864748683226433e-01
4.514880725060466116e-01
4.545025608858308530e-01
4.525390536834160704e-01
4.564473886331069652e-01
4.592350367799548083e-01
4.490920995246260872e-01
4.555796122073575982e-01
4.547683718640093686e-01
4.482292136900464241e-01
4.452287338061954314e-01
4.466166724694726753e-01
4.559584322936989786e-01
4.615626090463478270e-01
4.527327917327663709e-01
4.507208576429668767e-01
4.574710653138935879e-01
4.551416278338601407e-01
4.539236512169135818e-01
4.490061321765773106e-01
4.565374525479832801e-01
4.573895849398144642e-01
4.561474122116072616e-01
4.538166017956087317e-01
4.544102144652070741e-01
4.553933051073518201e-01
4.719269596790242050e-01
4.725073929513123883e-01
4.529220747369121503e-01
4.559048630634218724e-01
4.416516422686681542e-01
4.396342193204171855e-01
4.578501865745264188e-01
4.686961331391214514e-01
4.417034079740165819e-01
4.370644738584770761e-01
4.805132103847110647e-01
4.813859396296573667e-01
4.507264443130100662e-01
4.565212704329592586e-01
4.538382159371237567e-01
4.692550957467150341e-01
4.556093831416844209e-01
4.550845000730427969e-01
4.530694126870474236e-01
4.539186869165914850e-01
4.546074783272706643e-01
4.447175683038942506e-01
4.476077070943219605e-01
4.560303030003677316e-01
4.640335821142922978e-01
4.608617570660708540e-01
4.562783140408520621e-01
4.516974776539492975e-01
4.540782942512028852e-01
4.555655436161233363e-01
4.527144960209614766e-01
4.530762133301466932e-01
4.546880003325303177e-01
4.588377653138783208e-01
4.552445506398913877e-01
4.553023954454799016e-01
4.587956806123998366e-01
4.700381443004528759e-01
4.775845456904505015e-01
4.507229342600891919e-01
4.560744793932288155e-01
4.407868080001763889e-01
4.419625633015168975e-01
4.643477831565923641e-01
4.694872059592360425e-01
4.384301591089911354e-01
4.749785412277660601e-01
4.895191620280425204e-01
4.528429211928842180e-01
4.613469801008336924e-01
4.524183986754772291e-01
4.528921822950180420e-01
4.710632788539156901e-01
4.538200172079612793e-01
4.580983938121497290e-01
4.533751606655763711e-01
4.539721264681331747e-01
4.533534391290064414e-01
4.473649269375616355e-01
4.525362359645055399e-01
4.582886678592921759e-01
4.624067495710518783e-01
4.538486951750032583e-01
4.525322409266151480e-01
4.549739250867190776e-01
4.513418468313517562e-01
4.555448011312606127e-01
4.554179135871755935e-01
4.569249444396941140e-01
4.509694687308229977e-01
4.546026829864895924e-01
4.502891809119166089e-01
4.603054961360777408e-01
4.704802355820115189e-01
4.736151699410232618e-01
4.518094044816879928e-01
4.552670384242828439e-01
4.428944356408515692e-01
4.506043781118029279e-01
4.683286067404083264e-01
4.668825429538894234e-01
4.386454219044776393e-01
4.403282195334414229e-01
4.756686725788543124e-01
4.512252455292329878e-01
4.793013558967527121e-01
4.501061516269301288e-01
4.562362173733588988e-01
4.580683114079627249e-01
4.543558333227031842e-01
4.562230423149473690e-01
4.548460364655321775e-01
4.542054852592676273e-01
4.548822453333680738e-01
4.412730372336325924e-01
4.549648604542381181e-01
4.442094016228070319e-01
4.616309185166379003e-01
4.593903076336205427e-01
4.535394952324455220e-01
4.548662508420537320e-01
4.529784145302456766e-01
4.515017240254234343e-01
4.565963240941127155e-01
4.576942715503821146e-01
4.546085837417793707e-01
4.547614106354608832e-01
4.543514122859814153e-01
4.459142662943382240e-01
4.636357695368863441e-01
4.691115329203573436e-01
4.703198408836973266e-01
4.522396397409219060e-01
4.540815171039784826e-01
4.433715522207730686e-01
4.430619770586379791e-01
4.686868450728740032e-01
4.668180579919980477e-01
4.350422815309040181e-01
4.403168387388149974e-01
4.764745819977919128e-01
4.569193243625490619e-01
4.597331393100247410e-01
4.532760461731992763e-01
4.525321308695741118e-01
4.523490063876323131e-01
4.398558829579198859e-01
4.601409673150030910e-01
4.606732137350751377e-01
4.615850769986580282e-01
4.517552715523275308e-01
4.534765798930793790e-01
4.574384703869980862e-01
4.523572641741244738e-01
4.511692693927313313e-01
4.549207365171274442e-01
4.577854519891307872e-01
4.561621824580205375e-01
4.539430812914892477e-01
4.581455264277737860e-01
4.572152580824295209e-01
4.757238919773927877e-01
4.526259991812987549e-01
4.527289214699100062e-01
4.430915667522177248e-01
4.365004642801864621e-01
4.415113931763013366e-01
4.619107084904858218e-01
4.668812062015582631e-01
4.671806804593042206e-01
4.180042465652147876e-01
4.557955361567588293e-01
4.583559065116000197e-01
4.564153988109126980e-01
4.654896006848873724e-01
4.519895362761054414e-01
4.589415513350019182e-01
4.601122486955797064e-01
4.542724393070163846e-01
4.540507826050633744e-01
4.521035347119709558e-01
4.575007844052886297e-01
4.485213008574760463e-01
4.622355939902608735e-01
4.515017313287880696e-01
4.573166703934856137e-01
4.554145947032964270e-01
4.559267738340118670e-01
4.522992332144776806e-01
4.520536247546924624e-01
4.400729273544610187e-01
4.408593194337471211e-01
4.672248514405642483e-01
4.670736014290755023e-01
4.567806324116778227e-01
4.628686310080742383e-01
4.655669741338201439e-01
4.563506222278375657e-01
4.626471396443136985e-01
4.542045489312434015e-01
4.600208548773191408e-01
4.585424724371712224e-01
4.553683924369698599e-01
4.540394870209896183e-01
4.485294047737065082e-01
4.461004440157837481e-01
4.563666770893682334e-01
4.572823876073218718e-01
4.577893498415396278e-01
4.848427856460864049e-01
4.517111669498508064e-01
4.514855121155960105e-01
4.385778671428802178e-01
4.464024653948144850e-01
4.701356938495426241e-01
4.726693103327903600e-01
4.552277809357423988e-01
4.686530653517039235e-01
4.559645371608023190e-01
4.580623046352826355e-01
4.582253984496988952e-01
4.557787129645223256e-01
4.782373470054747666e-01
4.567186117511679577e-01
4.593714047389599320e-01
4.565215070241735451e-01
4.540037228246359691e-01
4.507562057784446630e-01
4.637116037201498564e-01
4.717632348361635031e-01
4.809922259835088254e-01
4.673135706040118520e-01
4.506134375682134818e-01
4.510426380811488611e-01
4.426336819734126848e-01
4.451937402618355577e-01
4.691104882246698859e-01
4.690570470558826921e-01
4.548062243807923788e-01
4.735850827563544696e-01
4.547020192041361097e-01
4.537087010106415907e-01
4.674069237466205173e-01
4.639482395666786330e-01
4.660594920041937761e-01
4.495997628344780561e-01
4.611084321894526883e-01
4.537354275990381769e-01
4.631910534772328836e-01
4.571662208750766898e-01
4.540978070451773263e-01
4.563411832800554069e-01
4.748923718247231029e-01
4.735389211906297358e-01
4.716399010983845508e-01
4.496307889742481856e-01
4.495254273817501645e-01
4.423781128528248008e-01
4.391024001140660382e-01
4.399661258414395149e-01
4.644719741799830937e-01
4.688042781985902741e-01
4.704555256032809663e-01
4.576973366173222590e-01
4.579699638476348866e-01
4.569537771472012566e-01
4.540082313375162215e-01
4.538118012359027009e-01
4.519180554252548720e-01
4.594685113971020418e-01
4.664319896596047510e-01
4.603665503318140062e-01
4.486772257164156064e-01
4.582814255999863584e-01
4.648767221520460069e-01
4.385588065956697590e-01
4.325092838228470904e-01
4.760276957139706333e-01
4.850905663500290066e-01
4.480126728876009934e-01
4.440615081923416918e-01
4.381404829384972777e-01
4.399187308055736434e-01
4.656031472314263175e-01
4.744924659031115044e-01
4.562160633384909625e-01
4.729182771218381487e-01
4.574126891633155667e-01
4.462104565263457223e-01
4.578683509806112939e-01
4.771163527078115529e-01
4.616336835224008062e-01
4.324973953823391670e-01
4.593633223076052374e-01
4.606509089683334945e-01
4.482132104392766436e-01
4.448287457337796735e-01
4.722484400711517427e-01
4.970918471350945222e-01
4.711818971023027380e-01
4.470354283227014891e-01
4.448069753273637406e-01
4.381775491200748385e-01
4.461628825099218654e-01
4.688186664578922191e-01
4.777749253418839825e-01
4.513609538933847642e-01
4.663875782489691479e-01
4.551267403427110003e-01
4.564092289156581050e-01
4.766834402470083165e-01
4.612786780242217888e-01
4.840915128162646131e-01
4.406869794458507794e-01
4.606126109448051564e-01
4.569482188798387190e-01
4.607656876563791526e-01
4.593303829297561980e-01
4.462980292455713816e-01
4.413259819540138462e-01
4.612504395462458939e-01
4.621844294996282354e-01
4.604117540416518550e-01
4.451789483987967366e-01
4.695455634866754768e-01
4.903851819357121222e-01
4.710729218256881068e-01
4.446172043995915146e-01
4.396189291858357273e-01
4.438732463505011272e-01
4.500429395548428135e-01
4.679684859417838072e-01
4.692918150983650949e-01
4.562965374485672410e-01
4.562121679138382291e-01
4.545910387454168977e-01
4.546599885465132940e-01
4.511696370088890129e-01
4.530646214076519684e-01
4.543903200205784421e-01
4.757614477914395290e-01
4.180724640612199505e-01
4.423344254336469827e-01
4.600775912415083768e-01
4.726254699542274951e-01
4.623245598078618568e-01
4.507724836428237958e-01
4.466719591706558301e-01
4.562015637562237824e-01
4.366661613264775643e-01
4.642852262606231295e-01
4.635667796282706421e-01
4.625259611836540774e-01
4.612377003326476599e-01
4.434024809667628242e-01
4.609443047002998450e-01
4.430575588220969085e-01
4.539629397222841867e-01
4.659825775413076743e-01
4.387458865966412103e-01
4.754236769521094086e-01
4.782200906492837800e-01
4.748637149952650849e-01
4.438631385256785467e-01
4.473490762894953843e-01
4.439904615133367094e-01
4.446081179305922948e-01
4.427850515355834515e-01
4.437270910050402084e-01
4.685875732703704832e-01
4.706184906588424255e-01
4.732497615569726812e-01
4.548598650365767160e-01
4.643131449067419148e-01
4.572685589989634591e-01
4.474156412873244171e-01
4.675399319356512984e-01
4.511511970403064842e-01
4.519989613945044060e-01
4.630808658194211502e-01
4.389880432614108874e-01
4.592148049427159928e-01
4.821317754747942441e-01
4.625755221148342144e-01
4.621571331303492292e-01
4.403857527046362574e-01
4.512988358593820193e-01
4.491751866128521620e-01
4.517131736792988073e-01
4.811257057433263595e-01
4.810197084747298013e-01
4.292186725935452363e-01
4.660913311044874718e-01
4.642001666354207967e-01
4.637926148289801542e-01
4.437376032942537685e-01
4.652473824399016022e-01
4.506648852371039071e-01
4.509810996846020381e-01
4.667132482486905376e-01
4.446485868650533191e-01
4.419544915606978819e-01
4.753740306828546647e-01
4.817851523338811393e-01
4.786527378103433983e-01
4.446210449278926724e-01
4.515684222152352989e-01
4.383362209567496781e-01
4.427136982671957544e-01
4.619663589826260575e-01
4.671018800646606350e-01
4.593890135789317486e-01
4.906401495068498098e-01
4.579643010964070116e-01
4.545117577446045609e-01
4.475326959843359820e-01
4.693727579201978362e-01
4.497002239289748515e-01
4.497824246981383389e-01
4.708816169630182236e-01
4.851807357022904776e-01
4.393020691356157581e-01
4.602562345705162872e-01
4.727417928712180362e-01
4.626337278098838213e-01
4.617106500718684003e-01
4.445713061712831538e-01
4.620649347398889661e-01
4.467556810218545893e-01
4.521438509688245344e-01
4.485539262394854787e-01
4.731849095901879410e-01
4.563548270176162602e-01
4.405567273504460979e-01
4.657334733083171585e-01
4.663371257539176695e-01
4.651185574784462706e-01
4.425655572214884370e-01
4.587258341125987071e-01
4.468964519563607407e-01
4.654962142267871084e-01
4.682170546030234859e-01
4.446490379677099369e-01
4.760746711161802924e-01
4.836540479914465118e-01
4.781489320058615045e-01
4.407747336187887166e-01
4.596646882573400816e-01
4.387550566079831960e-01
4.452591107543218962e-01
4.445041204514504352e-01
4.438665901897898003e-01
4.653970486488669400e-01
4.662748948187447895e-01
4.251581816214672904e-01
4.499564186454828585e-01
4.395502355606297207e-01
4.564227449813548776e-01
4.626353799291972324e-01
4.505212808015609527e-01
4.669725616067199048e-01
4.503666110050319471e-01
4.503502457339473297e-01
4.469592199371475449e-01
4.444362980590813583e-01
4.509425089307361745e-01
4.646551915582022851e-01
4.883174835360356014e-01
4.650744757535662521e-01
4.645118239543930549e-01
4.444403991634962026e-01
4.605882186254105504e-01
4.461878577070196861e-01
4.496202114944821693e-01
4.724541533110221958e-01
4.304965078842337145e-01
4.668638313465822143e-01
4.693254989399758270e-01
4.666463861184271256e-01
4.420742631411695434e-01
4.531869776350528345e-01
4.458633214323391436e-01
4.645110676809578454e-01
4.386150382603110631e-01
4.399477124859866861e-01
4.715884769936625753e-01
4.930168970289751096e-01
4.777402535920700077e-01
4.417347863545268427e-01
4.387785119165837910e-01
4.421867356904529700e-01
4.619096224588679078e-01
4.503583772421053122e-01
4.864576119861070413e-01
4.719819863259755999e-01
4.908107929468906172e-01
4.630880261977843304e-01
4.492066535333414934e-01
4.517126262267270875e-01
4.701808657990760865e-01
4.537221876228524353e-01
4.377365687010560391e-01
4.522378452661904857e-01
4.711077155817317563e-01
4.448558682986558099e-01
4.442219743672243260e-01
4.480570829064991489e-01
4.819145381481563795e-01
4.824676521618302960e-01
4.423542387314218782e-01
4.359749485973750116e-01
4.654884860289984494e-01
4.653079962345545995e-01
4.681279795270528732e-01
4.415484162854438344e-01
4.472839796893751108e-01
4.454366726855135683e-01
4.579478214292878047e-01
4.526293133712759320e-01
4.637363300702164737e-01
4.819417780106963201e-01
4.434094518359022463e-01
4.385463828102182382e-01
4.439499832525787282e-01
4.469457395284933687e-01
4.609042187127013190e-01
4.436581195216040552e-01
4.547902743319299224e-01
4.696940332989363309e-01
4.167914748799793068e-01
4.353639603616430431e-01
4.619209999853804427e-01
4.333989977123005044e-01
4.679233949897819711e-01
4.346578518574947814e-01
4.660815749552814635e-01
4.577135281108423159e-01
4.553054632306631766e-01
4.480867185544223363e-01
4.637609616461695339e-01
4.528824404248613655e-01
4.512887807758906300e-01
4.599637773577550659e-01
4.550669585243721227e-01
4.415890497369994727e-01
4.598688982575602768e-01
4.474186383451898008e-01
4.467744266632405759e-01
4.621091032302603874e-01
4.304423224328837727e-01
4.632941217711625259e-01
4.780370917015118737e-01
4.690550450891121104e-01
4.384348130552955247e-01
4.463286993695840255e-01
4.432332166009819163e-01
4.848127267407635888e-01
5.010353205748491190e-01
4.437306119305093333e-01
4.423194078684688502e-01
4.444624422468174685e-01
4.508420557677466078e-01
4.502807360416246074e-01
4.469438871576407735e-01
4.484048628103179390e-01
4.592741880730543125e-01
4.299602850435068624e-01
4.163235342423730057e-01
4.752643470417665106e-01
4.254084989470204303e-01
4.602710289811040578e-01
4.675616030037864079e-01
4.611792719191477596e-01
4.605613408456856739e-01
4.574251377322275380e-01
4.560641906588133732e-01
4.570516330505906555e-01
4.598353477938977862e-01
4.565882338963530018e-01
4.404101025755937648e-01
4.722786218349420695e-01
4.450343820141423046e-01
4.451653215338435277e-01
4.631742643384335612e-01
4.353165380486468394e-01
4.334629677321654162e-01
4.616504225995527455e-01
4.736703397729434828e-01
4.728660134271879256e-01
4.392815077447970173e-01
4.398181841558533312e-01
4.440532569102553229e-01
4.662042616921253102e-01
4.936490343476184761e-01
4.709945566887556723e-01
4.776532756611898689e-01
4.425910942652352409e-01
4.337346526894229615e-01
4.453546787497208448e-01
4.491209599575903821e-01
8.023472064070213960e-01
4.163858434660249186e-01
4.228675938582765470e-01
3.592730999735359032e-01
3.896809153932840886e-01
5.199228806286635418e-01
5.017896215281489880e-01
4.134452694457068089e-01
4.439456925579643998e-01
4.592520279459731403e-01
4.636554019447228780e-01
4.618424480902583174e-01
4.382822598942708314e-01
4.584642638937915793e-01
4.446463778957261970e-01
4.611503158728413876e-01
4.660671761881383657e-01
4.384500883517156167e-01
4.394522510968039142e-01
4.432885600538756243e-01
4.742350837235237981e-01
4.744770380904954066e-01
4.657317283128473151e-01
4.708615986171031387e-01
4.827783358680106107e-01
4.391434222278011723e-01
4.450873318261382439e-01
4.441613280404904107e-01
1.026982089036702073e+00
4.200223724380639512e-01
4.464169599834653668e-01
4.494912148068714308e-01
4.443219919007303509e-01
4.583605823194780160e-01
4.620701577150505557e-01
4.584720193371754626e-01
4.616415183335074168e-01
4.590506758915449681e-01
4.385744748978552265e-01
4.538037427782654620e-01
4.423045842955063978e-01
4.644358696528782526e-01
4.865876408874681425e-01
4.689775901023013338e-01
4.809383518760976250e-01
4.371880983288833344e-01
4.578247316280990575e-01
4.417706818321588957e-01
1.124683360672238619e+00
4.458831374396658442e-01
4.007554305420361618e-01
4.240762481527914907e-01
4.199095601838442327e-01
4.485074893935346307e-01
4.572240863951875789e-01
4.598834999470809981e-01
4.567580744999804598e-01
4.570877384562339052e-01
4.576182814366582252e-01
4.580302415397952132e-01
4.583616975244241831e-01
4.589919350952134658e-01
4.607934375889774503e-01
4.622681479265428606e-01
4.692126065907284427e-01
4.622510957067519910e-01
4.344261573816714517e-01
4.558011265468184803e-01
4.362877299681006682e-01
4.637240387927960006e-01
4.850724521393600108e-01
4.675714004688360514e-01
4.765117713256987186e-01
4.745636823477167865e-01
4.337409803222715410e-01
4.590456527036878565e-01
4.352281658725752900e-01
1.292437500213718948e+00
3.528258008374997590e-01
3.713452535292584566e-01
3.288738793689225393e-01
3.492457343085866861e-01
4.124057133867129465e-01
4.851615817218957738e-01
4.861205031617934491e-01
4.758449745335592285e-01
4.622438099853514726e-01
4.576406218596588138e-01
4.586901326399714929e-01
4.611747023859549266e-01
4.654278806122663092e-01
4.630224254333248912e-01
4.284727138349513353e-01
4.254709256941600071e-01
4.681521505468875244e-01
4.755071495321430697e-01
4.633688879918673176e-01
4.677195333631777308e-01
4.762868631570668643e-01
4.739664999139864277e-01
4.378927364390550747e-01
4.388830876654631341e-01
4.350753026653287336e-01
1.481520808318763205e+00
4.441874768791969630e-01
4.243851967476210407e-01
4.531527788642170651e-01
4.670433264452723554e-01
4.730597944423963752e-01
4.609528161862119222e-01
4.640489383284469027e-01
4.684417883819842476e-01
4.825375795804134893e-01
4.396837501134897019e-01
4.325496919715875466e-01
4.194109679429804949e-01
4.900775536462954052e-01
4.809998885859064210e-01
4.370570064720078474e-01
4.336436325298445582e-01
4.416973207622034714e-01
4.375748788586799609e-01
4.376731706361016161e-01
4.406817192915514214e-01
2.242194342084610437e+00
1.949260325729220478e+00
4.328633109238934629e-01
4.575409749537623361e-01
4.405719755125600545e-01
4.413926150881712918e-01
2.591708212583653914e+00
4.278371256698001446e-01
4.399666105294600671e-01
4.437071595298726634e-01
4.427689812122428958e-01
3.021845901943335022e+00
4.394500588783692985e-01
4.624355574931927060e-01
4.369081835218754928e-01
4.457405154009835280e-01
4.475888279081590704e-01
4.403731989177173678e-01
3.577634547230752027e+00
4.378352781651625447e-01
4.449012703896409460e-01
4.427064540619146671e-01
4.476762647155463348e-01
4.476500376205903575e-01
4.358057004446646232e+00
4.401459450688083863e-01
4.455806550925420773e-01
4.451501646685486757e-01
4.489312056666894812e-01
4.468993985430456117e-01
5.649153390386370432e+00
4.417835037097734840e-01
4.562449546546948342e-01
4.457531261923250443e-01
4.490505501277952671e-01
4.468986981529415314e-01
8.829794669250045303e+00
4.465096066294171329e-01
4.651248957781987103e-01
4.453006293616137978e-01
4.492408161123739863e-01
4.480015645267313440e-01
1.139946090968512848e+01
1.800609710262818552e+01
7.420736888343353321e+00
5.670187276330991288e+00
5.018737627629431763e+00
4.607788564278131105e+00
4.299244367157259994e+00
4.047892412056566691e+00
3.833429682796569704e+00
3.644655618597649749e+00
3.474786343322390003e+00
3.319481158824408418e+00
3.175869377821547435e+00
3.042020883497679851e+00
2.916637251171065426e+00
2.798859220998030306e+00
2.688137888719792201e+00
2.584142242369745102e+00
2.486688664349018918e+00
2.395684721884046908e+00
2.311082915758199352e+00
2.232841705536744659e+00
2.160892064973673588e+00
2.095108618396220201e+00
2.035285355137811170e+00
1.981117068685224858e+00
1.932188848290885330e+00
1.887976769365248719e+00
1.847862834455133330e+00
1.811165700765278386e+00
1.777185663698541918e+00
1.745258347083039396e+00
1.714807989261353471e+00
1.685389896561269696e+00
1.656713795786207033e+00
1.628645201378480012e+00
1.601188544509764000e+00
1.574460832398505650e+00
1.548665790548974019e+00
1.524075416031446473e+00
1.501020260632481174e+00
1.479884222238993852e+00
1.461096434412716638e+00
1.445112899575460519e+00
1.432383139823408369e+00
1.423300740733684844e+00
1.418139732666431119e+00
1.416980750311703341e+00
1.419632548894495416e+00
1.425557247603121303e+00
1.433812815615855829e+00
1.443033260128937956e+00
1.451472264428871561e+00
1.457133627588183211e+00
1.457995937177609891e+00
1.452308954738273039e+00
1.438904136584395976e+00
1.417438487994899354e+00
1.388495479635903251e+00
1.353502780747555923e+00
1.314481283004485190e+00
1.273690363783476664e+00
1.233260098189705056e+00
1.194894265356188257e+00
1.159696006091825771e+00
1.128128168999584791e+00
1.100089311054105234e+00
1.075070994858191353e+00
1.052358854550442091e+00
1.031241352736377737e+00
1.011192326907650374e+00
9.919981776120904149e-01
9.249916722051109153e-01
9.219020868387163281e-01
9.337231054596586421e-01
9.875102556272911114e-01
9.663553849954988895e-01
1.008376889198501658e+00
1.024755093192345035e+00
1.031078947427177095e+00
1.020506786982528391e+00
9.851073049630088008e-01
9.158810273642897792e-01
8.022702626494166989e-01
6.407726096888325396e-01
4.733925277170183965e-01
4.426632663091097375e-01
4.495071149460142523e-01
4.500069627942563932e-01
4.489950147201102193e-01
