1.169375015323189970e+01
7.892012305471212130e+00
6.193301102731531671e+00
5.782176238309478578e+00
4.990733092241284474e+00
4.833983141117887961e+00
4.776321510781066593e+00
4.730498827343665447e+00
4.658236693784281179e+00
4.532627192750411815e+00
4.334370036520096114e+00
4.055509144373040442e+00
3.703824603402625204e+00
3.304268141560270600e+00
2.895233132460630188e+00
2.520060923993251656e+00
2.216996839972715350e+00
2.011709260842944325e+00
1.914571467427981233e+00
1.921804664502858806e+00
2.018082380784994800e+00
2.179204565462495857e+00
2.375266474878790390e+00
2.575123049931933306e+00
2.751699529994273696e+00
2.886444794587406104e+00
2.971311476291541798e+00
3.007899674603997209e+00
3.004658079436143492e+00
2.973514306069220847e+00
2.927001333433532526e+00
2.876340481133295768e+00
2.830440151572190643e+00
2.795522614205293799e+00
2.775053903947146239e+00
2.769725299007572250e+00
2.777348690968994394e+00
2.792656598312173610e+00
2.807141288386487687e+00
2.809222405885167806e+00
2.785154685654275042e+00
2.721068100854338034e+00
2.606225770150867316e+00
2.436928319226349338e+00
2.219696091269220961e+00
1.971990692167527426e+00
1.719393398810781681e+00
1.489849173290452633e+00
1.307287946454827932e+00
1.187249154108696247e+00
1.135652174308890316e+00
1.149819204315455590e+00
1.220081216286142967e+00
1.331190227486542144e+00
1.464043352478402449e+00
1.598407097527560827e+00
1.716387011409677976e+00
1.805470175024733726e+00
1.859991130670949122e+00
1.880707650851273671e+00
1.873035579026368636e+00
1.844843707224178786e+00
1.804533217080145358e+00
1.759733846985295447e+00
1.716613400125005962e+00
1.679624259263954977e+00
1.651476228972067473e+00
1.633165359282003015e+00
1.623955845095051087e+00
1.621287756672559865e+00
1.620667711678545952e+00
1.615694288348442642e+00
1.598456160733339626e+00
1.560560635736497170e+00
1.494913004529880851e+00
1.398011782671329639e+00
1.272032897818626607e+00
1.125654564497182486e+00
9.728170175129808861e-01
8.295382129134561966e-01
7.100235604101966524e-01
6.237471850956152197e-01
5.744908630117695481e-01
5.610392916119558704e-01
5.784618965162532378e-01
6.191898348528209750e-01
6.739032171006064109e-01
7.326473232619133968e-01
7.863045913616140137e-01
8.280361768235737774e-01
8.541422683918608039e-01
8.640769028235756322e-01
8.597663536805664197e-01
8.446143660113094587e-01
8.225557723293809298e-01
7.973599825068464764e-01
7.722222962474947217e-01
7.495820317397287047e-01
7.310738696769196743e-01
7.175268907221906689e-01
7.089513734164565317e-01
7.044857136783612139e-01
7.023145782287897321e-01
6.996174680981714911e-01
6.926595258860999138e-01
6.771694611521431595e-01
6.491154113513677437e-01
6.058396929102966011e-01
5.472548814821578400e-01
4.765639953373967952e-01
3.999697232656335699e-01
3.252345652973487877e-01
2.595976081663638468e-01
2.079910664351677096e-01
1.723291053559760366e-01
1.519421092587126265e-01
1.445711432809219099e-01
1.472279674903051450e-01
1.566377522946424405e-01
1.694365635952287397e-01
1.824082163026032877e-01
1.928478487066505875e-01
1.989182215044077995e-01
1.998229214807408505e-01
1.957303057591160966e-01
1.875116868976284268e-01
1.764137301883749731e-01
1.637668511617403622e-01
1.507806355975616075e-01
1.384317512531471062e-01
1.274240553953938926e-01
1.181922733233256445e-01
1.109221779901054250e-01
1.055658924355137862e-01
1.018391067506903835e-01
9.919945289868363492e-02
9.682469659926749850e-02
9.363443158540864231e-02
8.841763274309731580e-02
8.011566220756853596e-02
6.824022846842689449e-02
5.328419822137953066e-02
3.687931252238774854e-02
2.148224109210229368e-02
9.590198602057743368e-03
2.800864068154101418e-03
1.203576273030212192e-03
3.441287851012728508e-03
7.388025787052931830e-03
1.103597861565264356e-02
1.313093831510321434e-02
1.333190472113875667e-02
1.197795078006568155e-02
9.708152639652661842e-03
7.149778169663051700e-03
4.762034295993967242e-03
2.811568045062764684e-03
1.410339632834250751e-03
5.546320879635265435e-04
1.428694485819926273e-04
1.120864247534219258e-05
-6.342227605278232643e-06
1.378586111513183654e-05
4.145338376128362867e+00
1.477019592066813696e-04
3.199806662664497203e+00
5.186417319011766246e-04
2.553015478380941783e+00
1.157553936302167710e-03
2.050847525692730322e+00
1.918870667849980650e-03
1.641519403621605866e+00
2.505713786455912671e-03
1.303776477016037161e+00
2.614294481490399280e-03
1.027619784958984539e+00
2.113137431789769045e-03
8.075521120706395939e-01
3.386605926116299070e+00
2.471841079574366162e+00
4.530105963730713725e+00
5.439062440409127674e+00
5.621934236689252629e+00
5.458807631461915832e+00
4.647962110771655553e+00
2.279506970763686358e+00
1.683335690093621828e+00
2.982318629882731997e+00
3.528297101785593082e+00
3.612659559142952670e+00
3.486387275147567966e+00
2.960713713509707912e+00
1.024208497833742459e+00
7.242421413721190637e-01
1.439272995399150767e+00
1.796587774956711181e+00
1.928631596887951494e+00
1.959229994093043770e+00
1.712308570062482715e+00
2.784994460140133299e-01
1.785389813495215361e-01
4.668112749338902412e-01
6.640357487788658419e-01
7.968893212968153339e-01
9.097544255871408136e-01
8.457119390122150859e-01
2.011011971553159153e-02
3.184282717125880291e-02
2.649666131579104036e-02
6.849269849100055041e-02
1.300272333308709893e-01
2.249573540917947923e-01
2.557312807551869738e-01
1.186140029649812577e-03
6.392700141881461073e-01
1.251324924643572034e+00
2.178852053201607297e-01
3.005778257322148761e+00
1.027579403022102378e+00
8.703451504599565292e-01
1.664470912888793286e-01
1.907664345353058399e+00
6.450891962915275002e-01
3.505659139108092681e-01
7.443072611600301536e-02
1.151673950691525006e+00
4.436699524611047996e-01
7.948380385968698003e-02
5.302862878471842345e-02
6.206474014494761660e-01
3.019784242737850732e-01
4.943422058585147938e-02
9.079399256298560650e-02
2.421935811797228666e-01
2.123434944519490830e-01
3.781493090413223053e-04
5.179333347030685708e-01
1.394082430839569953e-01
1.974148929477522463e-01
5.905219906923397932e-01
2.093234769645717086e-01
1.195279073250561513e-01
1.787576460025035452e-01
3.691731601828159848e-01
1.339794238274454041e-01
7.861923165774074851e-02
1.275123466787654314e-01
2.730373746939236956e-01
9.882541154882182322e-02
7.953884432646536606e-02
1.065317460875784689e-01
2.101056860193362685e-01
8.601824718723735663e-02
1.032808063341735805e-01
8.589528619131429898e-02
1.950774242886399723e-01
1.274555670534743279e-01
5.028112036442148073e-04
4.374181428230021207e-01
3.440900975260826611e-01
1.937488094535483596e-01
3.590065562068603944e-01
1.533151768286165340e-01
2.120598310463443215e-01
6.657401736181910168e-02
1.285005887220932452e-01
3.233745754785383175e-02
5.338698850753848674e-02
5.794156031011980096e-02
2.419213730073343279e-03
3.903083942106401194e-01
3.670009300703919175e-01
4.553378345335615807e-01
4.493011711400357044e-01
3.706506729943171430e-01
2.280060531261152157e-01
1.819694493985644645e-01
1.113601712611753947e-01
9.401288471422829252e-02
2.990585883930189579e-02
2.587808657131298110e-02
6.745712481662358498e-03
3.683841740939202691e-01
2.008095466529636053e-01
4.752381489346246823e-01
2.785182085141054698e-01
4.126861029080435839e-01
1.269385099672548645e-01
2.333948011931106514e-01
5.683169688088278437e-02
1.552720323849664241e-01
3.406213856446695110e-02
2.342385776798419986e-02
1.362396127269615079e-02
3.633390484991981251e-01
1.472530055978127916e-01
2.361443166696628460e-01
1.124341533143643768e-01
2.382397865453134145e-01
7.368484444946224454e-02
1.626035570703046051e-01
5.526539322026143009e-02
1.477466937273549663e-01
8.868205590660942217e-02
4.988998320566197936e-02
2.263982087145061453e-02
3.674919619797054615e-01
5.811133826571230898e-01
1.178357017217032676e-01
3.855830133388433723e-01
1.025206345543665798e-01
2.993254651335895966e-01
8.407845305814838632e-02
2.176890089125547711e-01
1.161460838870497225e-01
2.416446164552490672e-01
1.052846822965981394e-01
3.294322883547177311e-02
3.743443123823360086e-01
8.344820121745206709e-01
1.446618456168872413e+00
1.300649205452768242e-01
3.192994899781855800e-01
5.894919115724126524e-01
1.145931954119247420e+00
7.662814599105234603e-02
1.203221342585895776e-01
4.391138570260519902e-01
7.816748781436614335e-01
5.764685502980616827e-02
3.783052097548177117e-02
3.047007646500413669e-01
4.959440467417478571e-01
9.473580564526751235e-02
4.704520698512029697e-02
3.050123011256767325e-01
4.115297336842794751e-01
1.189842451315425292e-01
1.210531998863439845e-01
4.351808509944971731e-02
3.789215053565351266e-01
1.824122420514493692e+00
3.313380768921522446e+00
3.815596289562118493e+00
1.745015331312006035e+00
2.202479291792621474e+00
5.535901064149184592e-01
1.494788933981696877e+00
2.733701707969724115e+00
3.122493478830392633e+00
9.557035769786064172e-01
1.259617456713038042e+00
2.325241982022822895e-01
9.724542332912929909e-01
1.617381775475424277e+00
1.812040827730649228e+00
3.587346291382166874e-01
4.958613243459050746e-01
6.582326402441233959e-02
5.864255460521617946e-01
8.708967040051920350e-01
9.511646603096030050e-01
8.274810223699530232e-02
1.254509926418997945e-01
2.821408856196300219e-02
4.371269492531499878e-01
5.011301775143012227e-01
5.121928921879923546e-01
5.563420110191796830e-02
4.972452430579867022e-02
1.023020719973424530e-01
5.348843356185628561e-02
3.778964713280292265e-01
3.569677265259143972e+00
2.897765756616919042e+00
2.565537636277614109e+00
2.808177988748510323e+00
2.073876756215735639e+00
1.618536762162408493e+00
1.550522174544249232e+00
1.039521472806004265e+00
7.128527053402762270e-01
7.582131481441438670e-01
4.341563570874175104e-01
2.321837363774994500e-01
3.450250752030316614e-01
1.312842118748746012e-01
4.860284242007689715e-02
6.234489628636897401e-02
3.695209028492509873e-01
7.002995297703831779e-02
3.534056804618121439e-01
7.689311623027671183e-02
3.302050010431023530e-01
1.051952547399530813e+00
8.133673381552471993e-01
1.319080277256558187e+00
1.727455909977392956e+00
1.874198674484062410e+00
4.853932072736978909e-01
3.406986687272957615e-01
6.798554033805740415e-01
9.689328168440114464e-01
1.100393229830030961e+00
1.842042764816141931e-01
1.077811731446981780e-01
3.149011233882667571e-01
5.158825394622809091e-01
6.276477076561326474e-01
7.736810684743011812e-02
3.791514298846342806e-02
1.671315622086475272e-01
3.175911090256633429e-01
4.120739192980777954e-01
8.357613391777317380e-02
3.012660160963847034e-01
1.453975612170927967e-01
9.190469634274928135e-02
6.177254584132659820e-01
1.637411170005281358e+00
8.548233823727946490e-01
6.309119217446300665e-01
5.528511554374780645e-02
5.611758050962816630e-02
2.480086805886502488e-01
9.790927252360673849e-01
5.623642002384526828e-01
4.371856558241843937e-01
3.025253613401990976e-02
5.329189987499739767e-02
7.342764355789554998e-02
5.729616539242664564e-01
3.734341679976616590e-01
3.096840002340260911e-01
3.918825034867722684e-02
6.752306942509002374e-02
2.687261393515630661e-02
3.844647685881761312e-01
2.779749798423057361e-01
2.423385182213383671e-01
9.089739236120614185e-02
2.683010307300657260e-01
1.301457128617299064e-01
1.819270836095442101e-01
2.999514809344338562e-01
1.878780646759601880e-01
1.209027090217012490e-01
1.619436074262121383e-01
2.297590846883746374e-01
1.505660181679596699e-01
1.125510286239036067e-01
1.381953946216507856e-01
1.840266030698720079e-01
1.289722707626863585e-01
1.149208654755801695e-01
1.300931043378631968e-01
1.581752242011616738e-01
1.168533477519327068e-01
9.978450529636058441e-02
2.331222801468810502e-01
3.141716435105091909e-01
5.393449857122487728e-02
2.347578680288145425e-01
3.148605766606552697e-02
1.647283496531392055e-01
2.856452565233620275e-02
1.330702687346444757e-01
3.146210706826275266e-02
1.112772651828192183e-01
1.974563431690898319e-01
3.922129958976879882e-01
1.560319501628168737e-01
2.503880499358993594e-01
6.858267902077549993e-02
1.513162783570063119e-01
3.176493344035525440e-02
1.110011789171322094e-01
2.423626435781486149e-02
1.266073779294996926e-01
1.628343054806979384e-01
2.585124090150099918e-01
2.466164444298547809e-01
1.449314191368934746e-01
1.276935836214909414e-01
7.847472543995828720e-02
6.937558148766026500e-02
5.387640360666322292e-02
5.243853527614359550e-02
1.473634535897963005e-01
1.305399699910922140e-01
9.348180702870116654e-02
2.141401223397446929e-01
5.944032546494625729e-02
1.349591347100918826e-01
4.334688662413282295e-02
9.528321529558132774e-02
3.011583500540281413e-02
8.089144247278411137e-02
1.757700300854682374e-01
1.015929651307726500e-01
1.909828454177836254e-01
1.478498593707668896e-01
1.641394644097646516e-01
1.224630922366228697e-01
1.431028460096770982e-01
1.170806630732137005e-01
1.014524984996372919e-01
1.085200451714026793e-01
2.151516170501150405e-01
7.674520317526770108e-02
4.300446455594432171e-01
5.842466585637530185e-01
1.097484896574193042e-01
7.372936520441882025e-02
3.441486499560978407e-01
4.429304067979408233e-01
1.127646164861841743e-01
8.745463852115098469e-02
2.819886760296617667e-01
3.486221410113611308e-01
1.306047733745678563e-01
1.151673433019692466e-01
1.985165197780336122e-01
2.438869593935206470e-01
1.250523198731424424e-01
1.116765316071687553e-01
2.707364347047193087e-01
5.647564481612622755e-02
1.013153717403925347e+00
1.252449550052945337e+00
4.231804791270752514e-02
8.548120191575651894e-02
6.846752562478456428e-01
8.041904052064323682e-01
3.777447801526603866e-02
3.657844275530930389e-02
4.913689982238684806e-01
5.511941907348144598e-01
6.551145350392340028e-02
4.572883501245817578e-02
3.392979681344234777e-01
3.782978908585453715e-01
6.642033057975127441e-02
4.589459329825395367e-02
3.511420845387312473e-01
4.097767672356626006e-02
1.238572572519946124e+00
8.771501040609976929e-01
5.761639212340480265e-01
3.115886947918447003e-01
1.452983559540188818e-01
7.632290123352237776e-01
4.921817101278526119e-01
2.857446549252045664e-01
1.270584339001190333e-01
5.008911360410516628e-02
5.024588763015040982e-01
2.914989689343535084e-01
1.445322732226305973e-01
5.107331412932453879e-02
3.285152323203466979e-02
3.428046518611732596e-01
1.953459448353550565e-01
9.390837037723383240e-02
3.270168978899883061e-02
2.976394341771860033e-02
4.713707181462103990e-01
3.014356991560560028e-02
6.596262866990021401e-01
2.355896546147182025e-02
9.758089264114142569e-01
2.052414088993476798e-02
1.576615214025473888e+00
2.011548053070097430e-02
1.069865453756283780e-01
2.204088073822231264e-01
5.200245704472180458e-02
1.101646397687252449e-01
2.643324151986481962e-01
4.183201180042039335e-01
5.185394791447717200e-01
8.772395818297044900e-02
1.849809386889555429e-01
3.691919536001608826e-02
5.581652912342550260e-02
1.445871434182318116e-01
2.499615124652369014e-01
3.306071781331046400e-01
9.866527858210970281e-02
1.863765693813821678e-01
4.234569203408692500e-02
4.475263914992504838e-02
1.146991935588384387e-01
2.091053900114271391e-01
2.891024905158339209e-01
1.068449888484202387e-01
1.895659789335625844e-01
4.710658032702019771e-02
3.878311797520103688e-02
9.335944594440877264e-02
1.729410050533749799e-01
2.407884405435305464e-01
4.862436756774883573e-02
9.740374048854495703e-02
2.209071984710770167e-02
3.762646194172671738e-02
9.118882908103502494e-02
1.463379380562171705e-01
1.802449443457019296e-01
3.020074424778099065e+00
2.129001987779396976e-02
2.420345642744013703e-01
3.445434219537051312e-01
2.394034236127558779e-01
2.360881792824484349e-01
2.139592586132081364e-01
2.202381844040157965e-01
2.014665633748090878e-01
1.835859201252578732e-01
1.113737511190497076e-01
1.107285881315756143e-01
7.876573545567741697e+00
2.302172883635685355e-02
1.467038561709030076e-01
1.470177542403907078e-01
1.692740276550212808e-01
1.073794097412392734e-01
1.415759383216553813e-01
1.067362020655280297e-01
1.268404483239689573e-01
8.924586762921740690e-02
7.212058253400679964e-02
3.903427065301626891e-02
1.951803863692137142e+01
2.444649570440159819e-02
6.739062741187241967e-02
4.972564868199880889e-02
8.906842996892522235e-02
3.869074387724665692e-02
7.100742217837414938e-02
4.100544512797018454e-02
6.119900192623301677e-02
3.446531246846801233e-02
3.536918695360355414e-02
8.887302698745267945e-03
2.868514719788042200e+01
2.498870198517134933e-02
3.479510401291236593e-02
1.771710475114261080e-02
5.014286877445237739e-02
1.494439903868837946e-02
3.847870014060003618e-02
1.711922006088158199e-02
3.207173832069831754e-02
1.455947552506498682e-02
1.876194430044531708e-02
6.794082295655295067e-04
3.150265230958405027e+01
2.444649570440162248e-02
6.739062741188059369e-02
4.972564868197477950e-02
8.906842996909168642e-02
3.869074387710706026e-02
7.100742217832939351e-02
4.100544512786202800e-02
6.119900192637261344e-02
3.446531246816574023e-02
3.536918695389616035e-02
8.887302698613052526e-03
2.868514719787729206e+01
2.302172883635771050e-02
1.467038561708897126e-01
1.470177542404025040e-01
1.692740276552424927e-01
1.073794097410381981e-01
1.415759383215783596e-01
1.067362020654904764e-01
1.268404483243286696e-01
8.924586762899865133e-02
7.212058253438627387e-02
3.903427065281842717e-02
1.951803863691761265e+01
2.129001987779709920e-02
2.420345642743321757e-01
3.445434219538556775e-01
2.394034236128388393e-01
2.360881792823555925e-01
2.139592586130084628e-01
2.202381844042567982e-01
2.014665633751769325e-01
1.835859201250538419e-01
1.113737511193480523e-01
1.107285881310889480e-01
7.876573545564771628e+00
2.011548053070833994e-02
2.204088073820706650e-01
5.185394791452034857e-01
1.849809386887790175e-01
3.306071781333877468e-01
1.863765693812186042e-01
2.891024905160745062e-01
1.895659789337774681e-01
2.407884405434640995e-01
9.740374048855619804e-02
1.802449443455379774e-01
3.020074424776042932e+00
2.052414088994865271e-02
1.069865453755033391e-01
5.200245704471805064e-02
1.101646397689274165e-01
2.643324151990432136e-01
4.183201180046736689e-01
8.772395818273204249e-02
3.691919535993703344e-02
5.581652912358600616e-02
1.445871434185551085e-01
2.499615124656105469e-01
9.866527858203559542e-02
4.234569203404837251e-02
4.475263914993702491e-02
1.146991935588522193e-01
2.091053900114960007e-01
1.068449888485008964e-01
4.710658032701346004e-02
3.878311797526716453e-02
9.335944594460482415e-02
1.729410050534401500e-01
4.862436756766918416e-02
2.209071984706199518e-02
3.762646194187914406e-02
9.118882908123847331e-02
1.463379380563429311e-01
1.576615214024176259e+00
2.355896546149463880e-02
9.758089264102257632e-01
3.014356991563959046e-02
6.596262866980073802e-01
4.097767672361358332e-02
4.713707181455850659e-01
5.647564481618882332e-02
1.238572572520814541e+00
1.252449550053910565e+00
8.771501040617235567e-01
5.761639212347824390e-01
3.115886947923231509e-01
1.452983559543042091e-01
8.548120191593473749e-02
7.632290123358810296e-01
8.041904052069528408e-01
4.921817101283320062e-01
2.857446549254994972e-01
1.270584339003829055e-01
5.008911360423788650e-02
3.657844275536170642e-02
5.024588763015465087e-01
5.511941907348887337e-01
2.914989689343978618e-01
1.445322732226099194e-01
5.107331412931553904e-02
3.285152323202204100e-02
4.572883501243091287e-02
3.428046518613008797e-01
3.782978908584780364e-01
1.953459448356677786e-01
9.390837037747019889e-02
3.270168978904915841e-02
2.976394341767480203e-02
4.589459329827410422e-02
3.511420845385033740e-01
7.674520317534658242e-02
1.013153717404584153e+00
5.842466585639165544e-01
4.231804791276275179e-02
7.372936520439990482e-02
6.846752562480991067e-01
4.429304067975012860e-01
3.777447801525617849e-02
8.745463852111179381e-02
4.913689982240316834e-01
3.486221410113404251e-01
6.551145350387065081e-02
1.151673433018861187e-01
3.392979681341132814e-01
2.438869593929796076e-01
6.642033057986462818e-02
1.116765316074713188e-01
2.707364347046910535e-01
1.015929651308685178e-01
4.300446455595301476e-01
1.909828454177893986e-01
1.097484896574034419e-01
1.478498593708368058e-01
3.441486499557211420e-01
1.641394644096055289e-01
1.127646164861743350e-01
1.224630922366543584e-01
2.819886760296308470e-01
1.431028460096250010e-01
1.306047733744455652e-01
1.170806630731573844e-01
1.985165197774693691e-01
1.014524984992713486e-01
1.250523198735064567e-01
1.085200451719017106e-01
2.151516170497231040e-01
1.305399699912055955e-01
9.348180702879141379e-02
2.141401223400923870e-01
5.944032546500924857e-02
1.349591347102570005e-01
4.334688662413706262e-02
9.528321529565007830e-02
3.011583500543882352e-02
8.089144247362815843e-02
1.757700300851149644e-01
1.628343054808283619e-01
2.585124090154399812e-01
2.466164444303665659e-01
1.449314191371670613e-01
1.276935836217107101e-01
7.847472544005397455e-02
6.937558148781210188e-02
5.387640360736398876e-02
5.243853527694558592e-02
1.473634535895416431e-01
1.974563431692369364e-01
3.922129958982465414e-01
1.560319501631527717e-01
2.503880499361992307e-01
6.858267902085271595e-02
1.513162783571629644e-01
3.176493344043895828e-02
1.110011789182345082e-01
2.423626435802484283e-02
1.266073779290648182e-01
2.331222801470436423e-01
3.141716435108164451e-01
5.393449857129330172e-02
2.347578680290099140e-01
3.148605766603903428e-02
1.647283496532471747e-01
2.856452565228502494e-02
1.330702687355557468e-01
3.146210706790732864e-02
1.112772651824935621e-01
2.683010307302411968e-01
1.819270836096602839e-01
1.878780646760379591e-01
1.619436074262596836e-01
1.505660181678372955e-01
1.381953946216409046e-01
1.289722707624111342e-01
1.300931043385239738e-01
1.168533477512007784e-01
9.978450529614156517e-02
3.012660160965721645e-01
1.301457128618138115e-01
9.190469634287436185e-02
2.999514809345917299e-01
6.309119217450566142e-01
1.209027090217185407e-01
5.611758050965514472e-02
2.297590846882167082e-01
4.371856558240311275e-01
1.125510286238843721e-01
5.329189987502670756e-02
1.840266030695140165e-01
3.096840002336373465e-01
1.149208654761053605e-01
6.752306942536148715e-02
1.581752242003906794e-01
2.423385182208163680e-01
9.089739236115951249e-02
3.302050010432975302e-01
1.453975612173061538e-01
6.177254584139587612e-01
8.133673381560957427e-01
1.637411170006302763e+00
1.874198674485183957e+00
8.548233823734234793e-01
5.528511554383874760e-02
2.480086805891848212e-01
3.406986687279874859e-01
9.790927252366435907e-01
1.100393229830885167e+00
5.623642002383443250e-01
3.025253613405915615e-02
7.342764355795830533e-02
1.077811731447928245e-01
5.729616539245265816e-01
6.276477076566245872e-01
3.734341679973293138e-01
3.918825034878180291e-02
2.687261393517657165e-02
3.791514298851895309e-02
3.844647685881402710e-01
4.120739192981363042e-01
2.779749798420512730e-01
8.357613391777823919e-02
3.534056804620107073e-01
1.051952547400605287e+00
1.319080277257797640e+00
1.727455909978679482e+00
4.853932072743844528e-01
6.798554033811573527e-01
9.689328168447212120e-01
1.842042764817117539e-01
3.149011233883830529e-01
5.158825394626365135e-01
7.736810684771588953e-02
1.671315622091822939e-01
3.175911090260982728e-01
7.689311623027994536e-02
3.695209028494504944e-01
7.002995297716853307e-02
3.778964713282246812e-01
6.234489628645743103e-02
3.789215053567224767e-01
3.569677265260967403e+00
3.815596289563970789e+00
2.897765756618523092e+00
2.565537636279023204e+00
2.202479291793759231e+00
2.808177988750739207e+00
3.122493478832966129e+00
2.073876756217292172e+00
1.618536762163887532e+00
1.259617456714624772e+00
1.550522174545181375e+00
1.812040827732030346e+00
1.039521472806838043e+00
7.128527053411537473e-01
4.958613243466619136e-01
7.582131481442768717e-01
9.511646603099029873e-01
4.341563570874306111e-01
2.321837363777080054e-01
1.254509926421872312e-01
3.450250752035540214e-01
5.121928921887537456e-01
1.312842118750462139e-01
4.860284242005109140e-02
4.972452430572364690e-02
5.348843356175299324e-02
3.743443123825148655e-01
1.824122420515233767e+00
1.446618456169373790e+00
3.313380768923142927e+00
1.745015331312885554e+00
5.535901064152921602e-01
3.192994899784626361e-01
1.494788933982392320e+00
1.145931954119511653e+00
2.733701707971958328e+00
9.557035769798301050e-01
2.325241982026188814e-01
1.203221342587391246e-01
9.724542332914416498e-01
7.816748781435635118e-01
1.617381775476665284e+00
3.587346291387998876e-01
6.582326402455539183e-02
3.783052097550663323e-02
5.864255460519756102e-01
4.959440467416037501e-01
8.708967040054542696e-01
8.274810223720109603e-02
2.821408856204862467e-02
4.704520698526629130e-02
4.371269492531373313e-01
4.115297336840275100e-01
5.011301775148542248e-01
5.563420110184772588e-02
1.023020719972002335e-01
1.210531998861407305e-01
4.351808509933877828e-02
3.674919619798744930e-01
8.344820121747539288e-01
5.811133826572810746e-01
1.300649205453854873e-01
1.178357017217888103e-01
5.894919115724785996e-01
3.855830133389400727e-01
7.662814599102614477e-02
1.025206345543231701e-01
4.391138570258254492e-01
2.993254651333638883e-01
5.764685502969814357e-02
8.407845305801830982e-02
3.047007646499905187e-01
2.176890089124488836e-01
9.473580564553979455e-02
1.161460838874123908e-01
3.050123011246325677e-01
2.416446164542092045e-01
1.189842451312943944e-01
1.052846822964621371e-01
3.294322883546752651e-02
3.633390484993602731e-01
1.472530055978583940e-01
2.361443166698281582e-01
1.124341533144875976e-01
2.382397865454636832e-01
7.368484444941424127e-02
1.626035570702976107e-01
5.526539322017858663e-02
1.477466937279502679e-01
8.868205590586672460e-02
4.988998320575160211e-02
2.263982087140986241e-02
3.683841740940796416e-01
2.008095466530622486e-01
4.752381489349834509e-01
2.785182085145613273e-01
4.126861029087096622e-01
1.269385099674545936e-01
2.333948011933552336e-01
5.683169688107390233e-02
1.552720323858605422e-01
3.406213856418730673e-02
2.342385776802399441e-02
1.362396127265831300e-02
3.903083942108045434e-01
3.670009300705719957e-01
4.553378345339353928e-01
4.493011711405530684e-01
3.706506729950492240e-01
2.280060531262637358e-01
1.819694493987771278e-01
1.113601712614973177e-01
9.401288471469051999e-02
2.990585883950439006e-02
2.587808657126628928e-02
6.745712481649880632e-03
4.374181428231816993e-01
3.440900975262498052e-01
1.937488094537186401e-01
3.590065562070137162e-01
1.533151768288650574e-01
2.120598310462487035e-01
6.657401736184204166e-02
1.285005887223513166e-01
3.233745754788260734e-02
5.338698850784821121e-02
5.794156031005867624e-02
2.419213730062737180e-03
5.179333347032776258e-01
1.974148929478390380e-01
2.093234769645909155e-01
1.787576460025329939e-01
1.339794238274489291e-01
1.275123466788361248e-01
9.882541154869388389e-02
1.065317460879759009e-01
8.601824718719948415e-02
8.589528619147938915e-02
1.274555670531935525e-01
5.028112036468297946e-04
6.392700141884007925e-01
1.394082430840082043e-01
2.178852053202575412e-01
5.905219906923983020e-01
1.027579403022351956e+00
1.195279073250703622e-01
1.664470912889715604e-01
3.691731601828598386e-01
6.450891962917201239e-01
7.861923165782749856e-02
7.443072611609011235e-02
2.730373746937991841e-01
4.436699524610917544e-01
7.953884432684153738e-02
5.302862878493223159e-02
2.101056860195163467e-01
3.019784242740466418e-01
1.032808063340322352e-01
9.079399256253468942e-02
1.950774242880913834e-01
2.123434944512882783e-01
3.781493090478846015e-04
8.075521120709591161e-01
1.251324924644173331e+00
2.471841079575452405e+00
3.005778257323663105e+00
4.647962110773914191e+00
8.703451504604405864e-01
1.683335690094648340e+00
1.907664345353959234e+00
2.960713713511236467e+00
3.505659139114707945e-01
7.242421413732900159e-01
1.151673950692790660e+00
1.712308570064521973e+00
7.948380385979963991e-02
1.785389813497072209e-01
6.206474014498611913e-01
8.457119390126592862e-01
4.943422058552434523e-02
3.184282717099318205e-02
2.421935811793817228e-01
2.557312807549833034e-01
1.186140029656110708e-03
1.027619784959387106e+00
3.386605926117519427e+00
4.530105963732643737e+00
5.439062440412150146e+00
5.621934236691630282e+00
5.458807631463979071e+00
2.279506970765130980e+00
2.982318629884573635e+00
3.528297101787710943e+00
3.612659559145231736e+00
3.486387275149593012e+00
1.024208497835176868e+00
1.439272995400796340e+00
1.796587774957727923e+00
1.928631596888720878e+00
1.959229994094816130e+00
2.784994460141984041e-01
4.668112749339483614e-01
6.640357487790725655e-01
7.968893212971348561e-01
9.097544255874661090e-01
2.011011971537102205e-02
2.649666131582611647e-02
6.849269849098191254e-02
1.300272333307566364e-01
2.249573540916074421e-01
2.113137431784528879e-03
1.303776477016545865e+00
2.614294481476618203e-03
1.641519403622241136e+00
2.505713786443959125e-03
2.050847525693522133e+00
1.918870667840572378e-03
2.553015478381927217e+00
1.157553936294591955e-03
3.199806662665734436e+00
5.186417318991862462e-04
4.145338376129974911e+00
1.477019592098673790e-04
6.193301102733947516e+00
1.378586111648210361e-05
7.892012305474316314e+00
1.169375015323653599e+01
5.782176238311719452e+00
4.990733092243206492e+00
4.833983141119753135e+00
4.776321510782906010e+00
4.730498827345479995e+00
4.658236693786086846e+00
4.532627192752172185e+00
4.334370036521720593e+00
4.055509144374513042e+00
3.703824603403965465e+00
3.304268141561452321e+00
2.895233132461625392e+00
2.520060923994059454e+00
2.216996839973414346e+00
2.011709260843602465e+00
1.914571467428574758e+00
1.921804664503353299e+00
2.018082380785479746e+00
2.179204565463099375e+00
2.375266474879537792e+00
2.575123049932777519e+00
2.751699529995228488e+00
2.886444794588464369e+00
2.971311476292644471e+00
3.007899674605164719e+00
3.004658079437334983e+00
2.973514306070416335e+00
2.927001333434739561e+00
2.876340481134481930e+00
2.830440151573363927e+00
2.795522614206453760e+00
2.775053903948235146e+00
2.769725299008615416e+00
2.777348690970083300e+00
2.792656598313301153e+00
2.807141288387633882e+00
2.809222405886346419e+00
2.785154685655529594e+00
2.721068100855575267e+00
2.606225770151945120e+00
2.436928319227238848e+00
2.219696091269903082e+00
1.971990692168096082e+00
1.719393398811241758e+00
1.489849173290824558e+00
1.307287946455190308e+00
1.187249154109033533e+00
1.135652174309234930e+00
1.149819204315776222e+00
1.220081216286416526e+00
1.331190227486797717e+00
1.464043352478661575e+00
1.598407097527759779e+00
1.716387011409953534e+00
1.805470175025186919e+00
1.859991130671465820e+00
1.880707650851819457e+00
1.873035579026963937e+00
1.844843707224880669e+00
1.804533217080898533e+00
1.759733846986084593e+00
1.716613400125853062e+00
1.679624259264827391e+00
1.651476228972992510e+00
1.633165359282943596e+00
1.623955845096025863e+00
1.621287756673563507e+00
1.620667711679602663e+00
1.615694288349501795e+00
1.598456160734186060e+00
1.560560635737319402e+00
1.494913004530793010e+00
1.398011782672209380e+00
1.272032897819443509e+00
1.125654564497890364e+00
9.728170175136068298e-01
8.295382129140997929e-01
7.100235604108892096e-01
6.237471850963017816e-01
5.744908630124674342e-01
5.610392916127256990e-01
5.784618965171886007e-01
6.191898348539401908e-01
6.739032171018441986e-01
7.326473232633301524e-01
7.863045913632760175e-01
8.280361768250649179e-01
8.541422683929345006e-01
8.640769028244710270e-01
8.597663536813051621e-01
8.446143660119306285e-01
8.225557723300425117e-01
7.973599825076727043e-01
7.722222962484178721e-01
7.495820317406545197e-01
7.310738696777869805e-01
7.175268907229601645e-01
7.089513734171651871e-01
7.044857136790630969e-01
7.023145782296079664e-01
6.996174680990933092e-01
6.926595258869476801e-01
6.771694611529180952e-01
6.491154113521288016e-01
6.058396929108595952e-01
5.472548814824865770e-01
4.765639953374987692e-01
3.999697232655388124e-01
3.252345652971787571e-01
2.595976081661651169e-01
2.079910664350137495e-01
1.723291053558148045e-01
1.519421092584865574e-01
1.445711432806795205e-01
1.472279674900834057e-01
1.566377522944129297e-01
1.694365635950132731e-01
1.824082163027087866e-01
1.928478487073391201e-01
1.989182215050877278e-01
1.998229214806697962e-01
1.957303057586789463e-01
1.875116868972814543e-01
1.764137301880133735e-01
1.637668511613127320e-01
1.507806355971784418e-01
1.384317512528606964e-01
1.274240553951899169e-01
1.181922733231651063e-01
1.109221779899292049e-01
1.055658924353134187e-01
1.018391067503989222e-01
9.919945289824863566e-02
9.682469659873457757e-02
9.363443158487252949e-02
8.841763274263493566e-02
8.011566220718209508e-02
6.824022846813787568e-02
5.328419822121058247e-02
3.687931252227601153e-02
2.148224109202906407e-02
9.590198602017518600e-03
2.800864068120428266e-03
1.203576273028308984e-03
3.441287851051056355e-03
7.388025787120580841e-03
1.103597861572128136e-02
1.313093831512043494e-02
1.333190472108761529e-02
1.197795078001896198e-02
9.708152639653352262e-03
7.149778169687942379e-03
4.762034296011318814e-03
2.811568045068809762e-03
1.410339632837767036e-03
5.546320879648928550e-04
1.428694485826865980e-04
1.120864247566622165e-05
-6.342227605777067287e-06
