1.762684037843906637e+01
1.118765388212876744e+01
8.671365490372876295e+00
7.318607911106012942e+00
5.622830062495359549e+00
4.998289617941575891e+00
4.606370042973406242e+00
4.312820630252762300e+00
4.073779574077724064e+00
3.869503878768880689e+00
3.689049582023084639e+00
3.525772736075140745e+00
3.375447263368094752e+00
3.235333436420525288e+00
3.103660584800588484e+00
2.979313715710961041e+00
2.861629223768888064e+00
2.750253363521649952e+00
2.645039615531914912e+00
2.545971904063143665e+00
2.453105948816496351e+00
2.366523650869681639e+00
2.286296736955055309e+00
2.212456698721171122e+00
2.144968828982863229e+00
2.083709140469953258e+00
2.028444258604588324e+00
1.978815947581453516e+00
1.934333497701573368e+00
1.894378281628824157e+00
1.858224708336267295e+00
1.825079933879813376e+00
1.794140830365786865e+00
1.764661543173988711e+00
1.736020171344113905e+00
1.707770929946776706e+00
1.679670308597676298e+00
1.651672249493102651e+00
1.623896135494136805e+00
1.596578989612924104e+00
1.570026670177320227e+00
1.544576789805683914e+00
1.520579722678237156e+00
1.498396152380484070e+00
1.478403188193103901e+00
1.460998195354494378e+00
1.446590568990035131e+00
1.435575619116249646e+00
1.428289585729555888e+00
1.424948778623464918e+00
1.425578126408646007e+00
1.429935531019956407e+00
1.437439907172001874e+00
1.447114383837966312e+00
1.457562469400528471e+00
1.467001968228354825e+00
1.473383336414455957e+00
1.474607903884581184e+00
1.468831760949383503e+00
1.454798646384261929e+00
1.432109910144784726e+00
1.401337775687628184e+00
1.363932400257050537e+00
1.321947065501656526e+00
1.277670060196050894e+00
1.233272074528290574e+00
1.190549523769650397e+00
1.150791698265522189e+00
1.114754993873299904e+00
1.082708565865121431e+00
1.054520553724424436e+00
1.029768938727015470e+00
1.007872170119611388e+00
9.180353497394848628e-01
9.126607448568274661e-01
9.122035982509016927e-01
9.291708999056017548e-01
9.472550463115799735e-01
9.712008858331624417e-01
9.995402193313281947e-01
1.029651573260245367e+00
1.057516259545802306e+00
1.077564763325695285e+00
1.082731242257991555e+00
1.064820048130812769e+00
1.015127873112102508e+00
9.249568736140206804e-01
7.861884369823703977e-01
6.021850183256072242e-01
4.241242138508185544e-01
4.211451859290440969e-01
4.409839443164728090e-01
4.410978605647095097e-01
4.341660641471138393e-01
4.274225073445159784e-01
5.558673680550793250e+00
4.156884907147825325e-01
4.273912859149543997e-01
4.407589113615424381e-01
4.344036281947608602e-01
4.273792380732561180e-01
4.288390905988383572e+00
4.174993291145298602e-01
4.298575001095490955e-01
4.421511002550846392e-01
4.376600185772068774e-01
4.334074556691724367e-01
3.515723112743700529e+00
4.215348917123715733e-01
4.270682456207327005e-01
4.425236087386388295e-01
4.443753836885848685e-01
4.468496639122773728e-01
2.962347253172136874e+00
4.301476489392366265e-01
4.157556368217662501e-01
4.391556461833113767e-01
4.440473461755715112e-01
4.415988007565217477e-01
4.443726373393501738e-01
2.531974555156142781e+00
4.288704468418472748e-01
4.229906819826479425e-01
4.421986630668357510e-01
4.441467855417441934e-01
4.516680682828213000e-01
2.180932226269771679e+00
4.268498485395847419e-01
4.188486841017002860e-01
4.367054502768796809e-01
4.344185527620215148e-01
1.886045175192115897e+00
4.211709771450349860e-01
4.187988071534727852e-01
4.270079871445610631e-01
4.226005982097710834e-01
4.183675592222363959e-01
4.219286164952705254e-01
4.155650572982351187e-01
3.626832161264160193e-01
3.981989314826542281e-01
4.627393199087659892e-01
4.807899693775439243e-01
4.940063233752838845e-01
5.107569583159501381e-01
4.963227157489007446e-01
4.155052167921326478e-01
4.370340300394934263e-01
1.226354224268899840e+00
1.415716541664020500e+00
4.884707234693547173e-01
4.828488732118318971e-01
4.995986489749801862e-01
4.320764349378029556e-01
4.182860570461101601e-01
4.856584249351425520e-01
4.730606768177694765e-01
4.822515162428381297e-01
4.947311768793582476e-01
5.170055578770540450e-01
4.971277929199298673e-01
4.173730356617908477e-01
4.125510337750755152e-01
4.338201603369261639e-01
1.061461220578654663e+00
2.435011377398083876e-01
3.059279961637629830e-01
4.554796195006232118e-01
4.613720044913163787e-01
4.514492430563343262e-01
4.527509646905731877e-01
4.594308459307951398e-01
4.632680856557290228e-01
4.653043944109598873e-01
4.675688776945350900e-01
4.650493771465911697e-01
4.730300205888745002e-01
4.773760107664216656e-01
4.865211758353106819e-01
4.741497726935617330e-01
4.731301104791051926e-01
4.399039680096375471e-01
4.549974238693481055e-01
4.817254023184828204e-01
4.818229839116770497e-01
4.890888236116735510e-01
5.090169530487891336e-01
5.022861299417278325e-01
5.033556505843774787e-01
4.227038957468296498e-01
4.255499557043321834e-01
4.160470860034043983e-01
9.195732427328761061e-01
3.809377461698811307e-01
4.588002251002470389e-01
4.254337495739214381e-01
4.250854343331305074e-01
4.625170947245443864e-01
4.618018010932865014e-01
4.609680475076493589e-01
4.606238255186327346e-01
4.629094511227119235e-01
4.664174995799325596e-01
4.719585634832543786e-01
4.805790770994487482e-01
4.858496373459589290e-01
4.858584372018291409e-01
4.639173626712972953e-01
4.571678845114630074e-01
4.756234523100013600e-01
4.863621822864259148e-01
5.036423089669682662e-01
5.031383120076361459e-01
5.134231121910137752e-01
4.237170204757900183e-01
4.277943717243786192e-01
7.915442914931338780e-01
4.539657060714887282e-01
4.526933365833487044e-01
4.552670224896483431e-01
4.186003063990629269e-01
4.352048591820633638e-01
4.417314734442753799e-01
4.675229001438016008e-01
4.656931824853804414e-01
4.745712091215770201e-01
4.845648663086830066e-01
4.920982314582345585e-01
4.508288852958318160e-01
4.531061269680535797e-01
4.730518653396697526e-01
4.755838354288929870e-01
4.871049058467979975e-01
5.098028818300580634e-01
5.085722630703961578e-01
4.243481934081411722e-01
4.221449008782718892e-01
4.444018074524468953e-01
5.043947464675724301e-01
4.759514503080264358e-01
4.964762633133681380e-01
4.712316703153505149e-01
4.169563134036234353e-01
4.496534708949350700e-01
5.223042611810969627e-01
4.820673581668398766e-01
4.652666460839768314e-01
4.647965872140002452e-01
4.733164844800403226e-01
4.858804016625046240e-01
4.787041081634429984e-01
4.776659088281272614e-01
4.172332685112896677e-01
4.411561258921540829e-01
4.607873697685821446e-01
4.886367434108533359e-01
4.515478118586883638e-01
4.521461400117353091e-01
4.809793963688570595e-01
4.966060069315422210e-01
4.771934714318823989e-01
4.870505023574604464e-01
5.287478227273857412e-01
5.432164578645727326e-01
4.237286625621592417e-01
4.278561630500826163e-01
4.446012469368473830e-01
4.394340862797179170e-01
4.353918858168551731e-01
4.614801041721044994e-01
4.659916408030211898e-01
4.557880943608604851e-01
4.696751197210257689e-01
4.867343670035205183e-01
4.622138173181720155e-01
4.525033311554333970e-01
4.255930861017535038e-01
4.531174297199555001e-01
4.822193150267715667e-01
5.170159159019993567e-01
4.631960954274005893e-01
4.612713431744623338e-01
4.619082342808027430e-01
4.649076245882351466e-01
4.690746471859678635e-01
4.725758323887139789e-01
4.846538243936480139e-01
4.924428584696454725e-01
4.893535638717532721e-01
4.273302524677676795e-01
4.300408937527156472e-01
4.391600179713195939e-01
4.441738651833808116e-01
5.494506499046537540e-01
4.278824888334201160e-01
4.017965161368866611e-01
4.600192568183280595e-01
4.438132634866850390e-01
4.515937437066421256e-01
4.504280446481941924e-01
4.531293741026016786e-01
4.700171411753470974e-01
5.227396169115912095e-01
4.673643852268560273e-01
4.286597594946586764e-01
4.323615790778813084e-01
4.376765503072858610e-01
4.321879296909881263e-01
4.321497922441112638e-01
4.523053022620628361e-01
4.952695306359999883e-01
4.780252923672363430e-01
4.787532038122589984e-01
4.441747895672745194e-01
4.507063393130797402e-01
4.722936289558486433e-01
4.949405822000601529e-01
4.822476763341722594e-01
4.473088786837788877e-01
4.539748027742678826e-01
4.459123701678603391e-01
4.573744492292752262e-01
4.677595762896809006e-01
4.681656724642487277e-01
4.733131943790110374e-01
4.865931658416296490e-01
4.805414674333412517e-01
4.272116650328087184e-01
4.400743799249660082e-01
4.373630680974893714e-01
4.341360284173059747e-01
5.450438554437194716e-01
4.855877185934874274e-01
4.108435715248393016e-01
4.143909443681818572e-01
4.542626909529657864e-01
4.600137929221486677e-01
4.489220558516691106e-01
4.502298861765572369e-01
4.515021343519546315e-01
4.702681027208666653e-01
5.079121003325351991e-01
4.124018005333892067e-01
4.263836720841674421e-01
4.852904453857342371e-01
5.231677849279573467e-01
5.328904890463160848e-01
4.305402981003668139e-01
4.373447256273303441e-01
4.268176205063861639e-01
4.323764497265293327e-01
4.245894948168718042e-01
4.645912748389933733e-01
4.778062924592432203e-01
4.700975876532069719e-01
4.606654526650915682e-01
4.758621213363201097e-01
5.057748943532504038e-01
5.184612215053362450e-01
4.385966956473975054e-01
4.509765314885289533e-01
4.442006290679600400e-01
4.452024412966787970e-01
4.758333495431092963e-01
4.628070026981122020e-01
4.344347941975369998e-01
4.789406105339913400e-01
4.810117546626912488e-01
4.909543052121743689e-01
4.316526911639160247e-01
4.440900373014762259e-01
4.559716363214086354e-01
4.943178743219684979e-01
4.185536894237696925e-01
4.610524977353017695e-01
4.617365142661582489e-01
4.620046683081930894e-01
4.482129039509225588e-01
4.494643833641277508e-01
4.711772445020110944e-01
5.239059873816486190e-01
5.160657372884814853e-01
4.126094812232132258e-01
4.050891189141381798e-01
4.917052760181936377e-01
5.062495742020077794e-01
5.272433519122498025e-01
4.347772459530159228e-01
4.364095424500877285e-01
4.322641560129216187e-01
4.310755543379132804e-01
4.264946451971245445e-01
4.349105393582918255e-01
4.736926784884253339e-01
4.656682840520824374e-01
4.578998417965362000e-01
4.812975337953043775e-01
4.879445457945363884e-01
4.903294561922860728e-01
4.958975176845841215e-01
4.355775979245075646e-01
4.475897822282696725e-01
4.427026302840518790e-01
4.417715474553513544e-01
4.877940702300804787e-01
4.792281588003952653e-01
4.526801610459321723e-01
4.273418003331653225e-01
4.720486351588596974e-01
4.768225689911836374e-01
4.798266190425403699e-01
4.961799362752875031e-01
4.336736152298184543e-01
4.345168455027549337e-01
4.468500714139227448e-01
4.559573144841959635e-01
5.130000858540348929e-01
4.121575325308640125e-01
4.155105869046908373e-01
4.608244010756855635e-01
4.625278899983907843e-01
4.654396292744634178e-01
4.471301918686444443e-01
4.498090199124738509e-01
4.696678238784854353e-01
5.038106317646895427e-01
3.984246780204647176e-01
4.975914044694466076e-01
5.059910482786640351e-01
5.261876873750171990e-01
4.277337376542773018e-01
4.557809684059684341e-01
4.303585596781014933e-01
4.328977366820413453e-01
4.644724905711756779e-01
4.723987298703902216e-01
4.694187329930732955e-01
4.905140720141135668e-01
4.971161073624044135e-01
5.024512442527808709e-01
4.360185568709156745e-01
4.444392920914594924e-01
4.678095925764032548e-01
4.723843267966996162e-01
4.392473342327142261e-01
4.696544190741295255e-01
4.814572243371353921e-01
4.810847713650597268e-01
4.373764918083704600e-01
4.358466159071995860e-01
4.485640165510247912e-01
4.593094032714005182e-01
5.121646755712477850e-01
5.079768834361834129e-01
4.228898154567887202e-01
4.623268926958946090e-01
4.657047534962381885e-01
4.562660437502960575e-01
4.459299142967766416e-01
4.501211139843638298e-01
4.674471199498235197e-01
5.021122190378657368e-01
5.043381873951041650e-01
4.096880426700395539e-01
4.122027018395331699e-01
4.932736400560801537e-01
4.983087632516835508e-01
5.312563579790994250e-01
4.331277895664239486e-01
4.351377675730258021e-01
4.321423684969512569e-01
4.237853333972955161e-01
4.243864734933426863e-01
4.721808558088868013e-01
4.739152796380686206e-01
4.734112885847195917e-01
4.799218927006633217e-01
4.991346600985321902e-01
5.019741356027110912e-01
4.366911658812389629e-01
4.370652681462771638e-01
4.646927420587317337e-01
4.650397448627164865e-01
4.397760802876769515e-01
4.378430481583101552e-01
4.809474447495770688e-01
4.711528518548342426e-01
4.851327343720417962e-01
4.870698157719481891e-01
4.454660218691083862e-01
4.460944845930485680e-01
4.480084780992772964e-01
4.787312341513250136e-01
5.171590471212093032e-01
4.328462833419524647e-01
4.100701747689962651e-01
4.666807700990099339e-01
4.673551911500377076e-01
4.587569388722056996e-01
4.467160365436081970e-01
4.497958255864198396e-01
4.519438916777009374e-01
4.606328303385511247e-01
5.095113942820406194e-01
4.148258536285895914e-01
5.052883118477847768e-01
4.999874198677819459e-01
5.056264253481391746e-01
4.305564596370090036e-01
4.357872500091402035e-01
4.172707397747993929e-01
4.220515604540930887e-01
4.743827770658422538e-01
4.723700879859664692e-01
4.938270224883858917e-01
4.859652573775085083e-01
5.042135092679219666e-01
5.148130310808413101e-01
4.383063823934789660e-01
4.426114174912629817e-01
4.741086294890338171e-01
5.211482512349409069e-01
4.545330657200537527e-01
4.276901053353643345e-01
4.716596738688936252e-01
4.732320965176478045e-01
4.760473489560814175e-01
4.960618993694200229e-01
4.407974696330814179e-01
5.053450245159766263e-01
4.234187555609966735e-01
4.664061942562039431e-01
4.676836002888584698e-01
4.630653586375472197e-01
4.422267557113160330e-01
4.503672796072092921e-01
5.135544763184143324e-01
5.147692976034583534e-01
4.251347044477226111e-01
4.080098355489261697e-01
5.049790166139388470e-01
4.963544662933183083e-01
4.349894935127443518e-01
4.356382104274714173e-01
4.244773766049005359e-01
4.275046337938918639e-01
4.333943140501419489e-01
4.677463375687463953e-01
4.728114602636576680e-01
4.835690110189522772e-01
4.896568033542509357e-01
4.960140209091082886e-01
5.111573718578493741e-01
3.962831268163590215e-01
4.519715238528906331e-01
4.675317826963598655e-01
4.766978275368147777e-01
4.714018279045926185e-01
4.273004509624133140e-01
4.672583350468733632e-01
4.654413555544369419e-01
4.781902702925658888e-01
5.146508037618746645e-01
4.218413442237767819e-01
5.017857853073263152e-01
4.953887188626709404e-01
5.154670439027957407e-01
4.385960678923317424e-01
4.346618523771244025e-01
4.331992217800340050e-01
4.342737542123488725e-01
4.642954230730839682e-01
4.724801396430692302e-01
4.787299371222454858e-01
4.956894956319029544e-01
4.957760340244247721e-01
4.455262482040204253e-01
4.351152545253285098e-01
4.743882274898634233e-01
4.713655483653410583e-01
4.730748534914264725e-01
4.300998098036886708e-01
4.091488815718177796e-01
4.657732639708823119e-01
4.702796812951668404e-01
4.712081266195809470e-01
4.358385413489713756e-01
4.246106853397178527e-01
4.946522690914239018e-01
4.929817112120346012e-01
5.006110985933915902e-01
4.416762886975182378e-01
4.379735142608578990e-01
4.262699934683911174e-01
4.256046903879125431e-01
4.675999374302049483e-01
4.750033314466803325e-01
4.730321389056348358e-01
4.861209363582411069e-01
4.855197993379713473e-01
4.937868049829738926e-01
5.051720187163849518e-01
4.423933277110463913e-01
4.697408539996693055e-01
4.734425719573217006e-01
4.667921776043438276e-01
4.725334854347638114e-01
4.383113629614698303e-01
4.516894100076990215e-01
4.603775041028936865e-01
4.140809032640846432e-01
5.002181877910218954e-01
4.966073069300200316e-01
4.388581859972680022e-01
4.424499083025782431e-01
4.236148713981799929e-01
4.172849804369322957e-01
4.752111851579647883e-01
4.761577186221539471e-01
4.811035691902261213e-01
4.822940694121348737e-01
5.006216707825440482e-01
4.797157436788989093e-01
4.784426444140734702e-01
4.233242364317907902e-01
4.350422923587645152e-01
4.442668984126499909e-01
4.437498948302593393e-01
4.259915377583493590e-01
4.675754892404184737e-01
5.029546099258065395e-01
4.825551360914124288e-01
5.119574831439684948e-01
4.414039230866482755e-01
4.426624918237493933e-01
4.248223035210400567e-01
4.244166266968797396e-01
4.272757712974576960e-01
4.706148313760801227e-01
4.701642761134293136e-01
4.883405614918706061e-01
3.897983078862631290e-01
4.753775080564710542e-01
4.801116499238659574e-01
4.230211458010457726e-01
4.595254017376281808e-01
4.877607744539113055e-01
4.620200547930965462e-01
4.372153167431421794e-01
4.842786904896310696e-01
4.842948995694734138e-01
4.613863712890263202e-01
4.439820829434641403e-01
4.427827113980500329e-01
4.331881091252440807e-01
4.374575765137187489e-01
4.682598117329887510e-01
4.693496535016941085e-01
4.246728780659407287e-01
4.759762278443603889e-01
4.807489443214091884e-01
4.246604530268492939e-01
4.227522997902199431e-01
4.804619178968148052e-01
4.774979542860913195e-01
4.380871454462342274e-01
4.399419420106214229e-01
4.495001616664179855e-01
4.398741849144092164e-01
4.393131337437187756e-01
4.800469093359311934e-01
4.810883107321445862e-01
4.865572572266964047e-01
4.505437591631784033e-01
4.446923614934961688e-01
4.456788539722115750e-01
4.294170958898770318e-01
4.262828696547722451e-01
4.674609843362496076e-01
4.754570557225557548e-01
4.740585609746439388e-01
4.228794084158621347e-01
4.142710839653945820e-01
4.788118056599195427e-01
4.837256600778865323e-01
4.909469294925057348e-01
4.235842308724834804e-01
4.216608797000654385e-01
4.787038865382999275e-01
4.789064964663103940e-01
4.428633711556038133e-01
4.704256238919985456e-01
4.645938288812912487e-01
4.379682333907148339e-01
4.282890429732260085e-01
4.281653539852600665e-01
4.812510744859253564e-01
4.728214328352092766e-01
4.675517249111713625e-01
4.550275965860278715e-01
4.589873680358395047e-01
4.830513552568470592e-01
4.980732543674686874e-01
4.891388631334800396e-01
4.472579863096137753e-01
4.486210153166074188e-01
4.234917767707723768e-01
4.245114888510805318e-01
4.726631008663780831e-01
4.777558070049578443e-01
4.227666767807303216e-01
4.191427233905578587e-01
4.654821809162161261e-01
4.665180497423546679e-01
4.654356168896889301e-01
4.704041103544241431e-01
4.630683134722746730e-01
4.871767870124081301e-01
4.910502675373228376e-01
4.282759355550773139e-01
4.817024207731492869e-01
4.827785740089163835e-01
4.239487745638286786e-01
4.287799419578904314e-01
4.755932097687285420e-01
4.871995334568049452e-01
4.817759916933574971e-01
4.495166559671355255e-01
4.415472409877671534e-01
4.672179305959375806e-01
4.686298930343162361e-01
4.346451183952795838e-01
4.451157866892994086e-01
4.754114923916741842e-01
4.721561969978361750e-01
4.544977858385326197e-01
4.479291903876370662e-01
4.642851067150550737e-01
4.818712441268938607e-01
4.811850622113315046e-01
4.509883381470738417e-01
4.517241756437219147e-01
4.200199848259733026e-01
4.232984970646883616e-01
4.721210292447890478e-01
4.712090683656152690e-01
4.264671481222199190e-01
4.712872214902084633e-01
4.743756079556338268e-01
4.648124036807316228e-01
4.755211396176771133e-01
4.775033981710746778e-01
4.881647132189265714e-01
5.031256747820137543e-01
4.388528489275735356e-01
4.269275734442746217e-01
4.825912032584232514e-01
4.793402990967302602e-01
4.261409248408316586e-01
4.214234323314163255e-01
4.358458972524827946e-01
4.806802139724033474e-01
4.858420012072801053e-01
4.464508624432062533e-01
4.386147655281606439e-01
4.686366069012840030e-01
4.694627002814595884e-01
4.347719571067173994e-01
4.331351324582771722e-01
4.736731034463969592e-01
4.832702007258302124e-01
4.803621928690940956e-01
4.603680039500834820e-01
4.528797465916045706e-01
4.525194597493944482e-01
4.618273704318693329e-01
4.773105045276875846e-01
4.797872943507114907e-01
4.543002231342623265e-01
4.244066292378369520e-01
4.298705284124690884e-01
4.374663798013689320e-01
4.668903408762636320e-01
4.714939650177764618e-01
4.387387092526256471e-01
4.251479207463002008e-01
4.701277723531506192e-01
4.725253119743925700e-01
4.620223292171389273e-01
4.610120102844620371e-01
4.695799399561551013e-01
4.915516035431536368e-01
4.956143485592443554e-01
4.953124753526642610e-01
4.279450002800578856e-01
4.190170800670612317e-01
4.793326238297890840e-01
4.840153580830282021e-01
4.126213805299100978e-01
4.218645814866824884e-01
4.244955120599193110e-01
4.773823704788802136e-01
4.817504753580328369e-01
4.418768422141272634e-01
4.388245332516783614e-01
4.679810318400589031e-01
4.683476082990821743e-01
4.321816570171203020e-01
4.295819347644700970e-01
4.810846683901421894e-01
4.821376900639738339e-01
4.588847130331266122e-01
4.535146102868121143e-01
4.570161300206592170e-01
4.630985793727229183e-01
4.728555608819568490e-01
4.765561121516517784e-01
4.568674321751735046e-01
4.550534716811947544e-01
4.314578749925486179e-01
4.323640427946739417e-01
4.625860273065171002e-01
4.694993656244706992e-01
4.689140906519533858e-01
4.235918075612346567e-01
4.195855125107125771e-01
4.740622132923075216e-01
4.715319560481787686e-01
4.630483526349025158e-01
4.596445175243730752e-01
4.996292822880365470e-01
5.211422571334097809e-01
4.225618875725668522e-01
4.249203676261279483e-01
4.884544447970403103e-01
4.869353200062218057e-01
4.297698597114062991e-01
4.371574857128161518e-01
4.690496886723278802e-01
4.797989317638451934e-01
4.822214773856340342e-01
4.354292420379136663e-01
4.346390963118765827e-01
4.715481498480166844e-01
4.711293983960455622e-01
4.360874637541530818e-01
4.341578244803653841e-01
4.780762093868871632e-01
4.799891407582635439e-01
4.524081789304338908e-01
4.513291710158784387e-01
4.583030001338003756e-01
4.625612688808815043e-01
4.738857163228341607e-01
4.765431540994991555e-01
4.569476321309113298e-01
4.573886258310360109e-01
4.240969170349852546e-01
4.225112594039235892e-01
4.657134315330489494e-01
4.712524218015969324e-01
4.126698725501717346e-01
4.203077474672364255e-01
4.824153385803671701e-01
4.615701003221908683e-01
4.564862554835560360e-01
4.644700999732583324e-01
4.931404811487382078e-01
4.849409094641684015e-01
5.231760745390480194e-01
4.126727855949607893e-01
4.213964288822648618e-01
5.059073080576370618e-01
4.251216584938311560e-01
4.198357433192019261e-01
4.759135803052959579e-01
4.877701185114671212e-01
4.325867425606679806e-01
4.358686003449891988e-01
4.767948213094306831e-01
4.351762198339246823e-01
4.435116642958649158e-01
4.460740571791356190e-01
4.720463806983690724e-01
4.773670164306262897e-01
4.492121474957614380e-01
4.511993726968338558e-01
4.614566935439746165e-01
4.613585624671756036e-01
4.744233343640789635e-01
4.757763795172427757e-01
4.552090822114703839e-01
4.592772090850554823e-01
4.194129801409795522e-01
4.170472980977252275e-01
4.637166552167162892e-01
4.625608603046590939e-01
4.071683176963489248e-01
4.151391032689792926e-01
4.779980133351035554e-01
4.761579440936863916e-01
4.590245754650887355e-01
4.570209970904774432e-01
5.133540136684288102e-01
5.011639342618338100e-01
4.359717138632726030e-01
4.825343237502344174e-01
4.975072110389217039e-01
5.062958650956153051e-01
4.286810346259877780e-01
4.302893233503937709e-01
4.328204094236087207e-01
4.700708912754931190e-01
4.749338394390221207e-01
4.334886821309278937e-01
4.341826246239741671e-01
4.734663386070148694e-01
4.722210260978808583e-01
4.458953616541889708e-01
4.411908130191976585e-01
4.671144554172606544e-01
4.724258351962309366e-01
4.498633541133140179e-01
4.637047128868759249e-01
4.746430978437382042e-01
4.742889002345391791e-01
4.583749526235039728e-01
4.215400130704309301e-01
4.199971910613305992e-01
4.234042740340582811e-01
4.602946879602935470e-01
4.566213432276521877e-01
4.910407891957621618e-01
3.931449582630648920e-01
4.835236329173673298e-01
4.729894862577999071e-01
4.592224809229950577e-01
4.553265083062088547e-01
4.604152508019194179e-01
5.113080915101935187e-01
5.052303055993929704e-01
4.923226517437260807e-01
4.356614943233415582e-01
4.409962013991761687e-01
4.746861581627486726e-01
4.761375922047548781e-01
4.873718068619403154e-01
4.261706996252513924e-01
4.780074898240575521e-01
4.729456045826834765e-01
4.411805306074493838e-01
4.401226007975077015e-01
4.684760734673181215e-01
4.654194303731239435e-01
4.856284595308519303e-01
4.530030289597110627e-01
4.527430857374045159e-01
4.669723770697679632e-01
4.661187535627736578e-01
4.751997310220940074e-01
4.741424199297838427e-01
1.144427740193039833e+00
4.282756422168525479e-01
4.308961212165278720e-01
4.207547676056396790e-01
4.032693994212978583e-01
4.744816995572027074e-01
4.687998700283313447e-01
4.552177801152753611e-01
4.587676953328030938e-01
5.058298159674083916e-01
4.315024814893747562e-01
4.352679950468643089e-01
4.712165240966216251e-01
4.539525702819646735e-01
4.303651424971128292e-01
4.747408064467900646e-01
4.694978160923128918e-01
4.392918228229342192e-01
4.383606760527186119e-01
4.656549804687397653e-01
4.659219650395593493e-01
4.465394927823070903e-01
4.458969105941440469e-01
4.673718200033278869e-01
4.671616673359699767e-01
4.783659134072739127e-01
4.782325281921081528e-01
5.539240898454619533e+00
4.262401534520526836e-01
4.326662472476688892e-01
4.625982578352161312e-01
4.560957785695924360e-01
4.527917923833306713e-01
5.051204151034534018e-01
5.102398336232429887e-01
4.315454176358918814e-01
4.262987044705365269e-01
4.742053504199910119e-01
4.732974403140685626e-01
4.385471594237048132e-01
4.365766638992686910e-01
4.696343900243761249e-01
4.502609459696420013e-01
4.716281205808235955e-01
4.691975304169677119e-01
4.763850312775687601e-01
4.755230461056251245e-01
1.717288071677479877e+01
4.156441021515531742e-01
4.120227496562876013e-01
5.075295880422442396e-01
4.641467684832252250e-01
4.576140031882258152e-01
4.558444750104013177e-01
5.405168177365898829e-01
4.941341885633429021e-01
4.321125170628606349e-01
4.358398100469292880e-01
4.651931722494103694e-01
4.415466956069579174e-01
4.396756930864965662e-01
4.667640256600409376e-01
4.796999242284014087e-01
4.689645461744742505e-01
2.759449239902036766e+01
4.254015564873082078e-01
4.714479564378386556e-01
4.548009335754097937e-01
4.518062087015863315e-01
4.824679771430182562e-01
4.499171675177154328e-01
3.890534219174701103e-01
4.954154789313524043e-01
4.952848733492208888e-01
4.450496518407069946e-01
3.962904703484226854e-01
4.817967483929070371e-01
4.880563603603785827e-01
4.819120019589032133e-01
4.551490614856208428e-01
3.151488856467944899e+01
4.119803881367971599e-01
4.639709517856151488e-01
4.546490983551147447e-01
4.556097415437485587e-01
4.938628653216407538e-01
4.502462530902718862e-01
4.361852576978505480e-01
4.954354000323178964e-01
4.652268014636873339e-01
4.450111170459917775e-01
4.396195663024234368e-01
4.818537615807708119e-01
4.668863935060493242e-01
4.803904602634005427e-01
4.679803536089678917e-01
2.759433105799336161e+01
4.151796309176878919e-01
4.316682347318260837e-01
5.073275316737319018e-01
4.622286127889322915e-01
4.573917639350666420e-01
4.526009878030348710e-01
5.401327378246971733e-01
5.098826483322197456e-01
4.324384352664203957e-01
4.266108100810339088e-01
4.733326741303872098e-01
4.414659980266335548e-01
4.364984133686719558e-01
4.693687989091568369e-01
4.798050273085450179e-01
4.756393438462795942e-01
1.717276210962549499e+01
4.255366058676052221e-01
4.309669733360442789e-01
4.685264223940929229e-01
4.559262228768665715e-01
4.586164906551431497e-01
5.048000612874153914e-01
5.055215820240326341e-01
4.318177460964042758e-01
4.355284703936517232e-01
4.742498296402056224e-01
4.695437667979514007e-01
4.384613276377251623e-01
4.382782975984717000e-01
4.696427067359925656e-01
4.659634818266949474e-01
4.503066046016636070e-01
4.457790720681002461e-01
4.717015179456944818e-01
4.671657510381114209e-01
4.765318975414654656e-01
4.783355129531226546e-01
5.539186552448916778e+00
4.284046161306384604e-01
4.235331875604249063e-01
4.207314909685007098e-01
4.908983894412979887e-01
4.033805140310837145e-01
3.932051857711992837e-01
4.742430900306635055e-01
4.728249667245266186e-01
4.550763591926791918e-01
4.603160606504396180e-01
4.920468997747877160e-01
4.317385385518199281e-01
4.412029861957040833e-01
4.710942795969125796e-01
4.872703308107967368e-01
4.538209630996703492e-01
4.302265554148674842e-01
4.260383933616698759e-01
4.747839595081449482e-01
4.729851023548144462e-01
4.392243875366594885e-01
4.400627846091996753e-01
4.656856174012195537e-01
4.856495720248076853e-01
4.465085441650046838e-01
4.526849956314494272e-01
4.676403522453782546e-01
4.661809704572310031e-01
4.784405973072599627e-01
4.741679248594932172e-01
1.144397411413391019e+00
4.217108049524506130e-01
4.172344996380938920e-01
4.201810557424509596e-01
4.602608025957480864e-01
4.625540754229338636e-01
4.565444085454236633e-01
4.151838936431956895e-01
4.834195408874512045e-01
4.761031110285007806e-01
4.592109165513290070e-01
4.570600093866274416e-01
4.552539584628744751e-01
5.113921142095607664e-01
5.011944044842359114e-01
4.827935319128511815e-01
5.049978757893951453e-01
5.061199513521028592e-01
4.358440111382977378e-01
4.329036181548854834e-01
4.744878959782332650e-01
4.747390809371549447e-01
4.759833121590567595e-01
4.340374025154223880e-01
4.780395159285135143e-01
4.722477648963067098e-01
4.411146014945171445e-01
4.411897739608169333e-01
4.685192209897806603e-01
4.724519555382463709e-01
4.654556173406276809e-01
4.527845297906116229e-01
4.499205264823163963e-01
4.670966457549969308e-01
4.637402824215311470e-01
4.752143470143415649e-01
4.742987266908395561e-01
4.584321016573771335e-01
4.195664769932248017e-01
4.226865924963301158e-01
4.637074538741646212e-01
4.712125006258849336e-01
4.072765072880655257e-01
4.203363858797021235e-01
4.780903293938751908e-01
4.825286476073518682e-01
4.590654426944473787e-01
4.645284681878877331e-01
5.132794039759628335e-01
5.229992347073770809e-01
4.364176642339229750e-01
4.219686678636510035e-01
4.974738745246642391e-01
5.059115411024474041e-01
4.286822822845801073e-01
4.198265621459805197e-01
4.303774112978176469e-01
4.698990831654283884e-01
4.875999519645201064e-01
4.333391677075709159e-01
4.357208692301260955e-01
4.734712093438799840e-01
4.767963709712929599e-01
4.457557003465981715e-01
4.459448725810908898e-01
4.671548057086183370e-01
4.773898778477120297e-01
4.512193907947666394e-01
4.614013703820198931e-01
4.746523031034753370e-01
4.757839945940041115e-01
4.593328389373353415e-01
4.242607122688934473e-01
4.325153636118421741e-01
4.656544885791360500e-01
4.687942701551591207e-01
4.126421098325251391e-01
4.195078474854664896e-01
4.718110211488296124e-01
4.616853275889615249e-01
4.598339383127136859e-01
4.565560841587717467e-01
4.930865479268650153e-01
5.211708700533164151e-01
4.847693253128272928e-01
4.132197483787860004e-01
4.253863705667901840e-01
4.871654879280673534e-01
4.250391637726739225e-01
4.370764663483027168e-01
4.757690816233544062e-01
4.821399421566208154e-01
4.324399991452520520e-01
4.344983743176303870e-01
4.710852403578206782e-01
4.351773126271704650e-01
4.341391435096801366e-01
4.435367574241390609e-01
4.720737724268388447e-01
4.800042627185625022e-01
4.491947433996237304e-01
4.513689646354543394e-01
4.615046311597489348e-01
4.625528778211752678e-01
4.744308263060482700e-01
4.765496002149761656e-01
4.552509735725944751e-01
4.574050486988338604e-01
4.315949422676877423e-01
4.375450396931298558e-01
4.624500370116884085e-01
4.713576120048827978e-01
4.693677336886269424e-01
4.234322063226524935e-01
4.248078919629905692e-01
4.743637112211188667e-01
4.729003327929445222e-01
4.632291672631325130e-01
4.697568778173234483e-01
4.995353343693040848e-01
4.951879476534535862e-01
4.230268324614471220e-01
4.193858921300006593e-01
4.887045323563180554e-01
4.844333290446750095e-01
4.296781896033027293e-01
4.242333412930691106e-01
4.690510144114407032e-01
4.817685449085773453e-01
4.797280378549654278e-01
4.352916172218072588e-01
4.387028624392687592e-01
4.715021768183392248e-01
4.682528896315542033e-01
4.361678884841406756e-01
4.297024106916268460e-01
4.780777353514287231e-01
4.821154546625860404e-01
4.524513319123503741e-01
4.535995560156834694e-01
4.582886741046238721e-01
4.630601036979211660e-01
4.738937067187317664e-01
4.765607700106618272e-01
4.569557386397004595e-01
4.550577123048865635e-01
4.244847357746143190e-01
4.233414187978657983e-01
4.299556990101308096e-01
4.667736355175550744e-01
4.711010023477773534e-01
4.382447139895754296e-01
4.260155006277629441e-01
4.704880588841566236e-01
4.746581283697597908e-01
4.622288510508596460e-01
4.757360294026454772e-01
4.612464378335760506e-01
4.914629686648624984e-01
5.029116429050191073e-01
4.954358651619593101e-01
4.283012319219259845e-01
4.271843360377705068e-01
4.797306686741977244e-01
4.798051997062269258e-01
4.122954426439161546e-01
4.355753687217427395e-01
4.216350205593166756e-01
4.774377408569854819e-01
4.859222846605877333e-01
4.417631013053919253e-01
4.385164437440398078e-01
4.678796683451482141e-01
4.693484628362651345e-01
4.321949504358690297e-01
4.331559197683301221e-01
4.810712755581182942e-01
4.803222908834287042e-01
4.590039996563602398e-01
4.530262764624882199e-01
4.569784334262257941e-01
4.617952317523413841e-01
4.728634291661276134e-01
4.797977041608917359e-01
4.568633233592719889e-01
4.542923295627623870e-01
4.200592911846350863e-01
4.245874778468550770e-01
4.720217396693974221e-01
4.776634194045104587e-01
4.187170632784502633e-01
4.715260439442061635e-01
4.667214270621388161e-01
4.648697492503918172e-01
4.630505970592392884e-01
4.772054694126979246e-01
4.908591498800981001e-01
4.880339844088643630e-01
4.389970171189606085e-01
4.283363381188330377e-01
4.831066359915057729e-01
4.832374035077829921e-01
4.258111918813681229e-01
4.284861258527758454e-01
4.211009343641542446e-01
4.807913098089995341e-01
4.819384539036865589e-01
4.463643955176751499e-01
4.414717866504321853e-01
4.685157757170715920e-01
4.685077281552111894e-01
4.348593303676147603e-01
4.453313016216985387e-01
4.736279337876704854e-01
4.720501145099407769e-01
4.832109572504524331e-01
4.604835775530665143e-01
4.546167772779459160e-01
4.524761042656460508e-01
4.642244937777065261e-01
4.773249242773727197e-01
4.812044945841700838e-01
4.516993494081258387e-01
4.235313657985155245e-01
4.263184415736340771e-01
4.725865656725933284e-01
4.740021728224851905e-01
4.223318776354600956e-01
4.137582430228808339e-01
4.656660711477296211e-01
4.654249583162119452e-01
4.703733148636455863e-01
4.869020790152028821e-01
4.905773138403068390e-01
4.215072859220800883e-01
4.820740387104583413e-01
4.239932246069295085e-01
4.758665086848050119e-01
4.791777900793765532e-01
4.873619138065156675e-01
4.494643246101283629e-01
4.428176416880492128e-01
4.670864785444384659e-01
4.644277098369446466e-01
4.345985244878162734e-01
4.282641287238769801e-01
4.753254477203462391e-01
4.727757476818650328e-01
4.548586126559470144e-01
4.478581738841010962e-01
4.829514377379380274e-01
4.818878060297107635e-01
4.891651056372002815e-01
4.509731362331355076e-01
4.485958023448334275e-01
4.294465737673371364e-01
4.374593503516390203e-01
4.674274195534389165e-01
4.693113872245026075e-01
4.753905772257483453e-01
4.224356806309083057e-01
4.242920165362084606e-01
4.783586862150938646e-01
4.803316966611188010e-01
4.834625631971836701e-01
4.234091228635685211e-01
4.225100651414095410e-01
4.790436264507190733e-01
4.778497953495762784e-01
4.399200528640679897e-01
4.702015094261555728e-01
4.397887916803567832e-01
4.379713370736980638e-01
4.392795481885451991e-01
4.284060288981256792e-01
4.811630354420748379e-01
4.809933482518602421e-01
4.674793330217907328e-01
4.506794499045959079e-01
4.589337073148200830e-01
4.980755465450596442e-01
4.472342540907121577e-01
4.456573749040004251e-01
4.331710470766161891e-01
4.271910155077247584e-01
4.682537257420097965e-01
4.701535535768866514e-01
3.900966451598693041e-01
4.756257806579706759e-01
4.797527497395648877e-01
4.243814616002043461e-01
4.228207756794878369e-01
4.809473082682929057e-01
4.884821595468366584e-01
4.380820916829428202e-01
4.372393852193830477e-01
4.494236217118072751e-01
4.799754928422310662e-01
4.842440502909068356e-01
4.867201222278194628e-01
4.615779951765014988e-01
4.446642168659592498e-01
4.427649787252402325e-01
4.247592912984096691e-01
4.172432740612474489e-01
4.243680739796398260e-01
4.706372748238313308e-01
4.762005721709267059e-01
4.880610009296163510e-01
5.003234064385436719e-01
4.749746037582163183e-01
4.779229960184698256e-01
4.231152007233485168e-01
4.601890947287842759e-01
4.446953663589356398e-01
4.620568024424903664e-01
4.259990048149391306e-01
4.840933965097821701e-01
4.674849395230519788e-01
5.120103044646124868e-01
4.439596145066170285e-01
4.426467968178756651e-01
4.235433018879145028e-01
4.255304630620315165e-01
4.752396071592192572e-01
4.730923911606623733e-01
4.810477824989969897e-01
5.046927199692727850e-01
4.821811872250011954e-01
4.791088334728770826e-01
4.687972091451306778e-01
4.726067958320039897e-01
4.355266929348704519e-01
4.387456696070698436e-01
4.437488651582868759e-01
4.603884805465850993e-01
4.139887723814840714e-01
5.029499561287054110e-01
4.966051099192511087e-01
4.825825677707943351e-01
4.413887524027528264e-01
4.424369522091031182e-01
4.261833478226129679e-01
4.341683963830048620e-01
4.676902060540377715e-01
4.725664430796849280e-01
4.750566963825439415e-01
4.859607008250003690e-01
4.959635750611530169e-01
4.855746034771424857e-01
4.936971825544218540e-01
4.405503431962864980e-01
4.318982065829412575e-01
4.737030823905404309e-01
4.733557783834567156e-01
4.669645157055975493e-01
4.094831640130947581e-01
4.516890911510881290e-01
4.712478243310344594e-01
4.245719182110449519e-01
5.002194269795253723e-01
5.006377203870845394e-01
4.388477234015418227e-01
4.379602808922631318e-01
4.330853787252267328e-01
4.332366606918389151e-01
4.644071022590828823e-01
4.729256298436569916e-01
4.796086740448216035e-01
5.123017236782222428e-01
4.960914501356835093e-01
4.389623001202180852e-01
4.442481255789933470e-01
4.746643912470366322e-01
4.716546768540879064e-01
4.716064206706056527e-01
4.304964629359421258e-01
4.277580293744639994e-01
4.657888025719753022e-01
4.782242019595960847e-01
4.703138078798332899e-01
4.357793305577187248e-01
4.217889766993674350e-01
4.946837655168057069e-01
5.155076037341486117e-01
4.930076116713074108e-01
4.416672614322033619e-01
4.346528272886925337e-01
4.243360043188119102e-01
4.219031132031579312e-01
4.273596383943081278e-01
4.678765157073465075e-01
4.725144191288856987e-01
4.851584867183626470e-01
5.159343240192688640e-01
4.910768798479885344e-01
4.972983587760954616e-01
3.967946215801414489e-01
4.748817076533320414e-01
4.568078916227810704e-01
4.261863235544308681e-01
4.678906184295966719e-01
4.963874846122400264e-01
4.769841972797314589e-01
4.239169640249569326e-01
4.672588882641195429e-01
4.631150120528080283e-01
4.654562456541888049e-01
5.145490223998809842e-01
5.133873596181364185e-01
5.146701953739010182e-01
4.079473424045731988e-01
5.018348788076897327e-01
4.963983292652326407e-01
4.954339896504943996e-01
4.385884155288504727e-01
4.356333579976140458e-01
4.171123808099307939e-01
4.242312671497060483e-01
4.745282735107845262e-01
4.735885158985853605e-01
4.906113981611375241e-01
4.993551439605907749e-01
4.836101385008573228e-01
5.043411414925188518e-01
4.388491382745799418e-01
4.652320916116646221e-01
4.430800498301767365e-01
5.224664974256831851e-01
4.654563720239805469e-01
4.425182861221166331e-01
4.720031706972346863e-01
4.874086906883800530e-01
4.735663318785668929e-01
4.763311437724954689e-01
4.408674403218801885e-01
4.790844458071015777e-01
5.052052652545313549e-01
5.169752740887413323e-01
4.103985779060948524e-01
4.663970392695630518e-01
4.587584091226474814e-01
4.676810003398333970e-01
4.421808941327644016e-01
4.605758255276122259e-01
4.503183264907187344e-01
5.094445165185907953e-01
4.250739152462935655e-01
4.147381926509374206e-01
5.050337356304542835e-01
5.056952020283872473e-01
4.349855032234839491e-01
4.357830173285360265e-01
4.236306718988742670e-01
4.327356398951866523e-01
4.723912523055707746e-01
4.726036144187586996e-01
4.740810455650091848e-01
4.778036683331122192e-01
5.000296035044000664e-01
4.968645455083033347e-01
4.363820836741265086e-01
4.675620767436607927e-01
4.368882327760111317e-01
4.707641804448751133e-01
4.442955179969150237e-01
4.423525845414928437e-01
4.812197287453232053e-01
4.813614502302511755e-01
4.714812225139841662e-01
4.854193768726857705e-01
4.455771873037843722e-01
4.593516464984729875e-01
4.463286677870885177e-01
4.483137161074665089e-01
5.076900746816787047e-01
4.331347957928419756e-01
4.231353832560737493e-01
4.666578161599366781e-01
4.562561977975173044e-01
4.673440409003931095e-01
4.466452391414680867e-01
4.673854919055298041e-01
4.497443973795731131e-01
4.519112198517006851e-01
5.042167574691723830e-01
4.121066583173167430e-01
5.053600704357208429e-01
5.313399747470122225e-01
5.000478926901305021e-01
4.305567005388580282e-01
4.321434104803643650e-01
4.302016829402533493e-01
4.347978665358950834e-01
4.646753453593420180e-01
4.658824580920402081e-01
4.691326331908715619e-01
4.948942144548263422e-01
4.900295293392395446e-01
4.956311880426645389e-01
4.359917776732737393e-01
4.415392299947115684e-01
4.442879724938899044e-01
4.772627540110094824e-01
4.288484204406214362e-01
4.700075471637678026e-01
4.964695139981425420e-01
4.817495104936805883e-01
4.374429343679670512e-01
4.559971861690016448e-01
4.359260594084610196e-01
4.486968568954882164e-01
5.119072659413511639e-01
5.127861757400616893e-01
4.154681220132430686e-01
4.628160691635774815e-01
4.654132224558094610e-01
4.656799709536244558e-01
4.458756633875813336e-01
4.696058901074720571e-01
4.500430381366834487e-01
5.020143587804934970e-01
5.037003488322779887e-01
4.095935007214511203e-01
3.982796227677871670e-01
4.933660119519723830e-01
5.262788556205220125e-01
4.983870361967204787e-01
4.355283463941808653e-01
4.557799479880510485e-01
4.351375066014075976e-01
4.311097862715743134e-01
4.247093811572766331e-01
4.264177910216606082e-01
4.738170693880444095e-01
4.779097440591046908e-01
4.584801900672257902e-01
5.189252171112649359e-01
4.816236742870441678e-01
4.880519244645141752e-01
4.900618128236716720e-01
4.378852482138583802e-01
4.455629938959535519e-01
4.474433382706483053e-01
4.426429048362183760e-01
4.860093745430537071e-01
4.755216337885695421e-01
4.537881406950746155e-01
4.348778800741870953e-01
4.725449548089800111e-01
4.914172983869862787e-01
4.771815184790081377e-01
4.800707682263676834e-01
4.337139067218558908e-01
4.560010414312680171e-01
4.345830656296674754e-01
4.469570028572340536e-01
4.946249263932547269e-01
4.118987043053882746e-01
4.182421187677498597e-01
4.607806069729040166e-01
4.619634659439551538e-01
4.624908620505200907e-01
4.470870331933000097e-01
4.711233405453819079e-01
4.497526812664591755e-01
5.160217507768856127e-01
4.049567353134617687e-01
4.976983048992777436e-01
5.273402634429543712e-01
5.060838064916878265e-01
4.277320345382765732e-01
4.322595775311778854e-01
4.325711202693902080e-01
4.525659567600294753e-01
4.647311487903746929e-01
4.789720016658131074e-01
4.700891305079517024e-01
4.824561072144928908e-01
4.610999492387171106e-01
4.761685946706771810e-01
5.059382496432649479e-01
4.399467252005380136e-01
4.622057912401650315e-01
4.505419660575064045e-01
4.435043816181185594e-01
4.806755802528748234e-01
4.632429803521019296e-01
4.794197013613241132e-01
4.814382450853392781e-01
4.316954123966545986e-01
4.341734668548590803e-01
4.441529508583142993e-01
4.861699522362302184e-01
4.141164864428386605e-01
4.609832981675819896e-01
4.488637997130084933e-01
4.616862413897315220e-01
4.481784083675549590e-01
4.702420222935696503e-01
4.494216446870496484e-01
5.238116208054470757e-01
5.077230865674967619e-01
4.124707115354537823e-01
4.262596428504399348e-01
4.918406392057447785e-01
5.330189318964574374e-01
5.063484814626484365e-01
4.347691199857375843e-01
4.268081679333552980e-01
4.364051943421619062e-01
4.327770191183027415e-01
4.621681898382808407e-01
4.324522216691967236e-01
4.948499258556365854e-01
4.692863733201230181e-01
4.781470102443348691e-01
4.448894402660496517e-01
4.532692717255083492e-01
4.518924026531778160e-01
4.730059351713604143e-01
4.951886684256663340e-01
4.355003024106139375e-01
4.878783075192841823e-01
4.564467593264529000e-01
4.527595941296085336e-01
4.679440203031626222e-01
4.894356015040483010e-01
4.686920496845331519e-01
4.736097410301782218e-01
4.867224109305565705e-01
4.272452046654990343e-01
4.442809005379411147e-01
4.401332163990091528e-01
4.374054361303737481e-01
5.449310865689657168e-01
5.495762878246942540e-01
4.106500387038403699e-01
4.017455212693352151e-01
4.542223329568228496e-01
4.515671293025303457e-01
4.599525984338719287e-01
4.501992464857007548e-01
4.700036519941861446e-01
4.514729940526344132e-01
4.672865623357930764e-01
4.123542856355000286e-01
4.853862576843298027e-01
5.232866945900664923e-01
4.305182192324296664e-01
4.376535895879146154e-01
4.373304003248678629e-01
4.403255200181967477e-01
5.053888582938121932e-01
4.361065622018535648e-01
4.662703691908362535e-01
4.968774846683173263e-01
4.544006765942660286e-01
4.703561044505157884e-01
4.865709981546827989e-01
4.628838401227016175e-01
4.462774879858184551e-01
4.288818094798708680e-01
4.481073612647973881e-01
4.219432013749315202e-01
4.665487308459937976e-01
4.798344545949099205e-01
4.654812430772310994e-01
4.654544272319022791e-01
4.666171118886485170e-01
4.693659415022442549e-01
4.723540839861441465e-01
4.844430369634027955e-01
4.922162791719493780e-01
4.273716226671760432e-01
4.607917894766109246e-01
4.300883836642472313e-01
4.392348591732362917e-01
4.890690744397413470e-01
4.276514425368209693e-01
4.598571944418620161e-01
4.437870050860590609e-01
4.504180111784714113e-01
4.809943635549311369e-01
4.531083329036080243e-01
5.227251994771288102e-01
5.432235835866431328e-01
4.286230886430751341e-01
4.445611049002374804e-01
4.323309608054620168e-01
7.924980839466710947e-01
4.764462390188647922e-01
4.410319621250552435e-01
4.338942322090786896e-01
4.980136492180426422e-01
3.946343264317306310e-01
4.424457795731553955e-01
4.715923932230406956e-01
4.788660972046870357e-01
4.823330338119718452e-01
4.890992094769837650e-01
4.803331354210507165e-01
4.173811327513021197e-01
4.416682951725253714e-01
4.411992382206250674e-01
4.922874964383240903e-01
4.515454017542929743e-01
4.730898121725691241e-01
4.521371606694847278e-01
4.965524695240327580e-01
5.084712573406169334e-01
4.773351390995948518e-01
4.871329665078641957e-01
5.287931766581964732e-01
4.236843949185716829e-01
4.443462676938285116e-01
4.278068657935589214e-01
9.202730354255171941e-01
4.702027677519090010e-01
4.184976261373564710e-01
4.243795756366733340e-01
4.353238840558072420e-01
4.673757902300875178e-01
4.857441707704488465e-01
4.654453281340945603e-01
4.743560832663080706e-01
4.844896778725120701e-01
4.508474461104149400e-01
4.571523506622103272e-01
4.531062506931347045e-01
4.756687659622831355e-01
5.134893930341594137e-01
4.871837004073342747e-01
5.097745348709766811e-01
4.242909906151648980e-01
4.277413351001351782e-01
4.220660817192266046e-01
1.062011572994034703e+00
3.806880234342105984e-01
3.056983321527048658e-01
4.585351990030794300e-01
4.246856281666164246e-01
4.627667065789730083e-01
4.732592686445807328e-01
4.621611502242869984e-01
4.613227550524638954e-01
4.607992931776767054e-01
4.629011354125204258e-01
4.663257969018667071e-01
4.718631275689952886e-01
4.804986569939215246e-01
4.857722180845315263e-01
4.639482688474925176e-01
4.550600167583198630e-01
4.756432328667428711e-01
5.033863042199805404e-01
4.863794035065928667e-01
5.036579791281765583e-01
5.031860086149246847e-01
4.236209431080325549e-01
4.160311994945571357e-01
1.226774990483960881e+00
2.432547795993855455e-01
4.835332655462043494e-01
4.595759054372072772e-01
5.007434672771674533e-01
4.753839448225441466e-01
4.573892529221029735e-01
4.543762127689014441e-01
4.587554397039679821e-01
4.622772718442250128e-01
4.647724116841090991e-01
4.674683842195253014e-01
4.650647781082547505e-01
4.730722528511827063e-01
4.773867830414366131e-01
4.865007058091805892e-01
4.742333375808115981e-01
4.399544203941156417e-01
4.183165126049454563e-01
4.817004687870599655e-01
4.970930851714964183e-01
4.817645509951267169e-01
4.890537347527268985e-01
5.090024358229645607e-01
5.022994831293546847e-01
4.225941441909459306e-01
4.337989399396268153e-01
4.254930766445116919e-01
1.416006882832677727e+00
4.892454022763967347e-01
4.320935890027589044e-01
3.981897039482656386e-01
4.855969494603733505e-01
4.962505795895799654e-01
4.729295011740355381e-01
4.821445210601946196e-01
4.946792561756192530e-01
5.169884478933058913e-01
4.173171457957814412e-01
4.369117630533085883e-01
4.124706819701820515e-01
3.626552544449794802e-01
4.626247460906547371e-01
4.806471457581457662e-01
4.939197532400743107e-01
5.106899322278890541e-01
4.154112634074537680e-01
4.154719564513986163e-01
4.182841685063907744e-01
4.225167684105308741e-01
4.218484446234015417e-01
2.180741105701094806e+00
1.886035540539625188e+00
4.210991029209797953e-01
4.343269662656500940e-01
4.187239758543123691e-01
4.269198440196093070e-01
2.531572701638932887e+00
4.267877419670114136e-01
4.515845574610561353e-01
4.188005231813360929e-01
4.366241064204771649e-01
2.961696026996093245e+00
4.288392233792327479e-01
4.443161212222530576e-01
4.229626203627694370e-01
4.421249765632972450e-01
4.440346620862494764e-01
3.514767672822824984e+00
4.301412851023601602e-01
4.468382848981817257e-01
4.157440812597309465e-01
4.391097262435924575e-01
4.439537722949531973e-01
4.415168077834500937e-01
4.287042527449959728e+00
4.215482842428233679e-01
4.334380036602168973e-01
4.270601498547195729e-01
4.425082544232992188e-01
4.443561387936206253e-01
5.556751997108564822e+00
4.175254762435987588e-01
4.274406434135468169e-01
4.298792274967506710e-01
4.421945998019931046e-01
4.376985277441753919e-01
8.668241231593235341e+00
4.157272895163346416e-01
4.275037281053185589e-01
4.274373923707594503e-01
4.408591338102665902e-01
4.344787461310440357e-01
1.118345097821696932e+01
1.762058970337063712e+01
7.315570570848923815e+00
5.620290139039337163e+00
4.995921595639302382e+00
4.604118526485673435e+00
4.310666555486657892e+00
4.071713320547825532e+00
3.867519093754960835e+00
3.687141497381551947e+00
3.523937666188992957e+00
3.373682503098136554e+00
3.233637264477682294e+00
3.102032243643657594e+00
2.977753322623561072e+00
2.860137623783270744e+00
2.748831974387164756e+00
2.643690337889135655e+00
2.544697175680190160e+00
2.451909012303703506e+00
2.365409084090912550e+00
2.285271268082170959e+00
2.211530293450419293e+00
2.144155990543270551e+00
2.083030294258239046e+00
2.027926993126743849e+00
1.978495750199720238e+00
1.934253475463985739e+00
1.894587245623159832e+00
1.858773016934900824e+00
1.826012754540000227e+00
1.795489082428293637e+00
1.766431697448964666e+00
1.738185071986149577e+00
1.710264429525718777e+00
1.682388280545392689e+00
1.654481222673355401e+00
1.626648652060719957e+00
1.599132600888051314e+00
1.572262203470419895e+00
1.546411734613748923e+00
1.521974189748098283e+00
1.499351120137635274e+00
1.478952739835554864e+00
1.461198521130537165e+00
1.446508531328349445e+00
1.435278952462287760e+00
1.427839794618744440e+00
1.424396896730409257e+00
1.424962906483378866e+00
1.429283376245708892e+00
1.436765855630451005e+00
1.446423621667605186e+00
1.456852090864986238e+00
1.466262954782544314e+00
1.472602924034457139e+00
1.473772566597874256e+00
1.467930878817890417e+00
1.453828528994212110e+00
1.431077330863453456e+00
1.400261815382913388e+00
1.362843525658769650e+00
1.320883116191507112e+00
1.276669955779395238e+00
1.232369024882589148e+00
1.189765780136468720e+00
1.150136255447983258e+00
1.114224486680456705e+00
1.082290508793200878e+00
1.054197532404892668e+00
1.029522472559676771e+00
1.007685485062434383e+00
9.126837949346440215e-01
9.180346410222156583e-01
9.122507203416276855e-01
9.473736222023292353e-01
9.292662504664177536e-01
9.713412523227802353e-01
9.997002037501417915e-01
1.029828240514924165e+00
1.057705961563816022e+00
1.077763268139559472e+00
1.082933918946618279e+00
1.065022061014705868e+00
1.015324326981860814e+00
9.251428590782613259e-01
7.863569547176104679e-01
6.023195077180650836e-01
4.241975137938281959e-01
4.211735749483892510e-01
4.410720500339125882e-01
4.412379697870725814e-01
4.342683867987272572e-01
