1.780172218251486527e+01
1.128182464522108397e+01
8.740249286117888872e+00
7.358919017992204381e+00
5.635387155679214111e+00
4.996447078191759594e+00
4.594116975133750280e+00
4.292295821555903501e+00
4.046468339126128910e+00
3.836618321449575486e+00
3.651669025481213637e+00
3.484894067099795212e+00
3.331994409226505027e+00
3.190150557622790650e+00
3.057501834243382177e+00
2.932835497752792175e+00
2.815386769803420286e+00
2.704701428345380965e+00
2.600536441099316587e+00
2.502785559500687818e+00
2.411422251049310628e+00
2.326454931315794727e+00
2.247890785810150227e+00
2.175705370209701339e+00
2.109816051049334007e+00
2.050058392228701010e+00
1.996165873293023640e+00
1.947754779196239960e+00
1.904317481435437109e+00
1.865228173850578930e+00
1.829764814944205398e+00
1.797149015446810383e+00
1.766601801864299270e+00
1.737408328573390337e+00
1.708980368147840379e+00
1.680903874137665843e+00
1.652961556083166528e+00
1.625127006345598923e+00
1.597535203130919568e+00
1.570440743165675057e+00
1.544177063699053276e+00
1.519126479010637354e+00
1.495703896800196109e+00
1.474349892633731951e+00
1.455524402708199938e+00
1.439691919585553537e+00
1.427291985575630306e+00
1.418692998458970900e+00
1.414130998836472086e+00
1.413637482360937669e+00
1.416962124594367989e+00
1.423499300304808868e+00
1.432232810196091943e+00
1.441720797640703378e+00
1.450148668393194784e+00
1.455474896199716150e+00
1.455675821713872775e+00
1.449060148127519376e+00
1.434583540960885362e+00
1.412070984561510922e+00
1.382269604218521186e+00
1.346707942738219588e+00
1.307404754364646537e+00
1.266516642249293945e+00
1.226018610090594763e+00
1.187480095775792721e+00
1.151954538879049306e+00
1.119966627593875996e+00
1.091568666641584917e+00
1.066442103972160549e+00
1.044030090371384834e+00
1.023691245526002325e+00
1.004860163816454266e+00
9.267819664577470196e-01
9.257687225424686694e-01
9.304386809314012519e-01
9.579910316921428359e-01
9.800094478060810133e-01
1.005557602484342894e+00
1.031749943983370832e+00
1.054292327154590314e+00
1.067366383897180082e+00
1.063728496453851591e+00
1.035052103283883307e+00
9.723465006298175339e-01
8.659989742717782990e-01
7.110777962919918593e-01
5.337390242073271063e-01
4.261603782464044032e-01
4.416049885113744744e-01
4.440270195089138783e-01
4.466082849722768922e-01
4.467445904695501180e-01
5.595626300902379668e+00
4.369842819063936012e-01
4.280497039886322352e-01
4.420099128411673628e-01
4.444537809048889065e-01
4.528032872219618366e-01
4.316177061377556079e+00
4.354601939896271534e-01
4.291265146525336527e-01
4.423405437637750182e-01
4.442711775309414746e-01
4.426193030715911414e-01
3.540688706764755889e+00
4.359679145884240437e-01
4.242119707496451730e-01
4.415300997897070312e-01
4.392268465883271134e-01
4.386879959047663702e-01
4.400918867346388930e-01
2.987025444457000134e+00
4.276390193193473910e-01
4.371474959401236982e-01
4.444186277617623304e-01
4.440766543002073741e-01
4.487618832339987929e-01
2.557545295159782128e+00
4.339960980644748667e-01
4.261748638061383376e-01
4.414527374499813139e-01
4.439924075356826427e-01
4.357284173587058218e-01
4.362229171193491850e-01
2.207859937473126255e+00
4.236732927356263168e-01
4.365894500377500154e-01
4.346039925640660107e-01
4.375988863657656602e-01
1.914284459136388117e+00
4.224524017571988366e-01
4.321404324069357816e-01
4.521148642612546897e-01
4.230288158412780497e-01
4.247265985177782199e-01
4.468717805871784132e-01
3.747969878751285511e-01
3.810310536013096216e-01
4.714744690174676456e-01
4.689096597545714951e-01
4.756234662935759361e-01
5.075913341518895061e-01
4.842917607881634945e-01
4.216099011715316869e-01
4.149956901797522413e-01
4.450905151881068833e-01
1.253188192077035357e+00
1.444452443125978869e+00
4.592874589832546817e-01
4.570478963048425491e-01
4.665948734723106561e-01
3.839461491932416592e-01
4.308414026463982527e-01
4.042833380350441819e-01
4.744494110469706927e-01
4.663287771093908574e-01
4.733938544816751470e-01
4.836997444104016441e-01
4.979841579100630633e-01
4.925373716989570050e-01
4.243771902989923461e-01
4.287938377546022251e-01
4.308259720027612927e-01
1.083544614490485447e+00
3.598471204283430480e-01
4.304640986077279408e-01
4.604806160663572623e-01
4.835661554613246982e-01
4.793052982552137298e-01
4.585879914556444392e-01
4.500535710850951943e-01
4.521744092804365067e-01
4.563955022164465913e-01
4.599828134196929930e-01
4.631256867080520978e-01
4.647203525553644243e-01
4.691769757638908356e-01
4.645545806859854299e-01
4.647025143574994854e-01
4.333338027486923205e-01
4.453335239110055577e-01
4.719304078940511626e-01
4.688168865587521994e-01
4.740311026904922009e-01
4.977987642864444839e-01
4.923508875001856300e-01
4.257245283044654993e-01
4.284579594526297108e-01
4.271219872753843072e-01
9.401897130565107785e-01
4.476815380350957496e-01
4.325423886365089010e-01
4.408775363819872894e-01
4.410227247479306389e-01
4.563540957258357400e-01
4.549585104664370938e-01
4.545652852234359220e-01
4.550513453579425605e-01
4.563213823067645558e-01
4.580321255728129204e-01
4.602064207320687439e-01
4.629018844997956350e-01
4.679335465629604895e-01
4.652840476892096122e-01
4.746081982795595788e-01
4.320534104148174848e-01
4.362196690674360888e-01
4.475445893182337653e-01
4.836887456087187731e-01
4.748836766666317821e-01
4.776697475589896658e-01
4.956807683903082795e-01
4.865483232006841408e-01
4.263591615874769980e-01
4.394558116589811769e-01
7.631963007089156426e-01
4.186571531208482244e-01
4.144742467526794094e-01
3.898319427219924527e-01
4.343246060954645271e-01
4.404255451932058696e-01
4.632907991956957683e-01
4.592925457871616657e-01
4.581438347196370997e-01
4.625210150778997775e-01
4.617141436607247740e-01
4.690332680037980762e-01
4.326607705110623314e-01
4.416425522497295364e-01
4.332621318693335999e-01
4.856543217968747883e-01
4.745171202005957212e-01
4.751821485734714634e-01
4.991716113280604827e-01
4.997987503996735859e-01
4.273383381354576294e-01
4.196454271257287205e-01
4.476195296605739449e-01
4.349483247031265543e-01
3.688434541003098310e-01
2.991619077065603705e-01
3.549283133188433914e-01
3.717900385294773957e-01
4.604126431314082835e-01
4.845467536220107729e-01
4.741842076934447703e-01
4.661640506232213599e-01
4.675829721376317250e-01
4.612028854050658211e-01
4.656172245861911474e-01
4.282505379050722261e-01
4.435541072211972025e-01
4.672670187514134099e-01
4.681570536237790181e-01
4.389745129496987475e-01
4.424746695056318013e-01
4.309978400539248300e-01
4.807568430038291485e-01
4.709976845251544475e-01
4.900273527022470654e-01
4.957810275797517874e-01
4.783958382007130750e-01
4.253898591773510596e-01
4.290536444964423435e-01
4.459894606877290446e-01
4.522762396527432172e-01
4.435353998189132119e-01
4.462823416864772907e-01
4.518812743192138770e-01
4.591154573443150810e-01
4.689558314533355254e-01
4.922173371848643231e-01
3.625331746858242998e-01
4.711816881862541107e-01
4.794512224645268161e-01
4.917654413036135486e-01
4.587884828525995440e-01
4.598231282163623979e-01
4.601721248494700656e-01
4.602839657645934612e-01
4.609449255056146666e-01
4.637930853870599335e-01
4.678309712182208147e-01
4.689402897447551566e-01
4.730546272878181635e-01
4.338350651597096541e-01
4.395315226140793508e-01
4.426440053784282402e-01
4.481270439057148947e-01
4.837307720315427439e-01
4.258746117861785252e-01
4.385711299460799406e-01
4.653174893558151837e-01
4.618492381265169033e-01
4.661191240734245400e-01
4.735786771372379467e-01
4.394272982611920897e-01
4.440769945914522787e-01
4.256074628826365114e-01
4.819009047769514664e-01
4.780313999195883179e-01
4.281109658242793214e-01
4.330941905973210715e-01
4.398546483700021548e-01
4.469452369271853520e-01
4.454343422280317988e-01
4.379149564268266515e-01
4.614112181546218827e-01
4.791362249240464499e-01
4.546882556470412950e-01
4.655767203426983691e-01
4.770917540569488691e-01
4.545936437814078190e-01
4.539699916644509003e-01
4.554105606846080567e-01
4.635979030434418946e-01
4.612086774104214859e-01
4.623752435614943979e-01
4.647752741353201600e-01
4.804619444907795578e-01
4.977867761420142201e-01
4.962223156473051233e-01
4.338571250892220288e-01
4.445100059643665724e-01
4.416347564773133727e-01
4.403178644758481974e-01
4.987605515772449150e-01
4.180672575178781547e-01
4.155607463932779466e-01
4.626871613882755918e-01
4.656045871011725845e-01
4.815922335869422533e-01
4.412376225204028279e-01
4.444772351682606537e-01
4.256731808755265245e-01
5.276619735472530826e-01
4.612108456993004868e-01
4.281478926259938977e-01
4.219732764743612807e-01
4.931229013449185405e-01
5.087170390218366256e-01
4.294046865833752724e-01
4.344214305731551318e-01
4.337845006643580303e-01
4.456875857427246568e-01
4.405315880058853217e-01
4.519371734967428389e-01
4.524072299666737074e-01
4.665347791792392451e-01
4.609030804186354247e-01
4.600659989212774192e-01
4.663932471042356864e-01
4.730052247873076654e-01
5.040600032851391132e-01
4.466161089055548095e-01
4.515044799523641461e-01
4.513984829774141394e-01
4.697434734003855805e-01
5.056883288278459787e-01
4.068753072999460318e-01
4.062264501780971648e-01
4.710044589638628931e-01
4.744015088458409801e-01
4.783511131468113353e-01
4.370565467471010379e-01
4.447789264546347376e-01
4.572234701532634782e-01
5.051391992636962147e-01
4.657267036887201561e-01
4.234873011357812578e-01
4.610496662400986323e-01
4.645812276867482549e-01
4.836478352366496147e-01
4.423189296965246986e-01
4.450908758619785965e-01
4.284190769901305984e-01
5.066817437694257631e-01
4.173972717804475541e-01
4.790612534203773087e-01
4.897755998687292056e-01
4.973450086153330951e-01
4.319727255463098325e-01
4.362164988975440472e-01
4.220496950314838180e-01
4.348950228045406763e-01
4.320568470282880602e-01
4.646515229093896582e-01
4.674428548016315577e-01
4.662792084202775911e-01
4.591303476065817790e-01
4.643229086705075725e-01
4.724369665125089379e-01
4.823656217335859364e-01
4.446142474783182363e-01
4.496529373535013141e-01
4.489820711634493478e-01
4.629148806288403417e-01
5.400007137311754191e-01
4.694833937761749842e-01
4.292960910265113395e-01
4.639131185227767240e-01
4.702312382401783730e-01
4.737416587099384513e-01
4.949256633579471321e-01
4.366476007942049486e-01
4.397334878108848932e-01
4.418868886705115129e-01
4.544558410468453880e-01
4.793186943827831836e-01
4.275638057424876459e-01
4.249940009108265637e-01
4.600978788854161450e-01
4.637018374109958541e-01
4.843100089183590695e-01
4.424580622656474338e-01
4.452829722219123210e-01
4.318151696162759179e-01
5.086590656275158384e-01
4.808309645424188039e-01
4.049575863370120654e-01
4.220877989739780789e-01
4.955768616104015423e-01
4.921041086512246698e-01
4.940954844480434094e-01
4.328255746017709571e-01
4.411480668218132339e-01
4.398121663565948691e-01
4.353449833781840028e-01
4.421584229504880170e-01
4.643124074320388872e-01
4.694159878553326171e-01
4.587566328127069548e-01
4.618935532901997099e-01
4.707637051316558296e-01
4.649116023989656732e-01
4.451714794123765029e-01
4.486335531078514682e-01
4.487397538531984198e-01
4.440075196000816682e-01
4.923619007313970730e-01
4.388080643629095889e-01
4.674061778846236859e-01
4.710826353068759964e-01
4.717562255730773924e-01
4.884514144769970811e-01
4.362854538156305528e-01
4.393059994747258168e-01
4.488346036651323367e-01
4.429004056453986204e-01
4.427127590911903443e-01
4.828499096662590140e-01
4.833212065734657226e-01
4.230833729855276171e-01
4.594276179867832210e-01
4.632622325836988630e-01
4.831864396621240454e-01
4.421817673373139579e-01
4.437879363517738818e-01
4.474295693268708907e-01
4.814658212645633872e-01
4.230780985585128051e-01
4.926527679922674818e-01
4.940968387932185846e-01
4.867233863802287730e-01
4.322750907261090902e-01
4.254324214078729072e-01
4.374886133445747283e-01
4.387678612673615031e-01
4.425991517418386145e-01
4.652046412322271007e-01
4.676787301262437802e-01
4.696464557180441979e-01
4.647384662589865711e-01
4.780237033735286745e-01
4.813850486859573841e-01
4.475444733803609632e-01
4.490421018527559482e-01
4.592680746164750638e-01
4.852465456795338472e-01
4.862843611690261247e-01
4.394014547919614100e-01
4.365816650700955481e-01
4.642876992677387737e-01
4.737122925741967805e-01
4.752801836667007729e-01
4.399176550952196840e-01
4.450260149483746819e-01
4.534121214666516630e-01
4.675885708466624435e-01
4.348313331241237534e-01
4.593161759429896240e-01
4.625313596633569002e-01
4.824407330673849970e-01
4.366320657918887904e-01
4.463729625684578761e-01
4.628761387974310026e-01
4.990442777574906064e-01
4.946305195597157645e-01
4.190514046983596086e-01
4.187755864622225710e-01
4.913651236635946384e-01
4.925412529630885383e-01
5.050256884701010973e-01
4.315153290696955302e-01
4.456608392694840770e-01
4.340596529309189155e-01
4.362752612933694651e-01
4.634980395252034646e-01
4.669595743252129560e-01
4.686948653347222105e-01
4.711203784193846444e-01
4.751131094258403964e-01
4.932298103807842837e-01
4.475795591424118758e-01
4.510502388336748991e-01
4.700649933874750941e-01
4.599067280408268288e-01
4.478716942792614342e-01
4.702085101288923097e-01
4.664962148594662961e-01
4.729557629250847883e-01
4.874180591274157037e-01
4.504840038692091708e-01
4.670504867969332286e-01
4.438628526070438896e-01
4.231315893009349183e-01
4.591060318477105939e-01
4.613400219147300030e-01
4.804811800195957217e-01
4.422191741393074471e-01
4.478673734297143882e-01
4.626759861392565898e-01
4.365291919948092181e-01
4.312237885932980186e-01
4.870989977542757310e-01
4.877582983053381227e-01
5.138390509702445152e-01
4.347161197238290642e-01
4.364707659568214937e-01
4.326378116326369816e-01
4.285333739280748899e-01
4.606465173355367981e-01
4.667288087654001827e-01
4.658439240657101243e-01
4.659732051774186923e-01
4.733422498337420681e-01
4.717882702491339453e-01
4.583038096404418726e-01
4.423853411094959553e-01
4.468247783508670357e-01
4.632374096870708335e-01
4.700310410924186111e-01
4.705114387115426067e-01
4.731496949352863579e-01
4.221638025799026583e-01
4.595572854895368931e-01
4.574242194615577572e-01
4.778533967902015567e-01
4.614377907860006123e-01
4.268188127509823238e-01
4.177501687621393844e-01
4.860053863677052943e-01
4.854276104498067568e-01
5.004647825550901930e-01
4.353379009228208751e-01
4.339215326775031634e-01
4.315023492977494990e-01
4.379735884773288124e-01
4.357060056234987599e-01
4.392931682701962104e-01
4.669859135485305290e-01
4.661800213916656999e-01
4.708097715867516353e-01
4.635083469107991183e-01
4.731486235381485161e-01
4.846396841988258042e-01
4.313079984688898971e-01
4.665702451036690124e-01
4.680140884204598284e-01
4.880437214848359351e-01
4.361741573218910761e-01
4.618547764892582674e-01
4.657039422805155926e-01
4.749458338006518066e-01
4.394760710110720003e-01
4.931239175831920729e-01
4.906005795455035123e-01
4.356290037371510770e-01
4.344435161619566443e-01
4.402421063340043461e-01
4.444071989421245483e-01
4.672459869863898607e-01
4.674810653562700979e-01
4.612992500597493106e-01
4.699564245057935019e-01
4.730667568239632637e-01
4.612807182917010307e-01
4.599265621404585169e-01
4.614115337512267323e-01
4.688611589205916030e-01
4.697365504722366691e-01
4.416723597885308661e-01
4.343791640748185245e-01
4.335365415882834195e-01
4.582909960891862755e-01
4.485622735488754009e-01
4.921095678866756473e-01
4.857034823686054992e-01
5.000760326656242816e-01
4.351745514852702335e-01
4.369394791687236657e-01
4.370435151632073301e-01
4.355831943470687140e-01
4.643793285077619237e-01
4.663452381900578536e-01
4.731336332068067363e-01
4.664095893676723503e-01
4.718337890216172670e-01
4.901648053787434622e-01
4.584049083699197613e-01
4.662470162639451021e-01
4.382647464897960754e-01
4.465039205253797938e-01
5.013535306733972741e-01
4.661291643668281637e-01
4.524348070879232742e-01
4.643973260416233151e-01
4.909548054853300481e-01
4.885295790015228845e-01
4.927674809388439270e-01
4.404181503553326049e-01
4.346469574142211023e-01
4.318163226167582858e-01
4.625507121126567478e-01
4.660414969289656262e-01
4.688927358417663283e-01
4.802018279851408833e-01
4.709768523872765456e-01
4.570652302869429584e-01
4.659229773714128053e-01
4.639252039982153519e-01
4.409932661161731215e-01
4.249853074881670412e-01
5.007355703780020928e-01
4.986174379620619268e-01
4.761690586693313465e-01
4.485700299480927522e-01
4.494549006700060967e-01
4.662109794455240874e-01
4.663461325984502026e-01
4.623751877477107475e-01
4.814585113513113468e-01
4.404935018781881428e-01
4.444365365479183150e-01
4.337945236479425759e-01
4.324560077039253381e-01
4.643469366411818178e-01
4.685211534763348840e-01
4.652144840758334898e-01
4.370316293884693448e-01
4.366964621173711203e-01
4.651767800640971284e-01
4.714474700299711163e-01
4.298776057136607931e-01
4.302030863954402484e-01
4.836615212711930512e-01
4.876530573672747670e-01
4.491511512265438100e-01
4.462576412235173540e-01
4.528322106476428410e-01
4.329986743818010630e-01
4.348942727783307038e-01
4.585534442340046812e-01
4.637990975644347702e-01
4.660572840848448140e-01
4.417726781838505756e-01
4.462154347317204284e-01
4.479526996691179375e-01
4.356137183143842240e-01
4.371232415818495642e-01
4.451151479485778717e-01
4.675570375670304313e-01
4.688873262506835782e-01
4.355354051570395346e-01
4.263074362523119887e-01
4.618046529037119763e-01
4.657113097107975497e-01
4.336272692784481908e-01
4.805322833745402922e-01
4.775253457207571106e-01
4.542398969748561166e-01
4.473246580216145296e-01
4.656138797522856310e-01
4.529749047533566109e-01
4.409458822971210057e-01
4.460634580403896043e-01
4.625571789127188027e-01
4.686378036317973561e-01
4.622828415801192303e-01
4.632108612764467837e-01
4.409558604631914625e-01
4.919972986619593480e-01
4.810967776475460478e-01
4.690261770412336162e-01
4.484736744651507401e-01
4.497197455303241775e-01
4.372846216816910214e-01
4.410004593825191943e-01
4.643094994422172772e-01
4.696161428668241267e-01
4.252710517785538991e-01
4.277640849339364171e-01
4.707191260053083526e-01
5.298317525643683190e-01
4.615387806608021171e-01
4.625639590680705737e-01
4.613575657775565442e-01
4.801090972903738763e-01
4.424346558762621839e-01
4.296689991183090807e-01
4.538241231691512723e-01
4.861123929804647137e-01
4.173347603388187776e-01
4.372277400833914363e-01
4.758231094383879034e-01
4.740588123722183633e-01
4.488144595934324688e-01
4.435483700484924574e-01
4.593106603972332280e-01
4.591390319817185151e-01
4.307518987686337342e-01
4.387481016976603754e-01
4.668467036577109153e-01
4.661367447670480835e-01
4.473203081998595732e-01
4.517790359981012083e-01
4.641327493570479579e-01
4.853251543594909179e-01
4.824761730934682413e-01
4.520574003825535980e-01
4.502686588387971311e-01
4.336715778135398769e-01
4.363490945155960588e-01
4.625707070672425703e-01
4.667899351424361076e-01
4.264120297342700039e-01
4.256135408102642570e-01
4.910221108178923211e-01
5.041234606542447372e-01
4.561387396550681816e-01
4.530853296223289473e-01
4.688159229135177575e-01
4.624339776406042879e-01
4.666228262527580273e-01
4.720975512101534544e-01
4.328509108224328772e-01
4.660918901559384375e-01
4.799618766290373317e-01
4.301219077279802572e-01
4.290530548392075261e-01
4.361295418220769715e-01
4.673882962472135083e-01
4.778493088527379640e-01
4.741670910481782242e-01
4.437541261412318305e-01
4.486766028336827139e-01
4.585397209430678855e-01
4.591177714423012590e-01
4.391787223431687370e-01
4.400654925244664728e-01
4.441413166635438392e-01
4.668772320458637326e-01
4.624884781643778253e-01
4.538709808170356408e-01
4.477391054416371419e-01
4.491404824924817296e-01
4.603702729091500023e-01
4.800580713561591328e-01
4.816912406851014405e-01
4.528350163827012942e-01
4.521426926504036881e-01
4.336946744677229182e-01
4.323514398256691482e-01
4.622337880533399779e-01
4.679212547927609767e-01
4.680315665693784433e-01
4.257034696203174096e-01
4.913858601659956138e-01
4.925932178982601606e-01
4.539099114425735326e-01
4.557357844522205714e-01
4.567491425946818007e-01
4.685349927116763125e-01
4.742635327786268729e-01
4.373756325976357884e-01
4.393338862895712627e-01
4.769157364117695974e-01
4.782489654424559866e-01
4.264481598360143622e-01
4.262081843102557555e-01
4.711254567051223474e-01
4.811670328621679427e-01
4.467527056122003182e-01
4.635172895056229314e-01
4.426728904762652350e-01
4.493964245948600666e-01
4.615960006751095301e-01
4.651197586995474698e-01
4.463987643382837933e-01
4.476048231915659703e-01
4.536992899366445453e-01
4.605282566390209165e-01
4.797305167124599201e-01
4.832976579570144593e-01
4.486681636092263448e-01
4.550727727028564540e-01
4.359423651867388450e-01
4.358557573864991208e-01
4.412450713199148611e-01
4.624814824626364840e-01
4.718910745648665639e-01
4.345630807753878000e-01
4.305696946525717217e-01
4.910568699751486910e-01
4.889101369413635378e-01
4.545346677128564439e-01
4.561969563080008894e-01
4.676493864894361585e-01
4.723523623776335056e-01
4.908860310938604754e-01
4.451680472281222545e-01
4.369739690827683098e-01
4.740026684466436824e-01
4.748682976828855207e-01
4.295409331432309408e-01
4.322248422218102348e-01
4.407222310950719146e-01
4.705823639820496118e-01
4.776761024315802073e-01
4.480841568483644455e-01
4.468374499163410563e-01
4.606491978043540936e-01
4.631260286302354978e-01
4.433079160053929324e-01
4.435622101218687496e-01
4.575152572333712753e-01
4.638846613343781122e-01
4.441370573540595612e-01
4.477072146805976538e-01
4.550424093464185971e-01
4.572830949637884390e-01
4.836112106307577929e-01
4.885717055063192316e-01
4.480977019896821290e-01
4.557886469493262482e-01
4.397308616526197089e-01
4.409977538464481817e-01
4.633925782223519696e-01
4.643501892815863341e-01
4.324099355455718330e-01
4.244460657470523479e-01
4.868654464599681542e-01
4.806543419267270134e-01
4.542719865552963809e-01
4.529952498176830211e-01
4.571879678745540687e-01
4.646548485933044703e-01
4.631473303934227626e-01
4.952316714881573323e-01
4.356594391389667642e-01
4.485190911922816714e-01
4.738409973302148415e-01
4.687515931942173864e-01
4.345753136403276429e-01
4.292898846222071296e-01
4.632387002727928471e-01
4.712704160451024471e-01
4.513029503464168757e-01
4.456694607130738950e-01
4.617371656671583890e-01
4.646602911987673945e-01
4.422096043796963083e-01
4.401457293032164930e-01
4.570228434874463730e-01
4.632020506900914603e-01
4.624983542839458672e-01
4.490384534391802518e-01
4.614154149477274203e-01
4.870532862162417209e-01
4.836091805869826565e-01
4.506893253679390421e-01
4.564634494899605932e-01
4.341331034534925970e-01
4.342733804721584101e-01
4.581516705788538091e-01
4.626330998545145623e-01
4.634624850131470186e-01
4.297390219736845207e-01
4.288895319567473385e-01
4.803277620160249506e-01
4.711490056384871061e-01
4.528828851122699839e-01
4.521263048950471264e-01
4.696450900346255120e-01
4.561257298231575774e-01
4.278902144925010309e-01
4.548494463004595367e-01
4.828767665774629791e-01
4.303850411550408928e-01
4.260159229237126532e-01
4.707015788458723815e-01
4.647952606069670201e-01
4.831923244652640559e-01
4.482876250938944707e-01
4.443478756428742571e-01
4.627160826400065763e-01
4.621705761901114262e-01
4.419553803256557889e-01
4.364003040494359720e-01
4.602026476757951068e-01
4.667233573797133772e-01
4.466942773015607493e-01
4.487309694823016781e-01
4.602186605751329429e-01
4.576800044584508065e-01
4.827336031169534025e-01
4.808379201217717891e-01
4.545819631200912481e-01
4.339272419733017916e-01
4.299008180828318149e-01
4.577020159358273776e-01
4.746838551267646977e-01
4.185275064848614224e-01
4.427015087599531773e-01
4.799605526206240369e-01
4.785311154362081321e-01
4.537627371474888816e-01
4.527700218745067118e-01
4.545546435089292125e-01
4.648844236231935434e-01
4.796632372316734783e-01
4.798764194858466392e-01
4.356959254919289259e-01
4.344331293050432974e-01
4.388448500868841751e-01
4.623601967562608328e-01
4.662392918556037547e-01
4.712744952593281855e-01
4.405081917108126799e-01
4.522091759441549952e-01
4.666460518478756647e-01
4.574674338121929029e-01
4.427083940741530221e-01
4.397588443535833114e-01
4.698955119766469735e-01
4.654642063414764497e-01
4.445131211774039914e-01
4.488650435927312721e-01
4.663391329985474010e-01
4.589660356446351730e-01
4.821190062561035439e-01
4.778520943234225715e-01
1.120970455726144399e+00
4.289663210383865555e-01
4.266909207333192677e-01
4.600537030901066804e-01
4.374923338597233036e-01
4.717721774198492812e-01
4.519344870771835887e-01
4.539626943132370473e-01
4.934710363468995942e-01
4.713983717353830705e-01
4.398184294617252243e-01
4.452368325780713398e-01
4.619866686880814144e-01
4.397015006962039507e-01
4.669909278573209366e-01
4.652391051822837853e-01
4.426403206636941867e-01
4.454088757954234867e-01
4.479458413784783155e-01
4.589574552334161894e-01
4.507153513349875795e-01
4.347409658200835914e-01
4.404675538445907979e-01
4.632442847390597640e-01
4.557133450120233187e-01
4.786816935077237711e-01
4.710788555743934403e-01
4.715689138051191720e-01
5.511863517343566166e+00
4.281515086485077060e-01
4.240192367814175634e-01
4.979466055403461433e-01
4.780171569981590540e-01
4.524454615516720901e-01
4.513447740643855566e-01
4.739046269865917482e-01
4.346588784327769517e-01
4.386394937832117646e-01
4.549438078285784059e-01
4.413911665730971823e-01
4.508453611217744794e-01
4.641174911536601888e-01
4.556725946589844090e-01
4.633024777270027261e-01
4.660653688236141012e-01
4.696502604115638801e-01
1.715480820866889289e+01
4.240315274060255657e-01
4.202919981656617066e-01
4.210957650544032149e-01
4.632748068815835119e-01
4.846010382902485869e-01
4.534199813931100165e-01
4.478950459111512017e-01
4.917937741999328649e-01
4.643518491940352155e-01
4.453486036170192230e-01
4.371286353846189909e-01
4.937785626602783640e-01
4.578551208899178104e-01
4.477431850104118816e-01
4.184609027473306653e-01
4.639869343167968285e-01
4.570835619777401937e-01
4.658970438504566602e-01
4.819748844360525197e-01
2.758971507825123837e+01
3.751542920453372898e-01
4.705957569227642856e-01
4.648261221764071194e-01
4.304954270145355255e-01
4.752946053767758139e-01
4.897461881711943077e-01
4.369199860013600611e-01
4.411172835167642137e-01
4.656503588460182974e-01
4.483123932426341107e-01
4.533135748274813581e-01
4.666222450053760240e-01
4.663125284057043074e-01
4.640416653136814618e-01
3.151646058975394027e+01
4.217008378977771810e-01
4.837394102717673117e-01
4.643375192218281988e-01
4.473576629106907343e-01
4.797553262084636172e-01
4.646951549550954463e-01
4.341627914755797901e-01
4.367952773741395345e-01
4.578731596031407891e-01
4.195265681624415488e-01
4.533187112371697136e-01
4.571244570110125638e-01
4.663233702117053903e-01
4.820877880258711001e-01
2.758946378085101969e+01
4.249736868334011985e-01
4.249553937301253637e-01
4.203718649973202659e-01
4.629326833697123833e-01
4.778296849259631163e-01
4.528574939279481071e-01
4.508552175473309331e-01
4.920157513438399022e-01
4.743039594798899583e-01
4.449991035152435770e-01
4.383248124956289349e-01
4.938101749727926149e-01
4.549789711822229687e-01
4.478901742299897792e-01
4.510948944671190342e-01
4.640310929723384659e-01
4.633439257229615138e-01
4.660147516639573939e-01
4.697117921919278793e-01
1.715457701157834691e+01
4.290459540584596887e-01
4.276325675470725174e-01
4.976722875218794195e-01
4.713520885634512325e-01
4.520341694298625201e-01
4.536415907029040517e-01
4.718566900227300076e-01
4.343722206530693519e-01
4.449716284117575249e-01
4.652944915794990921e-01
4.413409281310968768e-01
4.478790357430361135e-01
4.640606063537181525e-01
4.506478838541669862e-01
4.555808718866437568e-01
4.406587107206410558e-01
4.556809011146425448e-01
4.661704742360333054e-01
4.716142757633239868e-01
5.511767403441845126e+00
4.299387915940358629e-01
4.307238614478699490e-01
4.597868357678944751e-01
4.740128093172232271e-01
4.372685321535697001e-01
4.427701490313834531e-01
4.785118253230359331e-01
4.517735224385314718e-01
4.550219780179264872e-01
4.938851235266679685e-01
4.802429675835062639e-01
4.395822864903305427e-01
4.386477023357981397e-01
4.621198142205460435e-01
4.713819786207673612e-01
4.397322807643115339e-01
4.521920873202363023e-01
4.670383060692708810e-01
4.575155648821571108e-01
4.426428384102424896e-01
4.396863324249879468e-01
4.453457670142050295e-01
4.588975020355440804e-01
4.654021064704738087e-01
4.348924031885649244e-01
4.488597118156158472e-01
4.635564424206383149e-01
4.589831302714289518e-01
4.787111381753343387e-01
4.778853247192489939e-01
4.711246517852719640e-01
1.120946674484717631e+00
4.347467573925896112e-01
4.350508466543301367e-01
4.572530581393046689e-01
4.627700043375697070e-01
4.187631214797402635e-01
4.289730789276675060e-01
4.798333584709394972e-01
4.695757308187609724e-01
4.537968280159046519e-01
4.520933408067052128e-01
4.533329623307481571e-01
4.649359694720470171e-01
4.561087741710281862e-01
4.546127343941387955e-01
4.798956857761667583e-01
4.830157298376606678e-01
4.356430743192141741e-01
4.260093133698966139e-01
4.342913715502372818e-01
4.626184281339935644e-01
4.834614612912321308e-01
4.664536428220453779e-01
4.404744684395769938e-01
4.443157992826375913e-01
4.666919881370781287e-01
4.622051667043566847e-01
4.426387802332157895e-01
4.364071900717528263e-01
4.698502229042385014e-01
4.666597182632678531e-01
4.444313273572846335e-01
4.487646685326307505e-01
4.663974480418185964e-01
4.575869004879689617e-01
4.821410226356865336e-01
4.808583528168940413e-01
4.545326406173898492e-01
4.348280304925277728e-01
4.416321570013049813e-01
4.567559498370690751e-01
4.630722678524105129e-01
4.617927028863318961e-01
4.297195946709053693e-01
4.243766132991277917e-01
4.802800468193542116e-01
4.807294506770054543e-01
4.529325685794838297e-01
4.574455709505895751e-01
4.698035383021082478e-01
4.954804782520210171e-01
4.273412082241799248e-01
4.481254964411578445e-01
4.688753386811077561e-01
4.303878785412508789e-01
4.293330186737234766e-01
4.708660366926797902e-01
4.714723798687968093e-01
4.650572484400610773e-01
4.482618708048912159e-01
4.456471633037792923e-01
4.627423518682683978e-01
4.646787908807717415e-01
4.418914330127222123e-01
4.400836686716945167e-01
4.601963761388652152e-01
4.624569728407517122e-01
4.467274188266807666e-01
4.492488770502027218e-01
4.601683957975890027e-01
4.613628373441001629e-01
4.827470144063514268e-01
4.836217948887909235e-01
4.564075824847417806e-01
4.402811749021731114e-01
4.415613274091857998e-01
4.623070708211460822e-01
4.708965915662842172e-01
4.322205709825260311e-01
4.304036396807739973e-01
4.869897954806174378e-01
4.890704474832240356e-01
4.547048831444359673e-01
4.565772459619924506e-01
4.533181134834604609e-01
4.649006896625934027e-01
4.912714562055734979e-01
4.634658537470144890e-01
4.354031768862611229e-01
4.366788561060480633e-01
4.739202248359697944e-01
4.748526900240774840e-01
4.346995038340781270e-01
4.408965415964812284e-01
4.633985244025451422e-01
4.778053169329861682e-01
4.512951282521032170e-01
4.468333906658976673e-01
4.617525723723575060e-01
4.631328063343369550e-01
4.421751195156968239e-01
4.435538063810312015e-01
4.569909259356413345e-01
4.638617314959287419e-01
4.631194374689413529e-01
4.488808575493903885e-01
4.574293373692020492e-01
4.870562071966579309e-01
4.885741795952215916e-01
4.506420706749822980e-01
4.557433285351966123e-01
4.359838250792930636e-01
4.323661700225322480e-01
4.361283007596449823e-01
4.614767230190927050e-01
4.673015600405575620e-01
4.344423467577516185e-01
4.254320839783639618e-01
4.912948249308778936e-01
4.927997323894788284e-01
4.549862944805356801e-01
4.574193871263185773e-01
4.678030816224374999e-01
4.746775189507788650e-01
4.725996802333646274e-01
4.449723479029823459e-01
4.390691062815371137e-01
4.739161613114004634e-01
4.781190226347793448e-01
4.297684834746452465e-01
4.264591225372060257e-01
4.323883067137331282e-01
4.706531651997183929e-01
4.811842363156472180e-01
4.481129775047101305e-01
4.467619650071966153e-01
4.606396693607919812e-01
4.635220330491751084e-01
4.432314935436242331e-01
4.492998830423689527e-01
4.575215644130742887e-01
4.651275678328132268e-01
4.454430240715895883e-01
4.481058186650064834e-01
4.552200105792113538e-01
4.608311099578233927e-01
4.836067630252250948e-01
4.832875465325056075e-01
4.480541551006596013e-01
4.550308213981152927e-01
4.334997104578363625e-01
4.361580341543164208e-01
4.616959271790667674e-01
4.662697400859463492e-01
4.672289188400837179e-01
4.252186473163334646e-01
4.918200429788703865e-01
5.044045824496434793e-01
4.544491730376157279e-01
4.693220992078388498e-01
4.563752910960069409e-01
4.687025529321715012e-01
4.721418331715047656e-01
4.370556349296790821e-01
4.327975755049622841e-01
4.767047709567761027e-01
4.797277136365426520e-01
4.267230975044118413e-01
4.364432648895247291e-01
4.711472619920220040e-01
4.740936880372684792e-01
4.486920301596345473e-01
4.591042982123465510e-01
4.425458388152512801e-01
4.439238328128443101e-01
4.616154406174088343e-01
4.625328175705455402e-01
4.464358651782122100e-01
4.475897287612726205e-01
4.539764952874383863e-01
4.606795233186655736e-01
4.797129057415066566e-01
4.816692875169912846e-01
4.486317899305294343e-01
4.521081329435595042e-01
4.333180644212153987e-01
4.405047198689633348e-01
4.622915645105210025e-01
4.694576310406470832e-01
4.259243452137285169e-01
4.272300669451323807e-01
4.919687344535032536e-01
5.291825491373213231e-01
4.565530405429096827e-01
4.618587357190727105e-01
4.536203448886636513e-01
4.625524253637157135e-01
4.800956064358271047e-01
4.667883280612538099e-01
4.297340646958397459e-01
4.658446626673165003e-01
4.858517566204398341e-01
4.305251592478001044e-01
4.376049639396449864e-01
4.294339639735285097e-01
4.671817933941779244e-01
4.738445616890771261e-01
4.777489636924187599e-01
4.437567382332903709e-01
4.435721344044332715e-01
4.585234913571045179e-01
4.591165759509246436e-01
4.389823469267506439e-01
4.386002689912719132e-01
4.398992817785553622e-01
4.669205413367006341e-01
4.661696775491417366e-01
4.536698871948640077e-01
4.471168779421088590e-01
4.495327277691924528e-01
4.644394951944751937e-01
4.800303474090047984e-01
4.824304504231848312e-01
4.528076389612924468e-01
4.502449900709918351e-01
4.366236298454548304e-01
4.440659656636293251e-01
4.642329746281222969e-01
4.689201026682038309e-01
4.245902466341809900e-01
4.256153613912972977e-01
4.708428539626173248e-01
4.623623597453455636e-01
4.655646067806605282e-01
4.613209396772489090e-01
4.425933913702809197e-01
4.338102962555336339e-01
4.537188607539553442e-01
4.174075787709757290e-01
4.755804949307049778e-01
4.771665041345509173e-01
4.488410451307632276e-01
4.473585703103120648e-01
4.592832342700986503e-01
4.529394505501692092e-01
4.305200085192024684e-01
4.458896072051459214e-01
4.669139042119987981e-01
4.623486443638589183e-01
4.406656539629320579e-01
4.520165981358013618e-01
4.811515019665627557e-01
4.852722282641367402e-01
4.689279383264902679e-01
4.520429655015396619e-01
4.497037948739046054e-01
4.347531501326727943e-01
4.339420202815805205e-01
4.361617833333852889e-01
4.676375114106446351e-01
4.654351663452059862e-01
4.348726108976843641e-01
4.362586156457510800e-01
4.615136362017435157e-01
4.711240786982526796e-01
4.304591689546463096e-01
4.803515922610688271e-01
4.874233905662863631e-01
4.542824040213811476e-01
4.491999719127883761e-01
4.655649932828965221e-01
4.527339373639305831e-01
4.414691345606507333e-01
4.356383985495478894e-01
4.626536559780329849e-01
4.638948639907434779e-01
4.686967764792464575e-01
4.630104706912013812e-01
4.415272288577883897e-01
4.918760118839780038e-01
4.484668478501938060e-01
4.479474075955957590e-01
4.325265848867536067e-01
4.308994460030906581e-01
4.649391617237969565e-01
4.667348058059446192e-01
4.688691174224733360e-01
4.366501808738350587e-01
4.706105125015069834e-01
4.647286875320818522e-01
4.633950070160633428e-01
4.301374518619684451e-01
4.251320276321217118e-01
4.832200342245428493e-01
4.758684747464688725e-01
4.494790522372219543e-01
4.462383140238226353e-01
4.335342200277814140e-01
4.586202991368326654e-01
4.664269574995582590e-01
4.658745319066479595e-01
4.811984081247446254e-01
4.462200118443281349e-01
4.444377580485989743e-01
4.331117009237449578e-01
4.337733904297970677e-01
4.636008226408914190e-01
4.675393179233395813e-01
4.681894580250656746e-01
4.902548079465098851e-01
4.801144829268763625e-01
4.562635266207568097e-01
4.653933475755006599e-01
4.654889272084214991e-01
4.410709585949455502e-01
4.465492521245205126e-01
5.005177679666942270e-01
5.011398890757695623e-01
4.982832654727230026e-01
4.485991164819818633e-01
4.524883920424352390e-01
4.661346278924685671e-01
4.643244851477194568e-01
4.622920005139838917e-01
4.927316013277894258e-01
4.404906373489052562e-01
4.404144120480835145e-01
4.353222107350156467e-01
4.425082530244044410e-01
4.654968048336385333e-01
4.687277835409403570e-01
4.719984423987322320e-01
4.718639185230123489e-01
4.652578781154791399e-01
4.712257375358252509e-01
4.574569616430858021e-01
4.589373482374047852e-01
4.381965207124249861e-01
4.693343687844268586e-01
4.344274585176007286e-01
4.661493151940859225e-01
4.582829700839959886e-01
4.484639333072486522e-01
4.909213390154774648e-01
5.000394237939083109e-01
4.885118458693534782e-01
4.369531450219356072e-01
4.381039145690417413e-01
4.365376545021213972e-01
4.684718045243221329e-01
4.672275443330055622e-01
4.589959492387288287e-01
4.826757617609041540e-01
4.684776268705815871e-01
4.609141187708924448e-01
4.315488876513662309e-01
4.608481673883261798e-01
4.876899017282301796e-01
4.685073042956663381e-01
4.418650643826108060e-01
4.363746567603184467e-01
4.335099704208145166e-01
4.748656777904709525e-01
4.393520017090237206e-01
4.920747910618725185e-01
4.905675216672322203e-01
4.856691725616447686e-01
4.351908250481596463e-01
4.344330625208269181e-01
4.355681708754751691e-01
4.264228265786971783e-01
4.335822052069021049e-01
4.684342130892752976e-01
4.674168387044974060e-01
4.700295957720489470e-01
4.711437746657567982e-01
4.622396360006994498e-01
4.714365756292129284e-01
4.490923437977784038e-01
4.662082552499343668e-01
4.726791942292075666e-01
4.676229307039685978e-01
4.223871095417584542e-01
4.617776521004445800e-01
4.777609684579932625e-01
4.656365683766444663e-01
4.176468443262755792e-01
4.930927289344158027e-01
5.004289708204833209e-01
4.356386815058773121e-01
4.315205360683738167e-01
4.301574183910643612e-01
4.336882071452085596e-01
4.626084510404946393e-01
4.694206158349709113e-01
4.680334453663471117e-01
4.679148528396359086e-01
4.951355502630811478e-01
4.738244335675075303e-01
4.590037929553302809e-01
4.698011293791343190e-01
4.621161878132263312e-01
4.488877833029674691e-01
4.513525056550777848e-01
4.629206160153069294e-01
4.872329511929064938e-01
4.697713657389488429e-01
4.701809416368170624e-01
4.232314713548016583e-01
4.594641721284861147e-01
4.804275509205709893e-01
4.573375435010020862e-01
4.614966497987475491e-01
4.627251055163729698e-01
4.365557495161105361e-01
4.267092791625469728e-01
4.311273692185704776e-01
4.859661795079980862e-01
5.137996355729078646e-01
4.853955998608905920e-01
4.353593984757601065e-01
4.364967058729336546e-01
4.339238242792324840e-01
4.314074164698740166e-01
4.400508340080207526e-01
4.658111493825305982e-01
4.686687920758531578e-01
4.696453326288818064e-01
4.813822016958559380e-01
4.725134278269521038e-01
4.770876755058465757e-01
4.473815624161723292e-01
4.589336743041887434e-01
4.506973011351241842e-01
4.884501813223137145e-01
4.391108201680644085e-01
4.701195516886045311e-01
4.752451093366978907e-01
4.663528542723120451e-01
4.728002966418763386e-01
4.506020362977021243e-01
4.535919708314847809e-01
4.670490684220024447e-01
4.675741017780783992e-01
4.439043829240614247e-01
4.348584774407927012e-01
4.590250135891113525e-01
4.823810268776571042e-01
4.612607942758947810e-01
4.422139341469331630e-01
4.628876152360215102e-01
4.478649458898946167e-01
4.948469598017242177e-01
4.187214613149257136e-01
4.870534445562289538e-01
5.049863805111339810e-01
4.877206917978708089e-01
4.347492171881203182e-01
4.456876797252074529e-01
4.368611270279764702e-01
4.435287019527534569e-01
4.675929635292712661e-01
4.715255148546240171e-01
4.687925623009434606e-01
4.637255085525549547e-01
4.642053952550164730e-01
4.777263163113697475e-01
4.475103229104377967e-01
4.439085382394487578e-01
4.489961718482895492e-01
4.869995074884259090e-01
4.944794820103751709e-01
4.412194681350731784e-01
4.407932368895959296e-01
4.643147609692909739e-01
4.885239646993485563e-01
4.737163583355190610e-01
4.400791664044944596e-01
4.429632819787939768e-01
4.453011212691967979e-01
4.832466474321560068e-01
4.230438483245207992e-01
4.592422903947315782e-01
4.831451808948406534e-01
4.624674528045303878e-01
4.366422888958283455e-01
4.474535755655399960e-01
4.463986581561786848e-01
4.992571671512900933e-01
4.816342313658372176e-01
4.190110094416742981e-01
4.230515373815152969e-01
4.913166727792153132e-01
4.866858154214606103e-01
4.924982196195491491e-01
4.315359133109701317e-01
4.374886243713920764e-01
4.468140581303613468e-01
4.386792601654685986e-01
4.376231352170574240e-01
4.667725765246935055e-01
4.686627360834249023e-01
4.591115939366994247e-01
4.821031442953360724e-01
4.615948190700692177e-01
4.697354896572192851e-01
4.454629663125755923e-01
4.633113444989578333e-01
4.488762274570895494e-01
4.488804521722429275e-01
4.719794043844930398e-01
4.309659665649792082e-01
4.676256439964633915e-01
4.951099785702756662e-01
4.712414903712177638e-01
4.718477854382751024e-01
4.366456838325458167e-01
4.548369129547774059e-01
4.396501269106989351e-01
4.492786978791789565e-01
4.431567763075022759e-01
4.828203127929471261e-01
4.794400247992208763e-01
4.248010399097206791e-01
4.593273761032501956e-01
4.843972234618523220e-01
4.632052701963880748e-01
4.421862043940347209e-01
4.318404641540214417e-01
4.438000007579386841e-01
4.810354673653068347e-01
4.221763284443011965e-01
4.926050360076038581e-01
4.940519205256252433e-01
4.940502584079835002e-01
4.322960029350845779e-01
4.411864510384873039e-01
4.254484326220926427e-01
4.356538143752406445e-01
4.490321622479981900e-01
4.723156372043251783e-01
4.758867201046936835e-01
4.695975902842550176e-01
4.575548349381130531e-01
5.024060560543809340e-01
4.638901428306473895e-01
4.723062085563666246e-01
4.449992226455197764e-01
4.702432444493558905e-01
4.504193181432417092e-01
4.498487996605632366e-01
5.427507457396689716e-01
5.067623258055047319e-01
4.073238559610954934e-01
4.645597379228009749e-01
4.789008763271213609e-01
4.706439694189532008e-01
4.739459273508720427e-01
4.368928422409683598e-01
4.574977042551976458e-01
4.400513371428873555e-01
4.423571580828261629e-01
4.661974803015231927e-01
4.273684201067268762e-01
4.232807188486509276e-01
4.600474593848857263e-01
4.836168350481329092e-01
4.636507363877934718e-01
4.424540748975027693e-01
4.284338008305051959e-01
4.452850773713448729e-01
5.087404790947649413e-01
5.066570188992942647e-01
4.051147758279066147e-01
4.175539689994320347e-01
4.955276435669864199e-01
4.973040661952786712e-01
4.920552689264913737e-01
4.328367351115658401e-01
4.220621109842002672e-01
4.415870386947344794e-01
4.347145222439801060e-01
4.363873118789655670e-01
4.755200673884578677e-01
4.918392331995675715e-01
4.571049424400804306e-01
4.569121609108556248e-01
4.613064174340337775e-01
4.675741185991564297e-01
4.721181451615715230e-01
4.483746687528900599e-01
4.660357874637010567e-01
4.521942400018992836e-01
4.525757368192480645e-01
4.964254874661594985e-01
4.078596005460380369e-01
4.713987430527021849e-01
4.748862654869965283e-01
4.372153760787764187e-01
4.404686200939417762e-01
4.450387967008913592e-01
5.054003735454751789e-01
4.989891112896207570e-01
4.154168664424388036e-01
4.610060840900027102e-01
4.815688991849325085e-01
4.645415539830072826e-01
4.422873025433145533e-01
4.256959741484088733e-01
4.450824785629375335e-01
4.611751543724511571e-01
4.220566282224840204e-01
4.789624752159375998e-01
5.086488425987781836e-01
4.897103176828855875e-01
4.319994111055455721e-01
4.338048015372504840e-01
4.362421852957408808e-01
4.470305454196856210e-01
4.464174320125479101e-01
4.439625635196723930e-01
4.389178812343459968e-01
4.054307688911508722e-01
5.312585347758274068e-01
5.470453647562815158e-01
4.796093466058993227e-01
4.741803747640692679e-01
4.586465863499397666e-01
5.032247522068898915e-01
4.602213323965289593e-01
4.617563115839479759e-01
4.732083005260537267e-01
4.628701764410944608e-01
4.649078784124243136e-01
4.804506180489067080e-01
4.981378883965545401e-01
4.338582207412717273e-01
4.481943044926116060e-01
4.445869145984563398e-01
4.417657920332382360e-01
4.840906973144223358e-01
4.179104763938340517e-01
4.381867436518872005e-01
4.626877401949352486e-01
4.736086251339938213e-01
4.655774955252449110e-01
4.411913985302719499e-01
4.256443947558830043e-01
4.444605619498768201e-01
5.273070940411576091e-01
4.778192251552261238e-01
4.282003830799417932e-01
4.930855177875863582e-01
4.294352967213034833e-01
4.398791900633990393e-01
4.344559996340059405e-01
4.555585864960776665e-01
4.374492503555693079e-01
4.446577152570290736e-01
3.994133856749425004e-01
4.910001673118546961e-01
3.393167387167986826e-01
3.333510534706179973e-01
4.659682182017547136e-01
4.965049570318449401e-01
4.631338195795715040e-01
4.703540584058833462e-01
4.630368451064932334e-01
4.617742116758246640e-01
4.611009339772338955e-01
4.613314208292700336e-01
4.638398293256607574e-01
4.676069250369414010e-01
4.689586244416042993e-01
4.337184455173849207e-01
4.670700067135850619e-01
4.394447324072910943e-01
4.425748951992353186e-01
4.683670179910637277e-01
4.260988714328835525e-01
4.651005595899955214e-01
4.617232906227264344e-01
4.661567504157210773e-01
4.393870732551560243e-01
4.310127558714599849e-01
4.440534261659910831e-01
4.815708396285017789e-01
4.783625138998192639e-01
4.281476889264914654e-01
4.460208210165058085e-01
4.331366229749933350e-01
7.652882619279053333e-01
3.754587466885422331e-01
4.187955482673693108e-01
2.739139408035112799e-01
3.838913057259124018e-01
3.284274463791859167e-01
4.715182679402928900e-01
4.996712864936467269e-01
4.787846872477758420e-01
4.674205717846158792e-01
4.670839197078001104e-01
4.633876654389418315e-01
4.280516943277508646e-01
4.555745184580358709e-01
4.432715507589669590e-01
4.692409017797499748e-01
4.388845004172591269e-01
4.332835925036997438e-01
4.424368695721635492e-01
4.807288623476424494e-01
4.997869076159014989e-01
4.709729442955514767e-01
4.900128174721017915e-01
4.956528449608028630e-01
4.254295083906929897e-01
4.477042544764612275e-01
4.290978100322490607e-01
9.421243874985454347e-01
4.180949521311540518e-01
4.337457935465036107e-01
4.403838528003048980e-01
4.399713681814769184e-01
4.592189559528222498e-01
4.745812695537740544e-01
4.580364968451058338e-01
4.624290427902001399e-01
4.617087054128270474e-01
4.326333424401325733e-01
4.476143123988011174e-01
4.415792024562538165e-01
4.856265897937964704e-01
4.865201591283883631e-01
4.744859334807119966e-01
4.751577049372099903e-01
4.991554615861845678e-01
4.273649986893774400e-01
4.395389647521419918e-01
4.196799970428604087e-01
1.084547292043083644e+00
4.470541896353977807e-01
3.595919951383729218e-01
4.318492503400085392e-01
4.401807824532441571e-01
4.562273777268244790e-01
4.646750160593709489e-01
4.546185958440364105e-01
4.540899717805146341e-01
4.546523598610384131e-01
4.561625498214535446e-01
4.580485126461657508e-01
4.602612082658000814e-01
4.629405773486527931e-01
4.679583225260430801e-01
4.652800992614036235e-01
4.320327840976556089e-01
4.452830103960920827e-01
4.362350553692483368e-01
4.836508210821517939e-01
4.923024199153091529e-01
4.748324819947967179e-01
4.776307511672406858e-01
4.956514622910743184e-01
4.263821914663066814e-01
4.271949951138774848e-01
1.253846304979930215e+00
4.565712857517140733e-01
4.288576594362299987e-01
4.658078592935749329e-01
4.610718432704157266e-01
4.899329169093569192e-01
4.887144361888190458e-01
4.634160809005922754e-01
4.500140975569353330e-01
4.506732120492263349e-01
4.553612110228342780e-01
4.596181156776441568e-01
4.631310644319341363e-01
4.648131213360814362e-01
4.692857009531978263e-01
4.646213012751275739e-01
4.333475224296661765e-01
4.043279408249452200e-01
4.718895035434924057e-01
4.924736052576669798e-01
4.687632065609966814e-01
4.739841995050199652e-01
4.977551615388032813e-01
4.257085422700657706e-01
4.308785451551522261e-01
4.285249677135194446e-01
1.444843239035640048e+00
4.587661633535458083e-01
3.839784019323006503e-01
3.810450980133652799e-01
4.308514756588683881e-01
4.740978282391765108e-01
4.847424377539123475e-01
4.662628745289386090e-01
4.733920717851310966e-01
4.836287813729521767e-01
4.979319028329616814e-01
4.244339353824868044e-01
4.450922572342808636e-01
4.288507297988163325e-01
3.747665236787198206e-01
4.714368472012622213e-01
4.688163509975341037e-01
4.755446677648538234e-01
5.078265592853251631e-01
4.216504849148550171e-01
4.469574683397539716e-01
4.150454679556406790e-01
4.230503125928667951e-01
4.521757807409995666e-01
4.247682506014978654e-01
2.207736459726624023e+00
1.914298149534211513e+00
4.224680319028230602e-01
4.375944333902496153e-01
4.321583897192902146e-01
2.557308157599605281e+00
4.236632712683759960e-01
4.362160770894595863e-01
4.366195003927495488e-01
4.346404504921901890e-01
2.986685866111604692e+00
4.340073821478352412e-01
4.487777037383506862e-01
4.261802820844939332e-01
4.414896684264295601e-01
4.440429772188838609e-01
4.357450468260391507e-01
3.540238318295408693e+00
4.276445002834987075e-01
4.401144400686359259e-01
4.371880630159671877e-01
4.444841849308284187e-01
4.441356962547554632e-01
4.315572203708361698e+00
4.360105675416958149e-01
4.427630557783573950e-01
4.242313204000319193e-01
4.415916989516778801e-01
4.393104549705257322e-01
4.387390125729959123e-01
5.594736225585971390e+00
4.355100462201359490e-01
4.529123553306976246e-01
4.291583442373130275e-01
4.424118788702446903e-01
4.443615948960432105e-01
8.738584489611712414e+00
4.370297847124096080e-01
4.468877935216098995e-01
4.280764145271993004e-01
4.420789604534740569e-01
4.445494327289834513e-01
1.127947902778265821e+01
1.779772364425819475e+01
7.357646418339281347e+00
5.634686732294100331e+00
4.996078544545392575e+00
4.594030788470490734e+00
4.292467434659500647e+00
4.046871151174969761e+00
3.837214873473720811e+00
3.652409034858526748e+00
3.485716695869676141e+00
3.332833709353797413e+00
3.190942793932677102e+00
3.058192999158542147e+00
2.933387278390274577e+00
2.815779683112194842e+00
2.704934682987181205e+00
2.600624999807307880e+00
2.502755530345802448e+00
2.411305945180235444e+00
2.326286708038969309e+00
2.247704330841254983e+00
2.175532523244916749e+00
2.109686862926786866e+00
2.050001811388423967e+00
1.996210333493772859e+00
1.947927966020837509e+00
1.904644695882103722e+00
1.865729017470150630e+00
1.830448418025493185e+00
1.798008675118303978e+00
1.767610522207137658e+00
1.738517069614275323e+00
1.710120514840025363e+00
1.681994418361481669e+00
1.653919988550729414e+00
1.625881521702809751e+00
1.598035182222779849e+00
1.570662937793021463e+00
1.544126286300668394e+00
1.518831275791265201e+00
1.495208965745620011e+00
1.473707489771570955e+00
1.454786675446728905e+00
1.438905336754647601e+00
1.426494194880351785e+00
1.417911813009645750e+00
1.413384894012734261e+00
1.412936929672212738e+00
1.416311195730781236e+00
1.422897142862391551e+00
1.431674766196718629e+00
1.441199089861943783e+00
1.449652730230386322e+00
1.454991584730081611e+00
1.455189915693843483e+00
1.448555614540303571e+00
1.434045922046482957e+00
1.411490809517742306e+00
1.381646039087806699e+00
1.346051291531352723e+00
1.306736381219032905e+00
1.265865659639501706e+00
1.225416020368021996e+00
1.186952268031126190e+00
1.151518233061303187e+00
1.119627045119199416e+00
1.091320668665242133e+00
1.066273553082033754e+00
1.043925779360844519e+00
1.023636130143295464e+00
1.004841282454853379e+00
9.258265949835774444e-01
9.268374980914829697e-01
9.304984986169824168e-01
9.800770787999171230e-01
9.580555383627119559e-01
1.005628711158369937e+00
1.031824469240338882e+00
1.054369575026031347e+00
1.067444784909763911e+00
1.063805295963796027e+00
1.035122937383457398e+00
9.724048118331419799e-01
8.660352842623142422e-01
7.110826111711453512e-01
5.337178591391397164e-01
4.261743131021825670e-01
4.416606179274993882e-01
4.441087305420398645e-01
4.467059916399550579e-01
