1.772488877671289487e+01
1.124247087312719984e+01
8.711177488510072564e+00
7.345023799000485631e+00
5.634743342216764539e+00
5.002771341497080471e+00
4.605423632662908773e+00
4.307490488026425091e+00
4.064779744152952290e+00
3.857412198773267242e+00
3.674378922906354816e+00
3.508998236191552600e+00
3.357014090565586084e+00
3.215656360691355520e+00
3.083120718491606294e+00
2.958254752115319075e+00
2.840354064445232751e+00
2.729021552602079126e+00
2.624065963801025525e+00
2.525426699347876003e+00
2.433117040395285979e+00
2.347180474307401621e+00
2.267656098555421273e+00
2.194549932437106499e+00
2.127809782501892233e+00
2.067302308499451069e+00
2.012792224172348376e+00
1.963925115904387342e+00
1.920216975395080627e+00
1.881054803532365094e+00
1.845712925887542211e+00
1.813388287142806199e+00
1.783254577720618794e+00
1.754529958565596903e+00
1.726547805051886986e+00
1.698816526747647160e+00
1.671055272947190806e+00
1.643197943536641947e+00
1.615366861798695597e+00
1.587826273432586310e+00
1.560930742458125131e+00
1.535082438784601377e+00
1.510704992896519494e+00
1.488233119394146042e+00
1.468110303405855799e+00
1.450783981286403623e+00
1.436689103848729276e+00
1.426215132918317918e+00
1.419656105147953928e+00
1.417146778699861498e+00
1.418589882207792030e+00
1.423581327133486507e+00
1.431343719638756173e+00
1.440684631049382602e+00
1.450003507794826119e+00
1.457374962497991699e+00
1.460728920259336761e+00
1.458123657617132363e+00
1.448068765418061954e+00
1.429817491715124511e+00
1.403535956551108299e+00
1.370286416357187065e+00
1.331824693575127450e+00
1.290276500759075295e+00
1.247789934576103210e+00
1.206249807850133360e+00
1.167098486869062590e+00
1.131264403111319261e+00
1.099173507437793740e+00
1.070814894534756423e+00
1.045841314742139039e+00
1.023695723637372490e+00
1.003757546010174861e+00
9.200139479426303613e-01
9.162739968938290458e-01
9.176964320550276000e-01
9.383043291169544942e-01
9.575029293905131800e-01
9.815213397908626458e-01
1.008363642741947563e+00
1.034823385519179961e+00
1.056288927845488557e+00
1.066669357857176648e+00
1.058526982776976322e+00
1.023413782717536913e+00
9.522125176615243713e-01
8.350769436318610239e-01
6.689116721361176854e-01
4.906101410220701231e-01
4.268091758918286516e-01
4.442638777337799549e-01
4.461391322623298739e-01
4.461841566097942691e-01
4.612604143784242439e-01
5.580191350519315918e+00
4.350870036029191867e-01
4.326205927164588627e-01
4.446012602626755461e-01
4.446712934189375188e-01
4.591906328999041942e-01
4.304010168485829624e+00
4.333206909912581950e-01
4.314476779419323949e-01
4.437996707368271898e-01
4.444030335368539530e-01
4.502173151324342926e-01
3.528926673139954673e+00
4.329403794832161201e-01
4.268034733257055624e-01
4.434968011917273523e-01
4.464153099624292853e-01
4.378989049839870917e-01
4.372568543685905196e-01
2.974566037650138828e+00
4.229099977758056239e-01
4.350624724197894588e-01
4.443836313684748074e-01
4.450019843396663122e-01
4.465060516317219674e-01
2.543901315342271374e+00
4.309303405617831983e-01
4.139513930892070315e-01
4.398958206956896100e-01
4.427882825719676729e-01
4.323022299870886154e-01
4.325456197099396549e-01
2.192870121741437917e+00
4.174208645940182816e-01
4.317702826421103701e-01
4.312803662262065796e-01
4.249788639462611095e-01
1.898020984307028813e+00
4.170829880916918642e-01
4.266359348322786293e-01
4.455020178822443055e-01
4.152831969845512949e-01
4.185654374254078602e-01
4.399353383371327197e-01
4.439416054775056630e-01
3.052566210471873709e-01
4.751557994165200305e-01
4.766921983788204864e-01
4.997371466714572441e-01
4.845567110663183685e-01
4.203287375711873830e-01
4.225906055867514888e-01
4.246533016558522999e-01
1.235677917774380852e+00
1.426740787453987691e+00
4.794451564308322422e-01
4.769129252615328385e-01
4.850362068232453860e-01
4.330901440343157272e-01
4.796653402864751170e-01
4.663385196647587549e-01
4.729732673418990951e-01
4.807675106389668884e-01
5.006659589727873172e-01
4.836652424704813713e-01
4.217089803705183493e-01
4.255535621725402007e-01
4.209658877276418187e-01
1.067480985954886163e+00
3.443911718504258368e-01
3.548827393188211388e-01
4.501044876065588007e-01
4.571500504179967228e-01
4.651327682932170360e-01
4.641697033039066667e-01
4.599524315599033408e-01
4.595056503720511554e-01
4.613397503510489606e-01
4.640426308717577331e-01
4.675984481230947565e-01
4.700935114313539720e-01
4.741319563038083884e-01
4.801955089472194071e-01
4.746992176088485893e-01
4.724985133503583068e-01
4.315846682808502921e-01
4.376589975139933419e-01
4.364491026978192800e-01
4.779577320250684158e-01
4.689944138484624658e-01
4.785030049919403172e-01
4.936361899356617733e-01
4.898795840524238776e-01
5.024462731112053770e-01
4.205711509424782113e-01
4.463759228915771260e-01
9.204063835025825258e-01
3.623213689553800299e-01
4.556087203969167443e-01
4.222642591751189500e-01
4.586336124693098926e-01
4.610614586776188850e-01
4.601406973205264817e-01
4.550962602389790890e-01
4.605388618486461194e-01
4.610547053768347947e-01
4.623214027424530914e-01
4.653481539046247506e-01
4.685628749224267642e-01
4.810683528021669209e-01
4.701778999023287775e-01
4.321696222574525348e-01
4.520316354959660887e-01
4.706341959925487983e-01
4.785047443883144180e-01
4.912411593407773891e-01
4.942574236478167182e-01
5.004110106378052425e-01
4.206354174414600466e-01
4.201864905267248540e-01
4.389947854125680338e-01
7.706379516176878886e-01
4.124195613045877895e-01
4.423213914859535634e-01
4.615614959627413194e-01
4.688850693875942777e-01
4.620655681136776605e-01
4.643786278592204053e-01
4.650077983704525852e-01
4.890017860314554987e-01
5.106096156916439810e-01
4.379986008189227231e-01
4.388098881404192131e-01
4.631328121924480068e-01
4.710424080639231126e-01
4.793521759546018335e-01
4.981999491174449179e-01
4.954198947668047026e-01
4.961201834065412930e-01
4.278096961677302357e-01
4.292638375583133215e-01
4.273501261042689792e-01
4.673037528784636518e-01
4.973655521568789428e-01
5.058243577744619968e-01
4.602617833371691058e-01
3.233004347363819253e-01
3.565851697422261490e-01
2.870423561120398759e-01
4.386254718648916473e-01
4.888677831528358553e-01
4.801024154260981058e-01
4.760149900729083727e-01
4.727408563075787828e-01
4.725857509773328524e-01
4.685083043673700098e-01
4.278867092289870278e-01
4.293787788764025226e-01
4.377841540632032569e-01
4.446945738124143954e-01
5.483530637294580234e-01
4.385931002097974152e-01
4.415705288523166239e-01
4.647011787553335660e-01
4.726519863628785845e-01
4.858143507306351139e-01
5.092320740319015160e-01
5.027720777257048690e-01
4.296478259679356593e-01
4.347640992148410488e-01
4.310076865931168899e-01
4.491412299414565545e-01
4.423716329441770845e-01
4.519924049533196042e-01
4.927614736558337261e-01
4.318516607183391920e-01
4.661262110977834050e-01
4.628961434336343883e-01
4.777804927550737268e-01
4.899336965338000893e-01
3.661596966328423131e-01
3.950057490226632217e-01
4.916259501880998473e-01
5.293145851116397571e-01
4.649795346190795930e-01
4.655122596094988796e-01
4.644982155132757473e-01
4.632454737151111002e-01
4.632715504177587484e-01
4.658876673398261170e-01
4.691078712939613649e-01
4.807692143455205569e-01
4.711317721082233789e-01
4.241794104451176994e-01
4.400784519088233315e-01
4.339787130261517079e-01
4.334347169221938745e-01
5.718030100140322203e-01
4.701864165893840930e-01
4.034950377900007323e-01
4.040864517746216023e-01
4.492262111206562492e-01
4.638540319037989801e-01
4.616319163651416702e-01
4.672200388679685901e-01
4.396269016625933279e-01
4.445521822322058836e-01
4.561228337607159955e-01
4.570617104639350670e-01
4.320093434606885330e-01
4.343375139847967525e-01
4.305272531532697289e-01
4.431473064852006205e-01
4.400126175373395010e-01
4.500904615300025391e-01
4.728945162865987872e-01
4.671898077503321978e-01
4.812439225936454013e-01
4.550337082392349464e-01
4.648333186373219128e-01
4.738011290607489490e-01
4.807562291898332396e-01
5.004312674418195384e-01
4.576608150610136372e-01
4.588673467509881143e-01
4.492611315259583127e-01
4.499944414711019025e-01
4.670691123263532862e-01
4.631485094165617711e-01
4.659620865831970438e-01
4.712598364585318667e-01
4.805492532587421484e-01
4.751607435293211945e-01
4.287995776664972891e-01
4.396976831337153779e-01
4.604600456183011170e-01
4.804433643000026177e-01
4.269501575453705233e-01
4.624715926029450141e-01
4.669078681848162771e-01
4.618400215271853404e-01
4.445241916677168947e-01
4.453804286507855870e-01
4.555866811338559752e-01
5.298468104305832371e-01
4.632208366265360699e-01
4.205211753995393154e-01
5.000096077704264674e-01
5.140102541912719980e-01
4.327939348564422417e-01
4.422656831757063589e-01
4.263618452647394141e-01
4.360992247593560855e-01
4.366883920802612784e-01
4.625840641543503273e-01
4.683661738209423109e-01
4.684394652170246753e-01
4.718339365390350482e-01
4.827729795681665048e-01
4.755480232576704269e-01
4.986296088265199655e-01
4.453356956370330688e-01
4.535311244879599579e-01
4.684791266305124990e-01
4.816494304308475694e-01
4.548981589672461689e-01
4.431865597130755230e-01
4.844812656001772910e-01
4.853584030194422749e-01
4.292164322507319163e-01
4.357325462069996380e-01
4.396642191562859514e-01
4.397020874188217743e-01
5.218393934142768753e-01
4.263778083446126965e-01
4.211162029938550488e-01
4.657481800660659976e-01
4.671325793205193255e-01
4.629332540930756745e-01
4.430856587106349886e-01
4.458082441828266074e-01
4.571043598791424412e-01
5.067582311002002404e-01
4.687161243028579172e-01
4.186969901806216199e-01
4.302597071520855021e-01
4.976747247754574888e-01
4.960473042890425344e-01
5.020829050073775113e-01
4.328569198892295855e-01
4.308653221772921205e-01
4.596237551234589325e-01
4.367718687672410005e-01
4.423345869834072186e-01
4.613312141770539165e-01
4.701802643111934188e-01
4.564388487581301779e-01
4.704009805701687696e-01
4.874616827152737364e-01
5.072323163746212948e-01
4.453430498428719297e-01
4.447850136327488602e-01
4.506470757741399824e-01
4.650251641780445144e-01
5.027283011749734687e-01
4.581586040057001319e-01
4.477585711885024300e-01
4.358618857779650302e-01
4.702760298320911025e-01
4.665892855623011148e-01
4.764134672592788000e-01
4.752322644176721900e-01
4.277361962867541889e-01
4.390071949227452031e-01
4.398555944367086301e-01
4.417695506510398440e-01
5.291556895057386578e-01
4.795757924985423748e-01
4.220745788365617424e-01
4.657579408567632528e-01
4.661772019677838386e-01
4.651755089454794878e-01
4.430320830299999679e-01
4.465057434963057847e-01
4.592818250296788474e-01
4.856428090596437430e-01
4.234112766856862886e-01
4.227139698395538936e-01
5.017773924033698263e-01
4.977391610378013032e-01
4.985984110389640178e-01
4.305155358162238155e-01
4.355963115527791696e-01
4.391128108320396239e-01
4.288770443701027113e-01
4.295178134014939753e-01
4.681144410683527601e-01
4.746987173672574944e-01
4.690949406510067088e-01
4.668247620010455012e-01
4.716723018245218002e-01
4.881565193029085981e-01
4.919573330494096952e-01
4.427964253363275149e-01
4.435507974177299029e-01
4.431203101899101604e-01
4.610293386950002903e-01
4.730469222057110401e-01
4.457569154161307168e-01
4.724168958111983341e-01
4.672022671908488967e-01
4.796661867052169903e-01
4.798899920166325161e-01
4.276035011492672622e-01
4.382971490775102175e-01
4.408253507055051590e-01
4.622029667584501844e-01
4.856462518230704739e-01
4.267542175962307782e-01
4.198025332863660197e-01
4.643279395885222538e-01
4.651278953540947114e-01
4.654942526356537491e-01
4.432371051674598439e-01
4.468610719994509095e-01
4.649435151172431890e-01
4.902247984913358780e-01
4.802130358639379870e-01
4.218466194853727758e-01
4.953766468846852455e-01
4.993359813788922907e-01
5.015618758369928543e-01
4.352825521992237934e-01
4.489799308378424336e-01
4.269447053059400865e-01
4.287039572911592322e-01
4.728439594448758942e-01
4.760340595925321439e-01
4.700406659424966604e-01
4.773045964054139501e-01
4.866041013261167003e-01
5.035101332105277327e-01
4.419261795496693401e-01
4.448147963955171313e-01
4.664208263784168640e-01
4.696806066589863660e-01
4.631649677137409937e-01
4.386214620626635585e-01
4.682456446176846976e-01
4.693910929582279512e-01
4.724101957111544459e-01
4.895862524996807408e-01
4.300621193411133802e-01
4.340373975317978195e-01
4.393393008715307246e-01
4.494589842693235693e-01
5.075389582373404096e-01
4.888061912360612826e-01
4.148665238940021371e-01
4.632537237644052119e-01
4.639121421404844292e-01
4.690038857260352412e-01
4.427974541551219501e-01
4.494459865593606884e-01
4.471172377107371365e-01
4.461237270154754797e-01
4.795340279784276460e-01
4.249008472373412282e-01
4.225234594322461734e-01
4.937736141320918648e-01
4.951488000221989649e-01
5.153644333274227662e-01
4.338861415086104345e-01
4.361024717714588328e-01
4.332033422093647390e-01
4.293988695461229410e-01
4.324383059992015221e-01
4.403950183785174111e-01
4.678369865606987199e-01
4.726306895015728315e-01
4.736841684779586892e-01
4.877993039209313486e-01
4.891114887545389145e-01
4.428120292106712541e-01
4.433903447580845314e-01
4.765957933845602068e-01
4.943398964432810794e-01
4.640681133658355328e-01
4.442066834251610086e-01
4.647323568128630122e-01
4.734824213048584585e-01
4.737920177869028859e-01
4.373224591783490545e-01
4.273303025557551038e-01
4.621841428785555816e-01
4.624601751735131216e-01
4.693690833367140103e-01
4.528501160631192568e-01
4.527706689268994888e-01
4.822091988790297989e-01
4.443975562183808958e-01
4.190754603763648389e-01
4.860652528180014476e-01
4.878907994697882500e-01
5.182934090435907803e-01
4.270843061695258069e-01
4.315304401321469197e-01
4.332353309760932913e-01
4.347446530650744267e-01
4.660530136324673722e-01
4.710058287412274280e-01
4.879649252194788733e-01
4.759407099291862453e-01
4.887986641193066140e-01
4.944509715938054106e-01
4.388023653570281013e-01
4.473721751697976590e-01
4.741701096793429215e-01
4.673079074021616042e-01
4.738277237880423876e-01
4.858832176758583477e-01
4.387646798118501890e-01
4.108894067356365087e-01
4.606217755936480862e-01
4.600965768042635240e-01
4.745156536590949270e-01
4.541371347714104889e-01
4.323460489219531633e-01
5.006076041818023903e-01
4.948926426641009901e-01
4.351946765477632262e-01
4.311929752625406342e-01
4.281294513840760985e-01
4.278855221639132345e-01
4.645879409653493886e-01
4.727235316177872959e-01
4.692348150535947116e-01
4.700252478886235985e-01
4.759762732950745256e-01
4.820455220103803118e-01
5.005400053804951455e-01
4.568218612468704642e-01
4.418939324329867468e-01
4.662001826817058214e-01
4.700486721015814662e-01
4.700546767828184258e-01
4.254037227097914320e-01
4.580473360596234444e-01
4.599499041691833545e-01
4.617445769645252551e-01
4.444105380309731346e-01
3.917951257634628703e-01
4.982562458160711971e-01
4.954088367989168407e-01
5.040384005387741340e-01
4.375322029771982479e-01
4.328725513042571693e-01
4.225896985943398687e-01
4.255397217114941788e-01
4.696785817089464410e-01
4.721003470690555148e-01
4.687544476220866230e-01
4.847241074771925229e-01
4.958602597922935340e-01
4.546705661108965124e-01
4.648650550817046700e-01
4.680799885426991658e-01
4.666948772631162035e-01
4.654342587586986490e-01
4.460908226873060434e-01
4.298553418935124326e-01
4.395394509335103228e-01
4.584619280978639022e-01
4.508267892339798966e-01
4.920500656812776263e-01
4.864379646202510732e-01
4.987359371674521258e-01
4.333098982002207555e-01
4.366048012257344180e-01
4.291303186620328836e-01
4.310567312672704543e-01
4.371400496062203822e-01
4.702279659330575456e-01
4.680234011332373711e-01
4.721355948505736588e-01
4.792846149977161296e-01
4.912112805763861889e-01
4.673706987922601752e-01
4.696326680793427855e-01
4.454904511811261236e-01
4.556413685846523731e-01
4.485273062094471963e-01
4.325702789482835930e-01
4.653519928359436952e-01
4.875478836257072790e-01
4.829594707738481540e-01
4.329694642277402972e-01
4.345393142135418052e-01
4.353211010934349701e-01
4.379078131262312268e-01
4.692096534668570573e-01
4.678903746864753743e-01
4.855498132438075265e-01
4.700927053750875717e-01
4.580060269284115249e-01
4.692089528832861234e-01
4.710361448057107103e-01
4.300072491977583455e-01
4.686489424719243457e-01
4.915574425220969879e-01
4.537064122391031851e-01
4.381665228208574403e-01
4.722897565255311791e-01
4.773331391844579663e-01
4.933820944018349475e-01
4.708184285174489281e-01
4.360875339853547139e-01
4.365982500388613241e-01
4.293332449584955635e-01
4.290724976959116588e-01
4.641552289074271642e-01
4.696208343650257189e-01
3.849731581809074377e-01
4.678382427052494852e-01
4.773968068375397111e-01
4.691762288182867446e-01
4.575674965161586338e-01
4.390139042267468539e-01
4.677165040814051933e-01
4.749210641045722436e-01
4.422692494758259651e-01
4.451139698011364887e-01
4.463927005571849960e-01
4.439141808180850912e-01
4.709933608878783540e-01
4.683298250602013768e-01
4.564025298158416177e-01
4.386307524345959274e-01
4.389970176124448620e-01
4.392632344735955541e-01
4.282358173606307661e-01
4.231313989966440925e-01
4.684127438679017708e-01
4.715970147365159959e-01
4.649562641889352643e-01
4.338362948069641734e-01
4.249141751301031000e-01
4.783378344753270173e-01
4.861189443580446468e-01
4.334936912895882566e-01
4.738114831131456928e-01
4.828564055822900380e-01
4.788072203290861251e-01
4.461226399297927303e-01
4.430959934821618318e-01
4.701674802524568042e-01
4.575993516975530584e-01
4.438511736098718630e-01
4.398739022492815787e-01
4.426211139235523562e-01
4.677104254224295765e-01
4.668788803354741446e-01
4.748731683218916366e-01
4.547329696729972559e-01
4.775360736356601965e-01
4.862575844918435863e-01
5.091491431857466665e-01
4.413111191951582524e-01
4.428183838125753780e-01
4.295130592919015333e-01
4.288032541262384867e-01
4.309940073684402351e-01
4.690155189919349987e-01
4.715035889631205568e-01
4.226839857778947884e-01
4.781221705838364922e-01
4.724786357626128419e-01
4.630954631619980666e-01
4.650862775636943613e-01
4.638623613932104095e-01
4.678217772043382627e-01
4.812302948283148085e-01
4.831635932423772872e-01
4.456636029688838541e-01
4.367566607567996417e-01
5.004470868235911807e-01
4.780243932057286482e-01
4.492137634174748761e-01
4.340745324620645107e-01
4.303731493607982350e-01
4.772880969700544207e-01
4.839703802118068832e-01
4.451546549053069235e-01
4.366845678597116032e-01
4.608584497604367169e-01
4.642311898980479024e-01
4.413162089837512347e-01
4.394751065729606831e-01
4.675486931567316429e-01
4.758118229936521004e-01
4.713919843513835750e-01
4.516271078351263846e-01
4.407021889800660785e-01
4.580754492596330052e-01
4.822091323577103461e-01
4.987661809369631216e-01
4.472838527930785846e-01
4.337870270495229885e-01
4.411477821190376014e-01
4.656357570972125548e-01
4.715670926736411084e-01
4.330474294522861922e-01
4.248349296401633945e-01
4.818163355043777463e-01
4.730570463135863601e-01
4.580476337954637600e-01
4.740088861890333072e-01
4.830218726235153137e-01
4.978739815855317552e-01
4.348069957395961915e-01
4.238115206868562357e-01
4.824599064254848080e-01
4.800846126568463768e-01
4.282059775645663535e-01
4.283848224203223309e-01
4.772249152531084504e-01
4.801307857922439970e-01
4.390279604325431073e-01
4.357521026848601986e-01
4.629725941134842926e-01
4.642927099775170374e-01
4.365652739000245308e-01
4.349647557446929547e-01
4.750429780842447269e-01
4.731543563257524787e-01
4.574320908734557656e-01
4.506314090811099349e-01
4.440412943954548664e-01
4.565003265734979832e-01
4.924002519947284773e-01
4.900993227354139004e-01
4.500267252584999600e-01
4.503388496929204843e-01
4.330796711993297743e-01
4.302605404546498424e-01
4.641203141625012685e-01
4.699775319562140563e-01
4.251013456339599039e-01
4.148376547044603790e-01
4.735851713745380942e-01
4.753400772248911332e-01
4.585959865849259520e-01
4.593070205324381594e-01
4.627133654056662659e-01
4.732710607511217415e-01
4.762515497017678068e-01
5.051415659944814562e-01
4.257660534846154365e-01
4.283814621607999196e-01
4.857303105902310292e-01
4.253952578325630451e-01
4.313091400439258427e-01
4.401968954379668064e-01
4.685641707204838413e-01
4.780361708096123596e-01
4.325153642715365843e-01
4.325505425920311287e-01
4.662538361579150470e-01
4.649143333670737177e-01
4.404096662532777096e-01
4.393155445298038142e-01
4.746215176729310925e-01
4.727558781471983829e-01
4.561083690273695090e-01
4.494595019105825373e-01
4.530131946986951097e-01
4.596959225711236274e-01
4.878168727278264782e-01
4.797356753141739927e-01
4.801883074290306808e-01
4.527943325093117810e-01
4.516460180614887965e-01
4.289440462035015167e-01
4.288674173270020651e-01
4.655501623085311902e-01
4.705550154613534208e-01
4.740086487156100481e-01
4.230718223515357312e-01
4.248416487173048983e-01
4.815122306383878281e-01
4.605516910163671152e-01
4.617560711922760186e-01
4.825200115937068879e-01
4.789539021092536486e-01
4.917829879108820412e-01
4.305219640230830702e-01
4.853958913290433164e-01
4.896886494758304620e-01
4.280033579230742014e-01
4.253961276766539124e-01
4.773113132007013037e-01
4.759657048133059676e-01
4.863415016401425595e-01
4.317023615840542283e-01
4.320678939153631548e-01
4.717809149113192935e-01
4.400759863787322423e-01
4.460825876720604932e-01
4.470108462562409901e-01
4.665595209929633835e-01
4.740844947109036922e-01
4.491038218521529179e-01
4.494917672010655396e-01
4.567827583127031521e-01
4.603959056848346276e-01
4.739155301100609341e-01
4.755488100536854890e-01
4.524785911820114470e-01
4.530815441716019021e-01
4.261871058348898900e-01
4.272366336837196132e-01
4.690060431738461988e-01
4.708835766984169058e-01
4.309578228598331950e-01
4.787371216304925348e-01
4.755389826696121425e-01
4.594045443019112440e-01
4.567356758198267142e-01
4.610095380852524682e-01
4.882091615381446426e-01
4.849481897835138389e-01
4.408378192109349003e-01
4.343782444801398968e-01
4.845904272633148602e-01
4.881909114281846040e-01
4.297939336773066721e-01
4.299058985240731823e-01
4.315174546691351032e-01
4.760056518071636988e-01
4.810833285024620487e-01
4.342135135430316706e-01
4.674829083612094260e-01
4.708380903638346160e-01
4.459365433642578092e-01
4.446186332663701890e-01
4.636796948329571788e-01
4.699017484080906248e-01
4.445667058684990014e-01
4.476484749197239821e-01
4.597309014417640394e-01
4.597134891965938830e-01
4.700422510790953634e-01
4.717056888933344738e-01
4.519580719367334298e-01
4.564434789134097503e-01
4.284509792312802823e-01
4.341740126861327043e-01
4.391986872481186688e-01
4.642847935524312408e-01
4.626755103699995986e-01
4.347081385857805569e-01
4.303230004237274531e-01
4.809282199770105737e-01
4.740313940387192448e-01
4.580527451116717663e-01
4.575009253403763965e-01
4.848425538888576636e-01
4.805264644978660127e-01
4.711356743916012002e-01
4.245117470376343349e-01
4.242653840060263137e-01
4.843982327585986680e-01
4.787362510556596451e-01
4.357289762014462942e-01
4.381369479534785727e-01
4.657680355679127970e-01
4.680296901366132745e-01
4.853711064431042166e-01
4.368920893867013766e-01
4.346889185024388480e-01
4.750819882521687409e-01
4.733432831636125715e-01
4.429937484812209725e-01
4.389179342686094221e-01
4.634277243056257323e-01
4.717365884869266779e-01
4.704750413152964938e-01
4.479347187924271334e-01
4.624196137621179870e-01
4.697736716282887581e-01
4.703256631018472578e-01
4.554837790573657008e-01
4.352635285088837236e-01
4.375048558327898629e-01
4.633339502966120071e-01
4.555651041427700165e-01
5.051715496131723437e-01
4.445658392156407457e-01
4.405695281248270812e-01
4.796614984304907736e-01
4.662683857983995761e-01
4.581284373560407519e-01
4.549851416648005853e-01
4.599062888281560957e-01
4.555476420688833183e-01
4.856822643446601084e-01
4.843303661497141421e-01
4.281177608538724311e-01
4.283478960197372176e-01
4.768525402147171244e-01
4.654216856131561109e-01
4.436453699965471897e-01
4.276291756066593619e-01
4.728281386467201308e-01
4.711791758061974478e-01
4.413164925963155016e-01
4.401098408689118058e-01
4.617833834082655797e-01
4.814625390184322229e-01
4.516363983876833799e-01
4.478636900461990256e-01
4.628350719083511589e-01
4.648107948986110460e-01
4.687339037604220104e-01
4.684719074476638156e-01
1.139480278965287141e+00
4.316006909395980751e-01
4.332771271400328028e-01
4.398004474197949598e-01
4.127902533345738090e-01
4.755537618103924391e-01
4.741543758708799405e-01
4.545642806258318180e-01
4.576486659762111220e-01
4.845465346225397152e-01
4.228055285533596219e-01
4.228230516142018613e-01
4.866528611469728149e-01
4.563169878930586343e-01
4.245549466356465240e-01
4.783067168297405192e-01
4.668554013443218520e-01
4.380671938075491045e-01
4.382317280431425321e-01
4.709755379914013496e-01
4.552891876595879794e-01
4.335857852154816894e-01
4.405637386037316028e-01
4.639286750006401117e-01
4.640040472179726705e-01
4.692509001877771535e-01
4.684238526357859533e-01
5.535650074864182812e+00
4.256714270245667286e-01
4.288320912303689725e-01
4.641363070955206727e-01
4.557581064224899836e-01
4.527876499181408554e-01
5.101283017808013742e-01
4.821515642056860562e-01
4.247789226871537815e-01
4.171465131725944353e-01
4.183187533538139102e-01
4.841999366919533809e-01
4.395087927739545486e-01
4.394699853173343329e-01
4.422119935148321468e-01
4.666010790982179079e-01
4.610608984545589983e-01
4.634180209404675232e-01
4.673841928180559324e-01
4.698937211723278606e-01
4.700472784122741166e-01
1.717363161885830181e+01
4.390284899885462666e-01
4.280183236646984413e-01
4.984781015923603897e-01
4.680803989752147509e-01
4.551877486480180868e-01
4.545308885624602113e-01
4.911333154140050117e-01
4.914609346592502814e-01
4.083391095400789594e-01
4.203624828321370077e-01
4.871234873450681069e-01
4.666126082991106094e-01
4.271473466958408682e-01
4.385450684069756577e-01
4.606224640326272435e-01
4.716278189021303469e-01
4.665117769350654586e-01
2.759637841861175644e+01
4.338565472855279159e-01
4.268303539713948491e-01
4.677393240903852667e-01
4.580052966078902998e-01
4.425051247678662425e-01
4.912221148466296428e-01
4.206275092906273660e-01
4.850299331827667704e-01
4.916363827265968212e-01
4.408329542825431546e-01
4.882357548930273405e-01
4.686981153777742826e-01
4.719650118019756979e-01
4.600247567429486817e-01
3.151552714776900288e+01
4.336991318650058602e-01
4.278675269881966337e-01
4.716846171497241502e-01
4.579245853528239318e-01
4.543644327563288177e-01
4.905718479251150455e-01
4.209189303924511516e-01
4.849414333327383142e-01
4.664302457398317725e-01
4.387073156231651172e-01
4.881737101098649889e-01
4.606539468704024531e-01
4.717239736845605935e-01
4.664104603400924809e-01
2.759661420442985502e+01
4.388466888772283858e-01
4.285905613720665253e-01
5.036594034822771127e-01
4.686930144675870991e-01
4.549355714412740004e-01
4.524410891114581945e-01
4.903064577284202419e-01
4.813404746883173657e-01
4.089592845867328630e-01
4.189856418276433625e-01
4.869100289383442304e-01
4.839897424455648633e-01
4.273436541838723790e-01
4.424296499129673488e-01
4.674360314233013125e-01
4.715639510450055916e-01
4.698299405646196303e-01
1.717382775778503756e+01
4.254930016039999430e-01
4.331039971460692861e-01
4.779885373625037959e-01
4.552876660279946974e-01
4.570255396681133231e-01
5.093264588258424874e-01
4.837829124660979474e-01
4.253743635635316434e-01
4.234156044906881022e-01
4.178424734844046196e-01
4.666302882547647135e-01
4.397153883768142313e-01
4.384324323406010859e-01
4.396931554437346068e-01
4.665688190552833570e-01
4.552835741682988990e-01
4.609638019095569361e-01
4.403687464603414647e-01
4.634048558193666900e-01
4.638670257317248913e-01
4.698043920660360806e-01
4.683556597022109358e-01
5.535698872233361989e+00
4.313721027382316220e-01
4.373021793359770926e-01
4.393540018060055341e-01
5.052224219199346056e-01
4.110772006887731256e-01
4.377255844211477842e-01
4.795189551134876882e-01
4.692017887788653141e-01
4.538547995914654076e-01
4.589987712837606537e-01
4.835421269970290314e-01
4.232646369520584595e-01
4.287666438890032072e-01
4.861775270582661679e-01
4.649426969679369415e-01
4.561280970486306097e-01
4.246400208400598619e-01
4.277776666402772210e-01
4.780780012812361202e-01
4.709882293793040686e-01
4.382460726423214048e-01
4.402916755930169068e-01
4.709300204088897601e-01
4.813857812056310248e-01
4.333970874098590498e-01
4.475805267476185012e-01
4.640879629096039682e-01
4.647003275579113524e-01
4.691752322154524868e-01
4.684207566625646635e-01
1.139467857953652574e+00
4.350584686778602439e-01
4.389490425803794227e-01
4.632272702785640850e-01
4.625605127664822458e-01
4.557549326954649649e-01
4.418341558068455965e-01
4.280439750061679205e-01
4.820356076571902237e-01
4.753676043040478416e-01
4.570641762648306461e-01
4.564789815261994232e-01
4.541041908338407929e-01
4.557712884112058993e-01
4.717206430553694818e-01
4.244238112858406131e-01
4.848621649077452522e-01
4.779223551144328175e-01
4.284193391468791301e-01
4.383149343754879079e-01
4.762601302601258690e-01
4.847014499606593918e-01
4.438083677656339265e-01
4.348421816718448518e-01
4.726629243505394151e-01
4.732041886693847399e-01
4.414624865560223821e-01
4.390949681897159396e-01
4.617426861849431297e-01
4.704595393904151823e-01
4.512036437911781661e-01
4.478181333088176452e-01
4.627580352415981979e-01
4.622479240943800360e-01
4.686908176335667919e-01
4.703053765076549708e-01
4.555506499377831031e-01
4.282948954928014196e-01
4.270298914471652996e-01
4.339460281998345215e-01
4.641209262455636697e-01
4.707175451252877951e-01
4.336261664437925933e-01
4.301032232959213775e-01
4.810674425919369002e-01
4.752417171510544547e-01
4.568664353316915783e-01
4.595719161980977296e-01
4.846626008981438360e-01
4.847793008853354402e-01
4.807556924787363406e-01
4.229400757270642131e-01
4.329565506602208180e-01
4.836478046483480009e-01
4.875699669608772879e-01
4.358329693460277210e-01
4.313787662327994155e-01
4.652039062387082202e-01
4.805407595399792675e-01
4.674009580055838997e-01
4.370177713966568733e-01
4.343315428221978247e-01
4.749866322414429964e-01
4.707547787540624085e-01
4.430885350599829686e-01
4.446946311822635445e-01
4.634585352631663269e-01
4.699327837986380096e-01
4.717147283795890544e-01
4.475515160295641115e-01
4.594607663503594841e-01
4.697558780573733994e-01
4.717083022276979398e-01
4.565152957811196566e-01
4.260115793513039595e-01
4.287447600325685060e-01
4.688389250561280086e-01
4.738364176039166487e-01
4.253311335238103008e-01
4.769670528598957127e-01
4.798729951686439565e-01
4.578061364555613411e-01
4.603143741286676582e-01
4.552634231746201521e-01
4.882492731019914545e-01
4.918670317095056865e-01
4.416009018171641598e-01
4.315151154004643330e-01
4.842031494651686252e-01
4.893498607453212745e-01
4.294321507208451738e-01
4.250233974060280695e-01
4.297847951593634641e-01
4.755758515678136789e-01
4.860055145273226018e-01
4.321256232319273249e-01
4.674508982848989413e-01
4.717547937091174926e-01
4.460932806114383253e-01
4.471419502123423206e-01
4.637467043695373548e-01
4.741539777819178125e-01
4.444404073489707785e-01
4.494683850655579738e-01
4.594790452871423958e-01
4.600633546510898286e-01
4.700479785632039054e-01
4.755743031784898656e-01
4.520203214396297242e-01
4.531250829252960188e-01
4.287928279767375117e-01
4.301138400297974118e-01
4.653451862901789582e-01
4.697703921568164853e-01
4.703968968675580897e-01
4.237528083401794210e-01
4.170026735115047734e-01
4.722108158822963531e-01
4.590027915817984083e-01
4.608558021512525471e-01
4.828595136181987324e-01
5.055174657685208572e-01
4.792146122722626966e-01
4.294841261620779282e-01
4.854198079675091648e-01
4.857674988005196148e-01
4.274994941952213190e-01
4.395672188553495507e-01
4.772632686059777307e-01
4.779993895387552594e-01
4.756842480475332313e-01
4.317671568458268938e-01
4.325671250176187921e-01
4.649417986367679889e-01
4.401267025659819643e-01
4.393572791038128922e-01
4.460877716826155970e-01
4.666411882851463355e-01
4.728445932297549725e-01
4.491016608082639694e-01
4.494926616118278262e-01
4.564474648849329297e-01
4.593720972595768948e-01
4.739437478976236129e-01
4.802338144390467245e-01
4.525150895371393700e-01
4.516777411703996603e-01
4.329317886445296359e-01
4.409780199198671258e-01
4.639075697495556594e-01
4.713518141762982339e-01
4.275002927301791433e-01
4.282636694617529827e-01
4.703244299325163857e-01
4.694505766058857388e-01
4.569202283695540379e-01
4.724742747588843161e-01
4.575550614017727669e-01
4.739396767706201552e-01
4.987322768169653031e-01
4.767601868792823439e-01
4.292995043218456597e-01
4.243412990144973529e-01
4.803991274637294806e-01
4.246737363809437449e-01
4.276420576460880918e-01
4.306146192374172843e-01
4.687699977576100241e-01
4.803916210708744639e-01
4.325119819161287182e-01
4.357125876540557941e-01
4.662849790912598213e-01
4.643752059498928442e-01
4.404007042919159676e-01
4.349541080767159174e-01
4.747259447701762114e-01
4.732824504496289109e-01
4.561531058148184381e-01
4.506935609907429807e-01
4.529111924064012640e-01
4.569493336860289134e-01
4.878811785070216178e-01
4.901616163226687473e-01
4.797848387401008607e-01
4.528181291738390124e-01
4.503578168011611038e-01
4.335976436890320307e-01
4.307621294404807011e-01
4.654299518373277711e-01
4.713035215674661327e-01
4.375230135243786678e-01
4.272884533692555831e-01
4.781942485222864248e-01
4.693132106479724897e-01
4.566023891721172068e-01
4.627632250208465470e-01
4.837650669484821475e-01
4.840638840283443267e-01
4.352960067533191979e-01
4.369673406254214743e-01
4.827892792663886490e-01
4.784427162634096176e-01
4.273317576483166569e-01
4.294898772665009523e-01
4.776065549949853328e-01
4.844916023702923180e-01
4.389664090004985475e-01
4.365901685010152855e-01
4.630627028631806863e-01
4.643518080793846980e-01
4.365275024945481364e-01
4.395569630243552073e-01
4.751636296127338954e-01
4.715313451413052359e-01
4.574361450811242902e-01
4.516453412382156474e-01
4.449988239318927730e-01
4.587459567456245169e-01
4.924923811879331481e-01
4.988733997446733737e-01
4.500305648250200741e-01
4.472839864355392381e-01
4.293778625795560133e-01
4.230520292513872405e-01
4.286392887826111497e-01
4.688156830950454546e-01
4.647552431960228492e-01
4.300674038477635408e-01
4.755487227285437601e-01
4.612164396213121464e-01
4.638733451244521633e-01
4.691151838138123975e-01
4.874742530676389740e-01
4.822232675900978704e-01
4.456123873637009014e-01
4.334122248209738570e-01
5.008395154771115854e-01
4.490841843784842413e-01
4.333071336961127340e-01
4.778516209120561853e-01
4.795087470515840833e-01
4.450238669313671958e-01
4.429474641727580986e-01
4.609934116372759183e-01
4.577637079617823401e-01
4.412041006665786136e-01
4.424357038525902341e-01
4.677827119600401762e-01
4.671278799314599883e-01
4.759445379277834065e-01
4.546296986325543132e-01
4.403518763772399369e-01
4.858175236234574812e-01
4.822993174080452139e-01
5.091550403603577468e-01
4.427971885532778762e-01
4.281202085236409660e-01
4.289610518032926922e-01
4.681810117107886859e-01
4.693867396633222278e-01
4.714005888197231320e-01
4.384027322349041689e-01
3.900788318490564510e-01
4.795753679500615596e-01
4.703612252760097090e-01
4.385145239898485259e-01
4.747400832345431421e-01
4.758646013506255268e-01
4.836318158256650568e-01
4.459532103676327464e-01
4.420904412692098773e-01
4.703369257618328914e-01
4.465021681444863444e-01
4.438525176966429675e-01
4.439064781888247269e-01
4.399051594059277814e-01
4.679877606265478995e-01
4.686021015048105198e-01
4.748359402959446141e-01
4.386930954971227647e-01
4.773659942861267491e-01
4.412960465677958632e-01
4.392249829276058115e-01
4.292105743344016289e-01
4.377557491402997991e-01
4.639126198508505272e-01
4.676280056746178748e-01
4.665063170580433516e-01
4.694380569212979748e-01
4.728050553737840889e-01
4.788012204870276678e-01
4.569662850287307676e-01
4.295398169696984514e-01
4.687759197133198330e-01
4.927345235628374787e-01
4.379452624771059122e-01
4.451960804469168864e-01
4.712556389704063431e-01
4.776370685482249079e-01
4.565016649535617588e-01
4.710047750394854016e-01
4.389593523423899191e-01
4.365430156873070233e-01
4.351429471517778147e-01
4.368429708925697930e-01
4.689748654978843079e-01
4.677980297446264757e-01
4.855728933977829787e-01
4.926804129393001497e-01
4.727690637573908616e-01
4.710563498211363109e-01
4.716593664944486175e-01
4.453443180599688245e-01
4.695267798108132551e-01
4.561714555817019123e-01
4.534493305602699809e-01
4.324086307382558614e-01
4.725230795658976746e-01
4.656266379865380278e-01
4.934712174076043012e-01
4.830707874860851181e-01
4.360231971339970647e-01
4.344639586052268521e-01
4.288484512469000198e-01
4.252472806500525726e-01
4.307881761623297834e-01
4.699799722643964728e-01
4.718526740860055080e-01
4.778382534674949778e-01
5.013015076756038857e-01
4.825754370855196429e-01
4.695625115176430553e-01
4.669030125634759387e-01
4.659529117655777375e-01
4.296014796287745963e-01
4.485069063327413175e-01
4.584877148977652972e-01
4.509098921251749603e-01
4.876317912925728359e-01
4.988153150373795253e-01
4.328851887454644443e-01
4.365108592110001906e-01
4.223627164845809023e-01
4.277248039030119853e-01
4.694184246641838754e-01
4.689158590820077244e-01
4.780201941586003089e-01
5.096577765492510403e-01
4.909006245883955621e-01
4.562916210728367172e-01
4.414952938705140606e-01
4.689524254493568356e-01
4.710755976904321685e-01
4.675993398398546330e-01
4.457205783899340079e-01
4.249588536101477909e-01
4.395879714877818367e-01
4.620434440884171878e-01
3.918461399122248889e-01
4.921159389391139838e-01
5.041117556284600010e-01
4.865130834105401147e-01
4.332123516011614495e-01
4.327634541180637173e-01
4.280120623993510787e-01
4.346508638971415817e-01
4.643439782704918972e-01
4.708365802720573257e-01
4.723773967371174831e-01
4.799631097937707147e-01
5.026200537214426944e-01
4.850452912076861911e-01
4.908263486999017711e-01
4.546544722807825956e-01
4.440509924086537552e-01
4.669894290927806835e-01
4.866013616581721379e-01
4.708115415122715031e-01
4.106550571951122497e-01
4.584353674402267265e-01
4.749133286407183907e-01
4.602637330942503380e-01
4.445310419289221215e-01
4.324349937264828636e-01
4.983290618698610341e-01
4.949711035192638775e-01
4.954821345907087782e-01
4.374192244172038779e-01
4.310771564569375602e-01
4.331562334182702534e-01
4.402953148082275336e-01
4.667724355438014894e-01
4.736083096996211994e-01
4.821824192273366227e-01
4.833875427412914205e-01
4.740890568073977129e-01
4.938261369234521747e-01
4.354302766934239344e-01
4.761993568883758354e-01
4.552892384358454558e-01
4.372760265531742685e-01
4.745596921691654368e-01
4.741792688729649097e-01
4.678179099370647909e-01
4.744412503578659956e-01
4.385270196859133995e-01
4.271228188320775887e-01
4.609745465394365915e-01
4.697334211190842268e-01
4.604548838521903553e-01
4.539606933249681342e-01
4.526030307395861318e-01
4.442218877374004560e-01
4.191218537111945919e-01
5.006878592606964773e-01
5.183837086518463533e-01
4.350759965520674677e-01
4.314156140203858625e-01
4.293932574547273950e-01
4.286664507271065183e-01
4.323581052206910691e-01
4.682691775877191320e-01
4.757446111312002013e-01
4.673506138655634246e-01
4.989977717269871715e-01
4.820579286630182758e-01
4.400580560042117173e-01
4.660917080113518018e-01
4.439923422007964193e-01
4.785037270035472079e-01
4.591658329279378892e-01
4.333928395569717762e-01
4.648734624632491208e-01
4.897566215120953137e-01
4.737408647335115131e-01
4.372373565787593397e-01
4.492730548740394014e-01
4.887150444477570410e-01
4.147999939110909029e-01
4.624620213574119898e-01
4.692538149033439465e-01
4.627522217530876669e-01
4.527783005418525297e-01
4.460700434066414699e-01
4.818930235981663257e-01
4.792216198351886280e-01
4.225705399194508716e-01
4.861596623973361009e-01
5.154508286458721056e-01
4.879742800323250695e-01
4.269731766993400401e-01
4.330859065310614930e-01
4.269514867363642940e-01
4.295639090152036377e-01
4.724721231460767279e-01
4.687612855271289236e-01
4.753302146911710935e-01
4.969877518033468111e-01
4.798046183229262573e-01
4.831615745148038488e-01
4.411987466591236196e-01
4.596544299594100824e-01
4.445728376511732249e-01
4.670270983185232372e-01
4.491005130777791510e-01
4.391523079187394374e-01
4.678586249058362956e-01
4.796426575964333194e-01
4.692281074860266132e-01
4.724805965124885265e-01
4.297363164456678986e-01
4.617950605469326453e-01
4.337459377254905823e-01
4.390760822902133875e-01
5.073851211385030924e-01
4.854894344360316527e-01
4.199314108474443974e-01
4.634404342685973788e-01
4.656693700336478892e-01
4.641223499017633203e-01
4.426014529624746618e-01
4.647200943841904297e-01
4.493208361157358666e-01
4.470606937432003991e-01
4.800250393483341260e-01
4.248996066122360249e-01
4.218506029236442911e-01
4.938634850635159057e-01
5.016370552445262865e-01
4.952327238581339941e-01
4.337664187880942435e-01
4.488008352485297059e-01
4.359846804572652945e-01
4.288496148554605258e-01
4.422223686238681561e-01
4.677848085140087764e-01
4.698669843950506464e-01
4.743622197483732816e-01
4.695598513046240763e-01
5.092335765674994574e-01
4.749623004095656631e-01
4.921683250129343934e-01
4.400572459096739331e-01
4.621749103272717596e-01
4.421523620199252491e-01
4.418348011164136557e-01
4.536250431747700929e-01
4.302194418008198351e-01
4.723186409833560195e-01
4.752236505011664391e-01
4.668720238112052390e-01
4.793676602912993467e-01
4.271174944284074071e-01
4.411624655520838822e-01
4.377776051497170862e-01
4.402703983978777935e-01
4.790933726461844011e-01
4.269455841211987068e-01
4.223202439489752713e-01
4.644112258740025756e-01
4.654424497766160296e-01
4.652625543607694647e-01
4.430840100822205363e-01
4.591188599914010626e-01
4.466415356556187044e-01
4.900276001214167176e-01
4.854681988297889772e-01
4.226698231578653875e-01
4.954577343780429688e-01
4.986702482272016290e-01
4.994148273760484757e-01
4.351074896735628861e-01
4.390384062375423668e-01
4.365740248952862945e-01
4.363445043214768115e-01
4.610795371842659751e-01
4.680896661218982291e-01
4.586491084574008670e-01
4.996135172069393060e-01
4.720435459867179939e-01
4.886540477547812178e-01
4.398868317858295462e-01
4.620273367108594931e-01
4.412475756472436506e-01
4.465096682024461971e-01
4.987294792036696678e-01
4.777430042890810080e-01
4.425417306371454695e-01
4.394847501310860660e-01
4.674577518771063089e-01
4.833675485657816240e-01
4.645687989560965958e-01
4.758751287517410944e-01
4.274568305901802479e-01
4.394303996914926680e-01
4.384589682405449773e-01
4.391311314086663864e-01
5.285893017270604233e-01
5.211902937601143870e-01
4.214803674731975036e-01
4.657821455233124297e-01
4.629409229926779723e-01
4.662350479402673220e-01
4.429513133705541006e-01
4.570231229806582252e-01
4.463570047067563218e-01
4.685896650653748607e-01
4.233472691012589717e-01
4.302513888380118945e-01
5.018489704721035283e-01
5.021491709024981098e-01
4.978122497971078642e-01
4.303890053822839179e-01
4.594914015387170370e-01
4.354720933690070517e-01
4.260707315782037430e-01
4.497537743041570835e-01
4.358257563511827026e-01
4.621539118410816771e-01
4.809018019410864486e-01
4.672647958895664866e-01
4.998209852015572108e-01
4.709929334032522119e-01
4.824475984059876099e-01
4.762590931332154054e-01
4.402186500492020205e-01
4.436985244064092226e-01
4.459098418044288858e-01
4.733752504217343948e-01
4.570073707742817182e-01
4.849729656668952393e-01
4.292411434746147281e-01
4.605589108195146109e-01
4.355661449794181461e-01
4.393697590469372027e-01
4.796757391348233091e-01
4.268248582802492419e-01
4.272755301294251518e-01
4.656738044688234490e-01
4.617532180625488758e-01
4.671212289219726088e-01
4.430715073127691195e-01
4.555999821551507400e-01
4.457479090020895485e-01
5.067503285272513258e-01
5.299210747398507282e-01
4.186341932778175901e-01
4.204756624969536727e-01
4.977558455292323547e-01
5.140794364145618855e-01
4.961169631558540183e-01
4.327365887688616186e-01
4.421141911103777522e-01
4.307493088818161731e-01
4.423972780024196250e-01
4.513056688729150667e-01
4.395836451195054284e-01
4.721725562283936584e-01
4.655044756180115595e-01
4.668118912045275404e-01
4.539910976789358621e-01
4.892835883632310479e-01
4.638946515164950601e-01
4.733034858141266232e-01
4.803134562227562299e-01
4.126286285362238959e-01
4.513448110191198848e-01
4.430291167799065843e-01
4.428049609870321479e-01
4.653368277384013485e-01
4.698178881147259123e-01
4.601135200498471245e-01
4.636793657622020337e-01
4.702500186762457179e-01
4.796077673764880256e-01
4.289664680315666279e-01
4.338319076621137138e-01
4.398259011975945709e-01
4.690506090199761391e-01
4.044637164100476912e-01
4.623632241369690088e-01
4.671000359220540687e-01
4.668344624227223072e-01
4.445638137853748506e-01
4.562055500078180947e-01
4.453981296744625729e-01
4.570057054158895848e-01
4.632523916161228050e-01
5.000779344699911588e-01
4.326738634877762002e-01
4.303928620144872319e-01
4.482522108272268269e-01
4.667621985015200647e-01
4.416588159602465868e-01
4.926117846742166240e-01
5.056540378351017662e-01
4.310891508022887675e-01
4.598069194030995344e-01
4.618488537718886677e-01
4.772268437770122440e-01
5.471452943641063049e-01
5.155895887812578238e-01
4.395775369086455941e-01
3.855706982061910537e-01
4.560413851694939957e-01
4.612936571754316928e-01
4.545059980196184957e-01
4.552228399976356865e-01
4.571767314104239199e-01
4.598922077708708089e-01
4.642340206924427393e-01
4.682602075605472591e-01
4.800965847467029701e-01
4.246231711400271780e-01
4.452499656819451368e-01
4.405829839939719994e-01
4.343595454974441550e-01
5.709351562247230172e-01
5.478738662260341785e-01
4.037846814493686876e-01
4.492599457352246528e-01
4.637176204042225414e-01
4.615238014886969276e-01
4.397620003925787335e-01
4.648863189911681126e-01
4.446350796033834429e-01
5.028407239729688616e-01
4.318839517287894059e-01
4.308793048613715482e-01
4.342156531578451606e-01
7.699403480062669836e-01
4.972262925961732916e-01
4.193807774469479055e-01
4.228667092474352462e-01
5.047611865392953590e-01
6.543539145432832882e-01
4.714553010096473318e-01
4.354857479422963862e-01
4.423870321582106802e-01
4.581250328211699530e-01
4.663909280113113232e-01
4.678472896890477073e-01
4.289274860960291536e-01
4.630811068597786018e-01
4.301362055053916111e-01
4.385402652098620568e-01
5.103493130941026967e-01
4.387936653394862163e-01
4.634145024585298867e-01
4.417466966083437585e-01
4.727190616241767063e-01
4.961221334302666763e-01
4.858839406319256926e-01
5.092544560442038293e-01
4.295118626540788132e-01
4.272373691399631301e-01
4.346265690820332872e-01
9.197492387590332497e-01
4.265121142918670283e-01
5.988895768815005738e-01
4.126597372445374168e-01
4.584971304186621910e-01
4.430559477855591788e-01
4.687815862964018754e-01
4.700641709265811485e-01
4.618681850159344626e-01
4.643093795956794168e-01
4.650713063047724471e-01
4.889317943196668792e-01
4.382743682143950270e-01
4.522461440241897224e-01
4.390420675771938286e-01
4.710555446653006406e-01
5.004157743887442944e-01
4.793587535332648475e-01
4.981895857507492309e-01
4.954535292554268500e-01
4.276336388769065855e-01
4.388851506091666632e-01
4.291252241994555905e-01
1.066926382227117109e+00
3.615894641682315114e-01
3.540357640705071862e-01
4.546304370169174658e-01
4.225136915412455729e-01
4.601177737672289547e-01
4.718217132425749361e-01
4.589654826434683144e-01
4.539692493732413459e-01
4.596502586609091390e-01
4.604624852242807931e-01
4.619799593041533092e-01
4.651801412979424399e-01
4.684868527776265834e-01
4.810224840257612544e-01
4.324385890269902277e-01
4.367304030324145048e-01
4.705970704835311658e-01
5.024262419452822925e-01
4.784717282742402267e-01
4.912222143459319401e-01
4.942544409244893910e-01
4.205144492350509355e-01
4.462706050965701277e-01
4.200463379281256793e-01
1.235216323740196076e+00
3.433461617872374250e-01
4.752318082525579523e-01
4.494871601131890659e-01
4.802912041689088030e-01
4.661626787156873952e-01
4.794668897141248776e-01
4.707898214976791729e-01
4.580139055165649564e-01
4.550658427660338456e-01
4.579276570218077103e-01
4.624396145922301526e-01
4.669624152142278217e-01
4.697526090076977190e-01
4.738956687322767869e-01
4.799683668937636538e-01
4.741966497012032877e-01
4.318270845555531867e-01
4.332882158352691082e-01
4.379314418742272230e-01
4.778964461295647226e-01
4.835976081696677920e-01
4.688802600641555074e-01
4.784243119047977832e-01
4.935945542630927330e-01
4.898579481077310893e-01
4.204525011540993784e-01
4.208719476032969364e-01
1.426377002183778275e+00
4.768022315723564053e-01
3.052900209367930273e-01
4.796018108432489324e-01
4.844633262510303351e-01
4.661662845687363221e-01
4.728172195264311872e-01
4.806759013246551526e-01
5.006148573786308731e-01
4.216222026197442574e-01
4.245030761466555003e-01
4.254410846235894827e-01
4.438326256597840969e-01
4.749773242593963163e-01
4.765409945645736056e-01
4.996965302228639216e-01
4.202281041954040730e-01
4.398245038381385918e-01
4.224765642919857123e-01
4.151899715843181404e-01
4.453988943672251843e-01
4.184579416220209902e-01
2.192874890022119772e+00
1.897886617286999922e+00
4.169912554411649985e-01
4.248818267808617266e-01
4.265366581408454039e-01
2.544065515947116829e+00
4.173545541520327085e-01
4.324498144305856107e-01
4.316812460008287999e-01
4.311760091580322252e-01
2.974913494910530254e+00
4.308638566541773685e-01
4.464320908636887353e-01
4.139108594508942307e-01
4.398136431101774546e-01
4.426612980612477655e-01
4.322030191504034891e-01
3.529486854777283966e+00
4.228880580826124280e-01
4.372340817390842904e-01
4.350165008598559369e-01
4.442925254766835197e-01
4.448884135283567298e-01
4.304824769326786260e+00
4.329484399941716521e-01
4.502356011240092326e-01
4.267889052920019188e-01
4.434759436278295497e-01
4.463881749407593302e-01
4.378765583054567423e-01
5.581334485181720595e+00
4.333493497225094360e-01
4.592521352699402981e-01
4.314517172453481986e-01
4.438232213323474173e-01
4.444380171942881597e-01
8.712906945583553053e+00
4.351225968791486154e-01
4.613328950836741438e-01
4.326370560908782137e-01
4.446601932587913031e-01
4.447584756537599215e-01
1.124474049611627358e+01
1.772795924192791617e+01
7.346908669415373794e+00
5.636513559406249207e+00
5.004553070784034219e+00
4.607225051915065706e+00
4.309309995716762209e+00
4.066615644459519174e+00
3.859263940270766025e+00
3.676247005263328482e+00
3.510884041194199057e+00
3.358919887082544964e+00
3.217585530256370063e+00
3.085078148686996702e+00
2.960247267161467466e+00
2.842390701804990982e+00
2.731113452525367080e+00
2.626225615497989718e+00
2.527666282854621471e+00
2.435445622819179867e+00
2.349599879681751435e+00
2.270155402799992395e+00
2.197098782328612998e+00
2.130351145937756652e+00
2.069745855621714981e+00
2.015010269213432181e+00
1.965753741618058159e+00
1.921465261824181869e+00
1.881524488537421824e+00
1.845228866927868250e+00
1.811836687170129023e+00
1.780621777623858426e+00
1.750931290339870605e+00
1.722235591807765420e+00
1.694160195515071798e+00
1.666494248173057358e+00
1.639176838468598740e+00
1.612268672711131501e+00
1.585919929055403133e+00
1.560344217247584542e+00
1.535804192609843355e+00
1.512608453751243420e+00
1.491114170601337996e+00
1.471727149193615025e+00
1.454891342541672294e+00
1.441062576381398008e+00
1.430665070262276739e+00
1.424032688172348626e+00
1.421338899043768089e+00
1.422520446668402716e+00
1.427201052919430779e+00
1.434624811875655936e+00
1.443615139145952631e+00
1.452582747439325139e+00
1.459610185720781717e+00
1.462633373655015223e+00
1.459716169714103007e+00
1.449374862811428466e+00
1.430871598006193901e+00
1.404383520806930186e+00
1.370984228336104227e+00
1.332437760943113059e+00
1.290871037498734442e+00
1.248423886230054070e+00
1.206963889176880578e+00
1.167910895215606759e+00
1.132170965507671934e+00
1.100152811048658474e+00
1.071836167680463525e+00
1.046872285012572901e+00
1.024708363887086193e+00
1.004730898424258445e+00
9.168132685514882585e-01
9.206154581865649833e-01
9.181759084198702903e-01
9.578251283258697457e-01
9.386745701036799394e-01
9.818006472613202140e-01
1.008605649248080827e+00
1.035034009239438113e+00
1.056474252999557883e+00
1.066835361080448630e+00
1.058679112400480626e+00
1.023556442934164812e+00
9.523486057466793442e-01
8.352075157708936937e-01
6.690328994209688851e-01
4.907016592844197778e-01
4.268093624908981809e-01
4.443020930874653218e-01
4.462261453330405581e-01
4.462867075318905363e-01
