1.740503281674458336e+01
1.106462412062594680e+01
8.581386206349323587e+00
7.260674288007005650e+00
5.598029796217470100e+00
4.990272449579940428e+00
4.610340691930654877e+00
4.326186377262257743e+00
4.094720826119062629e+00
3.896541039975300436e+00
3.720893670260635666e+00
3.561277458108826011e+00
3.413603027325410544e+00
3.275273642614996650e+00
3.144664983755392385e+00
3.020802696973341916e+00
2.903148912115703695e+00
2.791454804304097426e+00
2.685656551379336232e+00
2.585801293575340942e+00
2.491994148202942405e+00
2.404359675879852887e+00
2.323012641960455316e+00
2.248034011040088487e+00
2.179449123122962906e+00
2.117206088492369354e+00
2.061153717543105390e+00
2.011019838669116488e+00
1.966392626003746757e+00
1.926709359110774455e+00
1.891258414172270808e+00
1.859200528998064650e+00
1.829613687201418815e+00
1.801561815240562137e+00
1.774181181448273970e+00
1.746771446245603654e+00
1.718873343473809268e+00
1.690314747983340693e+00
1.661212852219325464e+00
1.631931204942159930e+00
1.603002729866965570e+00
1.575038769387921311e+00
1.548646227581202739e+00
1.524369555807907339e+00
1.502664181410883648e+00
1.483897100676726977e+00
1.468362449798758629e+00
1.456296988189266894e+00
1.447882649335973992e+00
1.443229121433618589e+00
1.442336475079904146e+00
1.445043853931926581e+00
1.450973675962508036e+00
1.459481435043366693e+00
1.469620198214763196e+00
1.480128350774095880e+00
1.489450929873268770e+00
1.495808849939969098e+00
1.497332465261921319e+00
1.492268657952708466e+00
1.479247438086761068e+00
1.457557668222169367e+00
1.427349754391257219e+00
1.389681992915429820e+00
1.346371190780766947e+00
1.299681572491873327e+00
1.251948138728305349e+00
1.205245036266090031e+00
1.161172516208891059e+00
1.120777090068435955e+00
1.084574625414842730e+00
1.052632737762861703e+00
1.024680399985259616e+00
9.152468689070526464e-01
9.056975078000470969e-01
8.999132862761279883e-01
9.029811646648694401e-01
9.130882571886410615e-01
9.291344320490125819e-01
9.505772876059357390e-01
9.761056926369982012e-01
1.003475575346089332e+00
1.029361986428453779e+00
1.049253382612076013e+00
1.057429495534057962e+00
1.047068712446812100e+00
1.010473144297967085e+00
9.392586588051543561e-01
8.241899706870144948e-01
6.616546564993566193e-01
4.835225909600973648e-01
4.039274865885083554e-01
4.325767861779767909e-01
4.396469450913159660e-01
4.395223657522863703e-01
4.476536866211620613e-01
5.509666820855565028e+00
4.158196980886685878e-01
4.075916037212509724e-01
4.363233674891306424e-01
4.383675464768356234e-01
4.455038449655041033e-01
4.252253139668767723e+00
4.169981356711666698e-01
4.135550723096773074e-01
4.393458625882470381e-01
4.425410810176795828e-01
4.425944160353314505e-01
3.484583273878289145e+00
4.221633351902595033e-01
4.094733647464556814e-01
4.390451650125056782e-01
4.459246619344571783e-01
4.344863736497226459e-01
4.329131425528070509e-01
2.932967237600629495e+00
4.140615148481034402e-01
4.210959198195700637e-01
4.420965945213672921e-01
4.456934671704114725e-01
4.315539703381566783e-01
4.313595376459836150e-01
2.502757731471054292e+00
4.070438508293138247e-01
4.235362944011484276e-01
4.385903483933320524e-01
4.278927042794368196e-01
4.202553038141817465e-01
2.151139327330801265e+00
4.071573441400362370e-01
4.230735397844497259e-01
4.219983179539237295e-01
4.156463321646273745e-01
1.855544310680413478e+00
4.116630293093149762e-01
4.225943582258855913e-01
4.111403824286244402e-01
4.130782219115396448e-01
4.175369614973224452e-01
4.117602991240202348e-01
2.757655855620026464e-01
2.772595858973651572e-01
4.316489001581014229e-01
5.206820071723828880e-01
5.018600557877384016e-01
5.066973515235662084e-01
5.031020630050757614e-01
4.101083737906427995e-01
4.351618028455823683e-01
1.199251202125365401e+00
1.385832489541449331e+00
2.714836228494795223e-01
4.831291961193578954e-01
4.786563176147964893e-01
4.930049157539639904e-01
5.120453003591947105e-01
5.430949857520764867e-01
5.294094421182988786e-01
4.128062562224537602e-01
4.146020908580724806e-01
4.331795215064291327e-01
1.040400439293841961e+00
4.198043213092587655e-01
1.696845219793512161e-01
5.305786256672051504e-01
4.435896657182183400e-01
4.634687810177069989e-01
4.597801108222928090e-01
4.640514268018923749e-01
4.667732618397902322e-01
4.691146803226642348e-01
4.734302841436215381e-01
4.774550714571292875e-01
4.863289350017383494e-01
4.922864958171025429e-01
5.034855913363649460e-01
4.832602532132229123e-01
3.638353781147468657e-01
4.823076975716218961e-01
4.847585570841388969e-01
5.005503158782356188e-01
5.346163108053427759e-01
5.229139562537437058e-01
4.180941379747837305e-01
4.218282623982768653e-01
4.172107690163703309e-01
9.055262967230252036e-01
3.194393780637979630e-01
3.963430011371560369e-01
4.734428481375667630e-01
4.643652956846608948e-01
4.621979327527178660e-01
4.673015416656711718e-01
4.685658565213483007e-01
4.713167083134806590e-01
4.747083099121084948e-01
4.870540542627854186e-01
5.007427277439783220e-01
4.947996317794733923e-01
3.692122131073454216e-01
4.457462753242961151e-01
4.480047902979906183e-01
5.187042837240201099e-01
4.884628424108591327e-01
5.023087534510009000e-01
5.322442126588513567e-01
5.281804999762444996e-01
5.292022648652143779e-01
4.173080111123903535e-01
4.371548166626315624e-01
8.166236995753785033e-01
4.428749879594289229e-01
4.328241331806866876e-01
3.740156442088196087e-01
4.334620728609872020e-01
3.967420852680441090e-01
4.060447967144995007e-01
4.729241526312814581e-01
4.710544037925081251e-01
4.790692245988198983e-01
5.060615111129997956e-01
5.216912403988674951e-01
4.405595094487109176e-01
4.451745052529114122e-01
4.424320170240437222e-01
4.917891401997110390e-01
5.029533769865304205e-01
5.440897717972187353e-01
5.354552251549595798e-01
4.210305004527647443e-01
4.218601841354042148e-01
4.367652756001600411e-01
5.632165509996190922e-01
4.758022862873141912e-01
4.719133393080153227e-01
4.940009394269102572e-01
5.235600130713952138e-01
3.598122626680031466e-01
2.793718427444661923e-01
2.958269490415879055e-01
2.615896408617745528e-01
4.846259318702297869e-01
5.337366296542396249e-01
5.152459951459892329e-01
4.932615699331128756e-01
4.926326440724886346e-01
5.061484240068493401e-01
5.188483519084396978e-01
5.382419630871445593e-01
5.092494754978015292e-01
4.051718412030523297e-01
4.340607215247405115e-01
4.537646402124284606e-01
5.702600087027708264e-01
4.500708899893365866e-01
4.471054029403016550e-01
4.452882861437651996e-01
4.948112069291235038e-01
4.927160846435009733e-01
5.038608429435655900e-01
4.258726452804723617e-01
4.319619058613736740e-01
4.222952011548850026e-01
4.217979553711561080e-01
4.322278944049791072e-01
4.717680156778960021e-01
4.655404055552039844e-01
4.587293344060471845e-01
4.881046914044532281e-01
5.151015613510042668e-01
4.975885814518679617e-01
5.026732736395167489e-01
2.909999567491028949e-01
4.073891349380607263e-01
4.845396802300873662e-01
4.875572719451585213e-01
4.931540039871935011e-01
4.705838294294645840e-01
4.778796047993680296e-01
4.874229280229654404e-01
4.890490686539610832e-01
5.006203094981606094e-01
5.260909742730371930e-01
5.317436351821852591e-01
5.255032796783222215e-01
4.174817133077087239e-01
4.257198567836473213e-01
4.358311519105093068e-01
4.216821854969335370e-01
5.737953897076030207e-01
4.884246354938250878e-01
3.925380114070661230e-01
3.919266921376358126e-01
4.532585872426519447e-01
4.649672434031563717e-01
4.623962392400324806e-01
4.464064612094500450e-01
4.460806533937510809e-01
4.456333962756027223e-01
4.944109372811613112e-01
4.565528789724769831e-01
4.083116588023709692e-01
5.146097580052518827e-01
4.299417470564426691e-01
4.347411413875148511e-01
4.281061343802443075e-01
4.407744688647036724e-01
4.296101546892576728e-01
4.350777095309277809e-01
4.614603176726149725e-01
4.709197642759561653e-01
4.777826871958047450e-01
4.800357282043177243e-01
4.892105581816041937e-01
5.061840363471689086e-01
4.984643742483526041e-01
5.161424523740032466e-01
4.276678173724695053e-01
4.621791287444972363e-01
4.523471488783832317e-01
4.644026430244047043e-01
4.690209141191469810e-01
4.578484252745419480e-01
4.825001880041123181e-01
4.231900213005078681e-01
4.412205915810065715e-01
4.513329186210630617e-01
4.915965039014371651e-01
4.063698092393543959e-01
4.555243787613905693e-01
4.617047067393144077e-01
4.615162755457223320e-01
4.469835054849185529e-01
4.483815001312388970e-01
5.285533240774392683e-01
5.193630462949140325e-01
4.201814042526162418e-01
5.367436800159902655e-01
5.078005150179797367e-01
5.333535461556515589e-01
4.331371766216655095e-01
4.475875043292311117e-01
4.200710483439790699e-01
4.202989021078281651e-01
4.303598515960977422e-01
4.808713395800346402e-01
4.717192223224070946e-01
4.684748476513401760e-01
4.884076182626921336e-01
5.204073519099206013e-01
5.113031254808300119e-01
4.339040081589743969e-01
4.240299435340496026e-01
4.502604246247002839e-01
4.439750785930123844e-01
4.773925956506840373e-01
4.625004426921380252e-01
4.633383196263633486e-01
4.435399087227873127e-01
4.816614107871031725e-01
5.022716698101185040e-01
4.969843143085959092e-01
4.321531844317787474e-01
4.347461646729240403e-01
4.443101259605404807e-01
4.581998919053565378e-01
5.298285373938274034e-01
4.170547889960031229e-01
4.182026936066637890e-01
4.646854289253763981e-01
4.671960105784223605e-01
4.673657969710310334e-01
4.703980318154420970e-01
4.456362991769582949e-01
4.467240694922168798e-01
4.512434983397202726e-01
4.991788742172859061e-01
4.147367073938602600e-01
4.148736267552632362e-01
5.265412870366739106e-01
5.177334830810788047e-01
5.241609115974055211e-01
4.318959949707820156e-01
4.222426935451750185e-01
4.541085412978120295e-01
4.245743994320396730e-01
4.178701147341464806e-01
4.738061809826098481e-01
4.753142579852349670e-01
5.079297149945475320e-01
4.687057927681628766e-01
4.956497500704425407e-01
5.004611572139914255e-01
4.845775757382728699e-01
4.276640422357386728e-01
4.176432824767927765e-01
4.421985459640032090e-01
4.338551448442644065e-01
4.749898555361619645e-01
4.501366933546698812e-01
4.959475073341388929e-01
4.750541766983607528e-01
4.929529301182823398e-01
4.932288130798951897e-01
4.327389416381076104e-01
4.422839158145998040e-01
4.469894644956632357e-01
4.607730691733336603e-01
5.418616864254475196e-01
4.958099344491663230e-01
4.231647023259283991e-01
4.676661062556351500e-01
4.680658379492733667e-01
4.707022805276505628e-01
4.450981673990542231e-01
4.468356492255165513e-01
4.488946332653283577e-01
4.991982480418985513e-01
5.014931559674543626e-01
4.201039255450836896e-01
4.203007697078338656e-01
5.171427969095807597e-01
5.175617075654935784e-01
5.284372851493089884e-01
4.344871050096584808e-01
4.392335249894813165e-01
4.352803807265113734e-01
4.112712934874625526e-01
4.072504632795534429e-01
4.730122426828924920e-01
4.722978393589494228e-01
4.901142597821613878e-01
4.960159391347955249e-01
5.326944140483629297e-01
5.404581740595830741e-01
4.243104093980237801e-01
4.205042936079313454e-01
4.340911579710954871e-01
4.371792504752189390e-01
4.867166102648440851e-01
4.744961567589320306e-01
4.328209073545752905e-01
4.305571821373617714e-01
4.913530422776626883e-01
4.783647867981812851e-01
4.941093752868291888e-01
4.962390153965716144e-01
4.395984863965103351e-01
4.490663713689417857e-01
4.527222223209547702e-01
4.558117757673822990e-01
5.052240444633993022e-01
4.262392384062200779e-01
4.176254627207798276e-01
4.679275269587486741e-01
4.685628151781958128e-01
4.452514837025123295e-01
4.465955416554231450e-01
4.466370863490470855e-01
4.460735127137940847e-01
5.006685026669137617e-01
4.122508608146945863e-01
5.119508789920399483e-01
5.118485461967882122e-01
5.395589440518244739e-01
4.314542554534750995e-01
4.406229168722039513e-01
4.103469212863355975e-01
4.122517147087206846e-01
4.673953843196672620e-01
4.721537505179489447e-01
4.999352497739864565e-01
5.113314838387206240e-01
5.329044114564858159e-01
5.486671970421400646e-01
4.236439950422106748e-01
4.324608111198973148e-01
4.323940743411787690e-01
4.923951981086084895e-01
4.406260091195797202e-01
4.821942764526723768e-01
4.813161739489844604e-01
4.865978764072145246e-01
5.054664737925455009e-01
4.548020369190005074e-01
4.554402037287348937e-01
4.772400998710849551e-01
5.112903831000368271e-01
5.045009854037550978e-01
4.305379122581175499e-01
4.689964015195597913e-01
4.684810494720281770e-01
4.668403512406151812e-01
4.440385474205307825e-01
4.482357372856582423e-01
4.605696949313503596e-01
4.982035375212909289e-01
5.037657051807887809e-01
4.303320814540153028e-01
4.106701785384983538e-01
5.073136277267683569e-01
5.074515228289413482e-01
5.195952669829431159e-01
4.373113728655746990e-01
4.488723200472372055e-01
4.131775490914255111e-01
4.220683778125026708e-01
4.326478638590342540e-01
4.718952745163426665e-01
4.766520746185478608e-01
4.700365051157769369e-01
5.035800852341121292e-01
5.269089641733042395e-01
5.304698484131241676e-01
4.304853268311756853e-01
4.341594155594878934e-01
5.266747482710186778e-01
4.232770095667326982e-01
4.213424722515358711e-01
4.721613367218818191e-01
4.842343782071321656e-01
4.767607227705524253e-01
4.567921215646781885e-01
5.127432374151990047e-01
4.850218022223021230e-01
4.460255672952488926e-01
4.203753321195000114e-01
4.698572707828084227e-01
4.689863074739327176e-01
4.648730634414404150e-01
4.406699371496372586e-01
4.527646066960352433e-01
4.761644749762915518e-01
4.779270228125372943e-01
4.195736651998757671e-01
5.140763997708919231e-01
5.055615576339947959e-01
4.437200608838849925e-01
4.478970815341806744e-01
4.233773452809949656e-01
4.170345120411114714e-01
4.740125946320356554e-01
4.778325299136332305e-01
5.203112361904571603e-01
5.004940679743705712e-01
5.235312241360281504e-01
5.331004313390276250e-01
4.325344928335330130e-01
4.591215258362592588e-01
3.983594584482845757e-01
4.787999826834470340e-01
4.744565906254165633e-01
4.758835546914118586e-01
4.886870577202416799e-01
5.214756626107839299e-01
4.278694326678899040e-01
4.700036850493728435e-01
4.679798923447941461e-01
4.591536873337184743e-01
4.614140868760878700e-01
4.312307399790145102e-01
4.128997431838944965e-01
5.135762680825926019e-01
5.030697469424482149e-01
5.243070586842195624e-01
4.475388069613633890e-01
4.449342093654446995e-01
4.117172163858925371e-01
4.095670349459882287e-01
4.702334035949369273e-01
4.755080960039952953e-01
4.919455136136112738e-01
5.070634844094672466e-01
5.157967038474680077e-01
4.536744990362263086e-01
4.701384047905578512e-01
4.686869510572808095e-01
4.902460030641082045e-01
4.356067995770567802e-01
4.676602575452207256e-01
4.657225966721285082e-01
4.675771148951548550e-01
4.035868603178722203e-01
5.093958081783760417e-01
5.073182616225632158e-01
5.075181770912082779e-01
4.546521508498363451e-01
4.503831274983816080e-01
4.064520064233466679e-01
4.098581737349227261e-01
4.668357060092335753e-01
4.722620470724201436e-01
5.149437298484943470e-01
4.971663002178004498e-01
5.131405760122951243e-01
5.248693185928738902e-01
4.515576903568773726e-01
4.645060915372524191e-01
4.652488290657250669e-01
3.827233487068553153e-01
4.480851855233892733e-01
4.116205891762483304e-01
4.485399337565101896e-01
4.221192265343440830e-01
4.191594170813738862e-01
4.969201506713485927e-01
5.049292779534751974e-01
4.496033991328110546e-01
4.518132748501467733e-01
4.126788148633042663e-01
4.217547566930036074e-01
4.295276003989966784e-01
4.690161148334239805e-01
4.740010499094098884e-01
4.702156827655770144e-01
5.156948789933091248e-01
5.040594328141091429e-01
4.533998410955726865e-01
4.627259087489285494e-01
5.096900486253470586e-01
4.269495958455503670e-01
4.537419117629746812e-01
4.479351019656504507e-01
4.427717980848160928e-01
5.076783445146473284e-01
4.826673253633207983e-01
4.521301494937173815e-01
4.513763487895575133e-01
4.255684271020992449e-01
4.275949573664490910e-01
4.742307335872200103e-01
4.731374867501939585e-01
4.210924812534879158e-01
4.889758226744708169e-01
5.078968018955545283e-01
5.004479320429500167e-01
4.293480293632963019e-01
4.109208660378642630e-01
5.059670225794904441e-01
5.135973991963667107e-01
4.339520933335506148e-01
4.436822331280950715e-01
5.237603170142584030e-01
4.528129429059489230e-01
4.536652540322926308e-01
4.523603682680900073e-01
4.160299816872210510e-01
4.129503963616094064e-01
4.708762941794344403e-01
4.734309604468115995e-01
4.459882276641474186e-01
4.200169487083711406e-01
5.012648611576288049e-01
5.093606608879716058e-01
4.137344016998898977e-01
5.104280856579086478e-01
5.241013256630383532e-01
5.059853424378680797e-01
4.419862157035459593e-01
4.307904797444289668e-01
5.011318593556561840e-01
4.975734448423859146e-01
4.911693121097338022e-01
4.939166019319888856e-01
4.508173593583836847e-01
4.545209759384684634e-01
4.524808806820022622e-01
4.094654669230661237e-01
4.103088281050889519e-01
4.688660889275253485e-01
4.690355987377577973e-01
4.105290997924703755e-01
5.036138553767292025e-01
5.018667344728997559e-01
4.202930511425397864e-01
4.231611330733976994e-01
5.012796262256742352e-01
5.085767238502825194e-01
4.339061511653890535e-01
4.362617840829701166e-01
4.679599346601674981e-01
4.760486085509798571e-01
4.491115589911212624e-01
4.173110522149910961e-01
4.298457424246822645e-01
4.963239636838314706e-01
4.970922356101992734e-01
4.669589534330941816e-01
4.612910246215691790e-01
4.570269764246127631e-01
4.750991721156817005e-01
4.878874855706417657e-01
5.211940498331943949e-01
4.525503498158060522e-01
4.566154762326988803e-01
4.142565499719974009e-01
4.183367023851005673e-01
4.259769375773523326e-01
4.678585186293353626e-01
4.727595098065148216e-01
4.706379718483545971e-01
4.161287465433830546e-01
4.178174714056890338e-01
4.661043555373927116e-01
4.892994798684168201e-01
4.734380166571172111e-01
4.710608374684101540e-01
4.733730791739194643e-01
4.880917567948293012e-01
5.113386729187461288e-01
5.104157318391663312e-01
4.202742995732544062e-01
4.045870974146947296e-01
5.419808946614201872e-01
5.359685556338418255e-01
4.465595453355003519e-01
4.196050545174856983e-01
4.093919961111419648e-01
5.002056560614394076e-01
4.960340760677406369e-01
4.356552628438418728e-01
4.737627980591379573e-01
4.760080034367356050e-01
4.242073331740155440e-01
4.228109067569232882e-01
5.010788280948720308e-01
4.875156477754659656e-01
4.585622061626816737e-01
4.489505314274712111e-01
4.654851512195306573e-01
5.014295260395212894e-01
5.149889062544952267e-01
4.569761937654842621e-01
4.568473408415417714e-01
4.283268981443689727e-01
4.314905853901138122e-01
4.695080683263846977e-01
4.771879726669254751e-01
4.111653318010874969e-01
3.986029174980223466e-01
4.751429536253229946e-01
4.834981787404554754e-01
4.691538876574397610e-01
4.690491352866890118e-01
5.091892281021687117e-01
5.250548973366391259e-01
4.128897236058234888e-01
4.146804400010747904e-01
5.181771024681334215e-01
5.181291882760562517e-01
4.150083972201444871e-01
4.332324765935203215e-01
4.872230308769605611e-01
4.922967006328006767e-01
4.410869206529791642e-01
4.397915662889390620e-01
4.764176417241178241e-01
4.760677355092989282e-01
4.266510713207116168e-01
4.302460012642799758e-01
4.369941068876633805e-01
4.893866898920810060e-01
4.811348259966111707e-01
4.647178278071176227e-01
4.563803306452828279e-01
4.562963007366435675e-01
4.632970490390120322e-01
5.119219819520419712e-01
5.137360058586577516e-01
4.575005170620893291e-01
4.184148969536745089e-01
4.165254797563943123e-01
4.693464221215186694e-01
4.769019347292665079e-01
4.073848644472441438e-01
4.083440629244068920e-01
4.808694751144734214e-01
4.790586822661425104e-01
4.694778749920087146e-01
4.633609742883635363e-01
4.765146014824213627e-01
5.051602682157979585e-01
5.183555947137293840e-01
5.164603839263490759e-01
4.229844174741789198e-01
5.253356277422889242e-01
4.134901064300658402e-01
4.157339051012606257e-01
4.281931583354534054e-01
4.891752728318365384e-01
4.946938314062510611e-01
4.991708244425701047e-01
4.471349329828420149e-01
4.374047392183105787e-01
4.780095700243394696e-01
4.789735288721306827e-01
4.366361110447807836e-01
4.431477419728432898e-01
4.780653848426724695e-01
4.828595718061878261e-01
4.643213101900728335e-01
4.582379371834739978e-01
4.592038328000206393e-01
4.650291735607550714e-01
5.127683533814495487e-01
5.097298909668508404e-01
4.616187086211056556e-01
4.584170166553293568e-01
4.125731817348196606e-01
4.059485589711546161e-01
4.664055710370103025e-01
4.707805360306410725e-01
4.200804960578923275e-01
4.830617224648242058e-01
4.777839226994263222e-01
4.640234896368270467e-01
4.663970408908957310e-01
5.234967774939143226e-01
5.431804221774871877e-01
4.330634426721144958e-01
4.263073248615544819e-01
5.236397397474061854e-01
5.338732851561783788e-01
4.225973847020143004e-01
4.184506819082977613e-01
4.905876710776155281e-01
4.958459500217824445e-01
4.399033178015375189e-01
4.332343139920017960e-01
4.758949321122608600e-01
4.753620020480893715e-01
4.327665277292423451e-01
4.292166742116622635e-01
4.777385859426589998e-01
4.883682277444725828e-01
4.878577654858886059e-01
4.546321013337227268e-01
4.588119168799540959e-01
4.591760627732420774e-01
4.666052010450890686e-01
5.067633240948811180e-01
5.065320392711059050e-01
4.625017045523616699e-01
4.610048424686786217e-01
4.123968761093774749e-01
4.138410574822866672e-01
4.143969277921394911e-01
4.667362204827701921e-01
4.657751861750585864e-01
4.703072012821002956e-01
4.262902632786286783e-01
4.237363029692673422e-01
4.786129012693803308e-01
4.760864862786744478e-01
4.644011752951739402e-01
4.600144978736498413e-01
4.675682380642633418e-01
5.105916890925362717e-01
5.090900683891083078e-01
5.472225807198854985e-01
4.259107672122487420e-01
4.271355556437623213e-01
5.294755054079388623e-01
5.346179434759602556e-01
4.080403297200655977e-01
4.153828734713048698e-01
4.160388102083184547e-01
4.748536858689091922e-01
4.830458065594805395e-01
4.883547220735368621e-01
4.357130401904951711e-01
4.347809093945771419e-01
4.791019192137668248e-01
4.762691982987065087e-01
4.293769222220485404e-01
4.255242075136226876e-01
4.845831646685985206e-01
4.911552290217290895e-01
4.502805469377216263e-01
4.572439440625336027e-01
4.636232581836322031e-01
4.635944940468157971e-01
5.042243710326439476e-01
5.026608265149692389e-01
4.559733165597277815e-01
4.641922975714480315e-01
4.254138935447984715e-01
4.310184636269857039e-01
4.615402168926098780e-01
4.618288517850575592e-01
4.270779558693355571e-01
4.311880539911575605e-01
4.860214101845521939e-01
4.571039297695380088e-01
4.581494204946136017e-01
5.324478803815787531e-01
5.321116782950416901e-01
4.199104088319475792e-01
4.329540651847042509e-01
5.307503386705870740e-01
5.230540049918952494e-01
4.251900274908298472e-01
4.283140296511993572e-01
4.823833741062025782e-01
4.932522194164912777e-01
4.343225944086778201e-01
4.328533364680830497e-01
4.894861274819203856e-01
4.350811775613373511e-01
4.355593429588495158e-01
4.355393569898058925e-01
4.784688415834902342e-01
4.841549465530329832e-01
4.551354939771372621e-01
4.663977036692819045e-01
5.008228017649264396e-01
4.982205446117583536e-01
4.617211647905663519e-01
4.257460939871975381e-01
4.261578633016653295e-01
4.604063556036950278e-01
4.648859758652215679e-01
4.747889790580009373e-01
4.016211654156131572e-01
4.044312736269681796e-01
4.866455894370433355e-01
4.806016761585623076e-01
4.582282296015376399e-01
4.553857776945808844e-01
4.569021901217676374e-01
5.468883844287437679e-01
4.469176829453765931e-01
5.160884781192863757e-01
5.107906230325531816e-01
4.180334994024237361e-01
4.168708084372696465e-01
4.705261845068845483e-01
4.643590609485830356e-01
5.100836594830920889e-01
4.179371152907568332e-01
4.414936471953798125e-01
4.891597011019826469e-01
4.886019565428361688e-01
4.455939163826720395e-01
4.458008994601305730e-01
4.730100521115245260e-01
4.760553523261820685e-01
4.557066555267187957e-01
4.518888815189392449e-01
4.690931844423774644e-01
4.670655438611126531e-01
4.990801945802467166e-01
4.928629467997518998e-01
1.113226090351173703e+00
4.190571719697265829e-01
4.167577463434626872e-01
4.355139440958168962e-01
4.914284832568480144e-01
4.727866856544579166e-01
4.564616105515150735e-01
4.599750294287186514e-01
5.358077333151004540e-01
4.130087310933603373e-01
4.136992692641414671e-01
4.727442191488183121e-01
4.328815257471728128e-01
4.907230574610447760e-01
4.878492987288452487e-01
4.421352457563920701e-01
4.456841040583038316e-01
4.756296803723571998e-01
4.648458965397048726e-01
4.999765237494139258e-01
4.588323617022393996e-01
4.479351013203847209e-01
4.721206350976596133e-01
4.700947141286043185e-01
4.961247143978462226e-01
4.914307283510553348e-01
5.471190493849864112e+00
4.108218550004470448e-01
4.191804198970712214e-01
4.803788622918005458e-01
4.784438107361116410e-01
4.525039970749959450e-01
4.540276681052274887e-01
5.569213830129988718e-01
5.336589534708992000e-01
4.143961689387383740e-01
4.196843533245966373e-01
4.373160047244639692e-01
4.946367801088036309e-01
4.817162375704225341e-01
4.405630474471832203e-01
4.421728432861459779e-01
4.671895995406242230e-01
4.528891322566450661e-01
4.715121781874044293e-01
4.692190166568243614e-01
4.934716397846176661e-01
4.847301212877970777e-01
1.707829970104590700e+01
4.299387086660652613e-01
4.044631936613401479e-01
4.648054733089526103e-01
4.628921780834758803e-01
4.471728473970472684e-01
5.342651021847911741e-01
5.463827288860211295e-01
4.210613148198316669e-01
4.122994910763633780e-01
4.819403857986007123e-01
5.075103176639754743e-01
4.474386623768728533e-01
4.481169959845702766e-01
4.639541988563108954e-01
4.785375673160904841e-01
4.895100747373675176e-01
4.865365096186604621e-01
4.878733755764637081e-01
2.754329791426816243e+01
4.097088257776146381e-01
4.100370895315829101e-01
4.884343733441336988e-01
4.872574208873458046e-01
4.445299698886960860e-01
4.594130672904171431e-01
5.043811481418087883e-01
4.099756606241892753e-01
4.224738641292299923e-01
4.850796603020648967e-01
4.610439978902058922e-01
4.370243016262791436e-01
4.622172507591839064e-01
4.788884665163617438e-01
5.273458610762152832e-01
3.151464287113675766e+01
4.049780929621393244e-01
4.031963684891470279e-01
4.887802557772413237e-01
4.655778108648533919e-01
4.445146826413788332e-01
4.471145424655053047e-01
5.459589078306836818e-01
4.100115345269518263e-01
4.126148817224382093e-01
5.074640861499476463e-01
4.610554868198945555e-01
4.481320680916709986e-01
4.786176258334844946e-01
4.788732690291504501e-01
4.878000089702617670e-01
2.754347924512485335e+01
4.300806057073216504e-01
4.196231978035094290e-01
4.793645046925176234e-01
4.628428811914169216e-01
4.539600894975708290e-01
5.337559931284933112e-01
5.331329101497379597e-01
4.215053517699515750e-01
4.378177253729635954e-01
4.818939548504776460e-01
4.816547446237657848e-01
4.474540836778236330e-01
4.421890396518737831e-01
4.639151984946817686e-01
4.692978963931730418e-01
4.894537330269674857e-01
4.846757977996740130e-01
4.864773173246144666e-01
1.707845096718969913e+01
4.109856033768393146e-01
4.167757129954702267e-01
4.813994738527678230e-01
4.738341570028959393e-01
4.524063106260250433e-01
4.598217195668212187e-01
5.563908860176853821e-01
5.352227125024571208e-01
4.146706519352804654e-01
4.139964737538721073e-01
4.201374255332760987e-01
4.945677622843801524e-01
4.877851890366850518e-01
4.405806365492413446e-01
4.457000953210881744e-01
4.672133916246532515e-01
4.999805718691874845e-01
4.529155632555970645e-01
4.477188047611423416e-01
4.715275912525046520e-01
4.700477684026849179e-01
4.934436292461493734e-01
4.914065354185017109e-01
5.471229523307222564e+00
4.190679983789306062e-01
4.262038784411962822e-01
4.353021307453026623e-01
4.745319102219499041e-01
4.039381426682162046e-01
4.923834673831668507e-01
4.814055051775512073e-01
4.562870541533782243e-01
4.567254785971249231e-01
5.103456874051540693e-01
4.132027778506159876e-01
4.170333943764842344e-01
4.725912999493560585e-01
5.098292867938335471e-01
4.328207171820583898e-01
4.414699038665314546e-01
4.906724540861028272e-01
4.885433015170144166e-01
4.421703747275710361e-01
4.458540809557173801e-01
4.756134070829327598e-01
4.761113863312826378e-01
4.648498155194392689e-01
4.586870464045590401e-01
4.517416120611349450e-01
4.722478233923737001e-01
4.671097126421476231e-01
4.961066090620155911e-01
4.928458295071114770e-01
1.113217205305271351e+00
4.257917511277594658e-01
4.310299006252688581e-01
4.603361529629947380e-01
4.617390645540859206e-01
4.647523372802210839e-01
4.008919118339203669e-01
4.303265853277868924e-01
4.870437371603500987e-01
4.863850034003064926e-01
4.580272773661501762e-01
4.579801374282832516e-01
4.552310091837032946e-01
5.468016028513094096e-01
5.319776935261621986e-01
4.471717322696424635e-01
4.335013369356412460e-01
5.156158116081719367e-01
5.227808087722864983e-01
4.181404262489947787e-01
4.283720915845871668e-01
4.701935183023516762e-01
4.928828454891013844e-01
4.640871280106581565e-01
4.179226037456507115e-01
4.328456811894403344e-01
4.891076751027947922e-01
4.894406682024249333e-01
4.455921645629694061e-01
4.355277889983397155e-01
4.729793670079471823e-01
4.840958211595294824e-01
4.555656135526263140e-01
4.550555904101348248e-01
4.691706532460064860e-01
4.663839617957324379e-01
4.990640847386489942e-01
4.982053202970550543e-01
4.617752518426502251e-01
4.254154605848128878e-01
4.143706744731709968e-01
4.614391228798318534e-01
4.701947156033171593e-01
4.263083173202307785e-01
4.230948441223141843e-01
4.759573214683625597e-01
4.568560925283553509e-01
4.672059057852057107e-01
5.323303202703902892e-01
5.471409122997122898e-01
4.205397298348451662e-01
4.278021332841113189e-01
5.305894763955788518e-01
5.345501592513212108e-01
4.252060882187497781e-01
4.159157880333588797e-01
4.820320456020241173e-01
4.880478230587447230e-01
4.343136444397143747e-01
4.347650227827472569e-01
4.762014416314157006e-01
4.350603759845095286e-01
4.255272773973347022e-01
4.355385972514110304e-01
4.784926353787085085e-01
4.911490011315333692e-01
4.571918311744241903e-01
4.635659559069867930e-01
5.008100729436745224e-01
5.026491552214011893e-01
4.642558846598743294e-01
4.124162513093002636e-01
4.060177838116488247e-01
4.138629792505934546e-01
4.666313251829280473e-01
4.706838244202328769e-01
4.656554904903393854e-01
4.259492000040668302e-01
4.198117478448812889e-01
4.783782441595350599e-01
4.770246561803898055e-01
4.641154947533204789e-01
4.661622418338209894e-01
4.596317185739153821e-01
5.105502955306270296e-01
5.431313494934703057e-01
5.089865720625332823e-01
4.265147498121394376e-01
4.268575727395663155e-01
5.295594701075104771e-01
5.340023318944826514e-01
4.077707005579203070e-01
4.181630819902588669e-01
4.152706244778641698e-01
4.746124369485126837e-01
4.956290929487386365e-01
4.827440560097757127e-01
4.356918098997755728e-01
4.332066474972631198e-01
4.790309761428335755e-01
4.752994231811103476e-01
4.293619376140448973e-01
4.292802202842060932e-01
4.845669773514470480e-01
4.878574201216129280e-01
4.502150428599212550e-01
4.587751980883143510e-01
4.636021372444760758e-01
4.665575958212714314e-01
5.042160464005637222e-01
5.065250599026042133e-01
4.560278135107366237e-01
4.610359344681787541e-01
4.126101445634455245e-01
4.165608774154161420e-01
4.663135060217427630e-01
4.768097115124069196e-01
4.084016199411888426e-01
4.821715138548082202e-01
4.780936616727753941e-01
4.637699945404094581e-01
4.761598687540971042e-01
5.234510101533581539e-01
5.164701502823453305e-01
4.335019665357195406e-01
4.233574859259373602e-01
5.239692938685732715e-01
5.256519723508621400e-01
4.222385663410903045e-01
4.277565201859009902e-01
4.904453771659761374e-01
4.991098926162555460e-01
4.398660530032548199e-01
4.373600112035205267e-01
4.758349839637123768e-01
4.789253990457423837e-01
4.326904863274063096e-01
4.430699075207000792e-01
4.777582661468945946e-01
4.829064017450169777e-01
4.883690558371207024e-01
4.545888626121245002e-01
4.582163329246511929e-01
4.591313273917613791e-01
4.649658928461385399e-01
5.067594000147618294e-01
5.097259842648645956e-01
4.625346450709015289e-01
4.584499952677507650e-01
4.184404499081025852e-01
4.314972683679580978e-01
4.692583141956127579e-01
4.770961279656497078e-01
4.074693394820356751e-01
3.991130477034165458e-01
4.798464493690976496e-01
4.825279545279111959e-01
4.692440271994531287e-01
4.689577346374827482e-01
4.629858054503461773e-01
5.051894355425721184e-01
5.250896084865255276e-01
5.183657702687797242e-01
4.147357840441137644e-01
5.185640701928984075e-01
4.130592467067425444e-01
4.328329500657963069e-01
4.153499265123844486e-01
4.893673915789555351e-01
4.925209616899276499e-01
4.946787032473591306e-01
4.470757450182158976e-01
4.397315698204683487e-01
4.779676431296525640e-01
4.760332884255593089e-01
4.365450561701025300e-01
4.369391148028080041e-01
4.780905904619487945e-01
4.811685317793180650e-01
4.643054338418589055e-01
4.563811403966754332e-01
4.591380640260060986e-01
4.632283048085791277e-01
5.127676608058330254e-01
5.137385925741910775e-01
4.616497114006473113e-01
4.575281595824930436e-01
4.283160431231856080e-01
4.259117594930038608e-01
4.694292441076116096e-01
4.705661875334484212e-01
4.119285798119477482e-01
4.190089241068891135e-01
4.743169502089180645e-01
4.883867865660345142e-01
4.690886237890805055e-01
4.732458299006269131e-01
5.092183266281649079e-01
5.105094395282048225e-01
4.129483394500745308e-01
4.044359406253074107e-01
5.186138092492826868e-01
5.362958118891134607e-01
4.146672099479269402e-01
4.091605951855419310e-01
4.876071380473419592e-01
4.964751280969890157e-01
4.410356369239600838e-01
4.356109409086638129e-01
4.763846936955029032e-01
4.759826600302832778e-01
4.267837788183014847e-01
4.227355226191812365e-01
4.302684361826491499e-01
4.894111464343937623e-01
4.874587885353816596e-01
4.647115607974988682e-01
4.585995386435080534e-01
4.561993849536489787e-01
4.653868278763603761e-01
5.119357135773111578e-01
5.150071178589665788e-01
4.568612649826958583e-01
4.142544140438323974e-01
4.103108266277927796e-01
4.183110097684448747e-01
4.677907280481694019e-01
4.689695357032933609e-01
4.726821495667354878e-01
4.172109715641819094e-01
4.114586542301406635e-01
4.650914274875120324e-01
4.728306546861136272e-01
4.709719846447494307e-01
4.883178150220561231e-01
5.020985902819040669e-01
5.114160605983694152e-01
4.200840521054610144e-01
4.228971252426096950e-01
5.424127060302440517e-01
4.466975583918338377e-01
4.193846112682538263e-01
5.006212306824547875e-01
5.090571264818110064e-01
4.362279509766220364e-01
4.737409782950312009e-01
4.760146108558265254e-01
4.245471286165798941e-01
4.299881292532352073e-01
5.010726436689357799e-01
4.971251401815376947e-01
4.613370055260941904e-01
4.488496044305714805e-01
4.749770903536425504e-01
5.014609511600746083e-01
5.212227739045551811e-01
4.569923423493199577e-01
4.566240591692547479e-01
4.094613273154270594e-01
4.129594544377054866e-01
4.688027484738834239e-01
4.733671248176208879e-01
4.215848111525962727e-01
5.037919930631369336e-01
5.095166399609023511e-01
4.199756650193207097e-01
4.134585829583326544e-01
5.018278689678342674e-01
5.065189128141226460e-01
4.338742660497041381e-01
4.307519707640767304e-01
4.679344788430135349e-01
4.491022274836997119e-01
4.172238491514442260e-01
4.962381593710443739e-01
4.910781753893936341e-01
4.670086729327775354e-01
4.509021702868473702e-01
4.569486055539016545e-01
4.878713909040950369e-01
4.525572807428873134e-01
4.524852151001266809e-01
4.160227679317083926e-01
4.275737975583759898e-01
4.708210558267665324e-01
4.730524924954847554e-01
4.470535180110848938e-01
4.215493673602707103e-01
5.014428726683952675e-01
5.006289524660040291e-01
4.104818459553019605e-01
5.107169810056811921e-01
5.139197292133994566e-01
5.246165993956332096e-01
4.419385320849968379e-01
4.436164992955688446e-01
5.012696794700529646e-01
5.239820015335541203e-01
4.975165309769559729e-01
4.939904515500937454e-01
4.528758334463117152e-01
4.545212071676764110e-01
4.523597801371221916e-01
4.255374972376619880e-01
4.294591750822604470e-01
4.741881594193032012e-01
4.702144260388206320e-01
4.538521291416726111e-01
4.891627886407526327e-01
5.098965990610262455e-01
5.080094928088727535e-01
4.289186526975245495e-01
4.266042806044564317e-01
5.058192045026231876e-01
4.539547202076765209e-01
4.338717288092374669e-01
4.478508130022978428e-01
4.427386314404317402e-01
4.827231640218099251e-01
4.536598166437166846e-01
4.513693487033926810e-01
4.126601917068914993e-01
4.098183544262558597e-01
4.217065335331269815e-01
4.689753886123123050e-01
4.722261498670536350e-01
4.739268813330363983e-01
5.164464285784523545e-01
5.258783996869605959e-01
5.047679259862463130e-01
4.621348027766727928e-01
4.638480039302587676e-01
3.826987070912403754e-01
4.116956033259134284e-01
4.485858430868648883e-01
4.191389867132804814e-01
5.077269327319200443e-01
5.049829071009357406e-01
4.521184259076401757e-01
4.518008070485379779e-01
4.064171933016607063e-01
4.095525804192063912e-01
4.668066430977069747e-01
4.754724875344442103e-01
5.171028318834451909e-01
5.178576799838900957e-01
4.996523712787923066e-01
5.140310777836053502e-01
4.507659992644930669e-01
4.515203755876985303e-01
4.654278289335221919e-01
4.905296395307526813e-01
4.480360838977713311e-01
4.355970773349582270e-01
4.677019146729409771e-01
4.221160185414396526e-01
4.035868977181761297e-01
4.969687319716467599e-01
5.075617531069409605e-01
4.495890146082639482e-01
4.503606085767224432e-01
4.116883865672359422e-01
4.169937648024936716e-01
4.702061377395860831e-01
4.778005067783852589e-01
4.971425911217144389e-01
5.367375008669849068e-01
5.101485024577367966e-01
3.975445855158528663e-01
4.704635398407158164e-01
4.890150587743347654e-01
4.689719532793908963e-01
4.279165834450769368e-01
4.678277080886974471e-01
4.593240026645648566e-01
4.658706503145349509e-01
4.129144867913632222e-01
5.094321079641325190e-01
5.243509288033025850e-01
5.073575889548475049e-01
4.546271253028763004e-01
4.449083978532635819e-01
4.233222277957915947e-01
4.325705274379912924e-01
4.739861807719396025e-01
4.700177604649200536e-01
5.197339125874290700e-01
5.297077814657423778e-01
5.011540950173044573e-01
5.262341350493996428e-01
4.324338574447471606e-01
4.341655028543787154e-01
4.585133206857277544e-01
5.258070146230883202e-01
4.208539979517401664e-01
4.790443811015901443e-01
4.769277915254175881e-01
4.747463052853454490e-01
4.761493674660233766e-01
5.215437276282894885e-01
5.128255640009095062e-01
4.850797962215031567e-01
4.204304591296478821e-01
4.701372541580771669e-01
4.650275149211042236e-01
4.681267093806539825e-01
4.613149400757379226e-01
4.761338684748987471e-01
4.778142880625919631e-01
4.312502255832839082e-01
4.195762639725248988e-01
5.136281704986821461e-01
5.055934272465989476e-01
5.031293085068032633e-01
4.475083478456596264e-01
4.478702955236150696e-01
4.131282675538995863e-01
4.121814302816084741e-01
4.219908734402622041e-01
4.718849270169818699e-01
4.721399763014014761e-01
4.766223452586115239e-01
4.977267016062884020e-01
5.433133966403015380e-01
5.241666512931316690e-01
4.304020399672748853e-01
4.320960320686418332e-01
4.909889816594327772e-01
4.225144355336006297e-01
4.395015089539533459e-01
4.724077249039316806e-01
5.056040295204169421e-01
4.843969140258057582e-01
4.568709787636678343e-01
4.773065068161302382e-01
5.045305919766496228e-01
4.461040834747277972e-01
4.306741398672065957e-01
4.699316299992683521e-01
4.669109085311812790e-01
4.690835573948325954e-01
4.406325421665074904e-01
4.605006050151094765e-01
4.527303671909606586e-01
5.036429538344556756e-01
4.106516663282002710e-01
5.141314560260750177e-01
5.196829712454124062e-01
4.436895955908770617e-01
4.488403387254671917e-01
4.102719717675386013e-01
4.071733727020634408e-01
4.673837104929473574e-01
4.723058726972528820e-01
5.000196211039676930e-01
5.402925631477110135e-01
5.107029107003543400e-01
5.287485136439059596e-01
4.233859323354775550e-01
4.367422863049552628e-01
4.322988969709157248e-01
4.717887000082107707e-01
4.296246713616047597e-01
4.822685731300143663e-01
4.962516172589712671e-01
4.814108062278894540e-01
4.866937690491393020e-01
4.548431183897934105e-01
4.557691427617464597e-01
4.555486471860504261e-01
5.113171280250592421e-01
5.052572673265995906e-01
4.178917442814616967e-01
4.690259714102954502e-01
4.685841176475645797e-01
4.685240513017505659e-01
4.439207148679936155e-01
4.459144515822260346e-01
4.481370130031338550e-01
4.980887577375643360e-01
5.005578927231004727e-01
4.303100599957563333e-01
4.122065272266164926e-01
5.073830175178730695e-01
5.396228388489072714e-01
5.075106595193219494e-01
4.372875659754714706e-01
4.406056957041687983e-01
4.111985763455560661e-01
4.178222505403843545e-01
4.730014311939969573e-01
4.753256557448641839e-01
4.924481828329473898e-01
4.859954516800050750e-01
4.976850199755010751e-01
5.323607059577322165e-01
4.236985720195996508e-01
4.332395192300605991e-01
4.201905201740581131e-01
4.337048667932372759e-01
4.844971046002609083e-01
4.733090952954527308e-01
4.318422514689728708e-01
4.487304660467847373e-01
4.912792300388743594e-01
4.931542789973453189e-01
4.783443648661416803e-01
4.940935188253927079e-01
4.394851149699215420e-01
4.605931659997437588e-01
4.490273459031229875e-01
4.526966281614384635e-01
4.957751356034016399e-01
4.265625347274998869e-01
4.235652078826058209e-01
4.679147912684059607e-01
4.706529096318178840e-01
4.451299585864887387e-01
4.487411764394707014e-01
4.464421538354066410e-01
4.464704739179151116e-01
5.013939034461262212e-01
4.202246285473889009e-01
5.120378856758640573e-01
5.284937080163496503e-01
5.119180976379775760e-01
4.314404785181861213e-01
4.352616291019997252e-01
4.244823266401646644e-01
4.303284858261874346e-01
4.737788191647635538e-01
4.717447865821673414e-01
5.078920535861183305e-01
5.116216003675917445e-01
4.692474881137086995e-01
4.965500522985180631e-01
5.016961316265544646e-01
4.261343234808502300e-01
4.419631126254481290e-01
4.159254282580714390e-01
4.408969336570759401e-01
4.607983178129957391e-01
4.426621390297090231e-01
4.960039461740929911e-01
4.970422009129635277e-01
4.750536393368234855e-01
4.928983838511724613e-01
4.326431870248338973e-01
4.580608720065551531e-01
4.421505943808781147e-01
4.467762563395289988e-01
5.416074769374165099e-01
5.296013878274781206e-01
4.183428780979574491e-01
4.675971421993864729e-01
4.702762699358106757e-01
4.680426178840191853e-01
4.450261529851976539e-01
4.511505031326619175e-01
4.467233158525156789e-01
4.990943885791883639e-01
4.991693941811458091e-01
4.200283561844283531e-01
4.148246184982203322e-01
5.172231681326551200e-01
5.242075678722923904e-01
5.176332936654326478e-01
4.344541421960225192e-01
4.540784657922634082e-01
4.392113738391345001e-01
4.200660208966001674e-01
4.350604356132173334e-01
4.202471234764805219e-01
4.808418368231772155e-01
4.777516283849038703e-01
4.726047950570094192e-01
5.162660512604181351e-01
4.884618297540168630e-01
5.206505369555677332e-01
4.313244162227446443e-01
4.485949075727153068e-01
4.227610607308883162e-01
4.474985361291761166e-01
4.755879425930021887e-01
4.807385764334954348e-01
4.631414992735556346e-01
4.817400575892897829e-01
5.023583234894207772e-01
4.321243196007188980e-01
4.513356481595413028e-01
4.346863939607079064e-01
4.441612319112657747e-01
4.923450175274540208e-01
4.171040942504657956e-01
4.063657633840019323e-01
4.645499510042641056e-01
4.613762833693006993e-01
4.670726093528706491e-01
4.672863513277571990e-01
4.456147981345646159e-01
4.483546973777421396e-01
4.466651674564527941e-01
5.194196673332527325e-01
4.147402385203161623e-01
4.201950981637729843e-01
5.265817894647454311e-01
5.333720653378701826e-01
5.177920104959174985e-01
4.318553053669816899e-01
4.475264424350276493e-01
4.222126369739074847e-01
4.411110395128657879e-01
4.325256087959599149e-01
4.297131482674799718e-01
4.617249336096130308e-01
4.658255656290936075e-01
4.708798693752939690e-01
4.803199355867024956e-01
5.029624836156902923e-01
4.894143885418495432e-01
5.063255445820429301e-01
4.985729177088261688e-01
4.173181165510964630e-01
4.708382172544677835e-01
4.564012120539508999e-01
4.651330898452540330e-01
5.258971742545957007e-01
4.686951278693738954e-01
4.605239186052366152e-01
4.232344186761929361e-01
4.217862994201116988e-01
4.412137299795415024e-01
4.878571254500499443e-01
3.918874105536622743e-01
4.553602930698553708e-01
4.622780824084351536e-01
4.615697833566447250e-01
4.469784549198719814e-01
4.456595489182747505e-01
5.285965315260074959e-01
4.943447408645772478e-01
4.083124666421764082e-01
5.369894975398777914e-01
5.148992161030983006e-01
5.079256995452350321e-01
4.330926705331037407e-01
4.280520032726731761e-01
4.220195869932207855e-01
5.634076535674851227e-01
4.718897244062424390e-01
4.719940859945529477e-01
4.591334130844492156e-01
5.239825256825469957e-01
4.883301731825439029e-01
5.152853269282940962e-01
4.977252711684489461e-01
3.153292494228843723e-01
3.210489535206858536e-01
4.436209806946679879e-01
4.686044914168315811e-01
4.933919097560536815e-01
5.092841397679062077e-01
4.698744297444282791e-01
4.766672529627338228e-01
4.864436445130625453e-01
4.886346588806040336e-01
5.005537481416634238e-01
5.261297674070752883e-01
5.320920855955930673e-01
4.176358402816786053e-01
4.539142076213806831e-01
4.258503761703935075e-01
4.359376502795709318e-01
5.736818107724210858e-01
5.702998260651680473e-01
3.924918873372486017e-01
4.531841123750521283e-01
4.648909882057126186e-01
4.464232612342303730e-01
4.453889082841923641e-01
4.461025670409297650e-01
5.037844390789709692e-01
4.566188747137338577e-01
4.298899553912978733e-01
4.222503587967058047e-01
4.346945734304599185e-01
8.168309549169509021e-01
4.759444936282649086e-01
4.942972689196508673e-01
3.532043146802481548e-01
4.243771704793120048e-01
2.554809682701573714e-01
3.793523692238657818e-01
3.068627391379141756e-01
4.329489900965493576e-01
5.032068782730768630e-01
5.072615546270587972e-01
4.934487989367306593e-01
4.945025074818086286e-01
5.077381094647271942e-01
5.197417053786677066e-01
5.387739609369817106e-01
4.054596298312103109e-01
4.062685676526301970e-01
4.342885178564941939e-01
5.217029004319281293e-01
4.501727437993630065e-01
4.425836933640697746e-01
4.471960787521711556e-01
4.949304230251069803e-01
5.358472470364479268e-01
4.927395617897316615e-01
4.258130895472465594e-01
4.367211557515209841e-01
4.318987862614231399e-01
9.056827172905024259e-01
4.389079954442106080e-01
4.335589646846323975e-01
3.956006441174532706e-01
3.970266535577979816e-01
4.728425569171677001e-01
4.947496070352299657e-01
4.709285586977912108e-01
4.790068611615511118e-01
5.061724178616185954e-01
4.407295859274549255e-01
4.481775592247046469e-01
4.453155351217393254e-01
4.918041676817987429e-01
5.292408479602651594e-01
5.029356057930387536e-01
5.442989141641839668e-01
4.209585677814885463e-01
4.371062477199389451e-01
4.217947975492638557e-01
1.040525043426141272e+00
3.182104484222568752e-01
1.696216751106245368e-01
4.734037104392682105e-01
4.832421244919578585e-01
4.643554709453195373e-01
4.621717351173293964e-01
4.672680313275450192e-01
4.685326339789914196e-01
4.712869569119551572e-01
4.746844793632284398e-01
4.870302930504082362e-01
5.006766727489458946e-01
3.692705503973220393e-01
3.638868411535485237e-01
4.458827237885768513e-01
5.187108190656205542e-01
5.228976594190068994e-01
4.884378415386965155e-01
5.022833445240827421e-01
5.322070787408743620e-01
5.281959207388521316e-01
4.172344882040011638e-01
4.171748101646619022e-01
1.199351565295743161e+00
4.192724184030469647e-01
5.303843678093086433e-01
4.435222858292334203e-01
4.635147569744041962e-01
4.598458293140095243e-01
4.640918294626933949e-01
4.668331406914101311e-01
4.691299556515610703e-01
4.734382210799183421e-01
4.774489735938425294e-01
4.863128721003022181e-01
4.922612428225707770e-01
5.034427836472674667e-01
2.715001246417869107e-01
4.822476496082544473e-01
5.293661093186191602e-01
4.846621974813276612e-01
5.004969938848049527e-01
5.345944574627388146e-01
4.180024127541560053e-01
4.331530558063161340e-01
4.217763066850973575e-01
1.385908930238931358e+00
2.772675650861368690e-01
4.830051272308222288e-01
5.030251392348591422e-01
4.784742861394448155e-01
4.928838143647402137e-01
5.119989757231390159e-01
5.430826329393089180e-01
4.126832098246330793e-01
4.350318923679332150e-01
4.145492187455963595e-01
2.757627964161062373e-01
4.315722977630609414e-01
5.205342612906063149e-01
5.017999442027292201e-01
5.066665058576431679e-01
4.100656008354359727e-01
4.116768527461314164e-01
4.130218131013259630e-01
4.110855008911484809e-01
4.174892711440622572e-01
2.151119584838459886e+00
1.855562529711199060e+00
4.116146345890607239e-01
4.155986702091530316e-01
4.225227338802253763e-01
2.502692136686649249e+00
4.071346634655039765e-01
4.196208505024355273e-01
4.230155136998303145e-01
4.219479427058823728e-01
2.932846008789517622e+00
4.070458724531628714e-01
4.313240305519989159e-01
4.234975091330259733e-01
4.385112869818638681e-01
4.278365216921892755e-01
3.484393507221782205e+00
4.140849499103957387e-01
4.329280488063991239e-01
4.210913801707478754e-01
4.420481246581999812e-01
4.456143613776749612e-01
4.315190569644564156e-01
4.251975388993242788e+00
4.222086075321348497e-01
4.426505341034647212e-01
4.094927837814578697e-01
4.390575128597333232e-01
4.459253070460902912e-01
4.344957171963813036e-01
5.509263941846016976e+00
4.170541521691796816e-01
4.455847423526220763e-01
4.135874715657680833e-01
4.394055234751439998e-01
4.426133112212050080e-01
8.580731901470580070e+00
4.158786858902224770e-01
4.477420824375022423e-01
4.076314195642564142e-01
4.364178883660818076e-01
4.384852637689973798e-01
1.106374007699172779e+01
1.740374575926823297e+01
7.260012739901521073e+00
5.597458707470169159e+00
4.989727299172662889e+00
4.609811096558365406e+00
4.325669087834608462e+00
4.094214736535028543e+00
3.896046223352393589e+00
3.720411206969761686e+00
3.560809409233995471e+00
3.413152410775799339e+00
3.274844373514381068e+00
3.144261779605476814e+00
3.020430962928679186e+00
2.902814621037067777e+00
2.791164374437341333e+00
2.685416706399857745e+00
2.585618870696617666e+00
2.491875805196489768e+00
2.404311441955150119e+00
2.323039265320448354e+00
2.248138082919318936e+00
2.179630009843266603e+00
2.117458783424674085e+00
2.061467831378672066e+00
2.011379062669740314e+00
1.966775089980782543e+00
1.927089298909069548e+00
1.891609384398423632e+00
1.859499993754738734e+00
1.829848231868984376e+00
1.801731626456690050e+00
1.774302151500484870e+00
1.746873583676610275e+00
1.718995206450011581e+00
1.690495061744029970e+00
1.661481687294071419e+00
1.632303425945720754e+00
1.603475629241039258e+00
1.575594234374787517e+00
1.549256212237479113e+00
1.525002744149521305e+00
1.503291792882499145e+00
1.484496568028086383e+00
1.468918696547464986e+00
1.456801806767173524e+00
1.448333028514520615e+00
1.443625329876577990e+00
1.442680445070803064e+00
1.445338103517141981e+00
1.451220774213956899e+00
1.459683891200752370e+00
1.469780622094323252e+00
1.480249746325496218e+00
1.489537006839019018e+00
1.495864250134380846e+00
1.497362804089920729e+00
1.492280301205539894e+00
1.479246993841769831e+00
1.457551276746183122e+00
1.427342368168689868e+00
1.389676887524925908e+00
1.346369884035136799e+00
1.299684168212962287e+00
1.251953937351617974e+00
1.205253165814929250e+00
1.161182374371691584e+00
1.120788510362610735e+00
1.084587807421811601e+00
1.052648053364795278e+00
1.024698192609511338e+00
9.057319374503234322e-01
9.152791366326956668e-01
8.999499627496995169e-01
9.131318161279508017e-01
9.030224871281062882e-01
9.291800485468522108e-01
9.506247349764210819e-01
9.761547621900522609e-01
1.003526146616834591e+00
1.029414073232343130e+00
1.049307118138883332e+00
1.057485013467633905e+00
1.047125877353021650e+00
1.010531079160885914e+00
9.393150048063654278e-01
8.242398297304354138e-01
6.616902163569209350e-01
4.835362530256183677e-01
4.039421294800123463e-01
4.326402805512887251e-01
4.397671570364982130e-01
4.396616199312321505e-01
