1.799920871852788551e+01
1.139308031662355702e+01
8.825123880973610113e+00
7.414091497935062058e+00
5.663172932899239953e+00
5.011394115172720376e+00
4.600322391742381889e+00
4.291844476241286621e+00
4.040724283720562582e+00
3.826630573134981006e+00
3.638324678407913737e+00
3.468973498057824845e+00
3.314179758074949245e+00
3.171016596258614317e+00
3.037507540363698411e+00
2.912325825205155372e+00
2.794606330253270876e+00
2.683816247201163740e+00
2.579657469436158923e+00
2.481988036301101097e+00
2.390757275394967962e+00
2.305952398646509582e+00
2.227555132400015570e+00
2.155506899285256850e+00
2.089681060344703578e+00
2.029861249436383908e+00
1.975725954089087022e+00
1.926840943377604587e+00
1.882662376693813977e+00
1.842553753243608705e+00
1.805818633439865151e+00
1.771748021406247764e+00
1.739676961959364609e+00
1.709040743854044697e+00
1.679419163610038179e+00
1.650559240140101913e+00
1.622372659408370721e+00
1.594912048200741506e+00
1.568336531812692058e+00
1.542878930928903269e+00
1.518823544637923240e+00
1.496496540219760751e+00
1.476263895267410531e+00
1.458527671126877312e+00
1.443711387813041647e+00
1.432228570412392044e+00
1.424433083743695816e+00
1.420553770047432218e+00
1.420618481406558553e+00
1.424374629343958754e+00
1.431216392000393522e+00
1.440133687625460901e+00
1.449703898162906013e+00
1.458150293993192292e+00
1.463485678645381594e+00
1.463741957467278754e+00
1.457258150847379863e+00
1.442970384843909493e+00
1.420631472543862683e+00
1.390894959823501864e+00
1.355229587527243762e+00
1.315675533484204296e+00
1.274498193315369399e+00
1.233822767558808930e+00
1.195333171576243636e+00
1.160093044374503668e+00
1.128507820470624479e+00
1.100411898194894933e+00
1.075243925027146608e+00
1.052265847545748700e+00
1.030781990034745244e+00
1.010319447531865977e+00
9.907409645195240921e-01
9.214729796182776766e-01
9.250104932705759397e-01
9.340742779568377285e-01
9.666022467377209937e-01
9.870862301803410288e-01
1.006700247720583308e+00
1.021122061901443612e+00
1.024691816806314382e+00
1.010519657697820151e+00
9.706566922162267463e-01
8.960301053921474468e-01
7.762169972324461931e-01
6.099408392335102791e-01
4.451858586281848273e-01
4.466220066228723251e-01
4.486568408564598487e-01
4.489626879581956054e-01
4.481251936516146839e-01
4.535279880901739169e-01
5.646010876771750731e+00
4.434551213079682142e-01
4.461848031690222594e-01
4.479682524407820332e-01
4.468646112041327334e-01
4.444281706782600705e-01
4.356098026554159119e+00
4.418168102709509326e-01
4.460300254608186021e-01
4.477566048525126186e-01
4.456272979986609095e-01
4.471469970244389969e-01
3.576756856760435976e+00
4.403370649309898410e-01
4.469752183410404811e-01
4.472172014664030359e-01
4.450562719375105170e-01
4.467856716147410867e-01
3.021977662599819148e+00
4.389492700251230173e-01
4.453343465170392368e-01
4.473591236204211286e-01
4.458530515777266445e-01
4.452922864154893468e-01
2.592797072384432244e+00
4.384245879558202330e-01
4.425445780331566659e-01
4.461352455035553777e-01
4.454793402893584831e-01
4.635339384161673570e-01
2.244186562834949328e+00
4.388712626991414512e-01
4.392234691822854975e-01
4.450025364483924384e-01
4.424981407820606227e-01
4.371119891540565239e-01
1.952080353611411523e+00
4.363683640305823785e-01
4.434790747603816752e-01
4.494194130987300695e-01
4.376273718559427484e-01
4.392853360029909116e-01
4.415512472845179448e-01
4.347169648072768400e-01
4.598477225783340616e-01
4.259738404703897752e-01
4.816523460008629853e-01
4.920518353979387305e-01
4.963142895944981370e-01
4.400398650345787588e-01
4.408499858435654395e-01
1.296747153669021158e+00
1.485568511451098361e+00
4.493725438553556328e-01
4.610980712535028836e-01
4.426300477266187916e-01
4.556461798881453751e-01
4.597106232361715117e-01
4.658113867516762152e-01
4.723563407824293847e-01
4.730946890972698715e-01
4.857013297969607346e-01
4.392213495922188127e-01
4.361654621957388733e-01
4.592313782747597384e-01
1.128870159758220915e+00
4.133783165759518652e-01
4.310247899137484850e-01
3.356888473751848401e-01
2.964064029739279515e-01
3.227593412356246083e-01
3.982417570728761791e-01
4.772579802467843413e-01
4.940261785521019577e-01
4.798477555350585400e-01
4.642456839431580717e-01
4.566436925264244495e-01
4.591816318546221298e-01
4.607414340046868673e-01
4.662584345843244771e-01
4.590617375987355864e-01
4.610671535597716253e-01
4.210150525302777669e-01
4.542509004860089683e-01
4.632954043435150160e-01
4.650829947927610508e-01
4.689412035447361737e-01
4.804117516697690160e-01
4.699820630355308060e-01
4.343728483841260979e-01
4.380035323460979568e-01
4.567728869489192656e-01
1.031797914766673374e+00
4.683512760018018195e-01
4.106423756607400222e-01
4.311126015425474356e-01
4.874220436667578427e-01
4.559278285006705955e-01
4.567748025098838371e-01
4.571814641366270804e-01
4.568351974267037541e-01
4.561276290243734821e-01
4.561498936956965844e-01
4.581360866611699501e-01
4.594381149632112415e-01
4.633711519939303081e-01
4.678443297511968302e-01
4.642659354374011893e-01
4.372073392631339872e-01
4.402375062383214743e-01
4.494868691437293173e-01
4.652602458028254340e-01
4.639058260953801693e-01
4.683131556514610883e-01
4.837655656350947075e-01
4.756490171910796039e-01
4.380694628278762326e-01
4.410675826286160617e-01
4.461310824287170740e-01
8.029600684525208809e-01
4.346367964482075741e-01
4.372369963158066475e-01
3.966603689442511071e-01
4.460381067061536808e-01
4.483226618926337559e-01
4.428161285431578831e-01
4.534390273400651927e-01
4.591150065769070143e-01
4.572054877643743076e-01
4.578102458795128005e-01
4.608177707617640007e-01
4.620470738522229337e-01
4.483441970216064387e-01
4.388526421906301933e-01
4.435499062926308578e-01
4.427809671281953685e-01
4.668067331907103101e-01
4.636115377513217450e-01
4.704937246666798245e-01
4.816334330538744046e-01
4.834229813418143284e-01
4.398299465684584186e-01
4.450868098369417103e-01
4.308696584957977249e-01
4.565487871649104301e-01
4.577070655883406780e-01
4.269037843590932080e-01
3.291325162937632220e-01
3.652648716180666999e-01
3.783444149547467439e-01
5.617578658053220542e-01
5.039088456266392901e-01
4.617214643971332411e-01
4.541327175389238135e-01
4.577631528514522485e-01
4.575920825119196289e-01
4.666563818091061799e-01
4.402004749392047223e-01
4.405511188750704243e-01
4.751711847037012326e-01
4.539888611475877411e-01
4.409152051931192196e-01
4.440892882220256466e-01
4.408817653829396610e-01
4.634217483178471042e-01
4.661227788639301095e-01
4.778221680357561674e-01
4.752132486470647676e-01
4.777829704423922630e-01
4.436860789743308775e-01
4.437331181886057241e-01
4.375325681653661203e-01
4.564573036218243507e-01
4.511727216530594942e-01
4.588786042725469527e-01
4.830306907394553706e-01
4.978650790292709627e-01
4.002734678564723314e-01
3.661545143231546562e-01
4.433904857110817499e-01
4.916625585810753818e-01
5.455539446269832560e-01
4.595187241060074701e-01
4.601135097330691370e-01
4.571235608464856437e-01
4.559176218166327565e-01
4.560301236787352996e-01
4.596252842800306881e-01
4.630536063621704113e-01
4.545651189818266102e-01
4.592171535361236900e-01
4.391277070007683636e-01
4.451514990588028575e-01
4.450395175705536555e-01
4.469693266432160916e-01
4.588780315396457365e-01
4.438682018733128842e-01
4.432667196877665416e-01
4.615335695515576098e-01
4.597771432831079252e-01
4.628448077266867355e-01
4.753362393933371899e-01
4.418425454094366822e-01
4.459635837015443194e-01
4.463151916065203340e-01
4.648221212462310681e-01
4.685958476924262373e-01
4.908387504860746153e-01
4.990508863815389384e-01
4.433331654434440883e-01
4.433995122849859194e-01
4.401441465268755016e-01
4.501530358998982462e-01
4.440060322464913223e-01
4.583059014536126630e-01
4.792157132163233357e-01
3.102151356178075581e-01
3.334027534195889708e-01
4.504594634543412357e-01
5.236781946700016510e-01
5.446559509406116995e-01
4.658884505424064626e-01
4.544576238296038628e-01
4.513622749656132638e-01
4.574770572984369066e-01
4.358150075922270217e-01
4.394583466781258885e-01
4.460848823410173414e-01
4.716008539151010370e-01
4.679726768320184305e-01
4.424589107787179620e-01
4.470456898366351739e-01
4.456088170523200276e-01
4.446485936298950614e-01
4.793161276219747302e-01
4.438608530911204997e-01
4.582926908292189738e-01
4.637788990478137752e-01
4.765755971095662624e-01
4.431581908962521354e-01
4.463686661088615559e-01
4.330910703191589439e-01
4.784823224682111520e-01
4.583176889144501831e-01
4.440824508529331305e-01
4.462522368234536629e-01
4.401771835846277070e-01
4.379097612940363038e-01
4.453105247343459583e-01
4.431876285244649161e-01
4.987204396333502765e-01
5.096982484720204987e-01
4.687241407481617106e-01
4.482904042251122378e-01
4.755592579749179372e-01
4.486153309985791982e-01
4.502169728183197384e-01
4.721505609893986155e-01
4.576978848523502452e-01
4.554242842214972775e-01
4.642887023534637558e-01
4.485147505772492105e-01
4.671588996387652792e-01
4.765409832507346843e-01
4.449937832415098438e-01
4.464506650184847936e-01
4.614496611847810348e-01
4.851530106736683390e-01
4.588360699811819821e-01
4.370575611570611252e-01
4.417753682179629271e-01
4.581317031477558643e-01
4.641517622843432944e-01
4.654110167009293808e-01
4.442181380539942936e-01
4.455696638084198913e-01
4.403407645195225872e-01
4.658325380560299211e-01
4.546958470020162069e-01
4.427098845816771489e-01
4.648827487360746025e-01
4.842808719722724864e-01
4.960213654314451492e-01
4.432592358221856821e-01
4.435650707695093509e-01
4.569833676773336073e-01
4.461939135084630470e-01
4.568567727861217453e-01
4.945175524057344729e-01
4.814805395490043827e-01
4.651115564218926690e-01
4.645595934714391584e-01
4.537784625869495936e-01
4.458352992402710990e-01
4.578714631189509388e-01
4.469533641391755241e-01
4.498037371013686170e-01
4.505215810446595026e-01
4.741530673397507667e-01
4.692385179176536414e-01
4.691202803738473426e-01
4.495043560043077702e-01
4.467931386034980634e-01
4.643874514429733313e-01
4.631361440560576304e-01
4.604704643438149447e-01
4.792279380728263205e-01
4.441446383010256294e-01
4.471329588017700640e-01
4.477018018856493975e-01
4.656954253353637330e-01
4.673656716278146717e-01
4.438379876350009856e-01
4.609014568096990727e-01
4.633535288433648924e-01
4.589464941982592250e-01
4.431101991534341367e-01
4.451740312744110750e-01
4.471496561767185351e-01
4.622196451772960790e-01
4.378517597540142470e-01
4.417972838565751292e-01
4.649983211014542261e-01
4.773753423273915386e-01
4.949394089626245608e-01
4.421603255106751340e-01
4.409177995784147042e-01
4.677077897117157823e-01
4.553956077235836730e-01
4.625921112173297933e-01
4.802039545881574556e-01
4.751661925723271174e-01
4.446285583383799422e-01
4.533315121288010174e-01
4.556542850421214652e-01
4.605766560155925560e-01
4.462978505718123712e-01
4.485700771505953255e-01
4.477035837266744589e-01
4.680384944543705683e-01
4.710406269048685868e-01
4.514529463342525917e-01
4.571567354695164620e-01
4.608028369911651989e-01
4.607742357270611100e-01
4.775461465078510992e-01
4.440794745449316294e-01
4.478011605947230800e-01
4.508643329336765593e-01
4.487931027653233040e-01
4.761192093479945653e-01
4.722147284542904111e-01
4.418646269266705562e-01
4.312654509991055707e-01
4.613848646573465717e-01
4.626902804529305357e-01
4.656765757479627843e-01
4.404930534813344956e-01
4.441999364128281780e-01
4.589152312522313815e-01
4.609243971750945357e-01
4.638663383678613972e-01
4.362048874973397106e-01
4.666220715041357048e-01
4.752070472415420022e-01
4.923711860935230944e-01
4.396841854277421247e-01
4.455746240859541629e-01
4.457462281266292847e-01
4.647296562157057775e-01
4.449953512123157040e-01
4.502977211293579529e-01
4.751308276372314676e-01
4.760444129919737533e-01
4.743953608804306610e-01
4.544729014044949222e-01
4.562633142218586735e-01
4.589164132551489250e-01
4.453644621574532891e-01
4.489164989392373517e-01
4.493637393282287062e-01
4.499792378657613834e-01
4.814390050901737883e-01
4.391550822276378829e-01
4.392413532452329461e-01
4.579410085366275585e-01
4.619681980865898985e-01
4.613859286546474481e-01
4.476276829871831953e-01
4.457588455209894884e-01
4.495243727165920689e-01
4.503742710039243535e-01
4.497697173679286453e-01
4.565582179413007480e-01
4.429991030302865562e-01
4.608102444631774208e-01
4.623920549629320642e-01
4.613631890679044667e-01
4.403159781678807061e-01
4.487738499356803690e-01
4.484787149737350931e-01
4.505639970694718666e-01
4.654568811096932435e-01
4.425910337734472177e-01
4.411000612405955312e-01
4.669066404672651549e-01
4.718242254586919593e-01
4.945231442112060227e-01
4.437027461490047897e-01
4.575253294877772992e-01
4.358057921585768990e-01
4.332999525787589179e-01
4.756540604216670243e-01
4.777636183322171437e-01
4.575114700944106216e-01
4.580517363429034150e-01
4.569697466789449658e-01
4.710343824246120970e-01
4.468473316161107878e-01
4.512811691116119239e-01
5.061347980287655979e-01
5.016597308565072799e-01
4.249909529713309375e-01
4.615791245472689042e-01
4.583450052327446844e-01
4.642678671085545550e-01
4.645184908430359805e-01
4.556914722208296742e-01
4.393886104074783416e-01
4.621330031459515708e-01
4.618525997178789533e-01
4.588196896043820749e-01
4.412919580853875146e-01
4.505425964555483942e-01
4.450854401109776703e-01
4.470687862563891835e-01
4.670161883437580763e-01
4.676869721976052441e-01
4.979994399547520434e-01
4.420543620520548944e-01
4.478423227634385495e-01
4.447490424372490536e-01
4.322606151474612246e-01
4.339356591013584508e-01
4.735789054641493245e-01
4.769353649337695900e-01
4.557631198802411521e-01
4.556364628240685000e-01
4.517600737173533276e-01
4.605031356479837856e-01
5.025865952140817772e-01
4.467970432254692592e-01
4.578542296952222146e-01
4.583040446027251691e-01
4.579929500661864550e-01
4.728522521328071826e-01
4.438612859368547547e-01
4.180892798959021661e-01
4.630893749132825588e-01
4.613402292357086099e-01
4.628448163413247940e-01
4.404067308179349660e-01
4.583455594301734659e-01
4.689844375278535704e-01
4.694739933508737528e-01
4.810412111879566743e-01
4.459880874814158846e-01
4.447367726450150438e-01
4.330815757755008266e-01
4.340916266760941888e-01
4.677411798645594310e-01
4.733276924289780974e-01
4.508099837713135383e-01
4.554447759846825816e-01
4.567758139931741845e-01
4.506354374584343736e-01
4.553927725468990273e-01
4.599058030771575600e-01
4.616557631643979920e-01
4.468324298105481041e-01
4.621914454894012758e-01
4.598091785296160028e-01
4.703791902611355602e-01
4.511187972720198669e-01
4.742406609265710227e-01
4.735533897666078795e-01
4.475141597201577337e-01
4.460062942446678669e-01
4.353919632751409030e-01
4.341768642045949478e-01
4.405155541687111320e-01
4.708441953963617421e-01
4.743689121339189629e-01
4.664879875973582668e-01
4.503342409348823905e-01
4.531457619693309291e-01
4.530610155072079537e-01
4.674339979773969866e-01
4.562650539835351182e-01
4.663802095303990480e-01
4.581840431887039267e-01
4.573447650302106537e-01
4.670794978850507095e-01
4.511299695867538873e-01
4.567670746838328188e-01
4.349206579596831546e-01
4.567928535606433083e-01
4.541463654605336075e-01
4.744401674077839415e-01
4.740697829194200907e-01
4.821514509391705561e-01
4.479568333085355292e-01
4.470338613525727811e-01
4.342928457424773403e-01
4.393643047455046413e-01
4.728499747941624642e-01
4.744251714451618862e-01
4.526029521499103647e-01
4.543431621842815571e-01
4.694132782416346461e-01
4.545326474427397456e-01
4.603060367246682438e-01
4.575255692890118908e-01
4.560312436595450047e-01
4.502803693933156715e-01
4.582297869531444801e-01
4.596540372721047985e-01
4.563600203182868742e-01
4.600821949158195312e-01
4.532581473138631578e-01
4.500253873023931095e-01
4.594635295377546003e-01
4.727939625428043136e-01
4.650631562870027325e-01
4.838629562278937146e-01
4.491598162610568878e-01
4.503898228019451166e-01
4.338226035152948912e-01
4.387100746220091163e-01
4.707651125932796887e-01
4.715924226576855838e-01
4.536051817950403353e-01
4.563004057509009725e-01
4.642558907804307244e-01
4.565316175331098902e-01
4.634705909266252366e-01
4.758539457414036611e-01
4.538246040954005411e-01
4.584988731066923506e-01
4.573462533609045089e-01
4.520564757448364279e-01
4.477938488244394000e-01
4.535033392781052664e-01
4.749951175562506234e-01
4.851494968501005034e-01
4.863124569911315698e-01
4.500039004853461089e-01
4.508730816512314665e-01
4.333978314604980397e-01
4.356978366492811339e-01
4.680673955020601129e-01
4.704982905129477810e-01
4.540087859640984380e-01
4.636231254586386519e-01
4.222031220258378181e-01
4.565085683966819685e-01
4.574092674997822794e-01
4.529997102472764214e-01
4.577424276121113689e-01
4.572022836504417431e-01
4.531950183256477360e-01
4.515658005817178022e-01
4.499994468046337182e-01
4.549263438299755435e-01
4.501327067485561551e-01
4.607188148128086302e-01
4.526449798770579847e-01
4.537938160139739496e-01
4.522001415181138295e-01
4.603280516336530348e-01
4.509247745892440706e-01
4.514621990086858938e-01
4.375190372724846455e-01
4.362756775250835606e-01
4.436764506904910532e-01
4.672956513776510556e-01
4.737145908674641470e-01
4.705218168370582377e-01
4.300975415261394930e-01
4.562185496985152744e-01
4.556462974830770563e-01
4.621265857482775297e-01
4.643696614386031984e-01
4.542217606332780711e-01
4.488121848162892058e-01
4.392410706303023216e-01
4.443302372739734163e-01
4.569690515185137469e-01
4.598437504825070854e-01
4.563830993368116484e-01
4.517940594459093351e-01
4.512649221065351823e-01
4.505341670345893168e-01
4.520401397218793971e-01
4.506979578641089335e-01
4.515020185421886323e-01
4.551451708960740916e-01
4.539307914482197948e-01
4.524516146393596783e-01
4.556886432874896475e-01
4.515643816781923503e-01
4.521383496113463574e-01
4.381315932341293684e-01
4.420078453660964968e-01
4.739178574220122009e-01
4.766058961954515172e-01
4.451856073453555052e-01
4.298966645350409954e-01
4.557796390961089683e-01
4.581966325168364551e-01
4.552393322095704131e-01
4.521697640650682026e-01
4.528147144023529913e-01
4.475211277601914839e-01
4.528352705185470506e-01
4.580250678176542301e-01
4.601744882405287007e-01
4.483180505818233907e-01
4.520014119781211037e-01
4.555874913944198967e-01
4.516228011619113913e-01
4.509874578572158343e-01
4.551727670884092580e-01
4.544902999930981458e-01
4.519707964650320209e-01
4.547582948536619263e-01
4.512335259892165107e-01
4.574979062508920391e-01
4.621419505285388474e-01
4.815871394584310683e-01
4.570939061655114322e-01
4.517400481633155329e-01
4.532885980804982617e-01
4.360588400134880471e-01
4.398254606454495841e-01
4.675735054265876545e-01
4.730026639275605738e-01
4.344242465010390575e-01
4.369248437591070622e-01
4.639673287931462276e-01
4.933396382287585924e-01
4.544696712890931023e-01
4.441406087014248549e-01
4.563708353018288144e-01
4.548212767460309003e-01
4.539764199123755839e-01
4.681125660275003431e-01
4.562553664959046462e-01
4.531374041492869931e-01
4.525744031277582069e-01
4.522997095816436164e-01
4.432787147877448319e-01
4.452343449239818396e-01
4.523853424673739410e-01
4.583956738230951511e-01
4.598885753490871697e-01
4.490162509193708074e-01
4.536867508368255808e-01
4.533618487864157220e-01
4.523169942914835318e-01
4.528490494324637905e-01
4.545578786310888741e-01
4.539627801993509348e-01
4.527148670652338946e-01
4.516668330486587890e-01
4.432710359984198822e-01
4.587575220589834024e-01
4.658408415965522020e-01
4.688401495887027925e-01
4.513546058971502628e-01
4.544316053865719574e-01
4.369966262526680523e-01
4.365072891320253001e-01
4.633095113993515035e-01
4.674063787909440437e-01
4.357515131094015226e-01
4.648991829665877207e-01
4.812800405486401534e-01
4.473516809044940645e-01
4.481571554214653363e-01
4.550022415316760105e-01
4.520784167813369225e-01
4.527628030164913553e-01
4.661888620971499364e-01
4.575021771244884849e-01
4.536687961666813207e-01
4.524759952744937808e-01
4.525943848192898744e-01
4.450425895968523893e-01
4.493261491989569145e-01
4.561396955727280988e-01
4.597027406964029894e-01
4.535297693333861235e-01
4.498093802292164045e-01
4.549227080909377663e-01
4.525981873445593662e-01
4.536363193278729056e-01
4.529285681004256991e-01
4.556381238927813548e-01
4.531307732330244753e-01
4.512531454529167263e-01
4.482763713844603037e-01
4.568343444496672512e-01
4.657156875867167756e-01
4.701652684273667782e-01
4.509061481747212441e-01
4.552832894018369325e-01
4.398654119959847231e-01
4.391902099345911803e-01
4.441174379841663633e-01
4.616313562428288053e-01
4.688550265910388370e-01
4.684468663447523551e-01
4.451652871036568815e-01
4.364518990371645812e-01
4.803475493910754346e-01
4.802031451445663013e-01
4.467879416191744002e-01
4.495587963259735642e-01
4.525413117447830147e-01
4.539638933015989752e-01
4.572659150340300793e-01
4.551888656875530681e-01
4.563514267558270721e-01
4.518730148076316455e-01
4.526594238998671305e-01
4.450174339508266574e-01
4.461691363006566879e-01
4.546705661730719994e-01
4.571836415455575731e-01
4.598699902873264467e-01
4.525936691827600056e-01
4.475604229252689858e-01
4.539519903334917061e-01
4.544291711064338268e-01
4.524928384480021437e-01
4.496993960597486240e-01
4.521405520210095008e-01
4.541500606684070185e-01
4.541126509633360286e-01
4.521932618591354425e-01
4.527372229699564432e-01
4.533241310945575475e-01
4.686282654339991027e-01
4.746317923236968994e-01
4.502863090676300084e-01
4.550920971641614354e-01
4.427067993149948477e-01
4.444506167398401542e-01
4.678128972174908640e-01
4.749797640424658351e-01
4.359834733990559652e-01
4.336611364380182354e-01
4.782246357197941222e-01
4.745399118061971455e-01
4.482817079746138078e-01
4.498629889191676501e-01
4.508573458452352356e-01
4.544934206972430224e-01
4.525797622048769453e-01
4.502386070362648929e-01
4.595133860679651572e-01
4.538034273975624089e-01
4.474642788037868635e-01
4.467209555759589223e-01
4.503697503110145606e-01
4.594215958381542286e-01
4.629775605931720217e-01
4.505021294556942890e-01
4.495297987264136874e-01
4.569020730516228368e-01
4.537292947884793426e-01
4.546557214246237377e-01
4.504882307126398255e-01
4.537224712821334993e-01
4.527123395502140601e-01
4.513860174102102274e-01
4.542495651918452282e-01
4.540259192280175493e-01
4.678894370082746779e-01
4.691194648575186532e-01
4.513230023797328849e-01
4.544580824114977657e-01
4.387936484374036494e-01
4.404174739635386970e-01
4.639855224534980560e-01
4.635234774280624914e-01
4.357210224584917024e-01
4.391683110691236291e-01
4.747411472862922976e-01
4.682487193680577309e-01
4.485484437152970627e-01
4.498992761064632417e-01
4.557931083993916888e-01
4.533419979602766881e-01
4.524049779881168520e-01
4.531249205089550869e-01
4.527078719561381526e-01
4.463437247277165509e-01
4.499805119270362530e-01
4.545626395292959310e-01
4.558720722265591219e-01
4.426888472683186415e-01
4.516432955923749271e-01
4.578191278968880562e-01
4.524655845799444021e-01
4.532022549089343988e-01
4.528404048080135191e-01
4.514688282781919026e-01
4.537619313541100818e-01
4.553801826998007396e-01
4.477216911034431757e-01
4.535658723161495876e-01
4.535497957420988047e-01
4.543000296753453848e-01
4.692794490333294100e-01
4.656453601987249336e-01
4.534248700519051822e-01
4.391516499369987891e-01
4.361784358021983388e-01
4.603664532631744355e-01
4.564843931315769043e-01
4.871181702727653273e-01
4.384524250089167907e-01
4.535488292112983544e-01
4.743228550500487306e-01
4.679862744298016186e-01
4.492893966261778393e-01
4.501611086668417250e-01
4.521752295258159027e-01
4.576663407130285299e-01
4.518303409663956827e-01
4.450083203976132884e-01
4.498678117864861048e-01
4.555714130548145224e-01
4.543525542471708034e-01
4.640219457894881883e-01
4.428320349156676938e-01
4.520413924208489531e-01
4.569042725989254095e-01
4.541560058455379467e-01
4.520287335086595748e-01
4.524259883587095632e-01
4.541352627976613654e-01
4.539571977185735130e-01
4.452690379256089570e-01
4.536548844086046861e-01
4.543617593006688549e-01
4.537852988760236461e-01
4.662887961750171173e-01
4.605764409108697999e-01
4.635070014589973697e-01
1.162012872526013485e+00
4.390158370692297529e-01
4.369686259991171773e-01
4.609938401608479341e-01
4.511310974636687510e-01
4.685121712562416718e-01
4.495272308282008411e-01
4.506976102143661622e-01
4.495176004498336875e-01
4.444766374500360717e-01
4.456074632265319413e-01
4.492431867158952485e-01
4.522951873255888766e-01
4.537853909974756128e-01
4.519088479335964803e-01
4.518891921589678895e-01
4.540529671671726386e-01
4.534649746593314990e-01
4.478966912195913586e-01
4.516312204581327538e-01
4.542540021212313484e-01
4.536612566412546177e-01
4.592036528476787782e-01
4.610460641693824857e-01
5.601574871974118075e+00
4.383317347524703922e-01
4.363863084538419645e-01
4.425769631303544394e-01
4.849480437186317605e-01
4.792464484630862276e-01
4.518018517628646369e-01
4.474031475312462702e-01
4.576257315320428898e-01
4.547754716155738564e-01
4.459487364193769898e-01
4.443787511013267966e-01
4.486726804649197597e-01
4.649357402746515655e-01
4.567165011176926304e-01
4.527709085171355841e-01
4.507150508588763094e-01
4.551587081837402682e-01
4.534346635528392899e-01
4.519580364983717957e-01
4.612603701280498236e-01
4.606636063627779776e-01
1.727787539242944703e+01
4.219808602555568666e-01
4.402386808661257200e-01
4.732989696501401222e-01
4.812567137210377877e-01
4.541283456320987511e-01
4.467303924576176977e-01
4.542953042424687782e-01
4.525465836244132456e-01
4.331031780777566675e-01
4.526875103341532203e-01
4.450002130609240214e-01
4.693884081533238328e-01
4.526449737978958665e-01
4.535522301191101113e-01
4.632789634103273713e-01
4.522662515986485832e-01
4.631240316513371424e-01
4.581254296847795948e-01
2.765551893872055089e+01
4.506858058519006005e-01
4.595404785030784423e-01
4.666299631048413388e-01
4.509531360677636602e-01
4.544515072464516137e-01
4.563254825618629495e-01
4.549323631776183707e-01
4.520994263656197831e-01
4.484890434242035928e-01
4.546001214143341462e-01
4.625466395201807690e-01
4.544194389714189541e-01
3.151670428731257090e+01
4.409078325232085871e-01
4.812775533592140165e-01
4.664379874337919452e-01
4.465160586818019972e-01
4.522362775572477678e-01
4.536928489824327837e-01
4.692100180560504485e-01
4.520265127340852285e-01
4.535061330258136070e-01
4.523026022721385875e-01
4.625326436906185279e-01
4.581488071549696395e-01
2.765525392177035613e+01
4.220988392442009407e-01
4.425494104866857237e-01
4.721266027052126724e-01
4.763275727746399957e-01
4.539451664377636142e-01
4.472496687067877286e-01
4.540138615981257342e-01
4.546822324996503961e-01
4.339337610809849144e-01
4.488593720246711327e-01
4.450489318010966699e-01
4.567161620939520494e-01
4.525822841528761575e-01
4.506496182834756614e-01
4.632958824995717095e-01
4.519926577015848101e-01
4.631390388513809131e-01
4.606688106262273874e-01
1.727763083672767763e+01
4.385925665745784574e-01
4.371799168367818678e-01
4.365094303681356092e-01
4.834164410579678828e-01
4.670988428743185206e-01
4.517168928900686109e-01
4.506170828491353753e-01
4.586679167325009576e-01
4.507395295315028139e-01
4.455771291794470845e-01
4.453227699539744622e-01
4.443142907566817734e-01
4.649134988055856343e-01
4.537858756762114809e-01
4.527146145559355350e-01
4.517885050954671411e-01
4.551822820624200072e-01
4.534254106167003862e-01
4.534630627797516800e-01
4.516571443930044727e-01
4.536377528600621378e-01
4.612789627795441660e-01
4.610468204075492960e-01
5.601461089839147256e+00
4.392073936435620385e-01
4.364303565943227214e-01
4.611663103893987592e-01
4.867398143622920781e-01
4.512435672944002385e-01
4.526436426301849725e-01
4.669726015351577386e-01
4.494145600186003064e-01
4.521523295600955450e-01
4.520706920851335631e-01
4.442693423034257405e-01
4.496235529538513132e-01
4.491944360322830399e-01
4.639908565255816963e-01
4.522386677866740978e-01
4.519777788176881916e-01
4.541828937175026448e-01
4.518146634129999728e-01
4.523464999434493317e-01
4.540672979716242064e-01
4.539363993073812220e-01
4.480174069740527343e-01
4.536746415291285639e-01
4.543609376809328859e-01
4.537582323388309469e-01
4.592134034882620619e-01
4.635078225083320569e-01
1.161976175493086849e+00
4.393501488019689316e-01
4.405632340275768555e-01
4.600821527945305744e-01
4.631837700022321536e-01
4.561683111353230791e-01
4.376367726184121065e-01
4.394778247041004060e-01
4.730290085687669510e-01
4.673275467089282320e-01
4.493492232824844446e-01
4.499117299332794362e-01
4.502625182287249839e-01
4.575139749540404477e-01
4.523889618029467430e-01
4.448490361517517533e-01
4.498189608233957304e-01
4.555669969929098118e-01
4.558850556187921121e-01
4.542873878232269180e-01
4.427650632887233373e-01
4.515722601043704043e-01
4.568708965248331477e-01
4.524431165288486101e-01
4.519334896000787860e-01
4.514324171603607549e-01
4.541474657842146101e-01
4.554252281230790067e-01
4.452685846439154438e-01
4.536624967078451420e-01
4.544698450032649828e-01
4.542880799561543892e-01
4.662864471788096266e-01
4.656391781443829925e-01
4.605785991420245362e-01
4.534145755296103419e-01
4.389479924648533871e-01
4.445393905964523107e-01
4.637628838872894788e-01
4.747470289628189510e-01
4.362547141622710734e-01
4.342942797962327517e-01
4.741754915208993837e-01
4.744160323185239725e-01
4.486756876600613841e-01
4.510459372693590985e-01
4.558040513621435252e-01
4.526237148267779897e-01
4.532829799993672859e-01
4.525344157472303008e-01
4.597320814328397787e-01
4.529229886775935632e-01
4.536409731231986209e-01
4.461800307532604593e-01
4.502646952607375352e-01
4.546828940851404544e-01
4.631653031467766191e-01
4.426182706122687160e-01
4.494720981399931148e-01
4.577999732443675529e-01
4.536790876031778774e-01
4.531828432421382558e-01
4.504410203971114246e-01
4.527562290699467251e-01
4.537785980110312645e-01
4.526638071560827870e-01
4.477354301805671621e-01
4.543551857183257825e-01
4.535947326020698389e-01
4.540395518492302829e-01
4.692686914660307296e-01
4.691094453792272190e-01
4.544355160254933135e-01
4.428072896171378892e-01
4.441861615902156779e-01
4.675080408221778949e-01
4.682147594329288953e-01
4.363852927362354972e-01
4.364781745983498107e-01
4.784617321431999803e-01
4.808355891218592526e-01
4.485245430585533821e-01
4.498274031147537211e-01
4.500835231234559530e-01
4.545122340339843858e-01
4.574460094685063871e-01
4.504250057939305218e-01
4.565773852240652131e-01
4.525890744252039077e-01
4.473319351436131908e-01
4.460404191771158433e-01
4.465854576726883129e-01
4.596137657795332232e-01
4.600835302895523449e-01
4.504452419900444871e-01
4.475127287024391332e-01
4.568523976958349664e-01
4.543722805135103626e-01
4.546257833705268925e-01
4.496878847236347454e-01
4.537236313585502612e-01
4.541064871260910296e-01
4.514436173550337439e-01
4.523130665277595441e-01
4.533825864692793695e-01
4.678732441071135617e-01
4.746192093678042179e-01
4.513050488767153534e-01
4.550935898488044917e-01
4.398468109883670873e-01
4.364806485136623060e-01
4.392219254971695963e-01
4.614100709162207714e-01
4.673063905265584794e-01
4.686790700975291268e-01
4.448458298763465213e-01
4.352157983702314437e-01
4.812765733327625250e-01
4.822359361840896086e-01
4.470438951215869317e-01
4.554548009668034636e-01
4.524803096029980654e-01
4.663304997569628352e-01
4.539346034504439520e-01
4.554492395174292718e-01
4.539660133833162692e-01
4.518097023746640573e-01
4.525848352714367806e-01
4.449815609978131636e-01
4.491657406917133888e-01
4.548753327702708127e-01
4.598973976001959341e-01
4.574014722381404829e-01
4.525502114944303100e-01
4.497674593901927476e-01
4.538835432856531127e-01
4.548464421771697408e-01
4.524579046773983260e-01
4.536257360802392058e-01
4.520939613549783687e-01
4.555932952930212276e-01
4.541295130623008158e-01
4.513607414923086480e-01
4.527977499256475857e-01
4.569141412463329499e-01
4.686134380852545189e-01
4.701280495135814474e-01
4.502894473658003993e-01
4.552867363861831107e-01
4.369392434838962336e-01
4.397267313982090586e-01
4.631748880441665106e-01
4.728251483084813245e-01
4.357485253634837408e-01
4.660198575230021789e-01
4.943587896437263707e-01
4.477050104888719573e-01
4.567731480512539077e-01
4.484960201343201058e-01
4.518742482206465905e-01
4.663049814962356709e-01
4.526527654309986382e-01
4.577999526415182929e-01
4.534696648129574181e-01
4.525013305973761835e-01
4.524937650425140401e-01
4.449192321318644061e-01
4.523871867557558990e-01
4.563287113042725496e-01
4.600883227641369699e-01
4.535067611298598811e-01
4.490018229695026952e-01
4.532811807545556460e-01
4.525705587695164622e-01
4.528525102702855576e-01
4.528858499182458752e-01
4.539171050002726582e-01
4.530505504837047392e-01
4.516755503339024980e-01
4.483716893953308968e-01
4.588450247621314593e-01
4.656825743338626755e-01
4.687933374042830281e-01
4.509139865181642781e-01
4.544303912233123577e-01
4.359177440514442337e-01
4.418211797747665370e-01
4.675074781363292575e-01
4.765743643886009573e-01
4.332668247736153333e-01
4.280406959638676789e-01
4.649467379449324089e-01
4.551233028096854372e-01
4.444684080015434691e-01
4.546085902304803916e-01
4.577432111108892809e-01
4.565814503650456047e-01
4.566146244108441610e-01
4.555444336823025187e-01
4.528021130478701028e-01
4.529723283939264822e-01
4.432247629684018531e-01
4.527293872158582588e-01
4.451898710093779576e-01
4.585858729434575398e-01
4.603738910135364293e-01
4.520058197685318802e-01
4.535937994663297168e-01
4.515223157691132250e-01
4.522670077176307313e-01
4.551581607678016339e-01
4.545272682560919097e-01
4.519156382071097822e-01
4.527492611008985812e-01
4.512347080494613083e-01
4.433865425930071380e-01
4.622083077714366217e-01
4.658034358733243452e-01
4.570697671759670344e-01
4.513630015950718111e-01
4.532945792050683820e-01
4.378449511395232085e-01
4.432510908322561116e-01
4.738933253272937240e-01
4.705523218275350361e-01
4.431173087350636086e-01
4.285693244852137318e-01
4.553869900227131562e-01
4.618042064216218434e-01
4.544661276714305753e-01
4.522951825796325820e-01
4.390458715149819779e-01
4.475452850470956201e-01
4.443480295801731095e-01
4.581853587113322024e-01
4.565338086168451159e-01
4.483322942666421174e-01
4.512816697497686880e-01
4.554751468300389239e-01
4.519196709835538450e-01
4.509690817288734555e-01
4.551273856725748246e-01
4.544658502275101819e-01
4.524005900488639043e-01
4.546413713587365568e-01
4.556918887517771855e-01
4.575264425372083665e-01
4.815674105927236215e-01
4.517374376765483923e-01
4.521602957927954303e-01
4.369317059338220233e-01
4.351902330903323346e-01
4.358791711676605063e-01
4.674233799025407921e-01
4.706222402121039705e-01
4.737533978658085010e-01
4.268722171849962943e-01
4.557836897906522022e-01
4.568232101174994342e-01
4.551397253789555841e-01
4.646246173001382651e-01
4.531944490001513781e-01
4.488093703979295634e-01
4.570647656351825017e-01
4.573245986941972818e-01
4.599788458752206433e-01
4.518186520662140770e-01
4.515944218687130141e-01
4.504132288509852811e-01
4.547968756240500232e-01
4.506836173659190536e-01
4.607703436512248230e-01
4.514902490115179634e-01
4.538974271780451542e-01
4.521646436288102588e-01
4.603368731747480846e-01
4.515812503143226131e-01
4.514721613940421152e-01
4.328683230702793927e-01
4.381256276903265356e-01
4.682023735180272372e-01
4.716482477027173492e-01
4.543055458066142527e-01
4.638272536295526827e-01
4.632345753645275011e-01
4.559407520733981256e-01
4.628353072293139303e-01
4.539783143457719605e-01
4.577879190642581420e-01
4.574927710585441343e-01
4.532230703394581894e-01
4.520917695624968591e-01
4.499267979522428296e-01
4.500799963495366041e-01
4.526003868203748448e-01
4.534569499318172880e-01
4.537488408002977591e-01
4.862779496686109315e-01
4.509482583921644028e-01
4.508921348961035247e-01
4.334548021505413851e-01
4.389440466227922943e-01
4.708232759904423803e-01
4.748341794502511926e-01
4.527236283756027602e-01
4.684242790994012084e-01
4.560262389317957799e-01
4.559860234052137140e-01
4.568622323260895235e-01
4.760367305828914763e-01
4.583180620013551643e-01
4.586499300684586666e-01
4.564841030407756906e-01
4.533332578461457540e-01
4.477303552611094362e-01
4.594396324008373500e-01
4.749926656112021250e-01
4.838092255023203059e-01
4.851064740803704978e-01
4.500273319353477186e-01
4.504163748041617454e-01
4.338769587667926086e-01
4.400644739504582237e-01
4.737857406247920622e-01
4.686542786014575857e-01
4.512965381708692880e-01
4.662980680454143489e-01
4.533554703648650097e-01
4.538539582683979723e-01
4.655864581087881260e-01
4.597079992495420320e-01
4.561770199518867530e-01
4.670742138867026161e-01
4.504092234734017319e-01
4.596552480994536283e-01
4.509734444941088660e-01
4.600310450412303243e-01
4.568149038241639537e-01
4.499084201750878642e-01
4.541238625784017602e-01
4.727740602081438315e-01
4.821183010984392281e-01
4.650340149323300976e-01
4.491866288676543695e-01
4.470631640560017162e-01
4.349016463721525061e-01
4.337984239792713193e-01
4.337253043459372570e-01
4.714143230642999782e-01
4.737606734270237152e-01
4.763179155454462244e-01
4.489363871949346163e-01
4.552262121193922373e-01
4.515916611523947966e-01
4.515901075331598125e-01
4.556400087773164742e-01
4.506256892995428309e-01
4.583175782941734666e-01
4.615328199744477833e-01
4.574410419979255682e-01
4.474767740882637512e-01
4.567355040874798711e-01
4.703752208213818342e-01
4.349940877590833810e-01
4.512574289725033161e-01
4.744279220527536922e-01
4.735409330751855217e-01
4.740646788779414034e-01
4.479892773742726320e-01
4.460368057330473257e-01
4.325125086368206140e-01
4.331086242176140910e-01
4.679807279470192816e-01
4.770249791760418634e-01
4.494457871250436831e-01
4.599404440657381410e-01
4.543187141943629825e-01
4.486323566444034294e-01
4.554688310648766225e-01
4.728420391692551572e-01
4.599744642604601252e-01
4.203593016095285573e-01
4.620646002192235202e-01
4.627245870664292715e-01
4.597487386337176796e-01
4.582722238032392870e-01
4.742215660703376634e-01
4.810739824155950140e-01
4.475485317909713712e-01
4.447717200986734953e-01
4.319108506543617443e-01
4.332033954091600303e-01
4.732683446027917684e-01
4.777004985012529015e-01
4.565514864532166373e-01
4.714823348673607417e-01
4.559489434828318255e-01
4.509674717389514642e-01
5.019679121639119002e-01
5.058097830761294489e-01
4.985622530503270866e-01
4.299650039447809324e-01
4.579700584371825256e-01
4.644506094315716260e-01
4.583773944438938042e-01
4.581031202576864025e-01
4.443470069827444302e-01
4.392670307763145154e-01
4.629780521112507596e-01
4.586787644250741591e-01
4.613009292566137010e-01
4.401700438303632335e-01
4.468891918630616966e-01
4.689711906606766623e-01
4.980014176543156590e-01
4.694541316642196760e-01
4.460203766420295923e-01
4.447833979642908941e-01
4.357049367556933839e-01
4.501814533769004090e-01
4.760309823454000333e-01
4.752125856203497367e-01
4.575940668823352819e-01
4.584597637379281831e-01
4.580371670316822352e-01
4.575284143051254748e-01
4.466451424979658302e-01
4.499652051830143051e-01
4.519344444201340294e-01
4.878250099590027977e-01
4.360395560890510391e-01
4.403516242173354800e-01
4.617262140479912458e-01
4.615253059950866765e-01
4.584841584506638701e-01
4.643750875906979547e-01
4.555676465628570315e-01
4.498486380269134943e-01
4.564349620203797531e-01
4.427601083811714688e-01
4.620452034273380137e-01
4.612682853321470877e-01
4.618191581736661444e-01
4.412528696709222542e-01
4.504688833598941566e-01
4.505323510493909334e-01
4.451119982588285784e-01
4.654406151366650146e-01
4.409913382463935827e-01
4.670215251289284719e-01
4.945006513264249004e-01
4.676884149709331084e-01
4.420902922316555239e-01
4.575515395356362092e-01
4.478745089828819470e-01
4.656556803039381687e-01
4.637820872814197859e-01
4.456070754469348416e-01
4.764249369472114970e-01
4.758696307817465998e-01
4.525965054635883167e-01
4.590019665466276710e-01
4.556304632772762986e-01
4.452230287228605699e-01
4.686494079971212923e-01
4.487852443955397952e-01
4.492366015390036327e-01
4.748605622243648461e-01
4.527651772212847314e-01
4.579761995357403137e-01
4.775053893438730990e-01
4.620805755270523396e-01
4.477488343398643433e-01
4.491940968571168091e-01
4.458614369399382937e-01
4.496978173369010068e-01
4.505395186166631927e-01
4.720731303946772428e-01
4.311210180731558372e-01
4.607188254411875850e-01
4.655829853187922751e-01
4.623580631755276338e-01
4.403023477674063990e-01
4.589258701654039818e-01
4.487002386857593672e-01
4.483776402392556371e-01
4.638845048395962567e-01
4.425262966813993115e-01
4.361411551740056458e-01
4.668965792444438323e-01
4.923763069966263228e-01
4.718370274983793577e-01
4.437376969078985489e-01
4.457812634683633313e-01
4.561572909826822064e-01
4.574275504276634763e-01
4.805176716864741904e-01
4.824444186167892168e-01
4.760782823795646768e-01
4.452804877477762879e-01
4.598708831458690471e-01
4.532374072992055303e-01
4.540431208901663518e-01
4.465783679513894433e-01
4.649239267055967351e-01
4.486235551435346358e-01
4.476936050972852854e-01
4.702766495472610053e-01
4.741379023075681376e-01
4.498668912456152413e-01
4.574071343588815841e-01
4.792716600118218651e-01
4.609703308312276815e-01
4.608148668406222281e-01
4.441564758192022011e-01
4.657208065362447025e-01
4.479331288251767740e-01
4.510544701801402767e-01
4.761431203444966287e-01
4.676322980446551703e-01
4.413833070271382386e-01
4.435682781818958698e-01
4.613052877542563324e-01
4.588950483568707828e-01
4.626471609429155252e-01
4.403511707999747116e-01
4.472167574768104448e-01
4.441949415137816382e-01
4.609871362655164062e-01
4.622688381043396078e-01
4.418011970786286935e-01
4.666454116082281445e-01
4.949149028872302791e-01
4.752215620308963273e-01
4.397149682684863836e-01
4.677313880547184777e-01
4.456017194840513063e-01
4.463332133183025019e-01
4.456625779493670891e-01
4.949261489054011531e-01
4.969939230736881153e-01
4.643212654001562245e-01
4.743169808198173798e-01
4.647034467314315465e-01
4.535129910346010207e-01
4.460554582154119818e-01
4.484557756646954663e-01
4.741409362950758655e-01
4.504076380199982799e-01
4.512112696918637034e-01
4.551599578622949616e-01
4.520644569850318373e-01
4.497876989562828998e-01
4.646242254139669181e-01
4.769785726382484992e-01
4.632155140711446961e-01
4.606727014442523194e-01
4.442280356968584254e-01
4.615140457927853768e-01
4.472476756630205386e-01
4.478237933595939912e-01
4.592783779027733160e-01
4.415651605082350772e-01
4.607141130366649295e-01
4.654567072768183156e-01
4.632576982992376857e-01
4.430205417780939126e-01
4.405499896332666365e-01
4.451547022158122702e-01
4.657581150512115076e-01
4.378802569561341396e-01
4.427523610835855661e-01
4.650082142281108943e-01
4.960349946658051401e-01
4.773904516983098478e-01
4.421888963366339964e-01
4.569818547563202493e-01
4.409452487305074442e-01
4.403282840555794997e-01
4.583816945952035038e-01
4.377671388648077810e-01
4.371669313925543587e-01
3.315778445309558453e-01
5.178894573301826565e-01
5.514581344071238789e-01
4.704696878880416100e-01
4.473705932737715441e-01
4.502082060796678831e-01
4.595700406744924749e-01
4.529907683460123735e-01
4.569301944703760832e-01
4.655267578096908831e-01
4.648415886966460464e-01
4.674902034319622923e-01
4.450727751766306861e-01
4.447292302802097752e-01
4.465483089576636200e-01
4.856723485793921213e-01
4.798317739902810963e-01
4.366066996628502617e-01
4.435818071296463438e-01
4.580886899255980360e-01
4.765509380302696552e-01
4.640743288704592406e-01
4.441495698888648924e-01
4.332927620794948531e-01
4.455347307628604869e-01
4.581260887235159007e-01
4.546920724431278149e-01
4.649228985150834492e-01
4.843147400575388284e-01
4.433181957984104749e-01
4.462814624539617192e-01
4.435948190474217623e-01
4.505256112942603863e-01
4.589905721805533356e-01
4.446414700610613058e-01
4.801542545997986022e-01
4.974966703383769118e-01
4.046067675467538427e-01
3.056579400607591368e-01
4.500873675838340526e-01
5.288128837129247861e-01
4.787452104502896155e-01
5.581664007414059991e-01
4.592504304436287321e-01
4.532541130648496397e-01
4.365989231380879021e-01
4.596940927358402207e-01
4.401628578381738821e-01
4.466201086686933941e-01
4.720054693540603474e-01
4.425139187377465921e-01
4.470416514325937785e-01
4.471139524420777445e-01
4.456704877307990920e-01
4.595693275504958986e-01
4.430632895994564557e-01
4.582790248070367500e-01
4.753212629111540077e-01
4.637765898775149664e-01
4.430888756040693433e-01
4.465066161681445767e-01
4.463162699008544343e-01
4.783341049864947570e-01
4.989913024267083608e-01
4.441113067961008354e-01
4.401374261946111033e-01
4.570539853466692448e-01
4.585497175824818639e-01
4.517021048080209211e-01
4.835237080373923635e-01
3.958321646434622698e-01
3.435346391905575447e-01
4.997317106117764585e-01
4.622741686533364813e-01
4.700303665840068756e-01
4.655883539010610694e-01
4.631240691074083315e-01
4.593244868176508677e-01
4.568929337036127247e-01
4.595294233819390839e-01
4.626319394615733827e-01
4.546872073780803825e-01
4.391547223834222913e-01
4.751093455938893984e-01
4.451917622153171994e-01
4.450719722692056957e-01
4.546500889857363337e-01
4.437838539950255123e-01
4.613948602986456260e-01
4.597028373920956090e-01
4.627865951483937645e-01
4.418049771768631784e-01
4.411111965297717097e-01
4.459442274065613665e-01
4.648489148227367695e-01
4.778804030541749515e-01
4.685899183747680441e-01
4.907285289698969932e-01
4.433501388916358810e-01
4.375472133034820632e-01
4.434238038778285929e-01
4.572829287224801642e-01
8.029521696623248550e-01
4.414485014466318913e-01
4.573655934445109983e-01
4.032940649687632440e-01
3.058238223025054325e-01
4.863202007419186734e-01
4.972994499729223028e-01
4.751134346972685774e-01
4.667767103312946420e-01
4.636257966694040666e-01
4.617451559482928514e-01
4.402155356898473926e-01
4.534487653135949037e-01
4.405481675635202765e-01
4.485906668134226893e-01
4.408281501028998295e-01
4.430748201461384705e-01
4.441120622206065627e-01
4.634255815847499460e-01
4.834138269290966239e-01
4.661209209109143381e-01
4.778179226890939546e-01
4.752564323532417201e-01
4.436939787063666207e-01
4.309498841441905537e-01
4.437530196076733824e-01
1.032249118553653089e+00
4.529546187270748758e-01
4.466249292235229817e-01
4.880863270916566132e-01
4.483334141567382747e-01
4.428123219285926004e-01
4.591562857569321809e-01
4.643224980573931182e-01
4.572196997095393511e-01
4.577806486385959106e-01
4.607506372548151319e-01
4.620520166361217207e-01
4.387393746904560410e-01
4.495215685152024743e-01
4.435321251579875113e-01
4.667534099871082920e-01
4.756009788649062098e-01
4.635489890911518862e-01
4.704646256656472847e-01
4.816435672409945523e-01
4.398245875309290676e-01
4.471235130587912776e-01
4.450867118599950989e-01
1.129266391322229834e+00
4.657091957771328783e-01
4.300707999668473280e-01
4.092812419864182982e-01
4.321905025584106275e-01
4.567850688929278591e-01
4.617112570622049494e-01
4.577273706439673462e-01
4.579919500144618572e-01
4.573312462353184005e-01
4.563239216779583218e-01
4.561932941565032817e-01
4.581593120092267712e-01
4.594846058367816899e-01
4.634350990127065195e-01
4.679087253153644266e-01
4.372045732258869610e-01
4.542718363298566819e-01
4.401766884959374959e-01
4.651867995222667695e-01
4.699309902860000498e-01
4.638155171850555925e-01
4.682511673575481814e-01
4.837269153501564944e-01
4.380553992122630524e-01
4.568381213663773033e-01
4.410702985495896233e-01
1.297149407546847044e+00
4.091751481225029408e-01
3.342302508205740041e-01
2.979440468792813879e-01
3.229847757000925412e-01
3.994218667862826644e-01
4.795739129147004176e-01
4.954065750784175104e-01
4.802986766808821084e-01
4.644345664011847452e-01
4.568254239096242175e-01
4.593970672079360495e-01
4.609357690602456370e-01
4.664511162394823218e-01
4.595710220459818252e-01
4.211240900527341013e-01
4.427733242663787760e-01
4.631937769180633491e-01
4.858327255850194426e-01
4.650208974609729706e-01
4.689039401806727181e-01
4.803761386885361251e-01
4.343883270579336764e-01
4.591782623125164609e-01
4.379824639042996237e-01
1.485956198320091293e+00
4.493604120163959825e-01
4.259929691284452535e-01
4.610490404887481186e-01
4.556043396048324867e-01
4.962830958546615712e-01
4.596632565579306662e-01
4.656936897371375950e-01
4.722572572317402240e-01
4.731083878209155769e-01
4.392321743164821490e-01
4.407115102497504155e-01
4.361891996777371161e-01
4.598497365491598932e-01
4.815623891549329905e-01
4.919572380325465955e-01
4.400382691235324439e-01
4.347006202004856656e-01
4.376573450113322994e-01
4.491954918308149747e-01
4.392795906260379968e-01
4.415639875620822052e-01
2.244461013296231933e+00
1.952401628414853985e+00
4.363635905009786153e-01
4.371773331732796697e-01
4.434894010914341989e-01
2.593019579583863976e+00
4.389008524620048868e-01
4.636406408358452746e-01
4.392211160624127642e-01
4.449994840025169318e-01
4.424955419402877288e-01
3.022146852246867077e+00
4.384634097131378527e-01
4.453373376869858014e-01
4.425650035684807748e-01
4.461608092479487642e-01
4.455094747899936425e-01
3.576877217079299509e+00
4.390473557939392202e-01
4.469584541542651612e-01
4.452373565844693348e-01
4.472687780913724431e-01
4.458451975279407731e-01
4.356185405269012101e+00
4.402288941613725082e-01
4.470277312846161477e-01
4.471066826916265113e-01
4.478214636887679623e-01
4.452381320487716065e-01
5.646114024030672418e+00
4.419149657681522569e-01
4.445094974130230914e-01
4.460830722110885049e-01
4.477346186885451940e-01
4.455016623536317000e-01
8.825421600640344977e+00
4.435283913086315866e-01
4.535922774032339899e-01
4.462588389932943267e-01
4.480448384388031058e-01
4.469520577408666595e-01
1.139351372999558620e+01
1.800030603617052449e+01
7.414044186110605672e+00
5.662856393983918935e+00
5.010919375439521595e+00
4.599729485661255168e+00
4.291155330781045052e+00
4.039952905754295998e+00
3.825786741477524178e+00
3.637415581196161263e+00
3.468004634900878624e+00
3.313155572916300251e+00
3.169941057392114736e+00
3.036384739298120028e+00
2.911160571917430939e+00
2.793404677565785921e+00
2.682585889037838012e+00
2.578408017896193449e+00
2.480731262914762425e+00
2.389507464676135839e+00
2.304726973662437839e+00
2.226375654089950640e+00
2.154400412414913646e+00
2.088681571295758044e+00
2.029010897083602494e+00
1.975075212832809735e+00
1.926447042829493972e+00
1.882585138663927404e+00
1.842848360483762660e+00
1.806525550676670422e+00
1.772881352056294268e+00
1.741213682610164737e+00
1.710914022376045507e+00
1.681518782336007822e+00
1.652740717758208966e+00
1.624474257305298153e+00
1.596776310273947397e+00
1.569831419819827323e+00
1.543913705767385736e+00
1.519356262262836710e+00
1.496532600809447056e+00
1.475847448761954395e+00
1.457729051023169298e+00
1.442613895206051211e+00
1.430917152724424657e+00
1.422986273823222847e+00
1.419039143894178734e+00
1.419091118155609399e+00
1.422877661154841045e+00
1.429782631443909713e+00
1.438787408374516463e+00
1.448462058224062154e+00
1.457022824916358594e+00
1.462474924632425344e+00
1.462841865631432814e+00
1.456454181319873253e+00
1.442241051385622974e+00
1.419951802929863449e+00
1.390241199550430462e+00
1.354583699350496273e+00
1.315027978746296622e+00
1.273848194423593982e+00
1.233176311694407667e+00
1.194699819970653998e+00
1.159482801954065501e+00
1.127928957236736141e+00
1.099870018653638315e+00
1.074742082086589168e+00
1.051805252697631143e+00
1.030362869036189677e+00
1.009941727722579285e+00
9.904046528854463238e-01
9.249576147185253339e-01
9.213826716077717638e-01
9.340567119750572411e-01
9.871565764899565831e-01
9.666470126745972946e-01
1.006791092738805293e+00
1.021227081379833646e+00
1.024803443615321497e+00
1.010629251556891539e+00
9.707547441943045197e-01
8.961061099828376841e-01
7.762622588786507460e-01
6.099629729545913426e-01
4.452173281226679546e-01
4.466872531379624256e-01
4.487148043441415157e-01
4.490315174487493066e-01
4.481936255017370807e-01
