1.790235427056648732e+01
1.134093674594938861e+01
8.785358329646083320e+00
7.391658351711134500e+00
5.655634322674096381e+00
5.011214290474697464e+00
4.605276038481849632e+00
4.300766063994515775e+00
4.052822507024933962e+00
3.841265135544419618e+00
3.654921753110075500e+00
3.486997859755003315e+00
3.333135412799564712e+00
3.190459393805844535e+00
3.057058889393724943e+00
2.931681135640103797e+00
2.813535854312736006e+00
2.702159099068045300e+00
2.597311361284126097e+00
2.498897669798131993e+00
2.406903742258890144e+00
2.321344900543033773e+00
2.242225298213436080e+00
2.169505242038822335e+00
2.103074767086158037e+00
2.042732484698024820e+00
1.988170057794655943e+00
1.938964172626185478e+00
1.894579045024125552e+00
1.854382668677279966e+00
1.817678613286886735e+00
1.783752064284901184e+00
1.751924590380723901e+00
1.721608317108614949e+00
1.692348676684980013e+00
1.663847050913894288e+00
1.635960242748728977e+00
1.608680797436848886e+00
1.582107739664018631e+00
1.556418843204837588e+00
1.531852515213885324e+00
1.508701292860010090e+00
1.487312578315545641e+00
1.468088152442466043e+00
1.451473447616894452e+00
1.437930094303478512e+00
1.427889284856400209e+00
1.421687276572058289e+00
1.419486998721745330e+00
1.421191720271764325e+00
1.426359666458388853e+00
1.434133948781764589e+00
1.443210093960046292e+00
1.451870304594302441e+00
1.458112062615056104e+00
1.459880873701889792e+00
1.455381097660464640e+00
1.443396630768931210e+00
1.423528399197410810e+00
1.396270072067936852e+00
1.362897285118005453e+00
1.325212115228410203e+00
1.285227089491990382e+00
1.244872938132982387e+00
1.205781897180305817e+00
1.169159628975197318e+00
1.135734533285668535e+00
1.105767780347777673e+00
1.079113027388124202e+00
1.055320415488647523e+00
1.033778132831775443e+00
1.013876070003569385e+00
9.951651765266759098e-01
9.206422931535818144e-01
9.212701826216762591e-01
9.275679793394548955e-01
9.571438827534743954e-01
9.787864422628026473e-01
1.002385183707268812e+00
1.024474474628754406e+00
1.040153546003103058e+00
1.043054236703010451e+00
1.025510166618356589e+00
9.788299346392758116e-01
8.933188237092720696e-01
7.602444307158008341e-01
5.885382918370380967e-01
4.389638235435206481e-01
4.474700296755671491e-01
4.498789061012144486e-01
4.518129565371778456e-01
4.491112810722269200e-01
4.469327680548718651e-01
5.622933618743142681e+00
4.418337515583539155e-01
4.474440210832343334e-01
4.502370833071666634e-01
4.448202127544257367e-01
4.470065208284177416e-01
4.337403619686664769e+00
4.386948626080465763e-01
4.498449832535350024e-01
4.497791011707718001e-01
4.437280764996844873e-01
4.448861583349805748e-01
3.559089552852141569e+00
4.362554565452157473e-01
4.447904350002798712e-01
4.486438183165380456e-01
4.458801773926112100e-01
4.439949698846457626e-01
3.004020016791249414e+00
4.354565692593531656e-01
4.405580497503693294e-01
4.469217764947978622e-01
4.475355839702118699e-01
4.556819841100173685e-01
2.573930116413261082e+00
4.386873358597974670e-01
4.281928327945860313e-01
4.438902586462983857e-01
4.457531538419136630e-01
4.406370675971678086e-01
4.348368028131357477e-01
2.224140584049499214e+00
4.287012679252041325e-01
4.395176268772562067e-01
4.409888818785728248e-01
4.592332928558655603e-01
1.930806558897317560e+00
4.295218229897092566e-01
4.362507307911090426e-01
4.353383750281946130e-01
4.284493872634780876e-01
4.322495212459438463e-01
4.348912776724490614e-01
4.283998963976940466e-01
4.637222156982140908e-01
4.075006563320108799e-01
4.736257375286643811e-01
4.781728605930766207e-01
4.987985271104892204e-01
5.039763850328002892e-01
4.322057143085233921e-01
4.347186166866598978e-01
1.272498656455793853e+00
1.462271315620628176e+00
4.850565501149394776e-01
4.785478517004942978e-01
5.349751400038063043e-01
4.423088313475668776e-01
4.528892881550704574e-01
4.623040006376739064e-01
4.683741306024001849e-01
4.716707494442853310e-01
4.823393221100137351e-01
4.815014315755821173e-01
4.886627841787467008e-01
4.314891219837883596e-01
4.279583548615404354e-01
4.534704854212804337e-01
1.104645670289452042e+00
4.055562679998568898e-01
5.597445205929038048e-01
5.192689847788789503e-01
4.837118303801950514e-01
4.187732672631125364e-01
4.167309115369095540e-01
4.473627113120136056e-01
4.609731072759214454e-01
4.639228169013694947e-01
4.629892264312479577e-01
4.630997816361542285e-01
4.652176066686698475e-01
4.706602150503972903e-01
4.657555640940341246e-01
4.628581542732460030e-01
4.245291958494550877e-01
4.346929625180903645e-01
4.528236112887268905e-01
4.648229612704764535e-01
4.688526372759436733e-01
4.767929984355575024e-01
4.945047897492332312e-01
4.833099043471565937e-01
4.279415684262169450e-01
4.315998297174094001e-01
4.476801818411226819e-01
9.836948324448610004e-01
5.128081955039881512e-01
4.792971884282540840e-01
4.311232176050444620e-01
4.806061403955556033e-01
4.588317388056534218e-01
4.582562451470335585e-01
4.597773525389735605e-01
4.611618221046100419e-01
4.593262600759112080e-01
4.584169679533720010e-01
4.581418291823538547e-01
4.616936513029227807e-01
4.636685171510309678e-01
4.702312925195924476e-01
4.657184979543327330e-01
4.395951951583869088e-01
4.431054175628446612e-01
4.714570658638931877e-01
4.699780155850824537e-01
4.762440166661275343e-01
4.989778898871951585e-01
4.840334454596470493e-01
4.315432276820460045e-01
4.364028640023595029e-01
4.291396319166743689e-01
7.816201106943204691e-01
4.592351214203349019e-01
4.022242349543265760e-01
5.248077467259273376e-01
4.280680332663177046e-01
4.470725862528501238e-01
4.717658400908732452e-01
4.609109905482980940e-01
4.588131048449122229e-01
4.596998396138469167e-01
4.598012694185761862e-01
4.651782196028602101e-01
4.758669491921825867e-01
4.387807999180671215e-01
4.395159519141154658e-01
4.557999352134086135e-01
4.732725445270077880e-01
4.697223321940401930e-01
4.786969168814235731e-01
4.972571741112923882e-01
4.998755039652786891e-01
4.344593929165495583e-01
4.362066530086768923e-01
4.303044065234177817e-01
4.263782811183429167e-01
3.970383739297606018e-01
4.578200272140413585e-01
4.922673628090588061e-01
5.480781798503653324e-01
4.744132761489152084e-01
4.408802318488076466e-01
4.471726938543920671e-01
4.526056578246150375e-01
4.563000894675423580e-01
4.559723816040226474e-01
4.352204163529230785e-01
4.431147093741215071e-01
4.464741625967464378e-01
4.471856823104932710e-01
4.673687766527208631e-01
4.516634073367973290e-01
4.304132757166761469e-01
4.613917824177741767e-01
4.390704201244087224e-01
4.414746384026059234e-01
4.591205598378936825e-01
4.718475626985617066e-01
4.740108542513130629e-01
4.901718935968649160e-01
4.902031076292961420e-01
4.355881785593027633e-01
4.375910261398286427e-01
4.498867781011014477e-01
4.443625381383147221e-01
4.414618097155951215e-01
4.665114839286394477e-01
4.626408344739905143e-01
4.848814537269455216e-01
3.456703131764387593e-01
4.764650800359054861e-01
4.617294006370384341e-01
4.467040991490500712e-01
4.513905096378094117e-01
4.529300161335415020e-01
4.512473485016237906e-01
4.518474664156320597e-01
4.548519620509749450e-01
4.577360173964121204e-01
4.601468370512321604e-01
4.618605252369435976e-01
4.669823855060041828e-01
4.655397046377404702e-01
4.378632707262722912e-01
4.490257130441282496e-01
4.528877133164194713e-01
4.962787813305092333e-01
4.357811623607814044e-01
4.596779302457818517e-01
4.656111152185518076e-01
4.627174417461331069e-01
4.637372731113996727e-01
4.394061540422682377e-01
4.422915174554850615e-01
4.601275319918775031e-01
4.813156143225618133e-01
4.707614482912893528e-01
4.725250305273281937e-01
4.344308105049715096e-01
4.346088199507808225e-01
4.485473591602922028e-01
4.416260761906568577e-01
4.409398664047151639e-01
4.428172267286509811e-01
4.059439750962937077e-01
2.971774572362015365e-01
3.638216531728943881e-01
3.771623923998906891e-01
4.618985630805219067e-01
4.972327209101498058e-01
5.147497876489021129e-01
4.447005971201797303e-01
4.498469351182540210e-01
4.477912641205168409e-01
4.628842640184272494e-01
4.640148256643154556e-01
4.641175561912992409e-01
4.672711903561436730e-01
4.663757531592903627e-01
4.632727255998907445e-01
4.430974131288080708e-01
4.419412038914788399e-01
4.470280307822190324e-01
4.644876447642551365e-01
4.851478303777738699e-01
4.606074231178318712e-01
4.462769416522827104e-01
4.414942971231554658e-01
4.627510564665088810e-01
4.605841190984948930e-01
4.766630017610414272e-01
4.402030893620313967e-01
4.426451657806979023e-01
4.565258867632110973e-01
4.932765371618165751e-01
4.811473905981026866e-01
4.554970801543876679e-01
4.983754689589837139e-01
4.326273699117511029e-01
4.339293655793953208e-01
4.539830670056456130e-01
4.395558461230086311e-01
4.409459569846440052e-01
3.822504651871732606e-01
4.896859752471389715e-01
4.882691082218458267e-01
5.112931894667219757e-01
4.806779944656010550e-01
4.618414350889887832e-01
4.464535309001616548e-01
4.492446764305741969e-01
4.456223070004500242e-01
4.494294055411033328e-01
4.486511401145027444e-01
4.470972548541259917e-01
4.685237523434225837e-01
4.363054665332667392e-01
4.331322520202861570e-01
4.700494591158524971e-01
4.772260743839868424e-01
4.406460354083565067e-01
4.461517806940650810e-01
4.477501210117701413e-01
4.439518727448192315e-01
4.811176643818680931e-01
4.404859302990403735e-01
4.597825109354939932e-01
4.580603910821038904e-01
4.797614873565276272e-01
4.410718833171174968e-01
4.435057029575880660e-01
4.567527831643086733e-01
5.095398079945663294e-01
4.680676580982114365e-01
4.204325126070681540e-01
4.385787633171838173e-01
4.860449787907034080e-01
4.870828110666599597e-01
4.938329287173298665e-01
4.302566874636443162e-01
4.316925995969668195e-01
4.621465660794901731e-01
4.387760898131948251e-01
4.476208881824770280e-01
4.583048921541627019e-01
4.888435056462126505e-01
4.822035258186369577e-01
4.402216745420026722e-01
4.582049851115369554e-01
4.698441747968177262e-01
5.046392044240689545e-01
4.413115471504633347e-01
4.495466858200868332e-01
4.473680597076092891e-01
4.497334715569795138e-01
4.737542593775952438e-01
4.373490024007173904e-01
4.537535014837132952e-01
4.574578930152818912e-01
4.664584716307807466e-01
4.671186717497725072e-01
4.422291903104507704e-01
4.481780663323242098e-01
4.476125741929778412e-01
4.445174462672851767e-01
4.793017186188162637e-01
4.796535231189414383e-01
4.347072793231309684e-01
4.355156654220095902e-01
4.586166886674158949e-01
4.574373359250599180e-01
4.805451387319876200e-01
4.417364128487327180e-01
4.444414603989785273e-01
4.530921191870501130e-01
4.751340203080623437e-01
4.354483758797975113e-01
4.932860968244941469e-01
4.867259248163979812e-01
4.897932598389772019e-01
4.322587960192764145e-01
4.358878802331953017e-01
4.438232587136909935e-01
4.596422496717939010e-01
4.563795563767413799e-01
4.767505600573110902e-01
4.768201560323794830e-01
4.606597814741006380e-01
4.644415435550621751e-01
4.646805301573255220e-01
4.762475400114142277e-01
4.437232196537503892e-01
4.500944141840518276e-01
4.477247163995594081e-01
4.465203225016840527e-01
4.685232570669700114e-01
4.267071283826177064e-01
4.272441702220565185e-01
4.638163626174121035e-01
4.601700814594797406e-01
4.663352779769519563e-01
4.647240154598465955e-01
4.418893493493386559e-01
4.492020358055094365e-01
4.490951762161304317e-01
4.739257901871061773e-01
4.831291245728043249e-01
4.415441925408331025e-01
4.580063351364162538e-01
4.570268360211894310e-01
4.793103694294987283e-01
4.428193423855703026e-01
4.452914161118986525e-01
4.459083033510323757e-01
4.437155613890036987e-01
4.771824627512898931e-01
4.792726272699152079e-01
4.208631488953110678e-01
4.340379307416731280e-01
4.910301207679896862e-01
4.889204956068627372e-01
4.876906639234339647e-01
4.364192331757400511e-01
4.367976722415441437e-01
4.349434772318918618e-01
4.472138504024776307e-01
4.416906170294050971e-01
4.767671416970554743e-01
4.791816061404648996e-01
4.606641840780449360e-01
4.653556458276811858e-01
4.664469648856414130e-01
4.858588735826904204e-01
4.485443833512424705e-01
4.509395615506502364e-01
4.541380546927614170e-01
4.602980934772107346e-01
4.630226384712172183e-01
4.413585077223254327e-01
4.608794918594379397e-01
4.616654926939162129e-01
4.628932338723719120e-01
4.829690035875497389e-01
4.460664908694805253e-01
4.492225968694679716e-01
4.517556166631350734e-01
4.654562163004536401e-01
4.887409584584365696e-01
4.484049366955157878e-01
4.321196638202965956e-01
4.576775071151513163e-01
4.565029674640205259e-01
4.781022212637360824e-01
4.448808983302839914e-01
4.474910353033375587e-01
4.654043062960192545e-01
4.788957760049821766e-01
4.363282654004698724e-01
4.879679717573572884e-01
4.892081547444830369e-01
4.844672310948910376e-01
4.346309030423985975e-01
4.409121719458169997e-01
4.341295230279895168e-01
4.295604536279307162e-01
4.714726302289739546e-01
4.756371336670543459e-01
4.622059127127756128e-01
4.692240482514181132e-01
4.694891219482590361e-01
4.504665833200632852e-01
4.516718656469369542e-01
4.640739850563170288e-01
4.629715883313607061e-01
4.479791886737148898e-01
4.620884654928084645e-01
4.629290613559813861e-01
4.618601768409251185e-01
4.718899273611272815e-01
4.522198752364205987e-01
4.854655870775856918e-01
4.386884273739464213e-01
4.574086690178016390e-01
4.559522228864197335e-01
4.721498778668815621e-01
4.429107985340174913e-01
4.493746930772281600e-01
4.651466256055993842e-01
4.301832900358582013e-01
4.301426472021199765e-01
4.850856715736601710e-01
4.855103349811960012e-01
5.019573096259547507e-01
4.362036456722377387e-01
4.440399980695537430e-01
4.298981828655427107e-01
4.291932072915627949e-01
4.342145944287792436e-01
4.748830538626324649e-01
4.744648642766904345e-01
4.755934924865667934e-01
4.671215535602327162e-01
4.647257848337834618e-01
4.700365256743340159e-01
4.862632099154539644e-01
4.598409223610657737e-01
4.595646550301317190e-01
4.156809053540863608e-01
4.589872927089023169e-01
4.637740069261570564e-01
4.612179872837209871e-01
4.427101609666567739e-01
4.575301474262858936e-01
4.581375751269012864e-01
4.623918819349271403e-01
4.399303209098797129e-01
4.792685746955206993e-01
4.776774614316517953e-01
5.093252725427814820e-01
4.427874811930672116e-01
4.467205534286457502e-01
4.300802728945911091e-01
4.338897625926828594e-01
4.761788531403944313e-01
4.765880625040419538e-01
4.631632836849171042e-01
4.697232538596062823e-01
4.701720184687695481e-01
4.754956745404578800e-01
4.478811101268328487e-01
4.611332759980980578e-01
4.611478130280150523e-01
4.604689978635204683e-01
4.695716689539487509e-01
4.647580704244809735e-01
4.338048221139759186e-01
4.602313404439119515e-01
4.613139062406995117e-01
4.624500610804923584e-01
4.356233177270071866e-01
4.343013201477736729e-01
4.814833493060498570e-01
4.824073618266593866e-01
4.869010980910105091e-01
4.471311326755937898e-01
4.452550011065738444e-01
4.276018876501640475e-01
4.304564675516135419e-01
4.723188025608027751e-01
4.761153439396232923e-01
4.653640861736919598e-01
4.717724336391670437e-01
4.876497567995833338e-01
4.662997525072198890e-01
4.601888688314350606e-01
4.592388876712926171e-01
4.629815562637727977e-01
4.760244174699549968e-01
4.346109387809497515e-01
4.303174094435179842e-01
4.583681318021244899e-01
4.436641971295198217e-01
4.866368732587053048e-01
4.836334583103432672e-01
4.473438373817010816e-01
4.479108233014431617e-01
4.278815478325214694e-01
4.278313225212699855e-01
4.695277036938509951e-01
4.733503772839792734e-01
4.627891901607601444e-01
4.702774387086181562e-01
4.761559538890146048e-01
4.607332636772436540e-01
4.653089492623188606e-01
4.437855207951713066e-01
4.468363742117200665e-01
4.728379412837246387e-01
4.566118382176246882e-01
4.720843120665820791e-01
4.531294098734093279e-01
4.380288734633482339e-01
4.744661561491503865e-01
4.821461179202811698e-01
4.718153617069382744e-01
4.912794464076004064e-01
4.480555268795485269e-01
4.500930431306764956e-01
4.312336532550310464e-01
4.308890323670104827e-01
4.371700547959176952e-01
4.705367102331914908e-01
4.750885159540148006e-01
4.688180789621249067e-01
4.674306424979655095e-01
4.703886830420634935e-01
4.810295150784955620e-01
4.594372493327325002e-01
4.657678272068552228e-01
4.587492729039157613e-01
4.726505066274653277e-01
4.520454218434644122e-01
4.645058339639950296e-01
4.612191993274121771e-01
4.533288675802154555e-01
4.555036743567261737e-01
4.606203637849959343e-01
4.859366077935530770e-01
4.704676873728596553e-01
4.492526670506823971e-01
4.501345614332594169e-01
4.348531664233869498e-01
4.385569610026790466e-01
4.723513081106998635e-01
4.752210251701024513e-01
4.776047858714086436e-01
4.374289471222630454e-01
4.491322021585658075e-01
4.640008705089137542e-01
4.701817495960516902e-01
4.452946524394288397e-01
4.628157107985184648e-01
4.626298586447509242e-01
4.536505002135915454e-01
4.523923864774225811e-01
4.394254787921149652e-01
4.564900010527456198e-01
4.232646485332574593e-01
4.627266791151352088e-01
4.579192774329921001e-01
4.616558840906854200e-01
4.605403648994855770e-01
4.495716439701001321e-01
4.518314704745635679e-01
4.521973107437635697e-01
4.302926481957713434e-01
4.323992107911305283e-01
4.698818266466430194e-01
4.728182823016595648e-01
4.545663575497391751e-01
4.345644429767444583e-01
4.588538645693182594e-01
4.657584705028191552e-01
4.659702576562695930e-01
4.589006740835104292e-01
4.483655950615258456e-01
4.613889719415251722e-01
4.622908481916190859e-01
4.554952094793116024e-01
4.499562593203033645e-01
4.579141945863554608e-01
4.508174302286698243e-01
4.330023079462737567e-01
4.450114043921292173e-01
4.632580579489433137e-01
4.589443317819369428e-01
4.511447406777021052e-01
4.488889301654925279e-01
4.523871220876745092e-01
4.527703233416969231e-01
4.308592192070167526e-01
4.275080189654398288e-01
4.671414521035571754e-01
4.689949881113899544e-01
4.222011436439754850e-01
4.799348402521663171e-01
4.651359498771713841e-01
4.578065128154404362e-01
4.644836993849746354e-01
4.760716261595800414e-01
4.484515139272872708e-01
4.502293051198668627e-01
4.560024089502084932e-01
4.609832870797763715e-01
4.507830999826385465e-01
4.376330205394257100e-01
4.517414405456743332e-01
4.600544679691689898e-01
4.667960159416132404e-01
4.640173992993649188e-01
4.552157634951516929e-01
4.492788691768837550e-01
4.567212734760110471e-01
4.536889176406234125e-01
4.437415482530809308e-01
4.440762310273964619e-01
4.514950493607286508e-01
4.636936190036943795e-01
4.580429135428272791e-01
4.497094422153423143e-01
4.574646172606297023e-01
4.657988292841587219e-01
4.716237846162346092e-01
4.890077513334769588e-01
4.547248345364212074e-01
4.541797108225466562e-01
4.343150637719189189e-01
4.333704909865926380e-01
4.351010476754197942e-01
4.642470116076634068e-01
4.720752331959826575e-01
4.710769485821049707e-01
4.258309948421876712e-01
4.287402904086512478e-01
4.668424987827530237e-01
4.737984451177442713e-01
4.577024711843178939e-01
4.531527841470447404e-01
4.650700880098640466e-01
4.580058199397696872e-01
4.620931511551252813e-01
4.788675502448562771e-01
4.490808676624971629e-01
4.611291570813321750e-01
4.606122635641992091e-01
4.443879550450656191e-01
4.420233044658130050e-01
4.620306664138683073e-01
4.688503996958350850e-01
4.510221903521239861e-01
4.503165286768563980e-01
4.560506403220975780e-01
4.545397757486917545e-01
4.478830674285936286e-01
4.512757571238532051e-01
4.602067363935298250e-01
4.609096905978709025e-01
4.532682084962450508e-01
4.461978105323393673e-01
4.508422985742515654e-01
4.640921740117878169e-01
4.757079592766824128e-01
4.724218954153092120e-01
4.751274451875521776e-01
4.554625335892618643e-01
4.571501432225861250e-01
4.372576606983187841e-01
4.438844159640124576e-01
4.681702862868977189e-01
4.773097207780344631e-01
4.291618373719658930e-01
4.206326771009423204e-01
4.675201709542664563e-01
4.751745557348383553e-01
4.535146509997496911e-01
4.541149852130371145e-01
4.566332206281716322e-01
4.625172702837743732e-01
4.651325567654620574e-01
4.756587557145681155e-01
4.570290694552039956e-01
4.474341247778509945e-01
4.605988280448035099e-01
4.631605499988453167e-01
4.417692316863850999e-01
4.435720251768838773e-01
4.528048993336318828e-01
4.611813437056073717e-01
4.701711887778893262e-01
4.502016136782265310e-01
4.574972009058043132e-01
4.461701770316594540e-01
4.461177097711319095e-01
4.568236866567750853e-01
4.621431702340187964e-01
4.500530266593185669e-01
4.487724183782694221e-01
4.556663631787468693e-01
4.602232453320159178e-01
4.692323672162723169e-01
4.728319882862775381e-01
4.542132172423552494e-01
4.595650555599217757e-01
4.361652364356453648e-01
4.333235807871996803e-01
4.695523551578549837e-01
4.758733695636224725e-01
4.221382814658025118e-01
4.190956325258061166e-01
4.717351280894066523e-01
4.699157249303870243e-01
4.541231290596717818e-01
4.530371413020094495e-01
4.666163168498651537e-01
4.690797991915239828e-01
4.682182447574546047e-01
4.510417228870307604e-01
4.520429193343991070e-01
4.591182804789732952e-01
4.605760929054830144e-01
4.440937795589267600e-01
4.428362916455640952e-01
4.580197579897364868e-01
4.667673332825644228e-01
4.554654175888006584e-01
4.493126074945863468e-01
4.535502055217038309e-01
4.563968435567115622e-01
4.461035403054449677e-01
4.462293594526501317e-01
4.550714552295950788e-01
4.614031790883589279e-01
4.476421532954850124e-01
4.486564987425318285e-01
4.563322170958510338e-01
4.596975721169129225e-01
4.678351062619565126e-01
4.725418782184944155e-01
4.532494350669614147e-01
4.600197136904553563e-01
4.326746966643478798e-01
4.332403805486145787e-01
4.661799617573330057e-01
4.662360772810679177e-01
4.198192087064236411e-01
4.216553266780622145e-01
4.750180129186061806e-01
4.719794226182229546e-01
4.548099086615181585e-01
4.536635290274555476e-01
4.560549179301947031e-01
4.714881244890645196e-01
4.659025730708966084e-01
4.383641727187301829e-01
4.536769151034338310e-01
4.650927541215415517e-01
4.649503553881836337e-01
4.401713625766411897e-01
4.413523821914540068e-01
4.600461726527766415e-01
4.620110356149101927e-01
4.665187402891342039e-01
4.525546001886867620e-01
4.468469114478237914e-01
4.592951147788131849e-01
4.560073552258825380e-01
4.464712970734464603e-01
4.412608424810600671e-01
4.564916786682430283e-01
4.592301116644662562e-01
4.601198747342269413e-01
4.544750230002527758e-01
4.605327654498820866e-01
4.696149877339829692e-01
4.741774784023320422e-01
4.547986963089355461e-01
4.585770836437619846e-01
4.323902318709089143e-01
4.339662665596188962e-01
4.651402712668077366e-01
4.625474138424893744e-01
4.819320724090569441e-01
4.217611554480236169e-01
4.831806159577279325e-01
4.536334323563169235e-01
4.507531821409070383e-01
4.724904082035560893e-01
4.611129870071239978e-01
4.522092155322936513e-01
4.632778858571996450e-01
4.466344482820741590e-01
4.447096561496548528e-01
4.507642942272626629e-01
4.617673381020255818e-01
4.667377444031433620e-01
4.489358401889038674e-01
4.518848883154029106e-01
4.614827272828025961e-01
4.560051975044239758e-01
4.488789751496905511e-01
4.456916651794056716e-01
4.555982073487797046e-01
4.639694028732179176e-01
4.483181493209487667e-01
4.521527495894302473e-01
4.588578851106723810e-01
4.591662378814827528e-01
4.720309724137682350e-01
4.732640810801373443e-01
4.572929025236620038e-01
4.353750920278054992e-01
4.396475135523678635e-01
4.453385092133609890e-01
4.734102891853260719e-01
4.554193434583095335e-01
4.318935881555083789e-01
4.182951846698227949e-01
4.806039793727204801e-01
4.769648518808412563e-01
4.551051920532296902e-01
4.525083831715437377e-01
4.555348924607554584e-01
4.716578297004360154e-01
4.645496514706576874e-01
4.463847650139996515e-01
4.500644460429258364e-01
4.593439938436212344e-01
4.546028342384129117e-01
4.839391285358703443e-01
4.373247991661691203e-01
4.546631623816989598e-01
4.605358632271342456e-01
4.565394319238678111e-01
4.474412045998044651e-01
4.499129044016126344e-01
4.503979134263189632e-01
4.578933525500524238e-01
4.556156342261862835e-01
4.429782607515796999e-01
4.545210424439697916e-01
4.619916201177980408e-01
4.574690633743060952e-01
4.742018413787960074e-01
4.744018989664759989e-01
1.145849624217042617e+00
4.407723441825155963e-01
4.428783132653203447e-01
4.884777462161533634e-01
4.515179141782003636e-01
4.210630861577822626e-01
4.889745385113026255e-01
4.763996327202565384e-01
4.533644089991476500e-01
4.528162501958695185e-01
4.706059924018765606e-01
4.653695122613759616e-01
4.425400483754899361e-01
4.487732171764221012e-01
4.558280733954370167e-01
4.561012162664322966e-01
4.559952089677494214e-01
4.487166586342337671e-01
4.525641099831735903e-01
4.588594484529452955e-01
4.506692366003303141e-01
4.405115016341326628e-01
4.572052468654230206e-01
4.610793494233605405e-01
4.554018947600465550e-01
4.768054471765468816e-01
4.795953839240171823e-01
5.566441722552060156e+00
4.323970751146398173e-01
4.416195119644105715e-01
4.781450485583184640e-01
4.764205885868649237e-01
4.536069447134509214e-01
4.521197539701867774e-01
4.590545249836396891e-01
4.457631115736316318e-01
4.433497987568406073e-01
4.698347358295394960e-01
4.568277207147954377e-01
4.477437542842789275e-01
4.462333046268029957e-01
4.588766071762852006e-01
4.513221546655772354e-01
4.508937818548245935e-01
4.806765413543859222e-01
4.723639190742747185e-01
1.723039152577061728e+01
4.484723157419835959e-01
4.284774687842308194e-01
4.682336212086187222e-01
4.537345556962815718e-01
4.429399645796568974e-01
4.955043747724058867e-01
4.574396613522945243e-01
4.464240217218992668e-01
4.457803407524832950e-01
4.695922959065698676e-01
4.588802760668811986e-01
4.549193677061622587e-01
4.456367888619929274e-01
4.721637338744448242e-01
4.544541668833300685e-01
4.827934330765757398e-01
4.731333867254446379e-01
2.762963971216266046e+01
4.202196641234394736e-01
4.370244753677933747e-01
5.006150219508708199e-01
5.071792088925196618e-01
4.730631338912842931e-01
4.189636058071382063e-01
4.635682932204788775e-01
4.542085334138019070e-01
4.183141419969240160e-01
4.599616240515181920e-01
4.443214591047409123e-01
4.540274823886957800e-01
4.585074435185331199e-01
4.886154691407470496e-01
4.740531586987684620e-01
4.814627295815015473e-01
3.151614622213238448e+01
4.184042502903280170e-01
4.208052789806877581e-01
4.986154566081342221e-01
4.657161243445356869e-01
4.743940973526188376e-01
4.444628232650662536e-01
4.569187856288421945e-01
4.545974344144906865e-01
4.462547002170360599e-01
4.589383253246663297e-01
4.442348438763073504e-01
4.453376397888700322e-01
4.546045772620571634e-01
4.883954015228761381e-01
4.729104206920498044e-01
4.740493425488173651e-01
2.763062462603814140e+01
4.368055134570657527e-01
4.299784373324588294e-01
4.738337629839816101e-01
4.552528837519539406e-01
4.535126921548012224e-01
4.948749683426797996e-01
4.584336648708229878e-01
4.468771717575240610e-01
4.437877043139887290e-01
4.696720326300206083e-01
4.567586800840310324e-01
4.549465134630671925e-01
4.461002503777261041e-01
4.723829169733242961e-01
4.510864181699034137e-01
4.825968932768459618e-01
4.721750945267682020e-01
1.723127728898571576e+01
4.228137054136057449e-01
4.325184655025894886e-01
4.754599293149310291e-01
4.745870061040537990e-01
4.548225979057922697e-01
4.539599329509509951e-01
4.647277830305905355e-01
4.461373511745541087e-01
4.491133269253865246e-01
4.698507811328948014e-01
4.560220013961143737e-01
4.475185921038303816e-01
4.524700204146678284e-01
4.590496429775194343e-01
4.508057494455958714e-01
4.512136159611085384e-01
4.569480008572419094e-01
4.555244334785116811e-01
4.805518614290153478e-01
4.794762535719140906e-01
5.566800368652363495e+00
4.306860053998640692e-01
4.360719967720156909e-01
4.850840625962744568e-01
4.615727202251694306e-01
4.561292749459695539e-01
4.235043340508116150e-01
4.210864213194941974e-01
4.873714345655532076e-01
4.757356473571971445e-01
4.544398571679044707e-01
4.565075957683506491e-01
4.699552436582340453e-01
4.640103430203020851e-01
4.428409115968853227e-01
4.503267535200202731e-01
4.556126002964329680e-01
4.836446149959204299e-01
4.559789372549961084e-01
4.545800715997940222e-01
4.565782456857931382e-01
4.486472441487740492e-01
4.503161786966454749e-01
4.590913348558842699e-01
4.558343412963504759e-01
4.402319029846615273e-01
4.540830958197737965e-01
4.614260731429997153e-01
4.575374401384961209e-01
4.767038913517209209e-01
4.743050391312243486e-01
1.145928190543144654e+00
4.288232675601107990e-01
4.283127264883107577e-01
4.310472698164817817e-01
4.813102531190204814e-01
4.904343193520056543e-01
4.349873391337794604e-01
4.244856110088726653e-01
4.804326439473333155e-01
4.829986847574279651e-01
4.555691120278050343e-01
4.511070586225526813e-01
4.534313717891425011e-01
4.712028054978814051e-01
4.628797988559864018e-01
4.466247927033576426e-01
4.509481183070508381e-01
4.590316558271881897e-01
4.664396482652434783e-01
4.543237337781385055e-01
4.372475430714228284e-01
4.517723358901367114e-01
4.605685702065673848e-01
4.560370218545450882e-01
4.474489756818291197e-01
4.456256657949231870e-01
4.498282008875857940e-01
4.581260158287169260e-01
4.641862055046497293e-01
4.425748226221865589e-01
4.518854566767482317e-01
4.621902947855850985e-01
4.591865797187892895e-01
4.741118804552239552e-01
4.731811984664749948e-01
4.574234714076867436e-01
4.279822148313632280e-01
4.296963505079968715e-01
4.742392512183439823e-01
4.755251148905834113e-01
4.714919206835972432e-01
4.232449984585799352e-01
4.727129130842576132e-01
4.538287793665653491e-01
4.562079513544535225e-01
4.716031054424035251e-01
4.650341283551990834e-01
4.607981832827440227e-01
4.525766108527978226e-01
4.543298891322739563e-01
4.648035213864554205e-01
4.467198110992882665e-01
4.414107393338025931e-01
4.448884951999115822e-01
4.614812352968108433e-01
4.662329543979182866e-01
4.488431164247559391e-01
4.468050079181197232e-01
4.615092108079546507e-01
4.560306635427603394e-01
4.488945132364164925e-01
4.413195915175101569e-01
4.557973504671017362e-01
4.602749710592777821e-01
4.479946567463564122e-01
4.543075566830605538e-01
4.587943647068397079e-01
4.604720986545157713e-01
4.719532243713459030e-01
4.741071293416190269e-01
4.587566785262441327e-01
4.307096018407907678e-01
4.318753451717575742e-01
4.740634735602496930e-01
4.772922553714007421e-01
4.216072777576385100e-01
4.198592350975220988e-01
4.757561719507951703e-01
4.722424855072286931e-01
4.546097328060374476e-01
4.527930522986596817e-01
4.532232317424956802e-01
4.706178724794886081e-01
4.672967572563297423e-01
4.390142249233255356e-01
4.525176182990119922e-01
4.649480951207901613e-01
4.606746365117920239e-01
4.401045432628294951e-01
4.427281041599555600e-01
4.598950460389940598e-01
4.666376230704789574e-01
4.617913738230440268e-01
4.524662329432533325e-01
4.491952728862378952e-01
4.593221067780567379e-01
4.564238412957360436e-01
4.465287323599043678e-01
4.463446909388969486e-01
4.565962945573689979e-01
4.615209631614655139e-01
4.594048964192346540e-01
4.485471047333606243e-01
4.594515035535358671e-01
4.695493314619234582e-01
4.724871307133415299e-01
4.549573397514101170e-01
4.601155642033713522e-01
4.352844227773015051e-01
4.441517472819084267e-01
4.748577045455070200e-01
4.807740691465676175e-01
4.224517230511559696e-01
4.202568229100445696e-01
4.745520209101540821e-01
4.784853138559903019e-01
4.536824504725048834e-01
4.560760931859378919e-01
4.656706216964888179e-01
4.746267075579262418e-01
4.681622146080769431e-01
4.514585384388944411e-01
4.477151574038139015e-01
4.592594055376693074e-01
4.634711384037684123e-01
4.438833982386459209e-01
4.524659982422448712e-01
4.579194904885949824e-01
4.700662647143041828e-01
4.553798823489020320e-01
4.501176315768866121e-01
4.535700901083440928e-01
4.575154363959714754e-01
4.462109036559157582e-01
4.462670204057733181e-01
4.551564762129391428e-01
4.622286688448448699e-01
4.475607297036743315e-01
4.488453128952702431e-01
4.560616342881954610e-01
4.599278154838717936e-01
4.677851703368074987e-01
4.727985183897404631e-01
4.533357782091178012e-01
4.596501089135331397e-01
4.378774298442442703e-01
4.378840712829424331e-01
4.712941962161316667e-01
4.728824297054582404e-01
4.282689305979193173e-01
4.276078763747317990e-01
4.709533130552575053e-01
4.772141472666744932e-01
4.527356208740883625e-01
4.642291540590903209e-01
4.535642918521171629e-01
4.615559750762960323e-01
4.778798316120180800e-01
4.639981773803749654e-01
4.570873228983650116e-01
4.491759640717458146e-01
4.609761069580558535e-01
4.610869144963939403e-01
4.414095484045092999e-01
4.416283842735808096e-01
4.432311448386403452e-01
4.612433628657722773e-01
4.690998515038997119e-01
4.502394536556032500e-01
4.545533182350794954e-01
4.463467745424608002e-01
4.515078273169763068e-01
4.568493963766461219e-01
4.609083027991393577e-01
4.501063417289309920e-01
4.463435110515525106e-01
4.553214297313149528e-01
4.637256561785793041e-01
4.692034045931400832e-01
4.751386209497631685e-01
4.543073724664141166e-01
4.572455864176912521e-01
4.390063276276849891e-01
4.323709040658367253e-01
4.360006706255064590e-01
4.639219040430226926e-01
4.684342366008081848e-01
4.737374322215132660e-01
4.244558985449646271e-01
4.206945015640995988e-01
4.698524964496317291e-01
4.671182291661507557e-01
4.566533157874400617e-01
4.569986117358867950e-01
4.521004837079812821e-01
4.573206956107417898e-01
4.754754050652721387e-01
4.611066894575202024e-01
4.501059963818596632e-01
4.616609094987698114e-01
4.615209977119982820e-01
4.439164315016785878e-01
4.512319575501855806e-01
4.622155163069732176e-01
4.642400386703693926e-01
4.509456821259280046e-01
4.492070578834407857e-01
4.560617226782492928e-01
4.537003389702978229e-01
4.481071226192196444e-01
4.517719927694532900e-01
4.601895212923224898e-01
4.579840425474940857e-01
4.534427837432805641e-01
4.499059852523990544e-01
4.504933574172211852e-01
4.653589256934281271e-01
4.757542328815332344e-01
4.890448086036457420e-01
4.724369302123634373e-01
4.555542664163982902e-01
4.542691186446702334e-01
4.372972867435682143e-01
4.396373674961314149e-01
4.650965486896280199e-01
4.701486382900241789e-01
4.315718201349306726e-01
4.807228930523863575e-01
4.640084439217291856e-01
4.657488710298505752e-01
4.482897465736487286e-01
4.480677043460383202e-01
4.563419168672698811e-01
4.507069652956435246e-01
4.371795756981519676e-01
4.605668823118878041e-01
4.627192029910185966e-01
4.670258332296662318e-01
4.551373415752670293e-01
4.498854900029156667e-01
4.567293046628838615e-01
4.508305748753558828e-01
4.440177850996978592e-01
4.452166157237928967e-01
4.443144798932400219e-01
4.636357593385672105e-01
4.587843473018786145e-01
4.491104346208235065e-01
4.571598382828706009e-01
4.715591967829050879e-01
4.547981778653285012e-01
4.528385915422782348e-01
4.387623053807924167e-01
4.488632870145473075e-01
4.664569445487797839e-01
4.707454859743937514e-01
4.517645522065961705e-01
4.471147990218090618e-01
4.588894545225018495e-01
4.703444932590947758e-01
4.655769696540385527e-01
4.585207481709537292e-01
4.448518577546236585e-01
4.619462635948184404e-01
4.632146516194431962e-01
4.554273427091350968e-01
4.523331776523844550e-01
4.579400472334472227e-01
4.565103407075523090e-01
4.332906114199001069e-01
4.630331066202816870e-01
4.631445452176825017e-01
4.603935275773938796e-01
4.513308345595262727e-01
4.498086456903016561e-01
4.524378732250424195e-01
4.522442933253129627e-01
4.457405360510236503e-01
4.498170876695856690e-01
4.672785838662592006e-01
4.623378528934432019e-01
4.772891328167844782e-01
4.808341330144697001e-01
4.358832386002740034e-01
4.642458571418743296e-01
4.590456887988140222e-01
4.511481100680416190e-01
4.633319781441265217e-01
4.618203388472726934e-01
4.535840498209592342e-01
4.532601975191617449e-01
4.394909634185436009e-01
4.234520204133939703e-01
4.577566839756807560e-01
4.604695286969749946e-01
4.614855841368795675e-01
4.706011065461320753e-01
4.518616412287266293e-01
4.501614543887366149e-01
4.441558873381767358e-01
4.410795893797758160e-01
4.428376439658727182e-01
4.608845199143193905e-01
4.630802400578549749e-01
4.683434145942695359e-01
4.671902688500751966e-01
4.763938477805563232e-01
4.701575322612136509e-01
4.602737361880070432e-01
4.662432582274561588e-01
4.663868042387055990e-01
4.719394006908649852e-01
4.467351777278393832e-01
4.650590752322508736e-01
4.571399450491718253e-01
4.530662961110231146e-01
4.553682854316924988e-01
4.743482898585105190e-01
4.860136289758304473e-01
4.912908047700201841e-01
4.492641535367932204e-01
4.501016132492217103e-01
4.436375858576569464e-01
4.464523319835267401e-01
4.566760652613711113e-01
4.626866008403708874e-01
4.620075612462114512e-01
4.871337534808901082e-01
4.698498420949369092e-01
4.618965963188059742e-01
4.611811215724760937e-01
4.443889840127974167e-01
4.769373440122822161e-01
4.733180804574118605e-01
4.348210933289416991e-01
4.720369970234509216e-01
4.583095260723866193e-01
4.378966414496274773e-01
4.435988509349791942e-01
4.821709511541406035e-01
4.836760176856234050e-01
4.718342451258854542e-01
4.480451965521483615e-01
4.479039838379604288e-01
4.447922047915262578e-01
4.532492707394009668e-01
4.590567532810972962e-01
4.623641371162731106e-01
4.642988081378169318e-01
4.740476576571528433e-01
4.712992779216678141e-01
4.673610176564464980e-01
4.361461441457953891e-01
4.601231476968841161e-01
4.706723577670361980e-01
4.636438863605853444e-01
4.336745661074254410e-01
4.302744908351368025e-01
4.624068115734580320e-01
4.339543362064786081e-01
4.866820605308708192e-01
4.869565355593476474e-01
4.473270519804999901e-01
4.452312158260491315e-01
4.507925986809176999e-01
4.582194181081871709e-01
4.615899762196100098e-01
4.609909468947727129e-01
4.632253230867568461e-01
4.863351272979162809e-01
4.694586815470701557e-01
4.691063291910771427e-01
4.139840303097455099e-01
4.619050253769252379e-01
4.618809737070205257e-01
4.618642710366600013e-01
4.613728134049958629e-01
4.645106211566784049e-01
4.424842694343393279e-01
4.602718018960073043e-01
4.623900302322425104e-01
4.613456458774932156e-01
4.350851563493087770e-01
4.402750615844817639e-01
4.815433268938385525e-01
5.093912802802895712e-01
4.824572620053157457e-01
4.470989435902373299e-01
4.466880791941520989e-01
4.490693408559555122e-01
4.493494581741652727e-01
4.524532583774295569e-01
4.587505629884902625e-01
4.571204310722080666e-01
4.672895534341418022e-01
4.694308532254652944e-01
4.648037110636465963e-01
4.699188432605744259e-01
4.602933269590551713e-01
4.650821292433357512e-01
4.626786502988438632e-01
4.560347359623107000e-01
4.440399874637735445e-01
4.596091935563766939e-01
4.724966606074019748e-01
4.643846166412103349e-01
4.386185849712698759e-01
4.575826878814516774e-01
4.721988747345983173e-01
4.581735892121269194e-01
4.305355200030636653e-01
4.793547861232789198e-01
5.020349738733458356e-01
4.777476323791883250e-01
4.427482497394769068e-01
4.440022917257770985e-01
4.417386510030467117e-01
4.423774501916877822e-01
4.482902025234416499e-01
4.549641617474431410e-01
4.575142579713515345e-01
4.612207561778133291e-01
4.848014606149934624e-01
4.687701082032141309e-01
4.508034274318069023e-01
4.525655292509952465e-01
4.525157714402683329e-01
4.644715146531797623e-01
4.387020061429992013e-01
4.624800738559701752e-01
4.832853702306603716e-01
4.633029399399617998e-01
4.623604314293192075e-01
4.520498186331210477e-01
4.652304792774176745e-01
4.853487782471234691e-01
4.886446688877662536e-01
4.322709497340293527e-01
4.574954965278762442e-01
4.781794894396611539e-01
4.560106466921964863e-01
4.431080009542789355e-01
4.656731895363442342e-01
4.492995590626264191e-01
4.648184578833428060e-01
4.784791905508617438e-01
4.303852744711255673e-01
4.364984178004166493e-01
4.851824688705359545e-01
4.845451915547591137e-01
4.855955579988410209e-01
4.361644232420234246e-01
4.408624177695514290e-01
4.288066275380292836e-01
4.308740378178704256e-01
4.530988575409957697e-01
4.517968123748424825e-01
4.618947510546430602e-01
4.775895506224236420e-01
4.652468808871585981e-01
4.656570437626856851e-01
4.488016826191941755e-01
4.469450906942131208e-01
4.512033469154285159e-01
4.609853650834347949e-01
4.690471036538925165e-01
4.284247988347002489e-01
4.609797132247011042e-01
4.648072701296841469e-01
4.618052423357550396e-01
4.631592212265742692e-01
4.456925519127869495e-01
4.733849426230227753e-01
4.489785825411777287e-01
4.514774041170901975e-01
4.828900999468691002e-01
4.485837273979070838e-01
4.418404063987182440e-01
4.577901568879346184e-01
4.794160665720429426e-01
4.565964368919734340e-01
4.450324572297338910e-01
4.438030035486383307e-01
4.477706959538349518e-01
4.790118404584592926e-01
4.338935348570892025e-01
4.880703781845716627e-01
4.877864798909379851e-01
4.893045100158223137e-01
4.345952160023207056e-01
4.349052371158937391e-01
4.268002478293067559e-01
4.417867037894482873e-01
4.537792779011881050e-01
4.491182388158957428e-01
4.491701404613466231e-01
4.944131970241376073e-01
4.608603338854151965e-01
4.664814404612161458e-01
4.440255986496370877e-01
4.501585597831460617e-01
4.505982618023645636e-01
4.480669484928401780e-01
4.717571318658053681e-01
4.294877720869330062e-01
4.395597853890917950e-01
4.636962606567251455e-01
4.670322640200607056e-01
4.600075671818927847e-01
4.663549185671249653e-01
4.414578618920201314e-01
4.439548323209175917e-01
4.485823117488396128e-01
4.483733734270304305e-01
4.793394060630508102e-01
4.358621258315784619e-01
4.581246834598854401e-01
4.807743616836422929e-01
4.571401847573427490e-01
4.429113405165923112e-01
4.531712488782183579e-01
4.453883767529110416e-01
4.459993006549588523e-01
4.769424226818496093e-01
4.752017626277978413e-01
4.204557783721061259e-01
4.350165286579718571e-01
4.911315590668134390e-01
4.898987102517540215e-01
4.890252399645181325e-01
4.363693032030707686e-01
4.437577896401942446e-01
4.367492495886814430e-01
4.468784146056831719e-01
4.494603237473865365e-01
4.341016374999543959e-01
4.486777714947017270e-01
4.386632418624155649e-01
4.693429780727860212e-01
4.929027437884375140e-01
4.637906691254203295e-01
4.602202454240312823e-01
4.415065774251396014e-01
4.472577598440919955e-01
4.501314082537910544e-01
4.479207652917804316e-01
4.655742792534234842e-01
4.331537495605982113e-01
4.529317064139112281e-01
4.765464940312803543e-01
4.567973738974643871e-01
4.662920714407062794e-01
4.418674038688929495e-01
4.435524430588168587e-01
4.475722083101145166e-01
4.469628436629171642e-01
4.789759186551503789e-01
4.805394472335288714e-01
4.351216054180062631e-01
4.408868868076643022e-01
4.587894421246925258e-01
4.799240573784702701e-01
4.575711443358417285e-01
4.417873217005809372e-01
4.573515583603077195e-01
4.445279543819091184e-01
4.685109740921107879e-01
4.381504249836210563e-01
4.933987434355270318e-01
4.939346817590442584e-01
4.868312411416257368e-01
4.321977381014593389e-01
4.620743791313998705e-01
4.358335210289265849e-01
4.491737343080951517e-01
4.498088601156000066e-01
5.409759200632558995e-01
5.680419242683026892e-01
4.416149306356967896e-01
3.999052969482098652e-01
4.376101994576500065e-01
4.374373996807922604e-01
4.666491938739072420e-01
4.755468457766525714e-01
4.468427015843816630e-01
4.507228215832195795e-01
4.497692455965708880e-01
4.489670741723730263e-01
4.620768475999019742e-01
4.369683091991308777e-01
4.697734337880947741e-01
4.404896582591011911e-01
4.643779139603529393e-01
4.458221242989335309e-01
4.472918545761848663e-01
4.597473346142151307e-01
4.417895483538784585e-01
4.599879488344186251e-01
4.768692743650929100e-01
4.582304564468497876e-01
4.411074291700540773e-01
4.565333957159933287e-01
4.435560758500676770e-01
5.098080231513503202e-01
4.935390158885873957e-01
4.200624065365789472e-01
4.552443029132087760e-01
4.862913536758776689e-01
4.985538193145047647e-01
4.872348814227996927e-01
4.301832157119036548e-01
4.539120580179994424e-01
4.316294828801482408e-01
4.435235325185766242e-01
4.678092001888649043e-01
4.468217181654910442e-01
5.075990135362032918e-01
4.383598341721897662e-01
5.172783232443147750e-01
5.646512385619525398e-01
4.551923799343233212e-01
4.235418717541292732e-01
4.465308441923284133e-01
4.462316141183503282e-01
4.543466566796683370e-01
4.627971774488209844e-01
4.656325410117019836e-01
4.639799780147713104e-01
4.641862553467457353e-01
4.673620628237423746e-01
4.657538095905465747e-01
4.431387579171160995e-01
4.529262616700215349e-01
4.418739389317761779e-01
4.468507434259475497e-01
4.843830647331913708e-01
4.954755666711266326e-01
4.465231728296266134e-01
4.360255475547034631e-01
4.629303908151424785e-01
4.638746672241805258e-01
4.607933919803137712e-01
4.402054308536287319e-01
4.600987996985017037e-01
4.426659456210725319e-01
4.728761324930567111e-01
4.811590230189504158e-01
4.325394344439859040e-01
4.484678612198810810e-01
4.338509566900957126e-01
4.492207988319739109e-01
4.256731507173696083e-01
4.440455907289939663e-01
4.421375017632071525e-01
4.458500434875515839e-01
5.219086800322881858e-01
4.793336928069542591e-01
4.999154859306395027e-01
4.478296065836985251e-01
4.401623460625596618e-01
4.523133958551410205e-01
4.560863136263229589e-01
4.488811068734716581e-01
4.468832679956706300e-01
4.515676522536179460e-01
4.570177274781609400e-01
4.604775812974097327e-01
4.622598164156753175e-01
4.673321329872802687e-01
4.380755576881056323e-01
4.475485150112259447e-01
4.491353434757455743e-01
4.669881011383478220e-01
4.305984979719077455e-01
4.601158795144900671e-01
4.616848930893630576e-01
4.659267825577245725e-01
4.628567662510917335e-01
4.393808468643425891e-01
4.589901128132063413e-01
4.422870441754370163e-01
4.813380044497471144e-01
4.901717793069030882e-01
4.709192381323572540e-01
4.343365364059583733e-01
4.375046604375115167e-01
4.345165189854916510e-01
7.810160814645421556e-01
4.071729833169867030e-01
4.073868592084070039e-01
4.443075151172067305e-01
5.314566526608934804e-01
5.012926158424603207e-01
4.563225749159396383e-01
4.451471332588290419e-01
4.513959452964662611e-01
4.536147802402747398e-01
4.546973733842625265e-01
4.357535778563142448e-01
4.728012309522210410e-01
4.434233078137244100e-01
4.468630505769193295e-01
4.757653499073565273e-01
4.518950694264078360e-01
4.390610033415667801e-01
4.558246114511159686e-01
4.414179464285654664e-01
4.719510913345772440e-01
4.999336819358697892e-01
4.740946126589432597e-01
4.902028701644646769e-01
4.354812513670727747e-01
4.302195497351046782e-01
9.832360443343894918e-01
4.694679507158063259e-01
4.288864199238849872e-01
4.814149616246336527e-01
4.482840518161427257e-01
4.610055084904241540e-01
4.658109565569205635e-01
4.590025116376900693e-01
4.598838495487809208e-01
4.599317659970283412e-01
4.652207761056534330e-01
4.386425162120301535e-01
4.429663368201275375e-01
4.394626600656929005e-01
4.733942088834507955e-01
4.840897089688556143e-01
4.698760826106773703e-01
4.787853780551507010e-01
4.973143433361387755e-01
4.343276778485578027e-01
4.290439142500621084e-01
4.360903993557174174e-01
1.104192942341763128e+00
5.136559063246168844e-01
4.061785910851163917e-01
4.797849399654864899e-01
4.310359492312715313e-01
4.584473781396395942e-01
4.625877721763106964e-01
4.577264048952481290e-01
4.592664228893603151e-01
4.608545601661401259e-01
4.592625843009420228e-01
4.585000238934128780e-01
4.582566972181038589e-01
4.617807189483064678e-01
4.637196604949689882e-01
4.702681042032189618e-01
4.394539006333743614e-01
4.526232320786299224e-01
4.716298930124893096e-01
4.834056301888643437e-01
4.701894458949795741e-01
4.763613312334530336e-01
4.990311840272704802e-01
4.314107124616257116e-01
4.475634130552987311e-01
4.362762513014556420e-01
1.272071587813879523e+00
4.786650349420223383e-01
5.580712667449932995e-01
5.331964789447564135e-01
5.136472181972587814e-01
4.707445874169083333e-01
4.097578091556430269e-01
4.153736321409516319e-01
4.497417279204403151e-01
4.630094102462867234e-01
4.647232787103636742e-01
4.630752419660482677e-01
4.629375367189556001e-01
4.650595533126664072e-01
4.705461521857129403e-01
4.655842792762858728e-01
4.245115240733985384e-01
4.528296853567514435e-01
4.345131929631881329e-01
4.650591663785451080e-01
4.887747690883643692e-01
4.690720296999176253e-01
4.769044315209113316e-01
4.945727212799529426e-01
4.277829174955799507e-01
4.533209725181673311e-01
4.314490089681324858e-01
1.461938267749596454e+00
4.849160011900219835e-01
4.422731461955727306e-01
4.074718855622305180e-01
4.623703523528970849e-01
5.044574351559124592e-01
4.686954875701493939e-01
4.718603880716817911e-01
4.824374720476652945e-01
4.815992603423588370e-01
4.313579604101765441e-01
4.345709780338501416e-01
4.278314494620852337e-01
4.637442885073029264e-01
4.736879872508397149e-01
4.782593235273530641e-01
4.990697796640847228e-01
4.320677827502957258e-01
4.282642608887799462e-01
4.321182009935097823e-01
4.283259080019991005e-01
4.347536065869608835e-01
2.224317994630117923e+00
1.930807961836989994e+00
4.294184026015285260e-01
4.591164447736535981e-01
4.361326749549967463e-01
4.352166411415619440e-01
2.574256197272566382e+00
4.286220154633447743e-01
4.347226965830077172e-01
4.394029061032844741e-01
4.408476564885354665e-01
3.004458857294745933e+00
4.385515694190899594e-01
4.554801408579652322e-01
4.281245735884706693e-01
4.437530290901897101e-01
4.455495718198377864e-01
4.404944797430457304e-01
3.559610654614399738e+00
4.353629418174962962e-01
4.438278215938395443e-01
4.404283125474607874e-01
4.466813325414806801e-01
4.472515882638569695e-01
4.337997049046680154e+00
4.361577338073159282e-01
4.447160377096842088e-01
4.446036945477525038e-01
4.483459732662237185e-01
4.456557408970404643e-01
5.623635502102638739e+00
4.385879943402081760e-01
4.468141508121120098e-01
4.496284910685167113e-01
4.494536164361165875e-01
4.435266652982906010e-01
8.786369076574477077e+00
4.417277178119400904e-01
4.467541341012377099e-01
4.472393439859525532e-01
4.499151169128217664e-01
4.446048816629687428e-01
1.134221522687980510e+01
1.790430335616414226e+01
7.392521859952369212e+00
5.656261702273878811e+00
5.011639582197962461e+00
4.605428930800895770e+00
4.300560409747333779e+00
4.052179334173092506e+00
3.840130051093157526e+00
3.653280308881659888e+00
3.484886746448991435e+00
3.330646165812463533e+00
3.187732285959136380e+00
3.054267009272320088e+00
2.929007454036168134e+00
2.811148254621880671e+00
2.700188988747565855e+00
2.595840325775624180e+00
2.497954173287431079e+00
2.406469106825825044e+00
2.321365691283143740e+00
2.242628368031630348e+00
2.170212036293149627e+00
2.104012615806071462e+00
2.043841938354258758e+00
1.989408390290629880e+00
1.940305767512531698e+00
1.896013519627564037e+00
1.855911444902162533e+00
1.819310426062605179e+00
1.785497783463637189e+00
1.753791801645320447e+00
1.723596324173103156e+00
1.694444800632742831e+00
1.666025111670451642e+00
1.638181771275130760e+00
1.610898873608262560e+00
1.584272605168128845e+00
1.558483922599099403e+00
1.533779428755414065e+00
1.510462875462834864e+00
1.488893619134772361e+00
1.469484235587674936e+00
1.452688674109162248e+00
1.438974530276942332e+00
1.428776792268419582e+00
1.422434088743137259e+00
1.420111132946599630e+00
1.421713135058129129e+00
1.426800962797180272e+00
1.434521331746180239e+00
1.443574199354250132e+00
1.452246342866004403e+00
1.458538604610781997e+00
1.460396653448670978e+00
1.456019621459761604e+00
1.444179233150052255e+00
1.424457464534358841e+00
1.397324904684322355e+00
1.364034918571436883e+00
1.326373920671980233e+00
1.286349822811145627e+00
1.245900940281126523e+00
1.206676617092955928e+00
1.169903812558178879e+00
1.136330649615741262e+00
1.106232333566740778e+00
1.079469389539050805e+00
1.055592537679637788e+00
1.033986444273891303e+00
1.014035746571990249e+00
9.952862174452520305e-01
9.211980815127548405e-01
9.205946555256278030e-01
9.274722063171321196e-01
9.786229162546462579e-01
9.570025384350843156e-01
1.002199883624327548e+00
1.024268111016709337e+00
1.039927515377499612e+00
1.042811153249539879e+00
1.025254581616121818e+00
9.785693345205035421e-01
8.930650960918473658e-01
7.600172532286261218e-01
5.883688331159723228e-01
4.388749256795657638e-01
4.473320647311252451e-01
4.496466634235956050e-01
4.514771594355007078e-01
4.488910214636435692e-01
