1.689505728245443805e+01
1.077156351818884517e+01
8.366779540793762848e+00
7.108108709804852765e+00
5.515701226735211016e+00
4.942360388607569099e+00
4.586781760551921217e+00
4.321646189411141314e+00
4.105523641442190730e+00
3.919768474672275627e+00
3.754074685828514113e+00
3.602282111412022481e+00
3.460620314270347553e+00
3.326815366828230314e+00
3.199565358056439379e+00
3.078200446270611845e+00
2.962450285686409668e+00
2.852282920858289827e+00
2.747795361782635837e+00
2.649142062499620032e+00
2.556490004095608892e+00
2.469990763424306124e+00
2.389761746053153946e+00
2.315870766737508024e+00
2.248320226423327739e+00
2.187029172230267715e+00
2.131813565700557689e+00
2.082367166477145037e+00
2.038247435331917767e+00
1.998872319472178472e+00
1.963533916335081342e+00
1.931432951266174536e+00
1.901733371945347750e+00
1.873629974288899769e+00
1.846416154688091948e+00
1.819536783547570202e+00
1.792615009685874838e+00
1.765450853686017174e+00
1.737999730270153309e+00
1.710345221088180212e+00
1.682679186428893026e+00
1.655294623758932770e+00
1.628587126414004382e+00
1.603054503670202635e+00
1.579283742532073598e+00
1.557919159795325248e+00
1.539612207659156740e+00
1.524958821618623839e+00
1.514432875622270913e+00
1.508324486011764609e+00
1.506690810924578905e+00
1.509325715749035846e+00
1.515753450318755524e+00
1.525249602189207909e+00
1.536888909749065224e+00
1.549613393297584185e+00
1.562306615549500677e+00
1.573853843602708524e+00
1.583168200953145588e+00
1.589173705284247173e+00
1.590757560783317315e+00
1.586729621580851068e+00
1.575843184689039056e+00
1.556922735550773984e+00
1.529103176048031809e+00
1.492122146932837623e+00
1.446554367277735897e+00
1.393872814145167727e+00
1.336281976426711093e+00
1.276366332548328764e+00
1.216675551422741863e+00
1.159381095647312510e+00
1.106086984504616177e+00
8.982202857156558196e-01
8.814022751908094921e-01
8.691567081807747286e-01
8.586595629220379333e-01
8.608326359738581735e-01
8.682185332739622563e-01
8.807578354525427144e-01
8.979647623335635931e-01
9.187751928275805779e-01
9.414589994068653933e-01
9.636074775658926006e-01
9.821753880073056386e-01
9.935250215209167068e-01
9.933994074506087291e-01
9.767448673628971179e-01
9.372817437935249130e-01
8.667085677771294572e-01
7.541268902729526546e-01
5.941874559815986112e-01
4.402042632839417990e-01
4.404210624334956026e-01
4.475290387374519785e-01
4.511433335175635828e-01
4.482299687897443596e-01
4.492622743220548442e-01
5.390358156423657121e+00
4.270953890221289573e-01
4.280900474085115315e-01
4.472700120810831903e-01
4.447567803840932199e-01
4.385352995334893533e-01
4.165847266888655476e+00
4.230658251565087014e-01
4.329718038176881278e-01
4.491472670133743184e-01
4.488604590828851326e-01
4.491832136586799140e-01
3.413516204900247430e+00
4.307776502662961082e-01
4.278338688876641149e-01
4.474315444402116593e-01
4.522622028112329162e-01
4.387287015076406504e-01
4.377815747756247933e-01
2.869763519650109895e+00
4.172635576418655678e-01
4.277877890058178201e-01
4.458949042470696789e-01
4.493610000236922808e-01
4.320790858958619696e-01
4.300543197249673266e-01
2.443501673945917663e+00
4.021244805025472879e-01
4.119585227014989082e-01
4.355148333207676248e-01
4.151557788889914113e-01
4.113892986928492923e-01
2.093702777897981537e+00
3.922510202912716792e-01
4.185399435005432989e-01
4.341991779484277170e-01
1.798965728745096193e+00
3.981579418011997884e-01
3.943678641287711728e-01
4.251424112942991385e-01
4.004981324891960792e-01
4.044666883253695278e-01
4.063824188342866073e-01
3.270070368108442538e-01
1.964394812998971063e-01
5.473800691759441728e-01
5.770864822191820176e-01
5.759158988152403014e-01
5.534256273960304062e-01
4.087556372198548615e-01
4.156520327337170917e-01
1.150007992435098547e+00
1.332184635170334808e+00
1.699459103496917811e-01
5.215649346866747527e-01
4.872964340589129306e-01
5.224332780603093696e-01
5.505473181853013376e-01
6.007973719574259963e-01
5.787898358589664838e-01
4.081234823559390379e-01
4.014881113171091531e-01
4.301786771114743391e-01
9.995579869166985043e-01
3.056691788175387448e-01
9.669430765137758399e-02
5.080324152317691189e-01
4.757059837151982884e-01
4.547069125969085412e-01
4.900126674816169814e-01
5.000187066558607896e-01
5.074971272584503090e-01
5.005535079969872791e-01
5.027808358958384405e-01
5.141295229003347567e-01
5.401798706888204515e-01
5.697554826023035757e-01
6.032086456890132231e-01
5.759268148121330366e-01
5.533413916472230687e-01
1.939712639469292899e-01
1.631349005626149262e-01
5.639259213711034224e-01
5.058311590302311256e-01
5.358495821917684809e-01
5.720622155444325951e-01
6.010755604106883254e-01
5.810347389496333115e-01
4.194392694489856299e-01
4.251199647816619742e-01
4.214951365377064274e-01
8.784196144519162974e-01
1.367039070671001166e-01
4.766850756131615352e-01
4.807360021670540329e-01
5.133389555505677437e-01
5.190080556913869714e-01
5.412912621603706009e-01
5.941200612149514226e-01
5.844871393502093504e-01
2.363237210043912240e-01
5.010277647010822344e-01
5.224707167771031058e-01
5.695836447815865178e-01
5.999153165160928669e-01
5.948279660320893170e-01
4.219560616872237713e-01
4.446252986723986944e-01
8.104868775268186942e-01
5.025939969101589355e-01
4.844563485902768640e-01
4.505779665537451018e-01
5.409947152703757922e-01
3.334382226390357751e-01
6.446466901765577351e-01
6.379971066579135375e-01
6.677187162626145867e-01
6.226062917087314963e-01
6.159003974894751154e-01
3.653231803464318528e-01
5.469661250229017613e-01
4.722401028353669372e-01
5.281096526477744302e-01
5.424604308600887714e-01
4.132049457430287953e-01
4.942885330648452702e-01
5.158944639627144335e-01
5.325778983104344499e-01
5.764690586881507928e-01
5.638592878206444281e-01
4.356207970858593237e-01
4.382660134137839059e-01
4.370309736496176822e-01
6.865439866148225212e-01
3.877822250335041243e-01
3.129803815116891097e-01
3.342786887021784725e-01
5.115338147675835279e-01
6.059100924472797800e-01
5.656830695960384237e-01
4.214615114273410623e-01
4.762103510363272507e-01
4.737535660089987610e-01
4.381141069533932009e-01
3.864448649295172955e-01
4.923209944587908504e-01
5.577584677287992232e-01
5.415686607347188763e-01
5.143097725970168232e-01
5.209991369831686869e-01
5.479640758676997958e-01
5.718240721837458684e-01
6.132386074190044889e-01
6.609076044534160088e-01
6.096692768745290980e-01
3.692508540716388787e-01
4.617266253297511724e-01
4.298697122705389950e-01
4.289653290861161761e-01
6.083197998921509031e-01
5.666530850440835154e-01
5.133599112803599596e-01
4.475112613759901770e-01
4.582382640087296344e-01
4.911233775407806701e-01
4.401949402511298182e-01
4.454851432845293169e-01
4.394794249582692491e-01
3.713855892944147308e-01
4.882969457748786990e-01
5.098726459542255451e-01
5.109854817117195358e-01
5.416177008486116051e-01
5.565679226636111032e-01
5.718205055803017300e-01
5.629566593140833408e-01
4.163220841388794446e-01
4.387445004222733647e-01
4.706695016276729038e-01
5.750510899144167798e-01
4.527771643005222835e-01
5.003326649662578340e-01
5.367038970947181076e-01
5.091131212429014230e-01
5.155919196560659890e-01
4.280389242778503966e-01
4.466824180461432814e-01
4.394903240311580084e-01
4.753080687173262264e-01
4.651588529340580647e-01
4.557546070727592769e-01
4.961286050712234719e-01
5.090848712853075497e-01
4.627803004891168359e-01
4.658781226808967890e-01
4.494272855931955579e-01
5.489280511365819404e-01
5.449100237429773674e-01
4.761223825322176140e-01
4.422776954722419940e-01
5.498634442684959822e-01
5.698250466130515557e-01
4.444498307942542636e-01
4.427389634863116430e-01
4.646256889569834736e-01
4.351848444316160913e-01
4.131678985554068095e-01
4.094318041373575245e-01
4.970801221021580729e-01
4.705467673408543217e-01
4.799649838465883667e-01
5.124793932291695775e-01
5.471581131910638884e-01
5.909451189806785854e-01
5.668769343619861623e-01
4.325185471419994432e-01
4.359985899246625607e-01
4.268263615568008151e-01
4.237017195288118043e-01
5.133618793555666526e-01
4.822872631984577718e-01
5.196715135332303781e-01
4.819973806896928337e-01
5.516697816869103876e-01
4.437173795057715031e-01
4.517879445128047955e-01
4.646460104725935181e-01
5.534830611851898619e-01
4.561624468063396054e-01
4.447977919572340677e-01
4.682339813609301404e-01
4.534538576476200844e-01
4.599410927793010084e-01
4.652150367739651404e-01
4.662893419210080159e-01
4.572100098581075578e-01
4.978545195931159406e-01
4.322512863087393242e-01
4.220673293847412855e-01
5.234743027024261197e-01
5.398087630804024872e-01
5.599649312666975520e-01
4.488823880509544284e-01
4.523639928263034626e-01
4.650985326107558993e-01
3.833976128671122141e-01
3.998997299993222176e-01
4.032984253392497553e-01
4.685388736669812704e-01
4.513018932615515677e-01
4.418806260550438569e-01
4.801427584029097639e-01
4.999081986592066040e-01
5.108136882021725445e-01
5.623457934612999809e-01
5.990679909216866106e-01
4.059284481629060748e-01
4.258657519192755037e-01
4.345979208064449373e-01
4.434855135611602828e-01
4.821028081722907865e-01
4.196073723575006187e-01
4.071420907638098607e-01
5.267303377001449904e-01
4.953509204905144903e-01
5.267486180289064901e-01
5.439750372000551337e-01
4.515701965426757725e-01
4.575612451118969970e-01
4.618259002064262764e-01
4.692763943722556008e-01
5.651122793718729165e-01
5.128399857327750055e-01
4.456627901993346352e-01
4.520925665495352797e-01
4.421768390750415723e-01
4.526606423127736978e-01
4.659462624779062145e-01
4.661214886346265462e-01
4.564702407514798499e-01
5.218592044690163467e-01
4.228197103878726937e-01
5.307010795792360680e-01
5.396102384601444424e-01
5.666237506541771385e-01
4.529017901448986749e-01
4.574529262090852311e-01
4.559686888280299888e-01
4.135328250172084497e-01
4.156121225489285420e-01
4.365281420805973700e-01
4.382171658773489353e-01
4.733686411504987035e-01
5.242187870851371390e-01
5.536384607587134798e-01
5.304674941232878638e-01
4.057172262254687967e-01
4.058089377669251152e-01
4.210447696333544654e-01
4.286282942306297583e-01
4.776868323321697418e-01
4.232028458298777163e-01
4.927318000768616257e-01
4.984765692192949516e-01
5.001885546641311464e-01
4.653433033711701361e-01
4.660189802729724495e-01
4.835580866142578094e-01
5.357282878548870197e-01
4.481581569004280952e-01
4.362288680105290695e-01
4.558905707919253536e-01
4.577883897469026686e-01
4.581428957903956323e-01
4.614506200657497725e-01
4.656376456808864472e-01
4.635694868488285381e-01
4.611032101693056662e-01
5.365408151135866444e-01
5.139942523048204315e-01
4.139856627158756130e-01
4.102923387808297684e-01
5.305776574101265242e-01
5.319807807844904035e-01
5.458338051215372300e-01
4.527968144084240643e-01
4.692208651790958918e-01
3.981638196040158117e-01
3.887644185965229426e-01
4.247985267746368088e-01
3.900292106186916130e-01
5.014973103539258625e-01
5.039996611393203763e-01
5.431919415703073684e-01
5.455904010249447156e-01
3.905546490367380885e-01
3.970621844586548210e-01
4.086054752708074833e-01
4.909474832369329911e-01
4.940812144499787673e-01
4.302248170364183499e-01
4.939710247354162642e-01
4.855056117194262999e-01
4.885112758302629921e-01
5.049390973998759691e-01
4.724490518683934770e-01
4.742202758524124984e-01
4.781825630002854988e-01
4.797884716824936113e-01
5.486559442741630876e-01
5.118180525303939188e-01
4.425179136604825980e-01
4.629986232896614040e-01
4.614567507595987994e-01
4.671604108182446646e-01
4.615997160564456747e-01
4.574168157545065450e-01
4.751993776456414076e-01
5.145017757243274259e-01
4.172290236997118762e-01
5.415440811520373376e-01
5.427975787400718399e-01
4.523251069620627951e-01
4.619771198030413473e-01
3.781367861570039679e-01
3.594753101344199675e-01
3.866521625542476692e-01
3.765810587531204789e-01
3.661523717454256421e-01
5.117707648875898796e-01
5.134327368529213453e-01
5.284231561188468262e-01
5.445171122454225410e-01
3.785607101513705497e-01
3.583599727571092908e-01
3.786597154785226738e-01
4.661977469967434895e-01
4.145767210439413875e-01
3.823477068172000948e-01
4.808904215980755459e-01
4.872588406909897363e-01
4.867905686091642536e-01
4.820044825839385205e-01
4.875476215842557415e-01
4.875982556877436203e-01
5.056007932852972786e-01
4.483483017512985280e-01
4.350315098145275949e-01
4.641692336499514404e-01
4.632402465259774504e-01
4.669389596139351117e-01
4.566023841588939258e-01
4.601146019283520183e-01
4.861664106501061289e-01
5.134699796695691987e-01
5.446468315617867262e-01
4.096215927593199746e-01
4.078612430692691859e-01
5.363488436860021080e-01
5.305074495783336230e-01
5.548635890964944695e-01
4.547167287425544213e-01
4.541066051316223762e-01
4.532933169982634181e-01
3.498139802905302909e-01
3.263370710033123845e-01
2.903178540887427772e-01
1.732451915804971987e-01
1.737445397852781515e-01
5.037105540102682077e-01
5.273629927894457614e-01
5.368728648033528339e-01
5.382059511522598871e-01
3.359507137918469888e-01
2.551371987404475461e-01
3.526690765269714367e-01
4.874218747008098873e-01
4.803317370039349443e-01
4.800624490762890328e-01
4.976488746033104760e-01
4.695961547038211559e-01
5.215345727744017390e-01
5.248635423659506749e-01
5.037746408609252713e-01
4.422441303365024501e-01
4.640128230362388084e-01
4.627618235598437990e-01
4.554613652007258873e-01
4.605451750318573234e-01
5.061964977464520343e-01
5.531628807388708768e-01
4.146190297341865172e-01
5.294537214695652638e-01
5.270360074866622391e-01
5.314010962054503961e-01
4.530326942332730811e-01
4.509367376254641568e-01
3.252329966314224663e-01
3.031310565839417936e-01
3.883408128427011663e-01
5.144952821606680882e-01
5.434260490718528791e-01
5.513397439878573447e-01
4.058654816509905672e-01
4.737676674785658015e-01
4.771670527190992050e-01
4.873288465872487873e-01
4.698237359777567290e-01
4.658951488086544024e-01
4.381219984032105885e-01
4.643743232844202429e-01
4.654692912679627148e-01
4.554871507770508199e-01
4.422095548383911945e-01
5.488652199068058124e-01
4.133535538304991541e-01
3.920158082275518874e-01
5.365440724231639313e-01
5.408302930191580815e-01
4.570031947878031575e-01
4.510766876415019389e-01
3.040547406166703714e-01
2.815622247909626563e-01
2.853076462519279488e-01
4.814064546571000247e-01
4.983513483051750237e-01
5.272053935754065224e-01
5.366575907194514050e-01
5.533889721568998610e-01
5.528230644698207685e-01
4.245942792452878090e-01
4.112835404197958677e-01
4.704313957527802570e-01
4.729172077165314514e-01
4.777211392467542450e-01
4.482095632174072919e-01
4.680027882145504914e-01
4.802345722091744817e-01
4.025919353698019232e-01
4.164109077817426119e-01
5.335033170919424306e-01
5.203863641578573285e-01
5.286592983247188071e-01
4.549359736051492575e-01
3.075133838297099964e-01
3.123777586667115247e-01
4.686224655791594862e-01
4.730024894541695057e-01
5.408391999110258030e-01
5.538437115987920878e-01
5.362069823286506054e-01
4.095870167084859625e-01
4.523873679281453231e-01
4.481959753712757566e-01
4.527885887032923051e-01
4.421893710252154941e-01
4.034342264942154532e-01
4.255355957265543609e-01
3.895123500333519395e-01
5.159850856009241538e-01
5.053993195282842077e-01
4.556452846601564133e-01
4.591437220483780557e-01
3.103142716556191449e-01
3.091355052584234264e-01
4.796152452342021255e-01
4.948802051124885359e-01
4.758264242683756806e-01
5.225551592047196214e-01
4.833436812993999743e-01
4.495943318641259512e-01
4.254354693288906475e-01
4.705473292380492056e-01
4.237537110651928840e-01
3.972915012518363209e-01
5.394013043976197963e-01
5.143824955290382528e-01
4.598658383589770970e-01
4.593552413835664261e-01
3.045016449625205790e-01
3.224694179724842957e-01
4.907793564357186278e-01
5.045654682855247319e-01
4.963203425119982470e-01
4.624741100013156081e-01
4.219520311806290724e-01
5.825404424720844743e-01
5.667069024001119004e-01
4.415659506620283059e-01
4.627876665346127849e-01
4.844096872307969703e-01
4.301683986861645770e-01
4.002776457905921625e-01
4.132783315601700203e-01
5.202479304873625088e-01
4.666985351287961103e-01
4.630244820570527664e-01
4.601384266978035820e-01
3.259217595009524238e-01
3.639101368366787770e-01
3.810264372257490262e-01
5.037539898102335600e-01
5.106015959282128591e-01
4.327593642082553371e-01
5.673756798355795716e-01
5.686241660516446750e-01
4.479536652305729505e-01
4.371202863905326308e-01
5.014634551931687056e-01
5.084518126420762840e-01
4.321156366286736938e-01
4.444030271290986267e-01
5.975386034275574909e-01
5.102968305134754079e-01
4.951104124239486537e-01
5.059283104829094269e-01
5.003251375901579534e-01
4.871011878716270949e-01
4.617960898087821731e-01
4.614111387612843118e-01
3.770187392367383983e-01
3.772883560199684072e-01
5.060400052790530179e-01
5.033612147133719184e-01
4.324528137711393661e-01
4.278007614301206352e-01
4.740905401670801322e-01
4.903844430866387549e-01
4.551849873353781550e-01
5.661035232667339656e-01
5.611763012723128830e-01
4.268691253216223558e-01
4.262541632208619591e-01
5.120621656993559201e-01
5.136895477638626639e-01
4.459763519403181498e-01
4.396687277698942964e-01
4.176258411280018290e-01
5.147146239336285456e-01
4.006030461176858237e-01
3.857559042967428353e-01
5.920322089979120905e-01
5.559816734855460574e-01
5.401083172620888551e-01
4.815864094069327028e-01
4.603701429529634126e-01
4.706028934204444236e-01
5.195567260169784429e-01
5.117678078930470997e-01
4.626666578665142304e-01
4.638137997394864431e-01
3.755442616559865332e-01
3.906922989506459998e-01
3.926831129689973277e-01
4.958405580159110926e-01
4.945330320693402393e-01
4.205005320668394053e-01
4.096199923556954614e-01
4.807764588012689022e-01
4.979210014126159711e-01
4.643964430878109728e-01
4.772948086093042330e-01
5.539579203507818406e-01
5.408233585386470477e-01
4.256139529784094266e-01
5.630157300078013627e-01
5.521861531436051962e-01
4.825487975745713642e-01
4.314227244285973040e-01
4.415661466737539342e-01
5.141517833430377937e-01
5.043903044742543695e-01
4.385522265785698481e-01
4.354421586163571001e-01
4.928848302700277184e-01
4.997689657566735111e-01
3.997153467192792742e-01
3.991792656441705556e-01
5.380913443322250522e-01
5.363916548442567711e-01
4.861120010671873271e-01
4.799076131275891721e-01
4.504042534748585180e-01
4.605239832262401634e-01
5.019121229060362621e-01
5.042762486580820713e-01
4.619866994777966362e-01
4.662557204700259472e-01
4.126924744675088963e-01
4.225013984063330508e-01
4.906677141696183519e-01
5.077406794693116732e-01
5.087565154996116501e-01
4.158110470814050941e-01
4.147611143063829608e-01
4.854974276959077018e-01
4.942369306965854747e-01
4.600353521348485297e-01
4.644532144983760102e-01
5.338863440429980622e-01
5.698222261556377122e-01
5.711648674677055615e-01
4.335683759654585523e-01
4.347218702971778481e-01
5.278339597802617078e-01
5.310431691989297986e-01
4.318259564750193125e-01
4.362672619693603870e-01
5.015871583813409362e-01
5.236738106364705603e-01
5.159392017064712288e-01
4.346890172007461528e-01
4.295338472917435424e-01
5.002994189288521021e-01
5.113062087393899224e-01
3.721308700126708113e-01
3.976231881261023116e-01
4.022499969072080295e-01
5.275847908849258250e-01
5.061116917762988887e-01
4.905401030636505344e-01
4.818776891839933185e-01
4.596621997856094599e-01
4.630134721897204431e-01
4.973465006816982781e-01
4.991522896617141547e-01
4.664337979817079205e-01
4.115601528365279149e-01
4.070114927340249822e-01
5.039952764596752344e-01
5.159588614130702355e-01
4.214127822401469992e-01
4.927852561713452761e-01
4.944288738075787171e-01
4.653467696416061505e-01
4.629813625655899711e-01
4.790878146963256645e-01
5.645656595096588681e-01
5.798444181968563926e-01
4.396025965822027426e-01
4.265299536720120188e-01
5.377430061227362890e-01
5.373482817054682226e-01
4.290700918306554756e-01
4.259396375602558793e-01
4.437725933174974657e-01
5.214111858407732836e-01
5.232146044804807383e-01
4.230566794337825565e-01
4.227448952612469224e-01
5.064770586080797887e-01
5.091244955173619413e-01
4.160747100755902705e-01
4.258305744708767437e-01
5.053734981934945303e-01
5.313285692284285266e-01
5.235210342661634764e-01
4.856399213416511818e-01
4.841396648200451680e-01
4.581803624245490147e-01
4.673192492627272765e-01
4.944103174996583583e-01
4.959620403987750614e-01
4.673788078279622615e-01
4.657600823887751429e-01
4.015404477025216190e-01
3.923945421851544046e-01
5.030362250371241961e-01
5.054860128916385253e-01
4.310723352810987286e-01
4.235918485136724310e-01
4.905603426483328144e-01
4.918133090134722551e-01
4.603423163869810875e-01
4.617494564611464014e-01
5.591988860173030540e-01
5.627201508845102174e-01
4.264991882844736404e-01
4.230314022015646547e-01
5.643318873895566412e-01
4.271504906051414308e-01
4.176137881057305767e-01
5.075568335907799655e-01
5.139596429637135477e-01
4.195360020080268759e-01
4.211394772229821726e-01
5.068835584082426182e-01
5.105745968356324438e-01
4.104160122100812824e-01
4.041409986573347712e-01
5.217672590661359688e-01
5.243435978730788261e-01
4.810430880218476979e-01
4.833252067924810880e-01
4.613681872565514874e-01
4.710304710171011044e-01
4.906152757009058507e-01
4.911713923953211491e-01
4.760986219580097822e-01
4.710561581166694545e-01
3.993574065218628566e-01
4.016071622388444617e-01
4.034687792112655602e-01
4.869753218299994191e-01
5.025857552610915047e-01
5.090968327273085459e-01
4.209626002599675676e-01
4.147394838133851014e-01
4.952542866331328675e-01
4.914127832694402120e-01
4.635560988125971282e-01
4.559520043090111718e-01
4.663647491353815622e-01
5.606981762775642419e-01
5.578443385113744935e-01
5.894714144169506120e-01
4.230107907019755586e-01
4.230803553597538569e-01
5.613793503566625320e-01
5.657025924623472202e-01
4.240461170473697750e-01
4.259599221331856200e-01
4.411232534380988279e-01
5.093956434589510529e-01
5.090691627779094786e-01
5.301195383761292401e-01
4.187661013311649860e-01
5.089002170736823816e-01
5.055702547767914057e-01
4.099362501665341219e-01
4.222474439372838062e-01
4.253077297047392902e-01
5.068005796500749671e-01
5.052332835025614699e-01
4.765927630668564396e-01
4.810281902886588967e-01
4.665063531800036079e-01
4.699414907011693621e-01
4.906815637887553261e-01
4.902448333981840323e-01
4.606172271053968759e-01
4.739661060532437964e-01
4.185199873588799080e-01
4.240627120743427625e-01
5.009229655390727842e-01
5.259556864111677443e-01
4.122922982187245955e-01
4.280750024105352547e-01
4.947839484683635991e-01
4.831115286376838069e-01
4.543519798441985058e-01
4.493670199563342127e-01
5.559500777104100511e-01
5.705641242449250861e-01
6.169720749434064455e-01
4.150026288248124806e-01
4.334146117947534349e-01
5.738582555485997050e-01
5.709041289089772375e-01
4.333515409068551816e-01
4.220158426667938723e-01
5.100416513863503809e-01
5.118496874692219922e-01
4.191423272440039649e-01
4.227503782283729694e-01
5.039105455416450496e-01
5.019338441325036371e-01
4.364135738638703077e-01
4.377286925539660700e-01
4.932820630891134872e-01
5.050819918816816800e-01
5.125065773420629522e-01
4.740144270464011211e-01
4.717643557473612526e-01
4.899700975705230666e-01
4.882958806081607039e-01
4.709668807012429848e-01
4.207477040965228454e-01
4.169968665331450497e-01
5.272351111649592470e-01
4.800739763916032077e-01
3.984935805908532691e-01
5.050142185609628465e-01
4.491076207832045974e-01
4.369418058847803210e-01
5.397516789974007301e-01
4.403549481913139885e-01
5.724970886736352460e-01
5.545738949735193879e-01
4.167592797403822380e-01
4.194343067774782274e-01
5.116009480824698086e-01
5.207316038240462630e-01
5.483150264967391330e-01
4.263187302998144301e-01
4.063775362279867243e-01
5.054757353182424140e-01
4.988861421122359752e-01
4.314966597676198612e-01
4.280305926873148037e-01
5.008452079217061703e-01
5.018615199621105916e-01
4.749069937189230317e-01
4.685515538441682448e-01
4.709976882592844527e-01
4.745191389372618862e-01
4.882388209538619517e-01
4.866505643423081340e-01
1.111912846212466555e+00
4.140545539702676359e-01
4.119016776282484193e-01
5.040390785625051828e-01
4.993562962864894761e-01
4.462583707506330155e-01
4.372567593099336847e-01
5.594984487463539047e-01
5.533032739902616903e-01
4.244712588427767552e-01
4.327134006018255596e-01
4.434767356967946883e-01
5.219226382387054386e-01
4.658718782633021194e-01
4.185831165788934660e-01
5.010915087394373080e-01
4.966023120155321768e-01
4.290961938371610773e-01
4.375170486365613787e-01
4.853969941983446446e-01
4.805501258679775733e-01
5.005536773805759898e-01
4.752927555740508181e-01
4.714799616950930972e-01
4.731858255526699697e-01
4.776270704743704187e-01
4.865449216815580513e-01
4.846999255758003278e-01
5.454027960733554892e+00
4.073900947486873148e-01
4.146307329043736889e-01
5.234152530291449334e-01
4.995021797519201834e-01
4.374212623717610993e-01
4.391379316271911137e-01
4.434870954889412187e-01
5.930779748561123554e-01
4.300008069786330767e-01
4.350928990728887835e-01
5.227665131379372054e-01
4.391345516106437974e-01
4.396784156880604311e-01
4.624695730417159312e-01
4.867630321529064497e-01
4.710337249149154637e-01
4.785495278294983890e-01
4.743336654602557934e-01
4.850871410136551876e-01
4.904125561765577124e-01
1.704155449739535300e+01
4.271047980812303635e-01
3.881048109097727239e-01
5.053434936912527542e-01
5.164603953269178982e-01
4.269759824280830451e-01
4.382270576562781184e-01
6.368360428884971558e-01
5.522275914698355770e-01
4.470180271075717138e-01
4.280132006787396026e-01
5.356681517734586118e-01
4.897195060096585784e-01
4.708245865577180278e-01
4.455183831403683459e-01
4.865843400448531253e-01
4.943535935717173202e-01
4.897377697268462393e-01
4.895155321477710486e-01
2.751984009034615397e+01
3.842515006564569680e-01
3.996690455906132255e-01
5.036547974200732414e-01
4.261850683591251188e-01
5.803760362327605726e-01
6.101992248407116515e-01
4.252119790928612364e-01
4.186826777562121515e-01
5.377963189335888128e-01
5.610672563184653239e-01
4.432145308281862373e-01
4.633668335165346264e-01
4.815208314647209664e-01
4.865840208506722053e-01
4.471529519982496703e-01
3.151343314459568035e+01
3.842134346217759289e-01
3.880626296531312636e-01
5.161244772479132159e-01
4.381520837182489303e-01
5.803737180916197502e-01
5.521965408269892128e-01
4.252418437637485726e-01
4.280538517627933692e-01
5.377998985984002722e-01
4.897280762436293511e-01
4.432353556127769934e-01
4.455229324463977902e-01
4.944278697223056240e-01
4.865741335233796372e-01
4.895040932599209471e-01
2.751982875256021543e+01
4.271142236333837494e-01
4.146511704885476601e-01
5.051974777461017974e-01
4.993769255485866476e-01
4.268948676782645113e-01
4.433961599586888069e-01
6.367954146050073261e-01
5.930451974327116682e-01
4.470605398508183392e-01
4.351291095721300795e-01
5.356882091571866233e-01
5.227830140760075794e-01
4.708051958374641077e-01
4.624523953048048086e-01
4.864388193272621841e-01
4.742325181241765497e-01
4.897230226007532883e-01
4.904006641717081894e-01
1.704154623712465622e+01
4.074043077018126846e-01
4.119121819455641709e-01
5.233123116858557911e-01
4.992503673948627263e-01
4.373933864251675629e-01
4.372153363576371521e-01
4.390616234547002339e-01
5.532694745840824879e-01
4.300329248039966856e-01
4.435064005212701610e-01
4.966216610234507889e-01
4.391218561936571785e-01
4.375220168476298688e-01
4.396656914062019861e-01
4.867972851762821240e-01
5.005712163206084142e-01
4.711151308242841895e-01
4.712528680405421166e-01
4.785060583357990671e-01
4.775224997762436696e-01
4.850764498401239910e-01
4.846922084655927443e-01
5.454024310188763991e+00
4.140693939054299610e-01
4.170161865885378405e-01
5.039774208505505282e-01
5.049615990204828764e-01
4.462445081233899491e-01
4.369440943338492866e-01
5.594692105207462740e-01
5.545637715165334658e-01
4.244854493226589143e-01
4.194507446910184512e-01
4.327405004359895502e-01
5.218922388043101268e-01
5.482909159903904817e-01
4.658503779202747275e-01
4.185673394594655594e-01
4.063651554224722018e-01
5.011079810658889411e-01
4.988985345063343679e-01
4.290976186094305755e-01
4.279804548511552120e-01
4.854314029148849019e-01
5.019031379999961962e-01
4.805795538159516322e-01
4.752960927836662464e-01
4.685361287581990553e-01
4.732215016633530835e-01
4.745412922479551598e-01
4.865373712696755004e-01
4.866448582398465450e-01
1.111911312156107723e+00
4.207675741699536398e-01
4.240821671523914982e-01
5.273015742316913279e-01
5.260292155943717685e-01
4.800800779340345659e-01
3.985275770951056118e-01
4.280747667810784751e-01
4.830607687165019426e-01
4.491163906795043737e-01
4.493874398127618019e-01
5.397816597829258045e-01
6.169635380672996439e-01
4.404193710408363382e-01
4.335029829250356959e-01
5.724948445298371213e-01
5.709050356621938604e-01
4.167643411705274636e-01
4.220152556605016314e-01
5.115608117865844129e-01
5.118134488368865087e-01
5.206939332892497330e-01
4.262970653621411254e-01
4.227299960891007791e-01
5.054857274829848146e-01
5.019430690048987120e-01
4.315163202084190130e-01
4.377588946391942071e-01
5.008899481626756245e-01
5.125433348801565758e-01
4.748311014565470001e-01
4.740550789324989855e-01
4.710129536626335156e-01
4.717638391628437566e-01
4.882331520788160129e-01
4.882916950412422574e-01
4.709733753833796333e-01
4.185376139382375738e-01
4.034801071998165845e-01
5.009357872402494527e-01
5.091169529072270272e-01
4.122703322770777667e-01
4.147004841823617172e-01
4.947418031447937681e-01
4.913961459062182735e-01
4.543802708956441450e-01
4.664049179113967103e-01
5.559580405989599239e-01
5.894813346668139609e-01
5.705614702935070115e-01
4.150832384361750615e-01
4.231550235285557737e-01
5.738675989347569173e-01
5.657233956684686316e-01
4.333478707430766796e-01
4.411142214436082898e-01
5.100135176207676313e-01
5.300881266709165374e-01
4.191242103903435878e-01
4.187486630487943229e-01
5.039163401925954577e-01
5.055755562727497487e-01
4.364047016875540197e-01
4.253718387022523695e-01
4.933078219812537801e-01
5.052569344084372194e-01
5.051145545730892916e-01
4.810030641346795255e-01
4.699427387308785509e-01
4.899659682234774882e-01
4.902417295361350402e-01
4.739721703213501391e-01
3.993790418732376390e-01
3.924200201066433413e-01
4.016245861102918369e-01
4.870140576774785734e-01
5.055296133095534827e-01
5.026289279605866689e-01
4.209151553282053371e-01
4.235362006541188440e-01
4.952589447368714315e-01
4.918284052859756561e-01
4.636265433475926789e-01
4.618251619676252417e-01
4.559988370142382119e-01
5.606890727332330959e-01
5.627083234890520869e-01
5.578518904439292436e-01
4.230809617183140525e-01
4.230933543210927961e-01
5.614060001203035055e-01
5.643561335034024129e-01
4.240258886905747815e-01
4.175920400583529868e-01
4.259484690983698640e-01
5.093713501751269135e-01
5.139463596097373355e-01
5.090438154575583907e-01
4.211250649891576381e-01
5.089035355632984814e-01
5.105754303192495680e-01
4.100200812465312206e-01
4.042843716312994329e-01
4.222712227150081654e-01
5.068103091503786128e-01
5.243443470168595022e-01
4.765272811072104875e-01
4.832978471142694299e-01
4.665197231193692895e-01
4.710218487754356254e-01
4.906786460174676900e-01
4.911693861743899880e-01
4.606256642280560643e-01
4.710600609617685008e-01
4.015722482438415231e-01
4.070473248251129106e-01
5.030690273097165877e-01
5.159893255328452666e-01
4.309925059888956578e-01
4.213261832500467263e-01
4.906049138617639693e-01
4.944671676972299257e-01
4.604312917051833209e-01
4.791861231993371217e-01
5.591682024906324822e-01
5.798038198907172758e-01
4.265537695494907577e-01
4.265780416502156225e-01
5.373970552690622293e-01
4.271229380266405862e-01
4.437412529804257710e-01
5.075641394896828196e-01
5.232185861352004475e-01
4.195220399689129631e-01
4.227335872597279831e-01
5.068953088965356679e-01
5.091237722841934765e-01
4.099657853275643915e-01
4.254040776153582559e-01
5.217686457589232329e-01
5.235325754215640615e-01
4.810104071560340477e-01
4.841004864912717420e-01
4.613659422065564120e-01
4.673026333774357721e-01
4.906135677460367051e-01
4.959613489104924278e-01
4.761037384856717236e-01
4.657636841441611941e-01
4.115946753440612449e-01
4.225355638211255593e-01
5.040330441474998313e-01
5.087749737859309507e-01
4.146507153299373027e-01
4.928350148766960093e-01
4.942888511277446217e-01
4.654324284300134229e-01
4.645379007618886114e-01
4.630742339273790642e-01
5.645163414732784490e-01
5.710899620163676360e-01
4.396415928343304635e-01
4.347545543827843195e-01
5.377942468260344944e-01
5.311117835475207549e-01
4.290397658345211362e-01
4.362377833309569186e-01
4.259122224712151850e-01
5.214168093600982656e-01
5.159316613661798501e-01
4.230450076563097572e-01
4.295262925642850393e-01
5.064809079361591859e-01
5.113190827510508685e-01
4.162839008716940903e-01
4.028046145103832965e-01
5.054718162879784371e-01
5.060979763528844488e-01
5.313296229433678297e-01
4.856192550690863752e-01
4.818563600123791923e-01
4.581716480362823529e-01
4.629966965749628405e-01
4.944098349128688841e-01
4.991529428415289460e-01
4.673814737762521654e-01
4.664365010553095381e-01
4.127216743682766698e-01
3.927031204100832062e-01
4.906918438613744882e-01
4.945663420963230528e-01
5.077533665084653647e-01
4.156975701560071679e-01
4.094895039207528953e-01
4.855538292503812081e-01
4.979933758266471000e-01
4.600857478395076194e-01
4.773275921707140212e-01
5.337670919008425940e-01
5.406934545564537897e-01
5.697438442418860660e-01
4.335861623598283865e-01
4.256257023765507297e-01
5.279000514303585634e-01
5.522324566369102294e-01
4.317924696365387782e-01
4.415323206908506881e-01
5.016072893164605917e-01
5.044276934656445333e-01
5.236848272552505623e-01
4.346816146124542479e-01
4.354385621429226472e-01
5.003299143055103260e-01
4.997948933181312614e-01
3.722494910053197326e-01
3.993101441180320621e-01
3.977369753373117822e-01
5.277205547273732256e-01
5.365356627476119966e-01
4.904872673984400633e-01
4.799086090719421605e-01
4.596261147967321548e-01
4.604965748383046953e-01
4.973479520987941771e-01
5.042789864441318270e-01
4.662553025509197369e-01
3.755792453973368361e-01
3.773330610383283101e-01
3.907212745008094013e-01
4.958667969287184896e-01
5.033858891557603243e-01
4.203650219008396860e-01
4.276522837837293256e-01
4.808478035382583449e-01
4.904327453889081867e-01
4.644151141010815498e-01
4.552146362614978292e-01
5.538006389745629976e-01
5.609913246101683182e-01
4.262446729006244550e-01
5.630881259641384862e-01
4.825799211922820464e-01
4.314023727044157264e-01
5.141938837524490102e-01
5.137298495161798373e-01
4.385501746113852350e-01
4.396668176779328086e-01
4.928334327235478485e-01
5.147354892543318794e-01
3.996090639412536172e-01
3.857374193858950640e-01
5.378861049153711438e-01
5.400219743575008780e-01
4.860952386179029361e-01
4.815936156393458845e-01
4.503777187738640664e-01
4.705720508541786917e-01
5.019137723534307094e-01
5.117710692751257229e-01
4.619900630982962109e-01
4.638124163970714364e-01
3.770630653099015239e-01
3.810679602350356410e-01
5.060706706343380823e-01
5.106295184699914946e-01
4.322926457900217456e-01
4.326118584721430071e-01
4.741235235935851722e-01
5.660035157468309430e-01
5.685167324653961352e-01
4.268521877482069904e-01
4.371004408235973360e-01
5.121288503191536723e-01
5.085206593466237157e-01
4.459750032649742457e-01
4.444071900060114211e-01
4.176668535852914310e-01
4.006150299442926555e-01
5.920293457186296404e-01
5.974886565233729074e-01
5.561266279304908355e-01
4.951044520875526600e-01
4.603505406596059557e-01
5.003217022648981382e-01
5.195670576111834915e-01
4.870993754324743907e-01
4.626675724868306583e-01
4.614101047386753862e-01
3.259658826675475018e-01
3.225035612493076798e-01
3.639487670427254962e-01
5.037810015831361010e-01
4.963085948748225396e-01
4.218118831959866144e-01
5.671856138293045468e-01
5.664624565989783145e-01
4.479339638312143657e-01
4.415463675064314475e-01
5.015281290888619070e-01
4.844275610576885827e-01
4.321196789837078445e-01
4.301625636958431032e-01
4.132685161923575490e-01
5.103354646261851757e-01
4.667201178025179864e-01
5.058995028105649494e-01
4.617927229877071271e-01
4.601383991058322631e-01
3.045450280169199053e-01
3.091872699883131403e-01
4.907980284299336970e-01
4.949140247686671379e-01
5.045734985074121770e-01
4.623586825580363602e-01
4.756996531374129145e-01
5.823005898972036798e-01
5.225048339127724706e-01
4.495838533290374972e-01
4.628121628264618148e-01
4.254426766520990055e-01
4.237443782708890661e-01
4.002590382005510872e-01
3.972822823767113154e-01
5.202125824262783249e-01
5.144057757515019258e-01
4.630217428708817695e-01
4.593537493475530753e-01
3.103567107113650581e-01
3.124014110595282889e-01
4.796164815726777220e-01
4.730127861471340456e-01
5.361939484552100676e-01
4.097790390409171146e-01
4.833367081326587211e-01
4.481889287715348225e-01
4.422081534385421397e-01
4.705391932149921019e-01
4.034145174142760304e-01
3.895003697950588650e-01
5.393831935154386192e-01
5.053883555752106682e-01
4.598613006449856488e-01
4.591405735753430473e-01
3.075180464243902345e-01
2.852510542740930854e-01
4.686553425465034839e-01
4.983604094337650836e-01
5.408417284118350876e-01
5.527783866593142248e-01
5.537920450862363619e-01
4.116138846420114294e-01
4.523875562744855694e-01
4.777220605780221896e-01
4.528553554575854290e-01
4.482401156401719655e-01
4.026059469364235421e-01
4.255259493558516404e-01
4.164103510538689212e-01
5.159784309136942193e-01
5.286632669282355090e-01
4.556392424058239854e-01
4.549307498664793004e-01
3.040606627786688887e-01
3.031312964976324853e-01
2.815251812217242078e-01
4.813558675155155675e-01
3.882624897253693086e-01
5.271171222196924244e-01
5.511917454408472583e-01
5.366191921118075303e-01
5.533302457788139561e-01
4.249222610365686048e-01
4.060854710832700887e-01
4.704392779637370792e-01
4.873343397260767040e-01
4.729176416947940553e-01
4.381550350145759221e-01
4.677599524179943402e-01
4.552460788428797089e-01
4.802341111986978550e-01
3.920141243019444333e-01
5.334537815091253687e-01
5.408160289752503846e-01
5.203866665999928864e-01
4.510684238834634097e-01
3.252256803314173550e-01
3.263448918930656473e-01
1.736453517290943993e-01
5.144111251216331171e-01
5.379760079523556726e-01
5.433085140355073950e-01
3.524543211369015605e-01
4.737903566335598948e-01
4.976799734767088923e-01
4.771820995255129927e-01
4.698646719311093123e-01
5.215790354621601121e-01
5.037839650330365737e-01
4.659266272807381370e-01
4.422979053015423934e-01
4.643739000090318370e-01
4.627694340834059283e-01
4.654050771297100764e-01
4.421921481234615259e-01
5.062160476463004599e-01
5.488721807708526468e-01
5.531821923246347250e-01
4.133517642450357799e-01
4.146222287956874974e-01
5.365401705443091362e-01
5.313952454518764412e-01
4.569979925067017001e-01
4.509282786294179779e-01
3.498250780868444876e-01
3.594694190467783712e-01
2.902458091673704721e-01
3.660912518251177028e-01
1.731299285380631658e-01
5.035900049492747499e-01
5.444105948731320366e-01
5.273205647619525482e-01
5.367665102693048862e-01
3.360665343153055873e-01
3.788925617388573253e-01
2.552365686702391945e-01
4.673852850689776406e-01
3.814159297452183184e-01
4.874558224536580942e-01
4.868246853186892209e-01
4.803654834656321815e-01
4.800887620883255158e-01
4.696158970950710665e-01
4.876125163675157359e-01
5.248693660065303357e-01
5.056085887646105670e-01
4.350534413949301293e-01
4.640162322850684418e-01
4.669399188755973817e-01
4.554634945211881725e-01
4.861709849882542289e-01
4.605493852260662546e-01
5.446516205658040732e-01
4.078666993051159873e-01
5.294434333791024905e-01
5.548504433033312200e-01
5.270356848529922367e-01
4.530256084683548790e-01
4.532854995811902987e-01
3.781001983065141459e-01
3.887508922130237243e-01
3.865779629834308340e-01
3.899448230254894954e-01
3.765298392515681325e-01
5.114479362075725621e-01
5.452380691353523323e-01
5.133273748598029540e-01
5.282338745612079611e-01
3.786139123026465159e-01
4.087074073486080539e-01
3.585641355618916504e-01
4.960760263143346727e-01
4.134069939550715223e-01
4.289648232849829212e-01
4.809523068405526236e-01
5.050031266345337277e-01
4.873055943415599556e-01
4.820411966553408978e-01
4.797952939438611120e-01
4.875640905528697000e-01
5.118234943318373809e-01
4.483505838540839394e-01
4.425392270117463056e-01
4.641704514239810564e-01
4.671481662605014296e-01
4.632440209091833738e-01
4.566020579382971123e-01
4.752005382864233352e-01
4.601120744099507220e-01
5.134392645852230430e-01
5.144872027928011349e-01
4.096334386401235261e-01
4.172363687067847104e-01
5.363293023478732380e-01
5.427875068342524756e-01
5.304981858932251715e-01
4.547117225461738688e-01
4.619659199784592607e-01
4.540990643890204792e-01
3.982136353497821024e-01
4.157328467174682962e-01
4.247154615300334224e-01
4.381715473690088736e-01
5.022802507839763120e-01
5.294705400783509264e-01
5.038921374969530520e-01
5.427030530348913029e-01
3.905922803003488708e-01
4.286565534542329248e-01
3.971466114533138136e-01
4.928104356416509457e-01
4.785591189902881348e-01
4.228281117980610126e-01
4.940114558054438665e-01
5.002335603765912797e-01
4.855570137698066446e-01
4.885656048134975338e-01
4.724689244179149927e-01
4.836317308789092051e-01
4.742448429371751706e-01
4.782200764681814320e-01
5.486796591033248349e-01
5.357588792989156357e-01
4.362211439751785824e-01
4.629912651803874679e-01
4.614196341954031610e-01
4.614563763312332090e-01
4.616032619693179462e-01
4.611055119185495377e-01
4.574152951204158990e-01
5.139825675740642419e-01
4.102902928988365061e-01
5.415294006738593513e-01
5.458040760233212607e-01
4.523195459770639748e-01
4.692154380579289241e-01
4.135211661692367868e-01
4.032992279564808769e-01
4.364726203816127192e-01
4.418268846066862876e-01
4.806544503789515477e-01
6.026073300279809475e-01
5.254768221830625752e-01
5.519513402524087731e-01
4.057766529177350701e-01
4.435371561998898704e-01
4.059071490056895271e-01
4.211228642554621371e-01
4.812939933474323362e-01
4.078440228144802338e-01
4.927358618657507461e-01
5.439830765758878472e-01
4.985081603975431430e-01
4.653661714005521421e-01
4.692723475106459485e-01
4.660446059512781680e-01
5.128819730451973369e-01
4.481274878049283927e-01
4.456407755408370308e-01
4.558827981501111237e-01
4.526504539043808562e-01
4.577746410723561032e-01
4.581350337645980764e-01
4.656472535732167350e-01
4.564771563125134546e-01
4.635738274960001237e-01
5.365079974879440883e-01
5.218501622753596303e-01
4.139695300424974800e-01
4.228077398433702228e-01
5.305647028946181010e-01
5.666119471860934231e-01
5.319687946680692336e-01
4.527925875936389954e-01
4.559621833751797970e-01
3.834003850311338835e-01
4.095162636644337217e-01
3.999374337399592139e-01
4.687450250667337670e-01
4.707716528333162898e-01
4.512775864627909250e-01
4.808757082477451705e-01
5.668212404800158088e-01
5.001063483246838137e-01
5.100299220547602763e-01
5.625080919548868241e-01
4.060433332559657549e-01
4.238498817532393437e-01
4.260160208313628072e-01
4.347213997941597463e-01
4.804525958031001243e-01
4.204140810991365274e-01
4.825572159775564640e-01
5.269024608966799139e-01
5.518282930894223837e-01
4.954755371422873145e-01
5.267518434176123865e-01
4.515815184953841932e-01
4.646409216892308791e-01
4.575746965548056489e-01
4.618466422190526943e-01
5.651753607741153429e-01
5.535554688072460428e-01
4.447825868578924036e-01
4.520765594825554290e-01
4.599432019342128974e-01
4.421605175843477675e-01
4.659629221351033190e-01
4.572229254069099524e-01
4.661334647671884213e-01
4.978379955960481329e-01
4.220223460247560232e-01
5.306753614024833920e-01
5.599489700082171950e-01
5.395927476898465525e-01
4.528954802082497122e-01
4.651041216026629566e-01
4.574481397541202976e-01
4.352301111947626810e-01
4.396051951496065535e-01
4.130644031232518221e-01
4.972793519398112094e-01
4.885254299995769878e-01
4.822137233296788228e-01
5.643442920867489665e-01
5.129497663387279083e-01
5.473144566048318005e-01
5.901318312246700559e-01
4.327188944503214674e-01
4.711474202023423485e-01
4.362189453726441069e-01
4.269755187461339307e-01
5.118172390927784310e-01
5.143378884691968134e-01
5.198594765935513617e-01
4.437245038991919355e-01
4.394535419546148347e-01
4.517980972049289723e-01
4.753890980207127748e-01
4.561367642244021359e-01
4.557549162958255962e-01
4.682202322805922301e-01
5.090847411380202692e-01
4.534412934099436576e-01
4.652386186629597908e-01
4.494584081327890335e-01
4.663085781981498590e-01
5.448148452466280434e-01
4.321915417231783629e-01
4.422218189441305403e-01
5.234340747190558973e-01
5.697894988729375054e-01
5.397792750357255365e-01
4.488802662774615260e-01
4.646247432670309596e-01
4.523583886069716953e-01
6.866068108396460312e-01
3.715859202216226231e-01
3.343810404877611830e-01
5.054134381233057471e-01
5.642152938133766504e-01
5.088605110716597490e-01
5.404881722120178367e-01
5.569447492664928445e-01
5.730428877759884410e-01
4.165835296653940256e-01
4.738140661369920625e-01
4.391797772366047292e-01
5.747525081415064685e-01
6.096163917477933625e-01
4.531450855608628037e-01
5.007428497705204151e-01
5.364339611746087311e-01
5.080966027656995676e-01
4.279592331574423869e-01
4.289401815398450335e-01
4.466248511266142085e-01
5.666776900717545029e-01
4.651617883470728354e-01
4.961415557023267642e-01
4.627925996400809039e-01
4.582718998988488668e-01
4.659014391941196931e-01
5.489217367194153541e-01
4.911624370489439673e-01
4.760918193618295380e-01
5.498343467075008650e-01
4.444505466177173791e-01
4.454770627657831383e-01
4.427379505573028617e-01
8.104719122519279395e-01
3.878074866259005327e-01
4.844871743599142300e-01
3.131377289474787662e-01
4.506026988129306909e-01
5.118454400135458160e-01
6.059750756789187287e-01
4.216659709234195641e-01
3.334251601631950113e-01
4.762530671790602410e-01
4.347620526962453491e-01
6.153415186898621991e-01
3.843666500292395316e-01
4.911453141128216404e-01
5.568354988855057641e-01
5.414718368308820695e-01
5.144823560652188599e-01
5.211302290012366223e-01
5.480059760065085772e-01
5.718029930878502087e-01
6.131408193873445489e-01
6.606964012388171215e-01
3.692491936527711460e-01
3.652555145261124347e-01
4.616676181455300898e-01
4.298391835535055328e-01
6.083918919224443611e-01
5.424836697885943027e-01
5.133976925012098125e-01
4.943580689324655886e-01
4.475436130313769634e-01
5.639017755349022831e-01
4.401956196528823417e-01
4.370365133569049099e-01
8.784196210212937839e-01
5.026190457327347483e-01
5.410115625959390773e-01
6.445857593912242001e-01
6.381335825731313527e-01
6.685217244270432735e-01
6.221689509096381965e-01
1.366707811171777032e-01
5.469419889112590027e-01
5.846860016269901372e-01
4.720337097146093397e-01
5.281525288257463702e-01
4.132913142092871084e-01
2.363179066133830886e-01
5.159787513712728035e-01
5.954634367020031904e-01
5.325964544273033008e-01
5.766943216030612218e-01
4.356123078835784646e-01
4.446113515633256519e-01
4.382666905330767637e-01
9.995513297053290058e-01
9.669128229987931922e-02
4.765077204993568571e-01
5.532750367028379523e-01
4.807629972581441979e-01
5.133499441750717374e-01
5.190193168872946350e-01
5.412970428058333505e-01
5.942048462581338564e-01
1.631377324301031273e-01
5.008648892132701036e-01
5.809784211767462514e-01
5.222977421333157011e-01
5.694852354275837802e-01
6.009090170250468432e-01
4.219700967647543877e-01
4.215388806642694219e-01
1.149994039510809030e+00
3.056617468169553486e-01
5.081245145023760568e-01
4.759321045855192112e-01
4.549195977363877930e-01
4.901812051052990005e-01
5.000520107494580424e-01
5.074608434076575136e-01
5.005160974355241654e-01
5.027915120484937050e-01
5.141678377411971201e-01
5.402243875603175427e-01
5.698075605589415504e-01
6.032358069403577217e-01
5.757215520225882344e-01
1.939735320088390169e-01
1.699468380401612244e-01
5.638404676322541498e-01
5.787735503706790130e-01
5.058019428865241363e-01
5.358448212619035811e-01
5.720607287596570778e-01
6.010056509221244347e-01
4.194500548754339642e-01
4.301841362554512105e-01
4.251291186928539689e-01
1.332162188151607918e+00
1.964628602950892200e-01
5.212860912156412896e-01
5.532640276375064836e-01
4.872261669313829868e-01
5.224149507115125601e-01
5.505439148376377601e-01
6.007933507352265501e-01
4.081435560542823748e-01
4.158412929380818635e-01
4.014327564481739441e-01
3.270190305494680150e-01
5.473711706264142718e-01
5.771320845414354972e-01
5.757942855411976035e-01
4.089121161914328617e-01
4.061772662436738957e-01
4.005041157050537315e-01
4.251310492974150756e-01
4.044459537559391693e-01
2.093654331015414538e+00
1.798925763781713316e+00
3.981445570461826788e-01
4.341845176380456084e-01
3.943640133795442426e-01
2.443444880841858069e+00
3.922239257634346221e-01
4.113568044112578259e-01
4.185216438769052139e-01
2.869698052532500654e+00
4.020563954094677483e-01
4.299949632382964460e-01
4.118969561240962696e-01
4.354664188346638598e-01
4.151227394836987661e-01
3.413440667317614974e+00
4.172717061445633813e-01
4.377753880175028756e-01
4.277869057536279884e-01
4.458712558002866921e-01
4.493337435060312246e-01
4.320276038789874762e-01
4.165757889800719482e+00
4.308153503033679832e-01
4.492121963297020515e-01
4.278728448085288849e-01
4.474511922231906857e-01
4.522457584240163198e-01
4.387189014710862756e-01
5.390244617803522154e+00
4.230901215602318466e-01
4.385609853432024252e-01
4.329991040144816061e-01
4.491730634962708413e-01
4.488875815896767874e-01
8.366601755335281609e+00
4.271079049458025301e-01
4.492755184598362095e-01
4.281077659083361575e-01
4.472956705331133653e-01
4.447852773531436044e-01
1.077133441608898323e+01
1.689468699800710993e+01
7.107966997636874673e+00
5.515600689205728102e+00
4.942279261851838967e+00
4.586716463916111763e+00
4.321595931769970811e+00
4.105488028695515546e+00
3.919746555960769374e+00
3.754064387725456697e+00
3.602279903524324034e+00
3.460621140288457465e+00
3.326812884798753256e+00
3.199552482731958580e+00
3.078170110752400657e+00
2.962396274869298018e+00
2.852200605714726667e+00
2.747682193506533643e+00
2.648997757082308890e+00
2.556316431631215025e+00
2.469791620795823039e+00
2.389542117727717851e+00
2.315636666245613817e+00
2.248078175818507773e+00
2.186785838646323032e+00
2.131575448656896743e+00
2.082140322757064066e+00
2.038037236713639011e+00
1.998683253591593045e+00
1.963369452999185638e+00
1.931295498639947539e+00
1.901624336270786308e+00
1.873549914608322320e+00
1.846364996201125042e+00
1.819514029252344178e+00
1.792619881239954083e+00
1.765482308226027364e+00
1.738056341746664124e+00
1.710424971691995477e+00
1.682779263376865675e+00
1.655411333302045929e+00
1.628716005638332076e+00
1.603190639382819471e+00
1.579422225448557926e+00
1.558055548843862770e+00
1.539742877319736136e+00
1.525081112343809719e+00
1.514545038325868953e+00
1.508425474347846240e+00
1.506780007485286399e+00
1.509402675973546604e+00
1.515817721149185449e+00
1.525300637419483740e+00
1.536926073902064260e+00
1.549636027204841282e+00
1.562314129978386035e+00
1.573845809765083592e+00
1.583144415855594067e+00
1.589134223432018045e+00
1.590702698951800276e+00
1.586659955910568076e+00
1.575759563997341628e+00
1.556826327627821804e+00
1.528995545242230802e+00
1.492005337854097169e+00
1.446430951763726380e+00
1.393745857236287522e+00
1.336154895891329186e+00
1.276242659504703170e+00
1.216558633267771139e+00
1.159273802638975281e+00
1.105991480032851415e+00
8.813868939318683093e-01
8.981974087910147286e-01
8.691471229774885288e-01
8.608328945085369499e-01
8.586574750951272428e-01
8.682205803986334791e-01
8.807612715523105429e-01
8.979692237340873850e-01
9.187802519898987663e-01
9.414641116870757775e-01
9.636119827173701413e-01
9.821785581039370605e-01
9.935261325721346237e-01
9.933977999004646176e-01
9.767399464196927505e-01
9.372728603575000150e-01
8.666946845634162511e-01
7.541076815334979422e-01
4.401999832805723045e-01
5.942233838926187506e-01
4.404302533840948608e-01
4.475408982846600936e-01
4.511601872194250795e-01
4.482473043985935601e-01
