1.803470660960547178e+01
1.141674560405179228e+01
8.842344322182375649e+00
7.430882834612649646e+00
5.676780960824867606e+00
5.023534266538709048e+00
4.611157141526142311e+00
4.301318541825742692e+00
4.048739776077308505e+00
3.833108324861318916e+00
3.643241159383257433e+00
3.472387777807570242e+00
3.316248953900703178e+00
3.171996076284964605e+00
3.037734026166887702e+00
2.912185377724877622e+00
2.794493178636856978e+00
2.684090855651362517e+00
2.580612146284682495e+00
2.483825869368502470e+00
2.393586282307053725e+00
2.309792961616482732e+00
2.232356240209225184e+00
2.161165977455840270e+00
2.096063067388396650e+00
2.036814621791418478e+00
1.983095103872758891e+00
1.934476626851807657e+00
1.890431827007182708e+00
1.850351770781307081e+00
1.813579033814247010e+00
1.779452665803004541e+00
1.747358189357323566e+00
1.716773536121485089e+00
1.687302219254588564e+00
1.658688434681339530e+00
1.630814129340002028e+00
1.603683269503721087e+00
1.577401435497097770e+00
1.552158326210836270e+00
1.528217158661967279e+00
1.505909919949743436e+00
1.485633039263290378e+00
1.467835898492246605e+00
1.452995199737276755e+00
1.441570896676097391e+00
1.433942874996522177e+00
1.430330794119184734e+00
1.430702469635960927e+00
1.434680050370328974e+00
1.441459543046107683e+00
1.449768055820616297e+00
1.457891063736526549e+00
1.463801280026026497e+00
1.465402200518107101e+00
1.460860021997540725e+00
1.448949351982540712e+00
1.429307714782522387e+00
1.402508109206128228e+00
1.369920782290761085e+00
1.333414860068430130e+00
1.295002768480307820e+00
1.256529678531194127e+00
1.219467056274394334e+00
1.184817133370227760e+00
1.153102816540600761e+00
1.124412881779496942e+00
1.098484416138414632e+00
1.074816598947900825e+00
1.052811357849284590e+00
1.031927134421298575e+00
1.011820268994767069e+00
9.924443375339214723e-01
9.232123667203813167e-01
9.267412473188789690e-01
9.358405577115102014e-01
9.686385856609854850e-01
9.893841290524009180e-01
1.009354158103181742e+00
1.024223401368261177e+00
1.028317027285314822e+00
1.014720101633110660e+00
9.754587557563862976e-01
9.014573241743388810e-01
7.821358096771583446e-01
6.153457669926568618e-01
4.482466140772856100e-01
4.478415639223227163e-01
4.510437348622549081e-01
4.508083443472932217e-01
4.496962368768906426e-01
4.560347128020558194e-01
5.656247337206321113e+00
4.440626770611816321e-01
4.480005188861405085e-01
4.509934743994429840e-01
4.486448599579756502e-01
4.465868704615686968e-01
4.363056658626788931e+00
4.421547676461075604e-01
4.476746320302956716e-01
4.510005843923379776e-01
4.469609316741229299e-01
4.476737910759729933e-01
3.581485876710790439e+00
4.403872384547034002e-01
4.505703344416826517e-01
4.504949434268351594e-01
4.466741804214776068e-01
4.477977658407831241e-01
3.024945509772340113e+00
4.390192648814614240e-01
4.460038380370680566e-01
4.490362575151948255e-01
4.471321476041386078e-01
4.453235336724166715e-01
2.594246088101182846e+00
4.386162837363690725e-01
4.426938239548940390e-01
4.478504409761316363e-01
4.477322520399839578e-01
4.565395188257940773e-01
2.244253985572160381e+00
4.398284493862417710e-01
4.387874348122531853e-01
4.459173985599771406e-01
4.434949810365273470e-01
4.395479489158063413e-01
1.950857200027397154e+00
4.361398109513294208e-01
4.440985890792465418e-01
4.423548292300630846e-01
4.386199734231300273e-01
4.393305434176527635e-01
4.417304177027369660e-01
4.345940880626720793e-01
4.600632351047536095e-01
4.272010333411278560e-01
4.840738568947838272e-01
4.886687916096826290e-01
4.916916759363332279e-01
4.401054499247404328e-01
4.402373864355253463e-01
4.382144443452977156e-01
1.292111399766068036e+00
1.482004660336047053e+00
4.520638627548527744e-01
4.657203114986765424e-01
4.390723201868734216e-01
4.560426032180907030e-01
4.579505795437102678e-01
4.641849563623519082e-01
4.710331884796433721e-01
4.756843527908517499e-01
4.794866314192276491e-01
4.373932164828386315e-01
4.602034311239152076e-01
1.123180268187082387e+00
4.565405635636718973e-01
4.338514456285845755e-01
6.300669594929640960e-01
6.249659051654609110e-01
6.064950958714383500e-01
5.140553244469424632e-01
4.318465421070407095e-01
4.198890927091634140e-01
4.335821002691673254e-01
4.510723987702213167e-01
4.549757381813536727e-01
4.615639784117138711e-01
4.628574128751613004e-01
4.676237731973073575e-01
4.595601766422622858e-01
4.609618834900538475e-01
4.270263083824362704e-01
4.564169977077800477e-01
4.581543640113889815e-01
4.629624293192497464e-01
4.677048560923848242e-01
4.818397501730015686e-01
4.757796430280539224e-01
4.368061791049985820e-01
4.351093625858811764e-01
4.572061617812213652e-01
1.023665710961007669e+00
5.203501636349203707e-01
5.060282713860744241e-01
4.613331413195561059e-01
4.807160663437584636e-01
4.538614559730285714e-01
4.525101539353241220e-01
4.524267824284262662e-01
4.536460142057269773e-01
4.553424731387931690e-01
4.570301297596943702e-01
4.585433891534152484e-01
4.572170414841925101e-01
4.625098679709829796e-01
4.683598385945639819e-01
4.631728142047983887e-01
4.390132998206943138e-01
4.411932482296581637e-01
4.519638058807328163e-01
4.677144275896014114e-01
4.618036039917811086e-01
4.639877003776417541e-01
4.857404364603609692e-01
4.807359014951883003e-01
4.378229466744245624e-01
4.410510705928734065e-01
4.492253465353405750e-01
7.945410630398731522e-01
4.394619519347945369e-01
4.295156899733116873e-01
5.503901006713456390e-01
5.646290745647334353e-01
4.427161878630572756e-01
4.471416756219905309e-01
4.482149015738321474e-01
4.599150898622896833e-01
4.589822976417305411e-01
4.557848850983754474e-01
4.563122815980720226e-01
4.596600711402001327e-01
4.619003421043705870e-01
4.623575143958186251e-01
4.394033216763122418e-01
4.447828183446941863e-01
4.441143089349649520e-01
4.712267190064140521e-01
4.640889898729997909e-01
4.690365848136573979e-01
4.820532772451518455e-01
4.792660604328671803e-01
4.390861816532034556e-01
4.451790581295581029e-01
4.329659683589614505e-01
4.466689364826231801e-01
4.478228444772708317e-01
4.322276119778474257e-01
5.322162841465383210e-01
4.363872196161380779e-01
3.730790150426678276e-01
4.348777237510341176e-01
4.526767370675472413e-01
4.545169718510884138e-01
4.582382487424782602e-01
4.538031086747741361e-01
4.604844281309018461e-01
4.459730578524434552e-01
4.511386280555133022e-01
4.846948967798181407e-01
4.634610152172572439e-01
4.413120325151708156e-01
4.447722721611636065e-01
4.427943040820941367e-01
4.671863885734179322e-01
4.661346399178439848e-01
4.763089524286252541e-01
4.747960208858899578e-01
4.824180191857135314e-01
4.435910774607586537e-01
4.441010932441684100e-01
4.378862981478662264e-01
4.490104143799002467e-01
4.475185082467648123e-01
4.574243590514147639e-01
4.051117941775806974e-01
4.401649088291704204e-01
5.313196217716076308e-01
6.111008766451652141e-01
5.448904389608938414e-01
4.449102912392414177e-01
3.934498795072107757e-01
4.712896638345993039e-01
4.508165819138629238e-01
4.517493676170608596e-01
4.537976013937739528e-01
4.613697537179371477e-01
4.571207435247354733e-01
4.596698664092675468e-01
4.629030389906658161e-01
4.675535639828038437e-01
4.750065142653148720e-01
4.453536834497791030e-01
4.506595653288797410e-01
4.515102556318728588e-01
4.533180996076360825e-01
4.667495508561818607e-01
4.382619924545821388e-01
4.381004313215191015e-01
4.583333727953361469e-01
4.578009196745546627e-01
4.668916512100536043e-01
4.758643926023904958e-01
4.426609546189165800e-01
4.476062247644436165e-01
4.353284076353460263e-01
4.650513328387301804e-01
4.670230954062278284e-01
4.832878741309142301e-01
5.010181742861091747e-01
4.431932422337553912e-01
4.438395962727758048e-01
4.389192306647130004e-01
4.492628464264914467e-01
4.491381075330257988e-01
4.661149007903657715e-01
4.537201761837820202e-01
6.171513331180628059e-01
6.377933365305404889e-01
4.410372747867921106e-01
4.123773601135878319e-01
4.285756695927280813e-01
4.406924872647667302e-01
4.392838042243168428e-01
4.497593265904356041e-01
4.758658323429149073e-01
4.743324829866327752e-01
4.706247540585883349e-01
4.767705520454536550e-01
4.742254876700555122e-01
4.709332677024786196e-01
4.458066309745904454e-01
4.514316385005099908e-01
4.488097843161069078e-01
4.472936709352459128e-01
4.852735737644457426e-01
4.397725396488872951e-01
4.596772314767428314e-01
4.644102608394898302e-01
4.756499840475957308e-01
4.441250574333325263e-01
4.475280761908017046e-01
4.360661056214065190e-01
4.752174355002228290e-01
4.433487897395415600e-01
4.436854327710711976e-01
4.430031072546802284e-01
4.427962132419133168e-01
4.506184659954839966e-01
4.531580942960333203e-01
4.607648035087077987e-01
6.167063707068280998e-01
4.573705373979431998e-01
4.356151927454176565e-01
4.123783474019830919e-01
4.340698295085637648e-01
4.497635384103070844e-01
4.421236301293849924e-01
4.386184394501342898e-01
4.446230061106878351e-01
4.472822884854918413e-01
4.686506504725396205e-01
4.512843862409415818e-01
4.464332113448127859e-01
4.313517552959345580e-01
4.555253386597479248e-01
4.624567043642424102e-01
4.471552128260767311e-01
4.499844989743955748e-01
4.646282553803922077e-01
4.878470363647772756e-01
4.656148657531518076e-01
4.347310666689998548e-01
4.378221312657000763e-01
4.594213547261759567e-01
4.650364189472144250e-01
4.639940897088419280e-01
4.455189761472643784e-01
4.467669405978048625e-01
4.431193886594166353e-01
4.585568915807319845e-01
4.608264888619658106e-01
4.501825882515851363e-01
4.669210387086653036e-01
4.859906793260355684e-01
4.956868545828592709e-01
4.438608032108279922e-01
4.537975252281612470e-01
4.481066973029402267e-01
4.399183732603281771e-01
4.212579797248463542e-01
4.410590888693313727e-01
4.154626792833205351e-01
4.343577042312777858e-01
4.550841578980533986e-01
4.627359374213619869e-01
4.830156176817577141e-01
4.444708749977171469e-01
4.470062816848920373e-01
4.466706602549738725e-01
4.616097644108094200e-01
4.700577189600087524e-01
4.289480473418269546e-01
4.238488558421164010e-01
4.463035320644921367e-01
4.522046349538213494e-01
4.575185910646736853e-01
4.758063542771094889e-01
4.452770658453570340e-01
4.477405998860767844e-01
4.477742621739163043e-01
4.666972535006592704e-01
4.702215133968107863e-01
4.406611018788154643e-01
4.625656592257686994e-01
4.634317130883916502e-01
4.628837357388173035e-01
4.436109277009491758e-01
4.459134922303213400e-01
4.496858996244286200e-01
4.658400958341609166e-01
4.459632918101509302e-01
4.479946465395538424e-01
4.651344882444793938e-01
4.755866095253700743e-01
4.922981216394840542e-01
4.422626693660711150e-01
4.404611959574278868e-01
4.674732737526219872e-01
4.271214460725663020e-01
4.278958956373484779e-01
4.437004477680764891e-01
4.556645767665282176e-01
4.595508010570675261e-01
4.572833917972100592e-01
4.544524017688115758e-01
4.600220005015671076e-01
4.437503586252962706e-01
4.480328122355397014e-01
4.475682715005984691e-01
4.692872528222468143e-01
4.616388208850390473e-01
4.615874023862958087e-01
4.363256029226799670e-01
4.547687343902661605e-01
4.580134307665184035e-01
4.579430933971734841e-01
4.739441866182497742e-01
4.436206987278352720e-01
4.472316312104936409e-01
4.507951566666099641e-01
4.469695057184087106e-01
4.470437985736274156e-01
4.751502909625333615e-01
4.728233855062624613e-01
4.426003811912669894e-01
4.321178863687388239e-01
4.614759159440097736e-01
4.629094859571085685e-01
4.646383269516228820e-01
4.432183221531657558e-01
4.453875894426477244e-01
4.616389632238585561e-01
4.685091107728108772e-01
4.682664224332373504e-01
4.437428367717799471e-01
4.705496312886367494e-01
4.745270139354990091e-01
4.909865877728003536e-01
4.393642549720401247e-01
4.449363842390430812e-01
4.464437009046927640e-01
4.295012229326645170e-01
4.485709335267169529e-01
4.597860722323092175e-01
4.555254602292747035e-01
4.570046182144462121e-01
4.541688329748863606e-01
4.539722923924908171e-01
4.547871106175938594e-01
4.549326993995466695e-01
4.455059275229040772e-01
4.498875806107024422e-01
4.516794906834210588e-01
4.523276211088951282e-01
4.707546113379317276e-01
4.335416542414130547e-01
4.548687915831191586e-01
4.603054170956717983e-01
4.605105499823424209e-01
4.452289231445593631e-01
4.497373384945576036e-01
4.496115214666496218e-01
4.496719246509283674e-01
4.554744106223535538e-01
4.458784253719696444e-01
4.616984152400478991e-01
4.624172795306941142e-01
4.608640193618138703e-01
4.417933391173522462e-01
4.478137120129253579e-01
4.450930822282168631e-01
4.480297938676047753e-01
4.742538477932878860e-01
4.434014688413390193e-01
4.395572728731532708e-01
4.698825422020738163e-01
4.732905613894810570e-01
4.928426827907467223e-01
4.436798846530198293e-01
4.563406145713474471e-01
4.548647208057741698e-01
4.535929686683125572e-01
4.580629013623856438e-01
4.607534841257397984e-01
4.532360604043587093e-01
4.522551504602374539e-01
4.510948411689805759e-01
4.655506602574102093e-01
4.488628290664172793e-01
4.489976956016413778e-01
4.835357690328741520e-01
4.835048778618412091e-01
4.275267557511355232e-01
4.247287950338092255e-01
4.606678965968840633e-01
4.579916261355952423e-01
4.613857594112786842e-01
4.634559363317318770e-01
4.545134890501721925e-01
4.442148938943142333e-01
4.618492369733107616e-01
4.616370670377993313e-01
4.593976970277254268e-01
4.449915815088403837e-01
4.647648046726957083e-01
4.627018227934179273e-01
4.404843909535827717e-01
4.673568189105204995e-01
4.676834899356009934e-01
4.986627511075718555e-01
4.420975344063874934e-01
4.474767560998738070e-01
4.387368843628126069e-01
4.522677567880257210e-01
4.555470242931732860e-01
4.555550449369059063e-01
4.599439186935178059e-01
4.518366565360391052e-01
4.560668459812309838e-01
4.564730685800619248e-01
4.674730232456818513e-01
4.881994227852081147e-01
4.451535798145233036e-01
4.588154353549037112e-01
4.594687741963639493e-01
4.599821836118628271e-01
4.746756749102050699e-01
4.446550388421209865e-01
4.283191878283100218e-01
4.631605278043320895e-01
4.615616671817295291e-01
4.616034280500302955e-01
4.316412037691480519e-01
4.470242726809910971e-01
4.703395496986209623e-01
4.703103045963653028e-01
4.881278816711983604e-01
4.452860148758006065e-01
4.447649935844055769e-01
4.541659867455512534e-01
4.534920288627776741e-01
4.509685994040836809e-01
4.592622030465411398e-01
4.581285359072418406e-01
4.610990486471773231e-01
4.653582159372862681e-01
4.518208095706242045e-01
4.583068507464189700e-01
4.622502962942307558e-01
4.628772034205045904e-01
4.490081585363831507e-01
4.630359353261607747e-01
4.609370328928942273e-01
4.686314881234134311e-01
4.335390766368862336e-01
4.743941318326836409e-01
4.733944394779619480e-01
4.476118210618718063e-01
4.457765682829503695e-01
4.545590004315993027e-01
4.530585023106759590e-01
4.596871176061478326e-01
4.565929080569797183e-01
4.625434164223918843e-01
4.588095575184269470e-01
4.610234430788663351e-01
4.611675178175478895e-01
4.590882774693774704e-01
4.760691340412173678e-01
4.572355255171740018e-01
4.673404892086576723e-01
4.604959364802556632e-01
4.608681101258770840e-01
4.692584619079570030e-01
4.515809400965877796e-01
4.561663450449860435e-01
4.322940680953928361e-01
4.544395411761549264e-01
4.542792998359880263e-01
4.767954810077197902e-01
4.755046584765113549e-01
4.767050272980000725e-01
4.473200197048556870e-01
4.466280861798228030e-01
4.513573499413181533e-01
4.552759170397181476e-01
4.622061538291409311e-01
4.639029078790529725e-01
4.588526982344356409e-01
4.575800184536333859e-01
4.718599679642635492e-01
4.552987586829933542e-01
4.600488090884807812e-01
4.578568064825472850e-01
4.600848809692441033e-01
4.519514800161129608e-01
4.573027549148749871e-01
4.591972507712082652e-01
4.552619415366663258e-01
4.580606232620970664e-01
4.516874487776698643e-01
4.503819398875296698e-01
4.598728243452605557e-01
4.718681479368382337e-01
4.696363418679406765e-01
4.882678927535539781e-01
4.486109202096246751e-01
4.504353895861645252e-01
4.479661818209070834e-01
4.509090581475481141e-01
4.608436507246395086e-01
4.629270604812897316e-01
4.565078445529618389e-01
4.573900973528903235e-01
4.636061191718235386e-01
4.565214566606949909e-01
4.634411499024255199e-01
4.736830370375038068e-01
4.506267939362065822e-01
4.576420079009636543e-01
4.564964865182290499e-01
4.529912557255898475e-01
4.480206741538996229e-01
4.539521947498743604e-01
4.812303353582020882e-01
4.822062564634542747e-01
4.856555899067039328e-01
4.502455850838876228e-01
4.511436518540957730e-01
4.440206454940261449e-01
4.469842918177152624e-01
4.599556941140707234e-01
4.636361475118231379e-01
4.545760112587697299e-01
4.644718764786825438e-01
4.215387016579496549e-01
4.566262507487138800e-01
4.579689595768689503e-01
4.504600635281477694e-01
4.569701855368619170e-01
4.567328168204140004e-01
4.542586610377606915e-01
4.529635895451031291e-01
4.513801369035517208e-01
4.575934004127835686e-01
4.512109292172218900e-01
4.620676925624063736e-01
4.530961768107831245e-01
4.543075593589175898e-01
4.525922950327294081e-01
4.493783762860266706e-01
4.512282215363409010e-01
4.517672955687433989e-01
4.491394863061124454e-01
4.472914153311502439e-01
4.546309455194932347e-01
4.600803847855482465e-01
4.674161294383859522e-01
4.645954778758724091e-01
4.343202557142826770e-01
4.564760842750396064e-01
4.563444478779464242e-01
4.621391593339058135e-01
4.623271100111201459e-01
4.521713728032519253e-01
4.528173446166020577e-01
4.436315113391090525e-01
4.480413055936124378e-01
4.564519501614048291e-01
4.593439042289090835e-01
4.567613133529097591e-01
4.530262603490307627e-01
4.522284565162855152e-01
4.526882768135053192e-01
4.536202920058725607e-01
4.516304144986780233e-01
4.526870040274444951e-01
4.565056178885455451e-01
4.542696295068843759e-01
4.527680947362948127e-01
4.563586906195428172e-01
4.519094446373686513e-01
4.525005640375430738e-01
4.483484224218362013e-01
4.512869406402841843e-01
4.646258037985604994e-01
4.725486403327081031e-01
4.397092216714132973e-01
4.273644060240942566e-01
4.559271893174494106e-01
4.585402496132137684e-01
4.538067682669348901e-01
4.577301851891477646e-01
4.576031250475622314e-01
4.503775297803785382e-01
4.551214717534477483e-01
4.582141475476384507e-01
4.597247666916861042e-01
4.491641141148144389e-01
4.528516444819499220e-01
4.570586832217488626e-01
4.528406822863807468e-01
4.523552583434998220e-01
4.566197417503569667e-01
4.546907860947804192e-01
4.520369921346799602e-01
4.544117409112674588e-01
4.528027671102933249e-01
4.581402785939646116e-01
4.634491551368788431e-01
4.782167438010636595e-01
4.618395657358494444e-01
4.521646673262591509e-01
4.537449663808082456e-01
4.437787484289505424e-01
4.466165383249214860e-01
4.654304030090594124e-01
4.722157934700191295e-01
4.344478388271585945e-01
4.327423851239712849e-01
4.567911510485260229e-01
4.928149194986054527e-01
4.505567723156196358e-01
4.439089651383257285e-01
4.569040475541013557e-01
4.547615096168178828e-01
4.535496514519989364e-01
4.680079577235835564e-01
4.549963316830967774e-01
4.526851412171015721e-01
4.563493703539313606e-01
4.559842457067162513e-01
4.446003655937552090e-01
4.477839813680478676e-01
4.553751423568478396e-01
4.585532019043665475e-01
4.599320543166128816e-01
4.495579316435309170e-01
4.549517716837011561e-01
4.546421517559346981e-01
4.534612059035695864e-01
4.538669090424825581e-01
4.546462601263330794e-01
4.539502100488677083e-01
4.538765151009315768e-01
4.528866404371131860e-01
4.443698492997231742e-01
4.594252627287760404e-01
4.694893033487285705e-01
4.719645413216681518e-01
4.518408617816566664e-01
4.549375709432460502e-01
4.430871062639259450e-01
4.432948811762337793e-01
4.628167067815142643e-01
4.682797206664065515e-01
4.341825955696500539e-01
4.632495856738893525e-01
4.800193642567044949e-01
4.477898793062755067e-01
4.483995080722946169e-01
4.529322707770350176e-01
4.518000302794811796e-01
4.523792259128405768e-01
4.658901907629779959e-01
4.572889827421460773e-01
4.535786071193001479e-01
4.564535414236847721e-01
4.566035240497094416e-01
4.471158459146843400e-01
4.495497265762425365e-01
4.562014841487888606e-01
4.603690346299740832e-01
4.536671752415618597e-01
4.505416642079916878e-01
4.561948352394262218e-01
4.538241344413809775e-01
4.549837968892774809e-01
4.528532031697468097e-01
4.557804212781448872e-01
4.543485276638307147e-01
4.523054297236905330e-01
4.490896357806019590e-01
4.577440782001756525e-01
4.673582143219980334e-01
4.718876005518912731e-01
4.514295609216841254e-01
4.557451792818699721e-01
4.464168668758285996e-01
4.430078306070429073e-01
4.471383812235888988e-01
4.629063072361888076e-01
4.701409014786853136e-01
4.704582822462665126e-01
4.430212349796758819e-01
4.332176365685261321e-01
4.767608134872237113e-01
4.761955259621064585e-01
4.468030329568897230e-01
4.497612168327820292e-01
4.521547862841053811e-01
4.536872644884419881e-01
4.567749755902544839e-01
4.555435458148725525e-01
4.568246804506677639e-01
4.556412085272417700e-01
4.562593274481950845e-01
4.442030202964770136e-01
4.471639116526154867e-01
4.548706213961006273e-01
4.571898698179597820e-01
4.598100581087636307e-01
4.530749305879420707e-01
4.477434575076296719e-01
4.552111738022607268e-01
4.561984988702864063e-01
4.536290604003015980e-01
4.509345154965105906e-01
4.522221608478924071e-01
4.546663244751962263e-01
4.526341245888458320e-01
4.539887015367065071e-01
4.545296976649789156e-01
4.703699779965273553e-01
4.728066098022565278e-01
4.506405893996250911e-01
4.555035987812230958e-01
4.449336130863561500e-01
4.465232294757558451e-01
4.659310845275217994e-01
4.781188170591832431e-01
4.314738022095826464e-01
4.278768701418363962e-01
4.783572429499025613e-01
4.751460918271458445e-01
4.483613702652590738e-01
4.502888189585941836e-01
4.514060090363170574e-01
4.539386842679884460e-01
4.518788112923983191e-01
4.511474000671776285e-01
4.612302406363315566e-01
4.557995433657685003e-01
4.491894967094263724e-01
4.489960570549735297e-01
4.525202139314006833e-01
4.546973191751508825e-01
4.632680440876080219e-01
4.509309703847642070e-01
4.499695667165442559e-01
4.586218799935711243e-01
4.555695690234887185e-01
4.560570084383459011e-01
4.516529775899593702e-01
4.545524572236184224e-01
4.544784944175775943e-01
4.563982819207920150e-01
4.519189245400359045e-01
4.553982497102262994e-01
4.552825029820007918e-01
4.693315100788680860e-01
4.696908893427586551e-01
4.520400536669005875e-01
4.554481658790286436e-01
4.394080171592336104e-01
4.401442623606644511e-01
4.675747563013138430e-01
4.712441097285944291e-01
4.299862511084689420e-01
4.296446709127991759e-01
4.770762708181534029e-01
4.704149236575618231e-01
4.488738115777515247e-01
4.499614150456833217e-01
4.551104946833626763e-01
4.540948141952917960e-01
4.543144276221457445e-01
4.549084786382251999e-01
4.538329529289550357e-01
4.483943743875060672e-01
4.518040565529972130e-01
4.550711008804678714e-01
4.569612376875184512e-01
4.429261160011764842e-01
4.514835884989806813e-01
4.599509059423593782e-01
4.545763610934970833e-01
4.543533931571790419e-01
4.543368859870159926e-01
4.528903931213189571e-01
4.545534681838003799e-01
4.561437186092808238e-01
4.489281603099347095e-01
4.549518944769782580e-01
4.546147526487403501e-01
4.552706601857626212e-01
4.703157522397482526e-01
4.660666646220956721e-01
4.664658884504677139e-01
4.543639159131991900e-01
4.384948962047572341e-01
4.354716044944134667e-01
4.640204333646667512e-01
4.617985518158470026e-01
4.927285580162139023e-01
4.221941072819679341e-01
4.336418699169922730e-01
4.742738446321693724e-01
4.689317021232662919e-01
4.497343206607763433e-01
4.511566145056775667e-01
4.531922692378136386e-01
4.589728235576370219e-01
4.532726123244854577e-01
4.466223365666643352e-01
4.510847188998915458e-01
4.564532735225437787e-01
4.552408178978649689e-01
4.658529090694475960e-01
4.419418627809865163e-01
4.518408507240123662e-01
4.589421355313522688e-01
4.557966883852986317e-01
4.530911780186194782e-01
4.534010878232008213e-01
4.550063928069129626e-01
4.551388576171941369e-01
4.468453923407490480e-01
4.551880619519331761e-01
4.551916282843253003e-01
4.544558628388555288e-01
4.608340975115873817e-01
4.634587212491977359e-01
1.160502870641983542e+00
4.360612135629461927e-01
4.342474116824783792e-01
4.601714088367697131e-01
4.455183128642160595e-01
4.773331568320592910e-01
4.502228684340813247e-01
4.513799022195069122e-01
4.560407103105827975e-01
4.449205165379904181e-01
4.461597047712861364e-01
4.537302813035791194e-01
4.528861440472695121e-01
4.547664091319874036e-01
4.527150220339869469e-01
4.527115433327215110e-01
4.555073705421740504e-01
4.543384493355630549e-01
4.486571576178216003e-01
4.527695245646430333e-01
4.547784200253177089e-01
4.539735049689712088e-01
4.595058656033921829e-01
4.622032882151428934e-01
5.599003623869552193e+00
4.342141210640786952e-01
4.309049418608142390e-01
4.348078352054882134e-01
4.954732566774693314e-01
4.910468579991034144e-01
4.524297561807694157e-01
4.479000874900024853e-01
4.593184266135469374e-01
4.550937482392237721e-01
4.467541219715266965e-01
4.451624988430749608e-01
4.484441136283425777e-01
4.655224555548883592e-01
4.585562376500433857e-01
4.534963626424617367e-01
4.509860733105275910e-01
4.564616313958804739e-01
4.542840389195676454e-01
4.518651075134532680e-01
4.623013041339400497e-01
4.617891617739827148e-01
1.727505592028948556e+01
4.210038522531754923e-01
4.333623801008662513e-01
4.894058316902112904e-01
4.773334615605246412e-01
4.546301990851588926e-01
4.475370887023674138e-01
4.539952292659962252e-01
4.521037364665426717e-01
4.364861216728809223e-01
4.512091089336715544e-01
4.489061328956861496e-01
4.746228296079780251e-01
4.526894314491237137e-01
4.528062179494679595e-01
4.632237418663011641e-01
4.524910247326553447e-01
4.641868024981513075e-01
4.587757004530115257e-01
2.765406794199661178e+01
4.348799853536805538e-01
4.731892301458711647e-01
4.680701494190361855e-01
4.525371440244739807e-01
4.553228756035622160e-01
4.440844914366359752e-01
4.572603240074955000e-01
4.505114263505474725e-01
4.478196877324320258e-01
4.548481321323230575e-01
4.641556591479202853e-01
4.562681321052498018e-01
3.151666902857295227e+01
4.333331113443553151e-01
4.767704903222320101e-01
4.680319427723488857e-01
4.475018115080192649e-01
4.523382993317634493e-01
4.513309027381690597e-01
4.743589693911662297e-01
4.504548272573421497e-01
4.527884416131264245e-01
4.524842008858716014e-01
4.640990900108508121e-01
4.587416484252067050e-01
2.765394936741147802e+01
4.206958160935040936e-01
4.341285089254304785e-01
4.833295628286686241e-01
4.863056609332680469e-01
4.545729616855078703e-01
4.478478502298551267e-01
4.543092484237914452e-01
4.551236142523257255e-01
4.326176957454929140e-01
4.486525497702353316e-01
4.488925390629608381e-01
4.585095497978136092e-01
4.526571932591709202e-01
4.509573094050720043e-01
4.632120530523288204e-01
4.518704083098739610e-01
4.641415296830995740e-01
4.617428803456398168e-01
1.727493314264141233e+01
4.339075654731360809e-01
4.338977862610665648e-01
4.304015303075736654e-01
4.958533779869691016e-01
4.782040570398338741e-01
4.523787440116706637e-01
4.512890325584855145e-01
4.577070608937493512e-01
4.495772269798245513e-01
4.468019225112807580e-01
4.462510083313663833e-01
4.452212877357647480e-01
4.654383018090708091e-01
4.546886255826858014e-01
4.534967404063497964e-01
4.526881716581981907e-01
4.565275660616381348e-01
4.543391904653571456e-01
4.543016807680733127e-01
4.527413721644247269e-01
4.539238649186532193e-01
4.622738035839515369e-01
4.621678882347720618e-01
5.598920204018523528e+00
4.357610923549565252e-01
4.352657946237617481e-01
4.605803369330163655e-01
4.932014491609507112e-01
4.456170622848726337e-01
4.336882090841408521e-01
4.703422436046986177e-01
4.500761707681258939e-01
4.531726172936396679e-01
4.529508559431561499e-01
4.449869809148448430e-01
4.510963018303563166e-01
4.537060418006127471e-01
4.658889999868786602e-01
4.529096103166870835e-01
4.519164235639119287e-01
4.557772602200758638e-01
4.527215601380200627e-01
4.534563222392805626e-01
4.555973999382886830e-01
4.551918527851861462e-01
4.487182349898723444e-01
4.550836530578026839e-01
4.548638948125688364e-01
4.544235939220003240e-01
4.594800295428606574e-01
4.634358383628501832e-01
1.160453667194480065e+00
4.383221901087446803e-01
4.399620430762448686e-01
4.644966211694004365e-01
4.716622805598587598e-01
4.623577638645010035e-01
4.258482417525787378e-01
4.292718761220903345e-01
4.754018524374457044e-01
4.708639852498641143e-01
4.496391301835259147e-01
4.497923999333373057e-01
4.512829801404096286e-01
4.590943314212766468e-01
4.540651025888752246e-01
4.466709131223391416e-01
4.518294756121771782e-01
4.563915113752142760e-01
4.568897388203631005e-01
4.552381815272567578e-01
4.420181607134348045e-01
4.515554917705708049e-01
4.588547449607950912e-01
4.545333211273015483e-01
4.531266541173516460e-01
4.529194605508635174e-01
4.550768626936686490e-01
4.561773401233302216e-01
4.467157861263890695e-01
4.549075618631016615e-01
4.553152979016368285e-01
4.552805872419413147e-01
4.608151932084200708e-01
4.664552518689746852e-01
4.543957274430675541e-01
4.392961598540694457e-01
4.464139215579748243e-01
4.680723412395424443e-01
4.785961709250262097e-01
4.293026597194573024e-01
4.272100155681562428e-01
4.774689442671832262e-01
4.752203738758674634e-01
4.487667209823506531e-01
4.513458115056375730e-01
4.551758900796170071e-01
4.519800165613280241e-01
4.541717637930228202e-01
4.545450181204539475e-01
4.613927592943301015e-01
4.550399106381577408e-01
4.558965269414894106e-01
4.483985444411055510e-01
4.525507138460818091e-01
4.550132080377045085e-01
4.632177247436212730e-01
4.429924204064866755e-01
4.500368915854193741e-01
4.599250286456049719e-01
4.555327305638044444e-01
4.543487632450584068e-01
4.516170619310157508e-01
4.543055884733403493e-01
4.544962180533740903e-01
4.561396218561519222e-01
4.487747523817626760e-01
4.553187931251086451e-01
4.546762415250276135e-01
4.553078057353657226e-01
4.703103360928284071e-01
4.696853252809906065e-01
4.660596241990004884e-01
4.555001008877385127e-01
4.448731889167661380e-01
4.471519726471011591e-01
4.662990343212212729e-01
4.707808454906061146e-01
4.309320797292874872e-01
4.327765568487483283e-01
4.782182292562461301e-01
4.761182067459695522e-01
4.482080090829235752e-01
4.496131512516629014e-01
4.502385674339646204e-01
4.540180122113134376e-01
4.570028281992491448e-01
4.512690736697906879e-01
4.569766063576375936e-01
4.563087877504454770e-01
4.491311289552159525e-01
4.471087328434324992e-01
4.489876294377109223e-01
4.546357185380612842e-01
4.597669889346762684e-01
4.509897239794095070e-01
4.477924207630474829e-01
4.586086741929456534e-01
4.561846755191560909e-01
4.560307169389479220e-01
4.509265109648572523e-01
4.545669749666652049e-01
4.547092465177317022e-01
4.542518671384295770e-01
4.517631614672424911e-01
4.525406433345835477e-01
4.545084262425396759e-01
4.693238985197510371e-01
4.728053724333774466e-01
4.520842661667228146e-01
4.555257785447339169e-01
4.464671245553663015e-01
4.433457731769533394e-01
4.430007481344565012e-01
4.630399422171723178e-01
4.685701303101349469e-01
4.704854884514316216e-01
4.430740093285570613e-01
4.341453342467302967e-01
4.766488874356664684e-01
4.798678780698672486e-01
4.465652023045038610e-01
4.528601271716102272e-01
4.522147462365309067e-01
4.661628224949851962e-01
4.537334187692564913e-01
4.556871491536113594e-01
4.536568467358380596e-01
4.556889540052930232e-01
4.566607809216060576e-01
4.441924478624747485e-01
4.493675307688965725e-01
4.548289875757762224e-01
4.603183754359286839e-01
4.571556824954968179e-01
4.531069122030407237e-01
4.505636840693771350e-01
4.552086656358882988e-01
4.561898964758536734e-01
4.536078299634160316e-01
4.549935336154760090e-01
4.522850600433453994e-01
4.558451073658437158e-01
4.522903420835169275e-01
4.539599398837513844e-01
4.576663971904368911e-01
4.703704213666085598e-01
4.718722089485569704e-01
4.506574061386212637e-01
4.557610448339798892e-01
4.432155501153029475e-01
4.467374253345788859e-01
4.629526727608450076e-01
4.722563719252012016e-01
4.328902928374475101e-01
4.631438761910186552e-01
4.925686233107513523e-01
4.477575267579845808e-01
4.568831358838046364e-01
4.482333892216460725e-01
4.517949993995485358e-01
4.681696458153739027e-01
4.524098875955062105e-01
4.572618369526938453e-01
4.526613886538978226e-01
4.565147630360049669e-01
4.560723761255027209e-01
4.469060054947764926e-01
4.552918544406682755e-01
4.561876205813221175e-01
4.599468538936809514e-01
4.536743884658039350e-01
4.495701821586261526e-01
4.546627561245653038e-01
4.538299993288845147e-01
4.539078760134411805e-01
4.529044239708026609e-01
4.539934521279086477e-01
4.541580402010769735e-01
4.528800561520633927e-01
4.490154258708723423e-01
4.593305390463686688e-01
4.673534050383242322e-01
4.719533307677517553e-01
4.514535907848056806e-01
4.549531489712878574e-01
4.439280555983028398e-01
4.514806216400459316e-01
4.655180546588575385e-01
4.726253602923041197e-01
4.346095450234315760e-01
4.273429069334712116e-01
4.563795299432968910e-01
4.502471886605158846e-01
4.437004727910396351e-01
4.549493920413104631e-01
4.584617251406840066e-01
4.536746728542466744e-01
4.550006947943178170e-01
4.537622867033082041e-01
4.557250704414733122e-01
4.576150220588030004e-01
4.445245411422867887e-01
4.549940827319638448e-01
4.476675934493635767e-01
4.585756314856643812e-01
4.597719257379972446e-01
4.528569095405191591e-01
4.549639071848107230e-01
4.528678826057332407e-01
4.534515852158421678e-01
4.566620596727273274e-01
4.546918517369326618e-01
4.520510175789062557e-01
4.539439958132619468e-01
4.528594571411130310e-01
4.442881239199975019e-01
4.633072495610396357e-01
4.694941299064837592e-01
4.618494866813386279e-01
4.518649191114280095e-01
4.537641264753020653e-01
4.485051820187710425e-01
4.548783589927032911e-01
4.646545890137885326e-01
4.645625686585312941e-01
4.397775675393250094e-01
4.346426976759668048e-01
4.557481013714019813e-01
4.619006751142584188e-01
4.521458056747866827e-01
4.577654011964726322e-01
4.433848158461570765e-01
4.502636949231875185e-01
4.479417525210938611e-01
4.582473875878534941e-01
4.568887905801911065e-01
4.491719403417072098e-01
4.522231090656130270e-01
4.570854203492075718e-01
4.536601218765750620e-01
4.523971577479083961e-01
4.565308122135417479e-01
4.547306543361002706e-01
4.527728580727913288e-01
4.543613966522894732e-01
4.564351328528289398e-01
4.580797697321473683e-01
4.782162481132605225e-01
4.521679449492934655e-01
4.525275665318698737e-01
4.494508653359304273e-01
4.474159137377622941e-01
4.475615700336612046e-01
4.600187623574166218e-01
4.635637402499710458e-01
4.674150163945876013e-01
4.215229307141740156e-01
4.566503822623774189e-01
4.580375909904994547e-01
4.558491025919547690e-01
4.623409204256601623e-01
4.504281759213026315e-01
4.527117968921431368e-01
4.566213276497346762e-01
4.569342267592312878e-01
4.594362539451082306e-01
4.530201254662494792e-01
4.529542280079954519e-01
4.527426226838852652e-01
4.576404434059174187e-01
4.516306822520619879e-01
4.621272082357760214e-01
4.527135362402625596e-01
4.542903854095773353e-01
4.526057338946819497e-01
4.494238833305879699e-01
4.519235268918668780e-01
4.517699353747850477e-01
4.444725091306626075e-01
4.512523725440495403e-01
4.598027674664995623e-01
4.626637788799195516e-01
4.548727313851329002e-01
4.632809638563223920e-01
4.642222988503049153e-01
4.567748618222492452e-01
4.635430926424771170e-01
4.504844214125421908e-01
4.570910627787507230e-01
4.567368892561634586e-01
4.542297809306241607e-01
4.529716107639387701e-01
4.514231143329593965e-01
4.512000554698807897e-01
4.531091053499813892e-01
4.539644929905088389e-01
4.543116627632827753e-01
4.856650541647876684e-01
4.512385365683368454e-01
4.511466246909061617e-01
4.484664930015839213e-01
4.557018215765472613e-01
4.605987294751052175e-01
4.637249882940601697e-01
4.568792911028720094e-01
4.723091581934493188e-01
4.576336839779491239e-01
4.566678229804744249e-01
4.579534120016027221e-01
4.736110146417146782e-01
4.572543199350525556e-01
4.579063646100920426e-01
4.554614492262608616e-01
4.516307970833260965e-01
4.480178961118139180e-01
4.599108007424767552e-01
4.812649922360039967e-01
4.882438315666720596e-01
4.822063809276569413e-01
4.502474463992283682e-01
4.504379093746231910e-01
4.518060202086819355e-01
4.602597000962524998e-01
4.618966463666401290e-01
4.531550065068761235e-01
4.588683137226738373e-01
4.762548535646961012e-01
4.580978245898733592e-01
4.554410925868377369e-01
4.673771980378301771e-01
4.602736653085148788e-01
4.602110980872050616e-01
4.692190565842993544e-01
4.520231905711892262e-01
4.592854288098913162e-01
4.516398432445508648e-01
4.578964036412274119e-01
4.543756952231259860e-01
4.503296885845779474e-01
4.543297387791307984e-01
4.718844874346220242e-01
4.766989465910586588e-01
4.696387109017108319e-01
4.486100452572857056e-01
4.466278121569436932e-01
4.551040879460244715e-01
4.543114130849703058e-01
4.536143716183012042e-01
4.563488223986810199e-01
4.588827810752655889e-01
4.621703078800521447e-01
4.618397944065808503e-01
4.656692488365596905e-01
4.618769970092999055e-01
4.590034888797016044e-01
4.571591973425516153e-01
4.514508781091364220e-01
4.606886230946380945e-01
4.627842936684458119e-01
4.609942167838793070e-01
4.489638510576343666e-01
4.561339230309768289e-01
4.686639543575901179e-01
4.323142171802079048e-01
4.337980995587656374e-01
4.767930739376695648e-01
4.734107475057307002e-01
4.755253104775742368e-01
4.473208206286179434e-01
4.457743254349761930e-01
4.549486026480354939e-01
4.562015157304321611e-01
4.505126184942951917e-01
4.594622321921898456e-01
4.597414107047024801e-01
4.708700327831311094e-01
4.618778284167103232e-01
4.428149189978917710e-01
4.584452423543818878e-01
4.746364235244877050e-01
4.623402877715109272e-01
4.209171792096379483e-01
4.630266275170211165e-01
4.615818967463111155e-01
4.609792531339987898e-01
4.472602472633014359e-01
4.743909553012958247e-01
4.881786641365046808e-01
4.476124814453036338e-01
4.447664662127486235e-01
4.540624862016146568e-01
4.557565462135176326e-01
4.563899811033441112e-01
4.600572380588641153e-01
4.507093177188919997e-01
4.645320177461261801e-01
4.560222679011099456e-01
4.583021179991031424e-01
4.862667271166458138e-01
4.792843413146164466e-01
4.814189533013093492e-01
4.281590112058653030e-01
4.589231421456059778e-01
4.633525082262281436e-01
4.595199496753278878e-01
4.600877781691797841e-01
4.444139732232583739e-01
4.439800520592352417e-01
4.631491341276314233e-01
4.593450075662921517e-01
4.616183810725666969e-01
4.317348180287036152e-01
4.405584150873764204e-01
4.703439157687502870e-01
4.986638938110720121e-01
4.703128448298808939e-01
4.452855857329878764e-01
4.387398642477314259e-01
4.565093175432980432e-01
4.597207039008559537e-01
4.575227453311134784e-01
4.538371525864778877e-01
4.529195765405057417e-01
4.542272348554457495e-01
4.520457303364679991e-01
4.509101314522488413e-01
4.492659364330491845e-01
4.523654184584429694e-01
4.502157822680247223e-01
4.709869744257487167e-01
4.245322197648784823e-01
4.342621105782270008e-01
4.605556044845955932e-01
4.604263181553139295e-01
4.579711006076552793e-01
4.614424291758031371e-01
4.544571647041961149e-01
4.495295438494414930e-01
4.555397310953237522e-01
4.458289857345061891e-01
4.618524387776380413e-01
4.608549625641742975e-01
4.616966704043893310e-01
4.450185215216453383e-01
4.481275376565066471e-01
4.646832969185510920e-01
4.626370259466207058e-01
4.741655587118142057e-01
4.395617654492665061e-01
4.673740750837437341e-01
4.928186621669350953e-01
4.676997294272798311e-01
4.420876677629981821e-01
4.563153442935886650e-01
4.474746066538897171e-01
4.284846901131020291e-01
4.270564532272737024e-01
4.488163730034729904e-01
4.547527210168031964e-01
4.547591581071345757e-01
4.561235071217217829e-01
4.565782802139682905e-01
4.637942172762603010e-01
4.555485270957412292e-01
4.453246987778439747e-01
4.698372278881321473e-01
4.498502391263970446e-01
4.515653924544953401e-01
4.574410671560514841e-01
4.355732108266012204e-01
4.548157346685144931e-01
4.743551188332363333e-01
4.602400622228311478e-01
4.452359882705823058e-01
4.469356880756910622e-01
4.496320834309114889e-01
4.495326760173983249e-01
4.728014729492576729e-01
4.321738350874531620e-01
4.617157497769638352e-01
4.646420144101801597e-01
4.624831473856917952e-01
4.417878412333418603e-01
4.616439875456334607e-01
4.478954904326143960e-01
4.451978263904777244e-01
4.682355458467682974e-01
4.434039607493918678e-01
4.437070463216300498e-01
4.698815535134245880e-01
4.909905003242496235e-01
4.733024729304721179e-01
4.436699890953065828e-01
4.464370188539812934e-01
4.265372016646804543e-01
4.395834981803617425e-01
4.415789949172163054e-01
4.396192882655030054e-01
4.560468046947236953e-01
4.829379870815448950e-01
4.572493559747330405e-01
4.573573642015445473e-01
4.432130392948302466e-01
4.617747024336817385e-01
4.477616788194883624e-01
4.473761520044881035e-01
4.575270281947181328e-01
4.679309973305764148e-01
4.220364916048458537e-01
4.543838842240562892e-01
4.753924187245194832e-01
4.578093514774375095e-01
4.579853306969320914e-01
4.435875645994326044e-01
4.665271184344356170e-01
4.471044159717684208e-01
4.504876831393495595e-01
4.468734423170688252e-01
4.752253132566761074e-01
4.701576098717916707e-01
4.425261068285815114e-01
4.407758539830229361e-01
4.614835664915473146e-01
4.629148190733637369e-01
4.629518308510823799e-01
4.430814090438239261e-01
4.497554462558419064e-01
4.453728126287628819e-01
4.685323211185996595e-01
4.658725393366415779e-01
4.478870488884564294e-01
4.705681419857847270e-01
4.922543536174288636e-01
4.745436617549133040e-01
4.393523161264002996e-01
4.674481048338759437e-01
4.449203909357596354e-01
4.481085437284228479e-01
4.612564504476700522e-01
4.208583465315569039e-01
4.353530518059214316e-01
4.145004840063919449e-01
4.376992259830606025e-01
4.363329756760520595e-01
4.563826942751915139e-01
4.623143581867455998e-01
4.430449914889000307e-01
4.668502877064413248e-01
4.459015756071061376e-01
4.458842164428583610e-01
4.499539261496585119e-01
4.272947274925602001e-01
4.290657157008121447e-01
4.462491172846194121e-01
4.626877426883767574e-01
4.518673030979072913e-01
4.573745270358634540e-01
4.452392912249243939e-01
4.645461496278184832e-01
4.476329645416056158e-01
4.475784967868047803e-01
4.654649985709965465e-01
4.380136802625388959e-01
4.627343513805255992e-01
4.643556546916516869e-01
4.634971834204291152e-01
4.435349227235594882e-01
4.433287607231635175e-01
4.459149447039845726e-01
4.586862180478407103e-01
4.458172603571126658e-01
4.500632192337362669e-01
4.651510753503600437e-01
4.956936592262520813e-01
4.755932330888515414e-01
4.422547296120201143e-01
4.537511559651385418e-01
4.404483502375684534e-01
4.509503740085286094e-01
4.662130113647381391e-01
4.531372289063528291e-01
6.269247060673958094e-01
6.268220651020692813e-01
4.618938175350245090e-01
4.051483084051269445e-01
4.050668302424212386e-01
4.308435963776325317e-01
4.483133139362591169e-01
4.420089673577204947e-01
4.433937341504374796e-01
4.532438327421564606e-01
4.457246305373007145e-01
4.674434424763428964e-01
4.457024052415349269e-01
4.556098477457227736e-01
4.471132091171649559e-01
4.473083435663983143e-01
4.498735526723247613e-01
4.877805601790345946e-01
4.851815069375848277e-01
4.347619115765588016e-01
4.399651083838810317e-01
4.594149857418755034e-01
4.756502223038738819e-01
4.651617362315669801e-01
4.454820589231553996e-01
4.363088780824029844e-01
4.467455038526494948e-01
4.435024660826409892e-01
4.607647795639893129e-01
4.669268312192833004e-01
4.860073036163468641e-01
4.438500708188418131e-01
4.427614676792405168e-01
4.493620508796803414e-01
4.572235832902163399e-01
4.492417632116039172e-01
4.511827015553989684e-01
4.385581867277765777e-01
6.623840893326580215e-01
6.336386401042607419e-01
4.473278207243884808e-01
4.214603951642692525e-01
4.603548973536883970e-01
4.427485620826305812e-01
4.441034219548178341e-01
4.751128028370166234e-01
4.742979852352271486e-01
4.735649148162613953e-01
4.700926296241464408e-01
4.759432921852004283e-01
4.739523324321629483e-01
4.458283280176075225e-01
4.534062918671187825e-01
4.514136692306302545e-01
4.488031283042356878e-01
4.664659767493637421e-01
4.382957746179094727e-01
4.596591212623601930e-01
4.758459311215538223e-01
4.644180601582165724e-01
4.440828198438431240e-01
4.355075692099952267e-01
4.475275233616407555e-01
4.753045448293489739e-01
5.011262657407639098e-01
4.436738975651696171e-01
4.388923239948428479e-01
4.430020926888631472e-01
4.487347900438048431e-01
4.478385831388760896e-01
4.476914624919980379e-01
4.031948727472036698e-01
5.341415497568685611e-01
5.755554631729834503e-01
5.579036882538399578e-01
4.681196983896970254e-01
3.963599421930468769e-01
4.501048842614148171e-01
4.604513426665426401e-01
4.458819366105558069e-01
4.468762985401122934e-01
4.581596835759648711e-01
4.566543446960519836e-01
4.597605628514127019e-01
4.625592680072356799e-01
4.670314320710350908e-01
4.454361379410121669e-01
4.847120904268734654e-01
4.507189447548440864e-01
4.515854592877053264e-01
4.630818307606227036e-01
4.385565202121621819e-01
4.583869920737050352e-01
4.578484678876441061e-01
4.668381345374593150e-01
4.425320768861928378e-01
4.428721132568006480e-01
4.475441733969320879e-01
4.650503911947393432e-01
4.824911450198188234e-01
4.670166780248745098e-01
4.832903430753426322e-01
4.431805384829696770e-01
4.378820952162176261e-01
4.438353276123535029e-01
4.465328249567855345e-01
7.935097938122124273e-01
4.165603636541416743e-01
4.169371824022859441e-01
5.452399854269546209e-01
6.430197675129443180e-01
4.437134815407859922e-01
4.208492720772209483e-01
4.343972658918388574e-01
4.506047385015890527e-01
4.572631217044806906e-01
4.545016380321103000e-01
4.460340228295031628e-01
4.600095098090310475e-01
4.512548226547197228e-01
4.622202115037275516e-01
4.412076692722032845e-01
4.445985634678656928e-01
4.446393824968715713e-01
4.672100391404307440e-01
4.792641077366348035e-01
4.661488606497986020e-01
4.762957473932657448e-01
4.748204779362316108e-01
4.435756766814830665e-01
4.330304619902120011e-01
4.440913388630499670e-01
1.023244288944720637e+00
4.270359344097902077e-01
5.767313024191870197e-01
4.426906861908579960e-01
4.803977211167232420e-01
4.472342388330985408e-01
4.483284182601938728e-01
4.589803498698879491e-01
4.631836323567404823e-01
4.557684610156030880e-01
4.563286729294132593e-01
4.596920097943382744e-01
4.618964002675772784e-01
4.393937635779820994e-01
4.520888094963891879e-01
4.449381224541700264e-01
4.712836019843664181e-01
4.807769044354799903e-01
4.641485098083028005e-01
4.690625463315052368e-01
4.820682535986486328e-01
4.390581565767736061e-01
4.492508591064277579e-01
4.451541814159795662e-01
1.122974020483574531e+00
5.216648120358022833e-01
4.345454943551324556e-01
5.068060294708556235e-01
4.611568769728586759e-01
4.531497443632231392e-01
4.605473061253272382e-01
4.516387514964457228e-01
4.516731681223127293e-01
4.531919963442386234e-01
4.551975369457568199e-01
4.570556783717618643e-01
4.586087800436511319e-01
4.572705592711316935e-01
4.625489134184397333e-01
4.683831506091713504e-01
4.390537675287025099e-01
4.564659981171332315e-01
4.412059943696266529e-01
4.677666057287822032e-01
4.758242553265285557e-01
4.618777291208770452e-01
4.640406544206787109e-01
4.857793259948296472e-01
4.378007709608836562e-01
4.572594707794703228e-01
4.410338750978205491e-01
1.292053318262053718e+00
4.610181494288765891e-01
6.295301408780806796e-01
6.236843619519045756e-01
6.068347327712768635e-01
5.131408951663168905e-01
4.299227721600039631e-01
4.191906458226873911e-01
4.333906446046568162e-01
4.511722764540014308e-01
4.550919068958814706e-01
4.616413480683048687e-01
4.629188727999961062e-01
4.676921318204737554e-01
4.592961930465730425e-01
4.271471494681786107e-01
4.392352943082260541e-01
4.582041269253159799e-01
4.797464024646455605e-01
4.630053234251431116e-01
4.677228248255312359e-01
4.818582610821440237e-01
4.368126507398774061e-01
4.601222758204795427e-01
4.350790931158339259e-01
1.482066904485041636e+00
4.520324589130466642e-01
4.272000142185864435e-01
4.656683398848474043e-01
4.560143196408240618e-01
4.917256172065307962e-01
4.578429173216569947e-01
4.640713654085432682e-01
4.710229958439001163e-01
4.758096429273874772e-01
4.374158270795461267e-01
4.381564629018749879e-01
4.600567294395127571e-01
4.840042021670467598e-01
4.886712855211328699e-01
4.401097907185744784e-01
4.346005787188680913e-01
4.402658204693474797e-01
4.386524923267056675e-01
4.421282556682868403e-01
4.393496759287436881e-01
4.417434835108954294e-01
2.244658874864494891e+00
1.951141499177490246e+00
4.361496984561054613e-01
4.396232477058046317e-01
4.440964024002343469e-01
2.594789173784926017e+00
4.398633448370725674e-01
4.566106620422258344e-01
4.387975674580358865e-01
4.459087772332721022e-01
4.434948108074441842e-01
3.025655971031927738e+00
4.386834797862858570e-01
4.454001713390383643e-01
4.427089198319297814e-01
4.478230014444697926e-01
4.477020054493244805e-01
3.582412428671429616e+00
4.389755391018062003e-01
4.465567735685025408e-01
4.461492617388501114e-01
4.490868773718992291e-01
4.471708338655757675e-01
4.364288150129083554e+00
4.405808117366650234e-01
4.478253564458941072e-01
4.505716718623392625e-01
4.499969741443975435e-01
4.451007185427391932e-01
5.657982848325994851e+00
4.421821040932132907e-01
4.465820401949391338e-01
4.476836991999342263e-01
4.510183527498483058e-01
4.470878025731025995e-01
8.845290883828381467e+00
4.440786734383749268e-01
4.560291776284244869e-01
4.480085617832377798e-01
4.509808583274149685e-01
4.486449973244303613e-01
1.142074261109092426e+01
1.804108153911666790e+01
7.433426405016720473e+00
5.678639263458494568e+00
5.025087599426448115e+00
4.612488114058893807e+00
4.302461997983199282e+00
4.049715831574424385e+00
3.833931702785157825e+00
3.643924845372833676e+00
3.472944956712251674e+00
3.316694141590070366e+00
3.172345687285647031e+00
3.038006401245517463e+00
2.912400271645164018e+00
2.794670779718285925e+00
2.684250503208882588e+00
2.580770966814850187e+00
2.483997533162482174e+00
2.393779995495862956e+00
2.310012695029742602e+00
2.232600108970967945e+00
2.161425666917859090e+00
2.096323271409580968e+00
2.037052611818691350e+00
1.983280749086419048e+00
1.934573375137818907e+00
1.890399239984459356e+00
1.850150069068219771e+00
1.813175660516281651e+00
1.778830128010408629e+00
1.746521578954452814e+00
1.715755532071822742e+00
1.686163450538604724e+00
1.657512053172200961e+00
1.629695104589351295e+00
1.602714650227771376e+00
1.576660864028335052e+00
1.551697965785235889e+00
1.528058986175164780e+00
1.506046633508218546e+00
1.486033356180930243e+00
1.468452256782028842e+00
1.453771889336848533e+00
1.442451177494054493e+00
1.434874331941487169e+00
1.431268769891096193e+00
1.431611794955983896e+00
1.435535468603397868e+00
1.442245261217348862e+00
1.450476803230478451e+00
1.458522936412135484e+00
1.464362510822305730e+00
1.465903842750258423e+00
1.461316416748127178e+00
1.449376240590393161e+00
1.429720009824484883e+00
1.402917610397678594e+00
1.370334361182034000e+00
1.333833658085753493e+00
1.295422693233780009e+00
1.256943061889764568e+00
1.219864966837699072e+00
1.185191673061809725e+00
1.153448810535577129e+00
1.124728622096678787e+00
1.098771430519377201e+00
1.075078680674735221e+00
1.053053242566639458e+00
1.032153229702866604e+00
1.012033753779389533e+00
9.926467930695056507e-01
9.268555908523447018e-01
9.233388857030462304e-01
9.359440194234487365e-01
9.894597450995109567e-01
9.687233013136979931e-01
1.009419682462046275e+00
1.024276919093960014e+00
1.028355901029485597e+00
1.014741365089864011e+00
9.754595931099769857e-01
9.014353830995985861e-01
7.820909565021059162e-01
6.152879301531480882e-01
4.482015970833971297e-01
4.478504819304916507e-01
4.510324355161667853e-01
4.507935684257489140e-01
4.496878009306803370e-01
