1.676773335288754652e+01
1.072660086386668254e+01
8.335457272782209159e+00
7.123218548239577785e+00
5.562694231732562500e+00
5.004823864136314526e+00
4.656839605829607542e+00
4.393946117068222357e+00
4.176228619027192224e+00
3.986225089566173718e+00
3.814630061370904546e+00
3.656118414258479721e+00
3.507591243240676615e+00
3.367298785301171993e+00
3.234347258477937359e+00
3.108393021293029967e+00
2.989433615356177132e+00
2.877653705071978596e+00
2.773308817480904853e+00
2.676641048785193266e+00
2.587823657562661417e+00
2.506930108257364065e+00
2.433921189895427162e+00
2.368643112472617496e+00
2.310830124951275266e+00
2.260106592601819120e+00
2.215985130104562106e+00
2.177859304335940216e+00
2.144991899710247729e+00
2.116502970400829131e+00
2.091365536432839178e+00
2.068419646698840264e+00
2.046415735131507763e+00
2.024093805205308350e+00
2.000295347472544449e+00
1.974092044500367127e+00
1.944904223700059998e+00
1.912578788355468795e+00
1.877404650370586348e+00
1.840061571850782896e+00
1.801518325741242377e+00
1.762909146354692203e+00
1.725418239839954238e+00
1.690191922447807915e+00
1.658283079068320287e+00
1.630620239811379824e+00
1.607987894785767535e+00
1.591005897906331512e+00
1.580101368929031969e+00
1.575473188793060864e+00
1.577054757742416768e+00
1.584484317139571941e+00
1.597093877153326735e+00
1.613927624547467410e+00
1.633797785642528089e+00
1.655378821809091239e+00
1.677328787413681077e+00
1.698411645521462177e+00
1.717582061580840813e+00
1.733992804960553968e+00
1.746901020851192143e+00
1.755484171347831968e+00
1.758622212430187570e+00
1.754744541136710190e+00
1.741857227165898747e+00
1.717835062813558133e+00
1.680971176609650897e+00
1.630642056336139900e+00
1.567830546873581365e+00
1.495240190317814077e+00
1.416877697651914847e+00
1.337220511551417301e+00
1.260281965151178074e+00
9.304169917995811501e-01
8.931430813814786873e-01
8.587366227839708932e-01
8.149917003622592082e-01
7.953748096718374905e-01
7.762629908792159084e-01
7.825420045330475638e-01
8.012234380746079410e-01
8.163484305509274286e-01
8.284913659698174282e-01
8.381795551574076075e-01
8.433852879082476273e-01
8.537271652472248062e-01
8.749729465975474296e-01
8.954679968721557248e-01
8.997014225427247824e-01
8.793871106348675193e-01
8.262881221993000347e-01
7.405369218700561529e-01
6.455043592597233815e-01
5.803315589627616733e-01
5.378353290165842626e-01
5.117103875804082103e-01
4.967583634807444248e-01
4.868951824540374562e-01
4.713291297255690626e-01
4.619037693522324295e-01
5.381768772268285872e+00
4.454262506167050439e-01
4.569524441497281875e-01
4.741512289302066141e-01
4.637262329516262938e-01
4.629561994746315134e-01
4.158462006159915347e+00
4.476710639246914147e-01
4.757344127530134248e-01
4.811547064649537853e-01
4.773938794688367127e-01
4.776156023994897470e-01
3.400880879909713439e+00
4.615317033003489278e-01
4.724683014597343966e-01
4.852274345869575511e-01
4.877549444009194879e-01
4.770069426663081646e-01
2.848762576035091421e+00
4.730061723936285212e-01
4.587119365009061367e-01
4.670491260924160559e-01
4.763302438863485366e-01
4.734672213237037242e-01
4.630925208493256173e-01
4.592137574851861137e-01
2.411800168526551769e+00
4.268490793332996303e-01
4.033278035880878409e-01
4.408038545953457676e-01
4.394422026686647387e-01
4.269539603791990823e-01
2.049286785576617920e+00
3.911296579492843928e-01
3.891717277904929162e-01
3.955152197416951232e-01
1.740291270481721719e+00
3.818699609130822847e-01
3.488679035261409989e-01
3.657159100487619163e-01
3.479815571131612550e-01
2.962389626549087884e-01
3.007788040592159207e-01
3.084111642737804582e-01
1.622706157743059596e-01
6.092527186960761121e-01
5.996948457780665320e-01
6.116152969340368228e-01
6.910288007938444332e-01
7.058067479719939419e-01
6.675016613266143706e-01
3.115556303952126127e-01
3.860530098244149277e-01
1.054529031277962048e+00
1.245651169411863046e+00
5.963269179952352950e-01
3.611678652340759021e-01
6.727060179203689927e-01
6.547022811158581534e-01
6.851882499808608085e-01
7.382418011459938034e-01
7.869283457651853331e-01
7.020045535167158679e-01
7.013949188096385567e-01
1.624700122431233518e-01
5.571967972638264266e-01
5.400379465834600490e-01
6.255562861560450827e-01
6.973308053089838365e-01
7.009966243832452815e-01
6.803262730369630251e-01
3.841407199345230894e-01
4.025146008407499698e-01
3.984257951841056467e-01
9.012007821802462404e-01
2.465333319988639582e-01
1.700052469593649751e-01
4.561041363747081467e-01
3.977301314047533842e-01
5.244905746225535514e-01
6.098962886476142486e-01
6.209317593024438198e-01
6.132188504363497161e-01
6.501886533316162398e-01
7.234445624917057449e-01
7.563302365967234930e-01
7.074239882551187630e-01
1.908213714529169991e-01
1.914767133792915077e-01
5.604187655390814315e-01
5.747612165753710478e-01
6.677802975724888013e-01
7.403549640058944004e-01
7.004755215894761244e-01
4.190833530939357954e-01
4.529448487570388870e-01
7.854471872709728464e-01
6.776830213162785554e-01
5.152470547492016273e-01
7.648961894329966427e-01
1.186353627518146742e-01
5.572639398415024647e-01
5.451344352302578411e-01
6.300813925718385944e-01
6.409410631049231588e-01
5.822284950315650409e-01
1.344394058586295404e-01
5.714632879472835159e-01
5.685238124268636728e-01
7.278397462067192070e-01
7.018716764790966511e-01
4.647930853764256076e-01
4.757691120742981727e-01
4.732364913882787794e-01
7.021976646935365052e-01
5.073013154410089820e-01
6.361864575363991303e-01
4.854714805655816479e-01
6.512154896016405514e-01
6.955602618040636065e-01
7.074184434749555273e-01
6.659658966781768497e-01
3.184177079353672779e-01
2.274059012790639323e-01
4.934338117144335123e-01
5.024165006474604622e-01
5.047355306909344641e-01
5.283115476980405623e-01
5.191341849258673813e-01
5.185363321271193593e-01
5.519165630812907786e-01
5.945952686857387537e-01
6.230521865887511668e-01
6.655900063890514140e-01
7.269687060573223336e-01
8.014017462643970857e-01
8.969433838372063983e-01
8.120807591102839895e-01
2.207648958168022535e-01
4.526090286753848280e-01
2.624876070693325514e-01
6.939513995195430995e-01
4.825844142087268862e-01
4.783336180209746824e-01
5.020823160805104601e-01
6.698831845565627052e-01
4.480317236638987621e-01
3.681217923832303396e-01
3.774184003354477679e-01
5.350878385387128899e-01
5.408452164935491080e-01
6.763498290152427650e-01
7.692670035023303488e-01
8.424573385758163946e-01
7.632625279553522102e-01
3.017825152176263903e-01
4.453908126091615793e-01
8.028827417059838378e-01
4.677991196935775697e-01
4.154759215549290174e-01
5.736242173390766474e-01
6.788592460532019146e-01
6.801459320229142902e-01
6.552096923719651356e-01
4.822733867991143564e-01
5.311898605946520080e-01
5.349505582194562514e-01
5.091017067520344774e-01
5.503268381596796432e-01
5.348144542686914527e-01
4.906438038932531831e-01
5.011416821758863938e-01
5.000236667922236533e-01
4.902593015838140889e-01
3.469737286688991951e-01
3.412980238286849599e-01
6.868801502221266730e-01
5.526975557347567625e-01
6.901636549860864500e-01
8.208066649118349600e-01
7.679559750041824451e-01
7.491764407603799247e-01
4.568203587894522633e-01
4.666811602080367938e-01
4.521952056509718210e-01
4.552044597764933753e-01
5.891197138374018039e-01
5.295300528594301115e-01
5.422900263732615134e-01
5.084148332305082896e-01
5.101627391250455057e-01
6.337530065445740046e-01
5.009755328789714524e-01
5.200443015084236231e-01
4.838881791352759865e-01
5.034766914366682888e-01
5.283321678563470680e-01
5.139441471455080679e-01
5.100911899375284442e-01
5.488574763686380198e-01
4.787054749280998944e-01
4.945410438998362190e-01
5.216359338851377370e-01
5.242306386301547327e-01
5.496180292898062980e-01
5.082163766985317022e-01
5.240018794377403477e-01
4.066531421056782114e-01
3.977219642111388676e-01
3.286235218411576731e-01
3.063604311631539234e-01
3.085741839098249395e-01
5.787664917530910280e-01
6.114976573129257131e-01
9.161953021510456097e-01
9.604685418483006609e-01
6.894383647015351890e-01
4.476366644542619233e-01
4.765111542533922995e-01
4.626031023551209209e-01
4.621510521573589103e-01
4.997967511530077567e-01
3.953303822958716962e-01
4.220607083853064045e-01
4.979795791293097906e-01
5.465024986294186871e-01
5.166512662775627485e-01
5.087232045189171714e-01
5.309414279960471550e-01
6.213175067412174402e-01
5.527942033860920867e-01
5.170396348598070846e-01
4.863260277387474462e-01
4.640962142123243317e-01
4.602387403886349371e-01
4.743065111733782979e-01
5.175846471075121746e-01
5.121677051459290197e-01
5.099701650292934874e-01
5.351080615969607823e-01
5.213852556068034882e-01
4.607190373194008370e-01
4.584987765099493573e-01
5.258662819900606911e-01
5.288040785587664327e-01
5.601384992005948860e-01
4.997124927135387362e-01
5.064061468891217777e-01
5.257347141170710669e-01
3.852105705929413926e-01
3.928083922754326274e-01
2.954141203875260135e-01
2.886769974693410568e-01
2.857747924559805863e-01
4.150829564937265070e-01
3.986048937140450055e-01
5.392177142892684572e-01
3.974743260057788108e-01
4.747540309119211988e-01
4.403350839244993264e-01
4.730102630174621292e-01
4.719356276516489257e-01
4.699874757108740697e-01
5.297904067168863751e-01
4.816058347804487716e-01
5.049080323960456473e-01
5.012068081504519323e-01
5.137970613617204307e-01
5.179363968252519435e-01
5.078384888523130858e-01
5.148829522988125351e-01
5.151627387785224776e-01
5.896632945592491515e-01
4.830917869868793235e-01
4.359419108739344129e-01
4.304655340384043738e-01
4.708102132310657550e-01
5.118972797703241762e-01
5.063297314220726042e-01
5.054545467066432485e-01
5.478246908853399155e-01
4.517960204822081827e-01
5.353957273541447570e-01
5.449394411223561496e-01
5.792277537100136708e-01
5.161512590552678192e-01
5.138639900009396300e-01
5.107343589155199926e-01
3.928410841277437116e-01
4.068761651918200717e-01
4.068010597011921248e-01
2.473090657890686939e-01
2.607490817452409182e-01
2.583246121092659942e-01
2.731519299059904649e-01
3.340693602489219205e-01
2.915375959953656615e-01
2.628760312757961737e-01
4.522231722433763257e-01
3.107763403412817649e-01
3.495125625146159876e-01
4.225492080349292912e-01
4.359649170479864000e-01
4.270659820845225663e-01
4.492145615769009281e-01
4.130997979430802158e-01
6.007666977892761606e-01
4.061847066737772072e-01
5.108857620573851177e-01
4.988804003540788234e-01
4.945314746391652472e-01
5.129944192481602494e-01
5.013005266879577704e-01
5.314839243175811800e-01
6.044523453044139405e-01
5.651524926158314477e-01
4.965204912873690257e-01
4.826470024320808627e-01
4.484563701371696021e-01
4.265855877387330630e-01
4.568979359206277180e-01
5.057230187310820524e-01
4.982994386880307269e-01
4.970295055832487097e-01
5.551618309799050133e-01
5.591149319567162435e-01
4.616943995126753242e-01
4.549536671328928694e-01
5.650505541107587737e-01
5.641782594828458341e-01
5.643459200755226446e-01
5.145473223367434956e-01
5.260676981149045028e-01
3.970325124855518251e-01
3.938610907570230246e-01
2.045667133581898778e-01
1.744655462043557814e-01
2.633912302833557040e-01
3.344505229189581041e-01
1.528488153164822561e-01
2.317412319205380544e-01
4.530756459254622337e-01
4.971564062987003929e-01
4.975855690768379858e-01
4.955861163724853413e-01
5.091095097685088833e-01
3.786788305737989746e-01
2.986353926961252681e-01
3.477984092668872651e-01
3.433971288910749875e-01
5.116752606390698732e-01
4.044716147188642252e-01
3.268190883361249410e-01
4.962753419823319190e-01
4.909446061550519769e-01
4.832685193901604115e-01
5.042801283674026580e-01
5.080959653119021535e-01
5.067375501187437736e-01
5.112445813838376596e-01
5.069380898398655466e-01
6.035567550858268460e-01
4.794648078361038457e-01
4.630843281744554396e-01
4.517705460317782973e-01
4.651392217032452869e-01
4.870830562025539323e-01
4.870770228815977099e-01
5.101679615910081900e-01
5.812752950045786404e-01
4.322462969951247902e-01
5.752358147580001191e-01
5.782717537875889935e-01
5.059316108782740962e-01
5.035194074362413508e-01
3.870186730066061398e-01
3.807788574757449140e-01
2.640785468448715867e-01
1.935560987572176594e-01
5.038245850700414641e-01
5.181685628179880654e-01
5.225695163929912068e-01
3.227198363662940883e-01
2.235646724846555022e-01
3.386889899216978805e-01
3.501865751129149551e-01
4.898260107053042378e-01
4.966523034640688561e-01
4.978971951487638492e-01
5.187060406281399638e-01
5.120279429995348019e-01
5.235833655985953072e-01
6.123451759937592609e-01
5.747543655667807228e-01
4.987060281609896339e-01
4.788286722471907786e-01
4.692272360957793209e-01
4.651678449275701288e-01
4.665184123250400439e-01
4.751337720477404880e-01
4.770739064666629226e-01
5.110705324643122216e-01
5.698230895389169159e-01
4.324687222489467797e-01
5.680476073854187069e-01
5.632450218904146988e-01
5.989967732963127345e-01
4.969272334948465208e-01
4.972294294120260805e-01
4.945123319887481106e-01
3.603873119910716571e-01
3.227318085213349286e-01
1.181049898205158433e-01
5.224079345451785317e-01
5.182303389019763395e-01
5.262965071478795664e-01
5.247659770863988271e-01
4.129090195914524863e-01
5.007995562378960708e-01
5.103083689807351719e-01
5.239090608325569498e-01
5.041347964301575724e-01
5.078911011042175350e-01
5.477338561642109971e-01
5.908550157425624949e-01
4.805346548370237336e-01
4.728508913913114786e-01
4.783429436489450848e-01
4.750953060360592062e-01
4.817460491682176715e-01
4.840174085504779233e-01
4.957698919743100952e-01
5.694100710523121167e-01
5.890663748009623557e-01
4.302728978361909928e-01
4.061898408155859563e-01
5.814420303677433344e-01
5.748983483087894975e-01
4.776826923628123556e-01
4.751845905485279631e-01
2.681101162170798080e-01
2.329701777291129927e-01
1.287946805863451893e-01
1.015840379575768115e-01
5.212039824026231116e-01
5.219086948348649058e-01
5.280334300209067466e-01
5.468987675275353011e-01
4.402090000723598573e-01
4.046842941050367015e-01
5.059649573481669327e-01
5.175709750639447826e-01
5.084312053945044818e-01
4.830023702587785128e-01
5.730746506758090941e-01
4.990418917535453525e-01
4.786457889569801227e-01
4.771130591038128532e-01
4.805041135608695280e-01
4.869534793971305175e-01
4.847849235668484913e-01
5.786820200844342565e-01
5.838051764999462323e-01
4.342988585875863228e-01
5.789721391210297385e-01
5.638597260001472211e-01
5.832934013562824926e-01
4.804831691532845395e-01
4.635168442792657606e-01
1.332436928130673881e-01
1.545870830887675351e-01
2.617967896051279220e-01
5.135299282005234556e-01
5.191725907647548599e-01
5.246263676347726612e-01
4.241323148101739382e-01
5.156945958821066434e-01
5.408321829775294409e-01
5.049587913655432247e-01
4.825135181185798983e-01
4.813663948202788756e-01
3.832289192342396844e-01
3.954714394001662137e-01
5.715613191447166397e-01
4.220612077407341345e-01
3.705640756846464434e-01
5.721880856507692847e-01
5.604955590509734797e-01
4.426557687644983585e-01
4.426704242834360592e-01
1.059747294601177531e-01
5.049476820407201860e-02
6.102917930330641338e-01
5.170854605498611534e-01
5.094754383065867032e-01
4.745852853060512633e-01
4.549696357340611286e-01
4.340518587603883760e-01
4.839142250284170776e-01
4.842989163998557833e-01
4.869694116621179902e-01
4.442221631960580064e-01
3.796238697555701092e-01
5.717193119200667528e-01
5.579114694250980611e-01
5.567366872781039921e-01
4.704772082206184480e-01
1.210429452461226642e-04
6.567465451319551839e-01
7.071691726206704720e-01
5.035405804716712730e-01
4.629177816559358893e-01
5.382083153456713731e-01
4.733800550427849640e-01
4.531820788667594302e-01
4.919066491610054048e-01
4.755997103787742430e-01
4.353192769526908479e-01
4.352289781963226134e-01
4.028993754602366306e-01
3.780884048996278057e-01
5.070105289315007813e-01
4.738650839546866833e-01
4.821526532820340494e-01
-1.163909631882287027e-03
3.417246652699198334e-02
1.624523497881104062e-01
3.033501029294409790e-01
3.040285374145907937e-01
6.977045246889169716e-01
6.747201110948470859e-01
6.764555348243797006e-01
5.411789786605860630e-01
4.919593782182655195e-01
6.585606710312061907e-01
6.668150104661356714e-01
4.655059663016434812e-01
4.550522209457534828e-01
5.099374003383198017e-01
5.111176861340599453e-01
4.649070477832414339e-01
4.435101031486829437e-01
3.523231776463219833e-01
5.611087363536007011e-01
5.575236785524315675e-01
4.908317081693168160e-01
4.861601042773603942e-01
3.047796454400716337e-01
3.054180170599647415e-01
6.876368757800054299e-01
6.881658722385455285e-01
4.992424345834715615e-01
6.525510318749283556e-01
6.350678996152070432e-01
4.602273191987028000e-01
5.573083059835564068e-01
4.525824327639250688e-01
3.715679013259896579e-01
4.264471581687223622e-01
5.161280355981596735e-01
4.879764353222982298e-01
5.188619539209052833e-01
4.989068957016428718e-01
4.917494925091634439e-01
4.979575157360078275e-01
2.845009608137584189e-01
2.823770652811417592e-01
6.692421696914917506e-01
6.603600988771788360e-01
5.019938914610956315e-01
5.000747010424593242e-01
6.321417190944189635e-01
6.329862478310324114e-01
4.684417606878270024e-01
4.603501007904283737e-01
5.176460858346852989e-01
5.212326025458259293e-01
5.140808335780695515e-01
5.359251079302552734e-01
5.599039476772788015e-01
5.545213312686542162e-01
4.538279173834053326e-01
4.654229963638186196e-01
4.841383219493061163e-01
4.834026715384608930e-01
4.215345187617859923e-01
4.568752474010370768e-01
6.252127672270301195e-01
6.502868745161143327e-01
5.182061018030628130e-01
5.248241783379944403e-01
4.953203425587170972e-01
5.048118959199950906e-01
5.085908232057966272e-01
5.169455905899930093e-01
5.083290805137252732e-01
5.051312707586843587e-01
2.847948067448168863e-01
2.933335337522517960e-01
2.944608122162407637e-01
6.372099968983208074e-01
6.081260442229239338e-01
4.976095900436190433e-01
5.009416320793785848e-01
5.345023667560195868e-01
5.228212038428011743e-01
5.141528340202359271e-01
4.618646846293265606e-01
4.453968154368126986e-01
4.439537829571124083e-01
6.204364098046702969e-01
5.925441006332242688e-01
4.544568746407308679e-01
4.600297744346520390e-01
5.631091893884400124e-01
6.456389770724675348e-01
4.847088781201119856e-01
4.837749897988542491e-01
5.543934008598178087e-01
5.568423534688650145e-01
4.769483999261207030e-01
4.657467329885410234e-01
5.185054760308281940e-01
5.152672781658024226e-01
4.438949896875655776e-01
4.261741001261545869e-01
5.924945952086332346e-01
5.835740343025482835e-01
5.289006800902987804e-01
5.382407255816402669e-01
4.897945503926158239e-01
4.990080646187650126e-01
4.957833620390184048e-01
4.987760281196941259e-01
5.118990842913008210e-01
5.130711636165559142e-01
2.853727097362309673e-01
3.151845429188944170e-01
3.213744493687958892e-01
6.005103800435853678e-01
6.398604920783463879e-01
6.390431462331592760e-01
5.045086049683299434e-01
4.996303291393312529e-01
5.208683209157397576e-01
5.209357715756892659e-01
4.500271160032543460e-01
4.591116643605610004e-01
5.845473828116481974e-01
6.124820637983093841e-01
6.123388125857620601e-01
4.651392468295910132e-01
4.644319620191567632e-01
6.243362645718149029e-01
6.164425548417037382e-01
4.849878374020601401e-01
4.992907482881736581e-01
5.521493958685322889e-01
5.530794350123459102e-01
4.670819556055332833e-01
4.599660599266377492e-01
5.234405593203229623e-01
5.211362473081380120e-01
3.898608521056807219e-01
4.099674235479025541e-01
4.246025013605163045e-01
5.903655088630512804e-01
6.020060435323427717e-01
5.939580996877850128e-01
5.443193381812430065e-01
5.329281519819240032e-01
4.958108713970056369e-01
4.992296231570738652e-01
5.024301296491212598e-01
5.063763516841583989e-01
5.063246036849635701e-01
3.479367585646983563e-01
3.531713948114351687e-01
6.266112926102893610e-01
6.220303771643005408e-01
5.004294347342749250e-01
5.029498847740753176e-01
5.248713524592477642e-01
5.234973929974511275e-01
4.391778369606137988e-01
4.516362431877853356e-01
4.634163008861839073e-01
6.128913284871202460e-01
6.255813085902787174e-01
4.695952492999824757e-01
6.125253730274657915e-01
6.191441901208151188e-01
4.823648093492903244e-01
4.870092688647832402e-01
5.374517287344473537e-01
5.478163520265426634e-01
5.467504861091455615e-01
4.583377604738351208e-01
4.560343880491809498e-01
5.270493542085986638e-01
5.273490399884922519e-01
4.214769309777274264e-01
4.205348293914342173e-01
5.922700707053685232e-01
5.984562485052937753e-01
5.388080634089156273e-01
5.364264268057361562e-01
4.934837746689517135e-01
5.040436115503654779e-01
5.056616008003477214e-01
5.094510843870395655e-01
5.113750494662046009e-01
5.137130262273839065e-01
3.495705826653275894e-01
3.442773044857495579e-01
5.935397807118791835e-01
5.774411407501959248e-01
5.028737336546608150e-01
5.339809085593576476e-01
4.611627798924694543e-01
4.572325456857949666e-01
6.031603794411966035e-01
5.877101828267646821e-01
4.746633536287369060e-01
4.713072896692763747e-01
6.147765303063960074e-01
6.126310535302204041e-01
4.844673262144028603e-01
4.815817730241707673e-01
4.921557552174935513e-01
5.432972091783523361e-01
5.665457139640958095e-01
4.577059868558545075e-01
4.552070118888674188e-01
5.393625188701389739e-01
5.392924693011050818e-01
4.105598096159365773e-01
4.221377309507658437e-01
4.328013168713044645e-01
5.776078212357163011e-01
5.611833486171780017e-01
5.316871057734550154e-01
5.372136464949953671e-01
4.946944576140121508e-01
5.067199961548947140e-01
5.110438630540331539e-01
5.149556849060755725e-01
5.183792809558104286e-01
5.142442993483444802e-01
3.564054386394290841e-01
3.748160359348315929e-01
3.830338674290255652e-01
5.680357988692702476e-01
5.600422707704781899e-01
5.850133765134429842e-01
5.064663862376823644e-01
5.094984671463719250e-01
5.287462041665315082e-01
5.283075167803764627e-01
4.435678900655654622e-01
4.510234042237289964e-01
5.747237049273149490e-01
5.862066835986929902e-01
6.168533426134925612e-01
4.725747357396159476e-01
4.749953138548194675e-01
6.119349303702643628e-01
6.031186191192047241e-01
4.782947907429175305e-01
4.788617162464254284e-01
5.502083049761909983e-01
5.403055045163042136e-01
4.534622242093988009e-01
4.520775013013030308e-01
5.570113029250217673e-01
4.369181171104272732e-01
4.306755523715322664e-01
5.515622125962041933e-01
5.573787057186994076e-01
5.680391195014401484e-01
5.233949431547938458e-01
4.995312999914097718e-01
5.038514680394946543e-01
5.168607841845849205e-01
5.184308860676013486e-01
4.965220050723844758e-01
5.210146779494995162e-01
3.983818015405978241e-01
4.067269189534022944e-01
5.559102584095976241e-01
5.462226450984367654e-01
5.464103991681794614e-01
5.071099285929274725e-01
5.061510013584386014e-01
5.343819133393594711e-01
5.296418448410383784e-01
4.526928899857339261e-01
4.582401664820305309e-01
4.681293152626166409e-01
5.968080833915337946e-01
5.859510149468186713e-01
5.859217174543006612e-01
4.769983686441957027e-01
4.789978492954838352e-01
5.928922956784250520e-01
5.836483834515792113e-01
4.792958932042325482e-01
4.749769611996630947e-01
4.804010216841740899e-01
5.350276124331335703e-01
5.331650469005213555e-01
5.618961673474941465e-01
4.517110891118768512e-01
4.538418098402516310e-01
5.567714126601931435e-01
5.624249431354524376e-01
4.302121760459079458e-01
4.363278313751142723e-01
5.533229714205291083e-01
5.441699666325103824e-01
5.214609238676829461e-01
5.253165427199824045e-01
5.029102052980881643e-01
4.989625344875648350e-01
5.220546462693881340e-01
5.228500685800467895e-01
5.093779811661938162e-01
4.028370237628091655e-01
4.034678254646477114e-01
5.231855091483628151e-01
5.511655292660093686e-01
5.025892439829883207e-01
5.011588089044735073e-01
5.313128519949694706e-01
5.199991967191459619e-01
4.640219464085867385e-01
4.590619231027057712e-01
5.571324966324634476e-01
5.832450947382473716e-01
4.560315717740848762e-01
5.022027913911824015e-01
5.830330410621545889e-01
5.716757022807172905e-01
4.719000045573160662e-01
4.666757774286945937e-01
5.297774543666369240e-01
5.376716120897065965e-01
5.739125401620825961e-01
4.310844816864838336e-01
4.621367694948503857e-01
5.633714433138388156e-01
5.622308163184965846e-01
4.443480929595472473e-01
4.648129917305858783e-01
4.616070949486335562e-01
5.218911044887255546e-01
5.110632394264541523e-01
5.110009385086097256e-01
5.251769426489040216e-01
5.198563595314716901e-01
4.998164039687891802e-01
5.278030668602959885e-01
5.248070133921430847e-01
1.047130333634011201e+00
4.030784305255106226e-01
4.006020719628481386e-01
5.425426835990658780e-01
5.268377302006224117e-01
5.212629481058459469e-01
4.616530689273667942e-01
4.597604036044278253e-01
5.618712173201143578e-01
6.117700871099553961e-01
4.608303802200553467e-01
4.537723226800651211e-01
5.221537313429392979e-01
4.681690164131726561e-01
5.656459686925603414e-01
5.590848249141787685e-01
4.578088187798269870e-01
4.621758589413462737e-01
4.886626389471622756e-01
4.908861518759914944e-01
5.213624715544363797e-01
5.426754974092180550e-01
4.993428153681153114e-01
4.973541803033179609e-01
5.275747057035713450e-01
5.247785900283684635e-01
5.347521654786489442e+00
4.024188646633191646e-01
4.061054890597763367e-01
5.304129163552134818e-01
4.531843406855165513e-01
4.485085201448545944e-01
6.102971692758782929e-01
5.995781658486575294e-01
4.539199823874666140e-01
4.467209763323228278e-01
4.502026992565349439e-01
5.608889804449459504e-01
5.508527652729436896e-01
4.544889918277523200e-01
4.739877775195116549e-01
4.927437314181902783e-01
5.019893089696199073e-01
5.203805647150175906e-01
5.008873936220471501e-01
5.005065807496349439e-01
5.282532801537320744e-01
5.216852636074134075e-01
1.692514565088864487e+01
4.267742411109984868e-01
4.358948307958117607e-01
5.770355843565259102e-01
5.119994082309625716e-01
4.679638630432998436e-01
4.691677409990112069e-01
6.400548967122787758e-01
5.689605226292843154e-01
4.253735855931350951e-01
4.174557435276608497e-01
5.619760827857575025e-01
5.883016415869406490e-01
4.747291453901485991e-01
3.843156540409658484e-01
3.713111340407556638e-01
5.168532895858257703e-01
4.830755007776813548e-01
5.225470475167401929e-01
5.133129140646669475e-01
2.746100790603518504e+01
4.439188376678829817e-01
3.840632103139561826e-01
5.468038835702682121e-01
5.495673315177904694e-01
4.737779176102075995e-01
4.060090486770088214e-01
5.990457883195399180e-01
3.155688800570298214e-01
5.484016888188760763e-01
2.495896513732423494e-01
5.081875267426789744e-01
5.293871002596243214e-01
4.939544664118342698e-01
3.151222864914397803e+01
4.441534272148400797e-01
4.361468621737431550e-01
5.468033396651537092e-01
5.120480143183283595e-01
4.737670833617519395e-01
4.691567497445190416e-01
5.689641164053068634e-01
4.174553496879027104e-01
5.882654315246346188e-01
3.712740602993261363e-01
4.830179592388334497e-01
5.294059256997368790e-01
5.133324486264351227e-01
2.746090146269759202e+01
4.270165244100491142e-01
4.063216703265952190e-01
5.771622886717997503e-01
5.304486194279406375e-01
4.679514078082792627e-01
4.484953733821451793e-01
6.400900901654127395e-01
5.996067356651849645e-01
4.253727256641630650e-01
4.502033637786465592e-01
5.619404610437233050e-01
5.508170990131984190e-01
4.747127744879942601e-01
4.739821487495430308e-01
3.842908362957785928e-01
5.168026957940827781e-01
5.004210958796251330e-01
5.225651320867285010e-01
5.217025544602541531e-01
1.692505028660023214e+01
4.025876843907202352e-01
4.007675696880654836e-01
5.213366077278500654e-01
4.531693487716338953e-01
4.597465890316437265e-01
6.102999528853986222e-01
6.117689769994121285e-01
4.539169977447747306e-01
4.537676212279065924e-01
4.467189716715315728e-01
5.608541369398900578e-01
5.590559629520440721e-01
4.545004842937496736e-01
4.621827819607706722e-01
4.927749306074474256e-01
4.909152516755905804e-01
5.019764382312831286e-01
5.203272955684032919e-01
5.420537493925460248e-01
5.008098351863260467e-01
4.973983944828299086e-01
5.282691428376530274e-01
5.247924849766624211e-01
5.347481677328576488e+00
4.031902156379473245e-01
4.035602687764106022e-01
5.423910500368521737e-01
5.509488122190556725e-01
5.010751984963499606e-01
5.269031444776507422e-01
5.200675917075554544e-01
4.616397325226067050e-01
4.590514474875090900e-01
5.618870873424112178e-01
5.832510530908915358e-01
5.022106840034822328e-01
5.716896595579218365e-01
4.608284665941054792e-01
4.666721857606832002e-01
5.221457370979658563e-01
5.738929626055421229e-01
4.681735485732679836e-01
4.621576223258523908e-01
5.656193277474726999e-01
5.622052297011854716e-01
4.578197784663752268e-01
4.616147507831093177e-01
4.886848440181584263e-01
5.110114277379826930e-01
5.212658545156135803e-01
5.197841948086937558e-01
4.994050154781743411e-01
4.998509586104394886e-01
5.275877710581396984e-01
5.248196845223017659e-01
1.047119586426731752e+00
4.028932753425857327e-01
4.067534587120673617e-01
5.229627009287910466e-01
5.461775060126732306e-01
5.026459929314932573e-01
5.062375728971636457e-01
5.313850241509375794e-01
5.297142953123202824e-01
4.640155231230401744e-01
4.681193574098335697e-01
5.571304346698586762e-01
5.859345361312883194e-01
4.560245938793324738e-01
4.789838530445008624e-01
5.830521107949431237e-01
5.836582025948625629e-01
4.718979300727625392e-01
4.804044975020665964e-01
5.297881459600093379e-01
5.618973391136420359e-01
5.376977102106458295e-01
4.311029111024948235e-01
4.538599782296797724e-01
5.633579466576251749e-01
5.624090130364075568e-01
4.443862824860966287e-01
4.363819827299431631e-01
4.648267185525412071e-01
5.218822812006659317e-01
5.441246991249288900e-01
5.110707172041946134e-01
5.248946659131682457e-01
5.255665151853879946e-01
4.989281928460220783e-01
5.278156169403886988e-01
5.228621543687046458e-01
5.093700641709859589e-01
3.983956231970078310e-01
3.830155703091135955e-01
5.556808250481016787e-01
5.847922405381179578e-01
5.459907895597720939e-01
5.072231761035116415e-01
5.096054848458676512e-01
5.344555077037379531e-01
5.283725042409327388e-01
4.526725813451392688e-01
4.509935841291614622e-01
4.582249809658933692e-01
5.968088482965423491e-01
6.168508898241960026e-01
5.859651161844028344e-01
4.769827891467472436e-01
4.749814156652771291e-01
5.928973407716984223e-01
6.031173667889363488e-01
4.792947327708034222e-01
4.788564283352343409e-01
4.749797121393919963e-01
5.350276352474971908e-01
5.403263938170107528e-01
5.331695384724809417e-01
4.517262591272434569e-01
4.520863064978742907e-01
5.567666557401236282e-01
5.570083029094305971e-01
4.303006680308371079e-01
4.307432924178982159e-01
5.532387214208307480e-01
5.679963835435307695e-01
5.215181929129825145e-01
5.233949056066825589e-01
5.029516225354340175e-01
5.038298700523460294e-01
5.220665813745282158e-01
5.184427422818318476e-01
5.210066099104785353e-01
3.563596974616579649e-01
3.442244540066807801e-01
3.748005486852871160e-01
5.678790294939221051e-01
5.773078494328848231e-01
5.598637869507251397e-01
5.065814800082554248e-01
5.029842839109800456e-01
5.288155316476641499e-01
5.340527916906979700e-01
4.435385556636340931e-01
4.572131107047499587e-01
5.747248130215679707e-01
5.877053946794235095e-01
5.861965617652599159e-01
4.725645600837985461e-01
4.712995226653231562e-01
6.119314046767108106e-01
6.126278567161189681e-01
4.782899351740194094e-01
4.921497396211014785e-01
5.502197129146979560e-01
5.665544126277720638e-01
4.534713054195065318e-01
4.552101417252478188e-01
5.392944426907440025e-01
4.369353916523147086e-01
4.329764305384767864e-01
5.515099605459695686e-01
5.611406540365230233e-01
5.573477839162968017e-01
5.372461225832245724e-01
4.995246082485865213e-01
5.067234057927961777e-01
5.168727139950705096e-01
5.149679549020641511e-01
4.965158847228918204e-01
5.142305755047392735e-01
3.494884658045972481e-01
3.530687113188578641e-01
5.934483596797903715e-01
6.219578522757257533e-01
5.030522057302033723e-01
5.235718885425326707e-01
4.611368362485213646e-01
4.633637453238869663e-01
6.031577063247113291e-01
6.255793155021891483e-01
4.746665186978718531e-01
4.696014591008488837e-01
6.147530313139313307e-01
6.191236002175681818e-01
4.844573448808745519e-01
4.869984747232851685e-01
4.815798129890914714e-01
5.433052247178793426e-01
5.467496012079988699e-01
4.577072456246364385e-01
4.560319923326779934e-01
5.393619679919374743e-01
5.273397407657445246e-01
4.107323981975209426e-01
4.208127682783727730e-01
4.217139130552851611e-01
5.775528472320469175e-01
5.984837998906630263e-01
5.317027191027948740e-01
5.364118016512299247e-01
4.947153260622062509e-01
5.040475905514848476e-01
5.110562960199633853e-01
5.094638524151094972e-01
5.183678232863869750e-01
5.137010022257146868e-01
3.478231005092263795e-01
3.212389906755561131e-01
6.265626254997419542e-01
6.390112984184628253e-01
5.005385097816436035e-01
4.997407313780141136e-01
5.249467467598909476e-01
5.210074032761338181e-01
4.391444460234461555e-01
4.590963276025229467e-01
4.516058565162989757e-01
6.128886082401472368e-01
6.123503324689176797e-01
4.644497176015562889e-01
6.124921660880870977e-01
6.164108191980929297e-01
4.823580024237942854e-01
4.992917168102923853e-01
5.374932421299607466e-01
5.531254547324996329e-01
5.478039556028564405e-01
4.583311820978784312e-01
4.599555461028611569e-01
5.270403556396479061e-01
5.211239522469498509e-01
4.216169510647388430e-01
4.246985595891031862e-01
5.922630928516172677e-01
5.938059152997819945e-01
5.388379595995503868e-01
5.329142269447475488e-01
4.935026253620874992e-01
4.992289858075269482e-01
5.056744410421485370e-01
5.063895811620174880e-01
5.113642519510779305e-01
5.063146265356736064e-01
2.851911184951965716e-01
2.942552488269661870e-01
3.150349231628390978e-01
6.004925165096191009e-01
6.081011447225050937e-01
6.398299084034786421e-01
5.046113274340275900e-01
5.010488770725612939e-01
5.209400515297153422e-01
5.228814969766124587e-01
4.500057171590552962e-01
4.439103732545931491e-01
5.845662864795813096e-01
5.925648623181077879e-01
6.124934059653021068e-01
4.651581990982456283e-01
4.600537852058976251e-01
6.243249336659029147e-01
6.456026135886808737e-01
4.849932974394209340e-01
4.837846545439468682e-01
5.521411368791631080e-01
5.568448970558783628e-01
4.670645229952175015e-01
4.657266390211792784e-01
5.234304807422139882e-01
5.152618504503629904e-01
3.898918530555030015e-01
4.261774957698646893e-01
4.099970549234339678e-01
5.906393571507737583e-01
5.839308433888695804e-01
6.019392415274882335e-01
5.443013850613708238e-01
5.382759482406422880e-01
4.958079377121042408e-01
4.990214626607980541e-01
5.024431091692983520e-01
4.987888104134668432e-01
5.130552032098871784e-01
2.845737169055895799e-01
2.821593059186746077e-01
2.931301992427854386e-01
6.372453423954919094e-01
6.604213548413750967e-01
4.977201787413234602e-01
5.001770704074433027e-01
5.345611366681574106e-01
5.141945872815416596e-01
4.618728175555774085e-01
4.453662450687994601e-01
6.204351009265017813e-01
6.329796837956078726e-01
4.544788614455827491e-01
4.603740142829161330e-01
5.630866649499473020e-01
5.212558794977286691e-01
4.847129949271666294e-01
5.140403180755075407e-01
5.544074453468237351e-01
5.545102365738335815e-01
4.769261544442271461e-01
4.654034861416385116e-01
5.184969852288416892e-01
4.834763434780335323e-01
4.439314999288649921e-01
4.569201563679205491e-01
5.927520625797848552e-01
6.507202726894388833e-01
5.289098450978031440e-01
5.248443229775168195e-01
4.897992405500712909e-01
5.048190414077902144e-01
4.957979359481509696e-01
5.169641981236676731e-01
5.118866950261815596e-01
5.051134133917147828e-01
2.842621752787078404e-01
3.051623439054303999e-01
6.693655113067346063e-01
6.883617427043308146e-01
5.020929319282773085e-01
4.993487254128305408e-01
6.321594442945712711e-01
6.351098708601782272e-01
4.684663307215458095e-01
4.602545819273926586e-01
5.176379129465585871e-01
5.359155860015103467e-01
5.572986700249659142e-01
5.598872192267236869e-01
4.538181527445328545e-01
4.525669820801242471e-01
4.842144094051766823e-01
4.215780672936569329e-01
6.254083505837101375e-01
4.264999002290583152e-01
5.182100721640773289e-01
5.161349595655128075e-01
4.953354427753827727e-01
5.188855105276950486e-01
5.086149573662246404e-01
4.989218814273068126e-01
5.083161216580789343e-01
4.979433894566154262e-01
3.045246122129485200e-01
3.037834039952811982e-01
6.878557645813202504e-01
6.767327562137164243e-01
4.920755748507419369e-01
6.526179886515808271e-01
6.668355752171664097e-01
4.550701784650887372e-01
5.110737299075674978e-01
4.434934976294407916e-01
3.716002755346641817e-01
3.523710527512170509e-01
5.574712534497503480e-01
4.879845838107940703e-01
4.917314963439296527e-01
4.861480930645658560e-01
-1.165572956722252989e-03
1.194807080015783727e-04
3.415423526230006168e-02
1.623479357663281109e-01
3.031113315190213653e-01
6.979964794416045892e-01
7.073713315135565782e-01
6.749839931995335052e-01
5.412750024634397361e-01
5.036346517826171265e-01
6.585703771649926708e-01
5.382422517506502135e-01
4.655173084355281321e-01
4.532038658064013736e-01
5.099221343263287132e-01
4.755664985026666902e-01
4.648799077401222224e-01
4.351844789189097673e-01
3.781557649154357326e-01
5.611396176056884233e-01
5.070337778699310904e-01
4.908195211113811629e-01
4.821413790722929305e-01
5.047818354109379069e-02
6.571540183641619848e-01
6.107718514149008682e-01
4.745993489687060918e-01
4.629772496942894389e-01
4.341335187769971848e-01
4.734086618805614655e-01
4.843135788373171824e-01
4.918703903512712250e-01
4.869447498542091579e-01
4.352578788945600241e-01
4.441609588539737197e-01
4.029720055771466303e-01
3.796920746554922066e-01
5.567476552515913113e-01
4.738403589975844765e-01
4.704560946264649268e-01
1.058878950244393768e-01
1.331959425342477688e-01
2.620763062058757975e-01
5.172530500236498519e-01
5.245279872419186251e-01
5.094185307302969701e-01
4.550571703589418870e-01
4.242164466190910810e-01
4.839359036618454124e-01
5.049758746397009501e-01
4.824962722183695485e-01
3.954699018983306447e-01
3.706419772114269984e-01
5.717208571119036797e-01
5.604940038215231457e-01
5.579005107730820034e-01
4.426508671154695818e-01
2.329207901964090999e-01
1.547263595568093564e-01
1.016164736874144298e-01
5.135851929765278268e-01
5.467887673567866091e-01
5.191814749590563105e-01
4.047726449992641307e-01
5.157119069966390468e-01
5.084168050067400246e-01
5.408537388668338552e-01
4.786112683477412588e-01
4.814084507526622536e-01
4.869937695017940160e-01
3.832330919760345567e-01
5.715141896073908656e-01
5.786323515965370312e-01
5.837310730292109007e-01
4.221343069581037222e-01
4.343496804980781500e-01
5.721705600484986443e-01
5.833075929524246250e-01
4.426353858856839074e-01
4.634992903361297989e-01
2.679861569840176760e-01
3.226613430214130829e-01
1.288286504393592879e-01
1.181188004481983911e-01
5.212937368178481856e-01
5.248671661056854010e-01
5.220010741946774502e-01
5.280013472915844330e-01
4.403127077744494189e-01
4.130266711297576609e-01
5.059745554882000285e-01
5.239053844949388417e-01
5.175784136230059396e-01
4.830074170188747296e-01
5.477248333723917506e-01
5.730924083138382308e-01
5.908759186494282334e-01
4.990287681262238206e-01
4.805015564642773906e-01
4.771388413413915064e-01
4.751423769268457442e-01
4.805153560251865796e-01
4.847707811349844520e-01
4.957949127705577053e-01
5.889860271399457448e-01
4.061864145323380582e-01
5.789823840416188361e-01
5.749029606371856005e-01
5.638610070898489868e-01
4.804702896416417346e-01
4.751680760305898032e-01
3.602550166550815836e-01
3.808216432104906679e-01
1.938908352130205570e-01
5.224979790586808948e-01
5.226642578146607487e-01
5.183603245319734487e-01
5.263696154868233723e-01
3.502856579548525029e-01
5.007930487978762280e-01
5.187154255986686779e-01
5.103076722448681712e-01
5.041339470036497739e-01
5.235927375096564029e-01
5.079121949571669958e-01
5.747931955430446438e-01
4.788045524406204234e-01
4.728746215227916938e-01
4.665379710459407470e-01
4.783410163080057953e-01
4.817375742046544618e-01
5.110635909169897184e-01
4.840312037173047921e-01
5.693896866138627999e-01
5.698040930738049736e-01
4.301616982666854883e-01
4.323726809098385471e-01
5.814546214548660386e-01
5.990036355762969889e-01
4.776675507023368517e-01
4.945022710552262057e-01
3.874393145532936122e-01
3.942860086996338165e-01
2.648407738344933926e-01
2.323972714433887032e-01
5.040104115449418609e-01
5.092259541852045546e-01
5.182756858075266981e-01
3.227671904605212694e-01
3.434569274558942342e-01
2.235751643233515606e-01
3.387340616831889251e-01
5.117485026256407554e-01
3.269152854437821776e-01
4.898119300358569350e-01
5.042595333240820210e-01
4.966387658394060822e-01
4.978846844032352448e-01
5.120218435803376433e-01
5.069435348759770976e-01
6.123925554688766093e-01
6.035944825834637095e-01
4.986780209655795049e-01
4.794554741054570246e-01
4.692472232208734773e-01
4.651638193038870606e-01
4.651907809508093461e-01
4.751250843605605012e-01
5.101664843995555865e-01
4.770605540736301275e-01
5.813650065140447687e-01
4.320627356946794007e-01
5.680308448336826022e-01
5.782798967544452440e-01
5.632575665828075673e-01
4.969255100024249638e-01
5.035134830676661899e-01
4.972185079856160650e-01
3.964711868533464245e-01
4.056849352893803218e-01
2.049112501582091850e-01
2.587108898123617884e-01
1.748704483525569398e-01
2.641506650501968534e-01
3.355274921465907778e-01
3.351695935290672779e-01
1.511019761730573174e-01
2.626105087601202648e-01
4.539598109841182505e-01
4.235087499547096623e-01
4.976920411481295936e-01
4.977952288940555858e-01
4.957238276947273370e-01
3.787229027533978165e-01
4.132111092896143534e-01
2.986710631177559860e-01
3.478709865208191587e-01
6.008201650890643286e-01
4.045551661644369856e-01
4.062565200598061144e-01
4.962659070036821163e-01
4.945240749293177696e-01
4.909305773098799897e-01
4.832596213096457261e-01
5.080863818622554096e-01
5.314623775798958949e-01
5.067301840296499771e-01
5.112432937121982324e-01
5.651592971485415173e-01
4.826644697502395776e-01
4.631030646266455775e-01
4.569209853064058469e-01
4.517865205751717683e-01
4.870851727536689157e-01
4.970347938585362169e-01
4.870838901747827077e-01
5.592824688572808345e-01
4.546085336210479722e-01
5.752320873664290568e-01
5.643433881565171895e-01
5.059280762256557207e-01
5.260680096118431903e-01
3.929575446742722411e-01
3.929042646571246911e-01
4.063667202397758804e-01
2.475331558378110752e-01
2.859862030102364172e-01
2.611056120256012303e-01
2.741891032519513938e-01
2.925554433754886108e-01
3.995816676165774295e-01
5.393100125612709794e-01
4.405341429530776343e-01
4.750475201606834119e-01
3.124480078422906537e-01
3.505867944080627852e-01
4.360181597508127616e-01
4.700430875712825474e-01
4.271486255103356111e-01
4.493011207007366337e-01
5.299078562905040757e-01
4.816260388117701852e-01
5.108553891327045626e-01
5.137641417250147224e-01
4.988681445218558497e-01
5.129841062471874880e-01
5.151602535834416408e-01
5.012859336133559385e-01
6.044621349298741064e-01
5.896669640275593594e-01
4.965476623342082729e-01
4.831121738392993303e-01
4.484540501249381084e-01
4.708259591812493650e-01
4.265914619236141903e-01
5.057415742023841920e-01
5.054646493590392309e-01
4.983210237056774905e-01
5.553451810189691251e-01
5.481778631895855014e-01
4.613121810867750194e-01
4.515786306287429830e-01
5.650487115294486884e-01
5.791958416126814502e-01
5.641937567282476751e-01
5.145502510070164570e-01
5.107327746006161684e-01
3.853928114466010912e-01
3.980515715400679277e-01
2.955472724138157870e-01
3.086293341640644061e-01
2.888644681820566329e-01
4.155494376562338665e-01
3.977073626849169097e-01
6.895395765609383387e-01
4.403539974761405684e-01
4.621409139546728828e-01
4.730733631456429666e-01
4.720106196972585488e-01
5.001364912678745167e-01
4.220809287610186589e-01
5.049194380816398597e-01
5.465618632990438819e-01
5.012099900336070002e-01
5.179426329705888454e-01
5.309330842966373254e-01
5.078378877001996639e-01
5.148877686044129875e-01
5.527287066831405582e-01
4.862387405877904856e-01
4.359412289817740094e-01
4.743254744061962125e-01
4.304759528778944189e-01
5.119196603865159290e-01
5.099895865844760179e-01
5.063497839606032613e-01
5.220146006283863382e-01
4.586316034767581873e-01
5.353766629185012782e-01
5.601130515587695591e-01
5.449182613175389545e-01
5.161511587845014626e-01
5.257376000607992816e-01
5.138654735767731463e-01
4.071264518918432662e-01
4.908395602739138441e-01
3.286496312823723454e-01
3.413608898148282611e-01
3.063766805254850012e-01
5.798583335427062169e-01
7.534098883953498360e-01
6.114065904291541287e-01
9.156922566792882190e-01
9.602083679650609271e-01
4.475984238898709777e-01
4.551432144634298682e-01
4.765020299974476736e-01
4.625900229995495994e-01
5.298705210486123196e-01
3.953141661333508527e-01
4.979698406074475892e-01
5.166656127495214967e-01
5.101619025839057020e-01
5.087344170425951440e-01
6.213591075900751770e-01
6.338781734759645348e-01
5.169111639690499027e-01
5.199856921058173542e-01
4.641012086361451239e-01
5.035437730960060643e-01
4.602483107615630842e-01
5.176044300661433173e-01
5.101121730679827326e-01
5.121923516731118342e-01
5.357037111688969233e-01
5.488377452850299321e-01
4.609056853492891626e-01
4.947520022149444752e-01
5.258287425015500949e-01
5.495645873979589924e-01
5.287692600399643839e-01
4.997074422118428227e-01
5.239964609380975968e-01
5.064026231475604600e-01
6.701633888954666718e-01
3.470280347905936313e-01
3.774526288475816282e-01
6.857184448518127695e-01
7.627877074296482984e-01
5.517880506465348001e-01
6.895691202734299807e-01
8.210277487948560715e-01
7.709769750912426334e-01
4.566461665359204947e-01
4.452007814024036003e-01
4.665735770163044194e-01
4.521299547969236388e-01
5.893832553993544332e-01
6.553894237990246507e-01
5.423039266618510101e-01
5.311423720291915673e-01
5.084460548294230664e-01
5.350152140068551443e-01
5.008907079601454537e-01
4.838641664150846733e-01
5.284041859008603570e-01
5.503730306911113201e-01
5.139724725797062410e-01
5.340946424804892123e-01
4.788364163771205440e-01
5.217248190013110687e-01
5.241933888782649431e-01
5.082119076782760647e-01
5.000162494861108975e-01
7.022502109284084471e-01
4.477530841839275078e-01
4.850857872250657343e-01
3.680713658000427380e-01
5.322076464150012898e-01
6.648960241375200253e-01
5.406110889693750421e-01
6.768948998055617228e-01
7.693968708860992045e-01
8.423484178197193639e-01
3.016536970357286962e-01
2.274124072006128983e-01
8.029781930875349305e-01
8.123994871781332616e-01
4.678696071170086457e-01
4.153452517209630379e-01
5.736951345377765410e-01
6.788124833841594485e-01
6.804346307500844793e-01
4.822910618775692049e-01
2.207401512424213008e-01
4.520915063038505322e-01
5.091526857741928147e-01
2.624725763044245541e-01
4.824294435666673930e-01
4.906311107269127891e-01
5.020710204692225842e-01
5.011347351810210293e-01
7.854101415758489857e-01
5.070341434908218758e-01
5.150622921590518599e-01
6.347217001624063659e-01
7.642239636348376886e-01
6.511952607769961876e-01
6.954270535145915533e-01
7.068214518113600242e-01
3.186436153419581196e-01
4.944656700214338785e-01
5.019099692546681313e-01
5.044500239660266727e-01
5.283370497043589076e-01
5.189523662001341853e-01
5.185888909437943450e-01
5.519199470547909714e-01
5.946916839236888741e-01
6.232404772016285621e-01
6.657521348476960199e-01
7.271105441792226065e-01
8.015890962073127790e-01
8.971485305455263459e-01
1.186302975744603361e-01
5.815220361110992053e-01
1.344235927361628058e-01
6.941427943272107104e-01
7.014236349282543248e-01
4.783237916907611131e-01
4.732380469773179721e-01
9.010962603658653203e-01
6.773705993495299227e-01
1.700036287965810966e-01
5.562427529805009652e-01
7.072968098126910519e-01
5.448336420627940546e-01
6.303894019018233541e-01
6.409307560404317039e-01
1.914616752627402441e-01
5.709526960107532689e-01
6.996519240354389657e-01
5.692274061450522948e-01
7.279873776546915698e-01
4.648001362439013739e-01
4.529796909277854500e-01
4.757677440154099435e-01
1.054374290689663596e+00
2.465510830713940893e-01
3.613049059558795517e-01
4.595159157576607645e-01
7.017259293441212575e-01
3.976837189306776654e-01
5.246233048710179370e-01
6.099442909274442881e-01
6.209795595061531337e-01
6.133425134817562796e-01
6.503858837797019676e-01
7.236909037220244922e-01
7.558130400821617689e-01
1.908106879651038368e-01
1.624717145091980064e-01
5.601128335943524883e-01
6.800789150620064616e-01
5.747631508611774631e-01
6.679873005400717156e-01
7.401046688051915456e-01
4.190686551170883511e-01
3.983506421488194338e-01
1.245457196692224544e+00
5.964302377001247102e-01
6.728302288426208921e-01
6.548344184183438887e-01
6.853354904720770913e-01
7.384289464340756393e-01
7.870935396791302052e-01
7.017903903606373950e-01
1.622854682728347153e-01
5.569020943739103613e-01
6.674109480737513422e-01
5.400542795042402311e-01
6.256051586059209191e-01
6.973073008872608947e-01
7.006311281597386031e-01
3.841382118104110788e-01
3.861056193228414313e-01
4.024459055963685583e-01
3.084513819764831966e-01
6.092608757984360190e-01
5.996987938226888692e-01
6.116129170460061770e-01
6.910428827580674671e-01
7.056099147352552503e-01
3.117625784187914584e-01
3.013515493419221536e-01
3.477296793251923868e-01
3.654254734939765270e-01
2.970178014761356011e-01
2.049029533222926691e+00
1.740046868090018739e+00
3.818410852484038220e-01
3.955179198575227706e-01
3.487994228180463230e-01
2.411535601132397399e+00
3.911142283679734932e-01
4.269385639114907094e-01
3.891420414103914371e-01
2.848492570053573480e+00
4.268981858552597375e-01
4.593898604990835355e-01
4.032109332988263461e-01
4.407615982497697371e-01
4.394362839164949741e-01
3.400601415060483745e+00
4.728970046844898079e-01
4.768236633857146911e-01
4.585856178652326087e-01
4.670055238784961427e-01
4.765184331157695796e-01
4.739081116353596190e-01
4.634663334343310237e-01
4.158157607044055126e+00
4.616104486641853799e-01
4.776375441287051271e-01
4.725034586363772160e-01
4.851729407636806157e-01
4.876478670118801761e-01
5.381391750173008859e+00
4.477446337725106140e-01
4.629969268243844804e-01
4.757541715301761842e-01
4.810905706501109602e-01
4.773921042637035983e-01
8.334820280113826030e+00
4.454635477273202748e-01
4.619202835217145475e-01
4.569697326033840268e-01
4.741351075722816111e-01
4.637571513457880990e-01
1.072577387068341359e+01
1.676621791097451108e+01
7.122850711466524487e+00
5.562560051393457883e+00
5.004809089330396255e+00
4.656910000015873408e+00
4.394081139852080931e+00
4.176411206949016020e+00
3.986438822870237431e+00
3.814858566741588852e+00
3.656345640093946248e+00
3.507802103830549800e+00
3.367479881221783877e+00
3.234487492572236444e+00
3.108484014073787272e+00
2.989469892714917254e+00
2.877632681179937979e+00
2.773230621181395072e+00
2.676508241291572165e+00
2.587640870362966083e+00
2.506703608221038326e+00
2.433658369810528743e+00
2.368351917161821696e+00
2.310518450209650965e+00
2.259781721441396218e+00
2.215653282634129528e+00
2.177525366420721031e+00
2.144659364669192492e+00
2.116174088429590316e+00
2.091041630283320796e+00
2.068101526948106894e+00
2.046104135542214930e+00
2.023789756229012582e+00
2.000000413051596926e+00
1.973808366815056781e+00
1.944634356460045899e+00
1.912325350364076249e+00
1.877169885135488103e+00
1.839846934526699229e+00
1.801324216079615459e+00
1.762734861530396158e+00
1.725262150825277896e+00
1.690051811297313966e+00
1.658156537374727346e+00
1.630505029515956439e+00
1.607882202727339171e+00
1.590908457086839922e+00
1.580011455865946379e+00
1.575390528502802923e+00
1.576979375110323822e+00
1.584416370145768527e+00
1.597033499332712214e+00
1.613874795234574222e+00
1.633752238659881506e+00
1.655339996460068352e+00
1.677295819928170229e+00
1.698383395028713494e+00
1.717557163070422499e+00
1.733969742881922294e+00
1.746878220309095564e+00
1.755460107457181174e+00
1.758595539537722185e+00
1.754714239100763296e+00
1.741822749624906796e+00
1.717796454393466954e+00
1.680929111405156551e+00
1.630597753310103926e+00
1.567785549693718306e+00
1.495196053252424440e+00
1.416835668886300859e+00
1.337181319623693687e+00
1.260245782652877011e+00
8.931440887644096494e-01
9.304049277955559472e-01
8.587578023633259949e-01
7.954703678702362835e-01
8.150659926110140896e-01
7.763924275858368196e-01
7.826745085672097701e-01
8.013643265842331775e-01
8.165063017692449909e-01
8.286526821861944780e-01
8.383210164333954051e-01
8.434816191392955353e-01
8.538515005850223494e-01
8.751726023483535899e-01
8.956840128426035719e-01
8.998583105995416886e-01
8.795074607172124193e-01
8.263960232449567567e-01
7.406051211627218134e-01
6.454934538051652071e-01
5.802926691586860475e-01
5.378221984738905670e-01
5.117010636889244291e-01
4.967312414612481408e-01
4.868545133673362613e-01
4.713338528312351894e-01
