1.717270847959981950e+01
1.093288052146137979e+01
8.485465158195040658e+00
7.194557167028826861e+00
5.565083931905427050e+00
4.973938115427444018e+00
4.605923071563490900e+00
4.331223091446720019e+00
4.107546715006238358e+00
3.915849988053267339e+00
3.745571209871572549e+00
3.590326480223991812e+00
3.446111904443257323e+00
3.310405629142606720e+00
3.181658890224572378e+00
3.058979012080244697e+00
2.941917072892727081e+00
2.830318264599379408e+00
2.724213592421459218e+00
2.623741125289814846e+00
2.529089260497336511e+00
2.440456163353352359e+00
2.358020239240235405e+00
2.281917067741667804e+00
2.212219092434502876e+00
2.148915626811064516e+00
2.091892352962346546e+00
2.040911322056366828e+00
1.995594308027168529e+00
1.955413889222574975e+00
1.919697357859251108e+00
1.887647945214390832e+00
1.858385561525418783e+00
1.831005472035832859e+00
1.804648962511890442e+00
1.778576472994141344e+00
1.752232165966038036e+00
1.725289948263640794e+00
1.697674138426310320e+00
1.669552251272048871e+00
1.641301781225794620e+00
1.613456740719510840e+00
1.586642567217482647e+00
1.561509361875202506e+00
1.538672830997267038e+00
1.518669688163824860e+00
1.501930130499234739e+00
1.488765371246436819e+00
1.479364424137951550e+00
1.473792622031421251e+00
1.471985386431973186e+00
1.473734280255974527e+00
1.478667044037644374e+00
1.486227105554168038e+00
1.495659129846783397e+00
1.506005057887613852e+00
1.516111440397232224e+00
1.524647226793152566e+00
1.530134939898613045e+00
1.531007465246459365e+00
1.525711618907342748e+00
1.512877196504917476e+00
1.491546971859920134e+00
1.461421981044189300e+00
1.423038660455097082e+00
1.377790593921643492e+00
1.327754207934761288e+00
1.275356741395351934e+00
1.222990505560422658e+00
1.172689995000238294e+00
1.125945155976587841e+00
1.083658679458527674e+00
1.046207455178976398e+00
9.085295937273376587e-01
8.969960149943816408e-01
8.888458977032597241e-01
8.850062564775758034e-01
8.904873330588273239e-01
9.013380134758094409e-01
9.173572666337604931e-01
9.377360265362669756e-01
9.609457393704429196e-01
9.846724373199016167e-01
1.005792990610478332e+00
1.020377462030325200e+00
1.023691778375122929e+00
1.010168699125015168e+00
9.732833313821753762e-01
9.052177486710349941e-01
7.961735530872268152e-01
6.411548453485078625e-01
4.718563373818561169e-01
4.094059929422445010e-01
4.377886465607351840e-01
4.431196211762728487e-01
4.423963097596962935e-01
4.507440596302537128e-01
5.457276512850040895e+00
4.182030070610655015e-01
4.094357343429582130e-01
4.380432418775964121e-01
4.389357896062006104e-01
4.447429445555946548e-01
4.214481306439453512e+00
4.205130424839755854e-01
4.158698871897137939e-01
4.408447084947829664e-01
4.417543365331247363e-01
4.414209324683148195e-01
3.453275570898311386e+00
4.214244855393315947e-01
4.110330071890218595e-01
4.402747042054667714e-01
4.474661410587387200e-01
4.356601509838400887e-01
4.341834149217300154e-01
2.904681227406229027e+00
4.134600781588767537e-01
4.210092233878549028e-01
4.440616628319114523e-01
4.479877365064724448e-01
4.341919698342993628e-01
4.330345654184741266e-01
2.475714738088036881e+00
4.115849412713296629e-01
4.221896844094959467e-01
4.396498196639493372e-01
4.256313821651090956e-01
4.225863452188289293e-01
2.124403801034406403e+00
4.050446359816826103e-01
4.258986174351490628e-01
4.278265885191318563e-01
1.828751592903697265e+00
4.121018498641708105e-01
4.076568975191905420e-01
4.129595368023207813e-01
4.103528179605741566e-01
4.037150910950472738e-01
4.320577609849710066e-01
2.244304336928701071e-01
2.154943868159888976e-01
4.595244835101758851e-01
5.543080630098903283e-01
5.312604744824450664e-01
5.122713883872864749e-01
4.083906003120041928e-01
4.123265679423583907e-01
4.140096368019665629e-01
1.176053551035737943e+00
1.360088498025110670e+00
1.321792283698667581e-01
5.064341227113429156e-01
4.877660895589118750e-01
4.945123833144633441e-01
5.114542681668752255e-01
5.464432812444987020e-01
5.411369026277313976e-01
5.453140827256220957e-01
4.184792192963251445e-01
4.220467783137865081e-01
1.022578278643388128e+00
3.094119316972459566e-01
1.110371305124360497e-01
5.242955267152280552e-01
4.584094717962722276e-01
4.671003266344636029e-01
4.700621660309477479e-01
4.701166627816124044e-01
4.745673641635386186e-01
4.823147621357669612e-01
4.906603827509353755e-01
4.993197615658082067e-01
5.142717597212823621e-01
5.332615959287659857e-01
5.320707855300141897e-01
5.091365224868885653e-01
2.127858711285127435e-01
4.931477983062259041e-01
5.096314741623011457e-01
5.314590441984762270e-01
5.698079074299374769e-01
5.440928193268843582e-01
4.161543043135979558e-01
4.044558531589678152e-01
4.268673471856551660e-01
8.953917928358773315e-01
2.490560964363135732e-01
4.819985056240790877e-01
4.669955272538131585e-01
4.762500562602143828e-01
4.784557609015997470e-01
4.834430834358676710e-01
4.936563867273014439e-01
5.079202447640465135e-01
5.315485804848012474e-01
5.207282512600502900e-01
3.763931324311334814e-01
5.077656206197087574e-01
5.013903880884325037e-01
5.278540098361509392e-01
5.769294169384668880e-01
5.558022525890065069e-01
4.231410906155440577e-01
4.284333322622814744e-01
4.150282972826152550e-01
8.318215503412802470e-01
5.583066524217323856e-01
5.344887658462794677e-01
5.754736750303200976e-01
4.121536904260990064e-01
3.950564192272554287e-01
5.722495435423052834e-01
5.568653675548453919e-01
5.518078369888008705e-01
5.443097351611410062e-01
5.539173090044147152e-01
3.549911964460109037e-01
4.043817453188920941e-01
3.940377534745157506e-01
4.749665955506381376e-01
4.831334975164917056e-01
4.852771051871130337e-01
5.298918699619286077e-01
5.426322809211293619e-01
4.456468847105867770e-01
4.423410278337074342e-01
4.350117194008172872e-01
5.095177421362702130e-01
5.047347172623620759e-01
5.552726037290687255e-01
5.518699243580704739e-01
5.423052832097708942e-01
4.301284682491427480e-01
4.336108740315733345e-01
6.336018272091815673e-01
5.204884311955834120e-01
5.095110195154135546e-01
5.362226934991457528e-01
4.764496413270455366e-01
4.550822959271125234e-01
3.917632304884404171e-01
4.623764057529573535e-01
3.451086683434477220e-01
4.744031702930410210e-01
4.745932585379897262e-01
4.422306455195783026e-01
4.798625261313216317e-01
4.701594005398488929e-01
4.890493956761026717e-01
5.034443847698105712e-01
5.130082493188558024e-01
5.347560663821917526e-01
5.572695422395156362e-01
5.722411745677222772e-01
5.390811440749996297e-01
4.093509711343132906e-01
4.179227331293743353e-01
4.373732385647098875e-01
5.398530732598043613e-01
4.806236061183121189e-01
4.381943735520870131e-01
4.511211944593201406e-01
4.494321669770185435e-01
5.149598354114984788e-01
5.113625350049985085e-01
4.274533819375164190e-01
4.243480416200957062e-01
4.491488962537693586e-01
4.247174816424401089e-01
4.302621790156054837e-01
4.932195332655311404e-01
4.687045960959119184e-01
3.856565773833107169e-01
4.441447956073282244e-01
4.878874662928041617e-01
5.210227059337859679e-01
5.203831730583243775e-01
5.248505185753039592e-01
3.795739115906171524e-01
4.539362511101349140e-01
4.456379995951613715e-01
5.057822349965751529e-01
4.780049736848993591e-01
4.933841803699836048e-01
5.014305481971862433e-01
5.156082099705596722e-01
5.611704058010050788e-01
5.926964893526629474e-01
5.319212699687340118e-01
4.159137673554231807e-01
4.281418439028346068e-01
4.416543408628985090e-01
5.385236121837491119e-01
4.591724791806877093e-01
4.373265065751492653e-01
4.820005076605827221e-01
4.895567763620663482e-01
4.497088591313124217e-01
4.544255325268010126e-01
4.359896322696844573e-01
5.373747021824519798e-01
4.703270239337337677e-01
5.150153320855219707e-01
4.461134434101837187e-01
5.710043315289554666e-01
4.299726773134595059e-01
4.377805008836007095e-01
4.427088267365983376e-01
4.170481144648137128e-01
4.188678565209366100e-01
4.338451198913631512e-01
4.529650245872817171e-01
4.694762012301570975e-01
4.958080975082474473e-01
5.034956230169137514e-01
5.194784198425812516e-01
5.222486958469061413e-01
5.412817382055549187e-01
4.339093138506797120e-01
4.101079032678223157e-01
4.067935149995921540e-01
4.347930239752739179e-01
4.416547470081046423e-01
5.336963380231440901e-01
4.854929372221254424e-01
5.449470245569318916e-01
4.275432123262184470e-01
4.303651287357661004e-01
4.391762147926479010e-01
4.313548498980222523e-01
5.530666766169922699e-01
5.001994677701553371e-01
4.361007051402967516e-01
4.378173348381143026e-01
4.488772679253704156e-01
4.494551942268427136e-01
4.532367521416526546e-01
4.547873987292753717e-01
4.526245255915490873e-01
4.515795083593653891e-01
5.232721204202369636e-01
4.197654500530234589e-01
4.139983103725303759e-01
5.309202996668287433e-01
5.260630164588219193e-01
5.523187620134814013e-01
4.388767006205098742e-01
4.432803006084818365e-01
4.304821628547811918e-01
4.156948537027306823e-01
4.041146245054046404e-01
4.696391100387439232e-01
4.747350195028164355e-01
4.718886121367251718e-01
4.630451340927440040e-01
4.939614356289200869e-01
5.257587008195316880e-01
5.552119338841522422e-01
5.805102111018045630e-01
4.123190708426586193e-01
4.195582091092549537e-01
4.346862983324006890e-01
4.386853502996304610e-01
4.628426844249037830e-01
4.132875504909378495e-01
4.307969627269455093e-01
4.728872868708431376e-01
5.175297365774147451e-01
5.204580333091474165e-01
4.313083294646216648e-01
4.464809268172344470e-01
4.418168306972575787e-01
4.415152148376277341e-01
5.104170016001937649e-01
4.311149004157325826e-01
4.548211257760872983e-01
4.609555589449225166e-01
4.615032453736142015e-01
4.716161592558954507e-01
4.518284688120289272e-01
4.527310608378904977e-01
4.503132260792507835e-01
5.379812043420266754e-01
4.970507522260788069e-01
4.169760642238421466e-01
4.147746169309498021e-01
5.376110768058918188e-01
5.323197296139325907e-01
5.413596688032901172e-01
4.394815412728341752e-01
4.538322034789287196e-01
3.899326033643119027e-01
3.949766600750553303e-01
4.727947897876159655e-01
4.722799055418091529e-01
4.728138836301043479e-01
4.914034416365971603e-01
5.499230692673860998e-01
5.328887741218466534e-01
4.109674605907299716e-01
4.067788498641243811e-01
4.333317788675636328e-01
4.414627967349470383e-01
4.843779505347453052e-01
4.459438437309965475e-01
4.905451698646495773e-01
4.825233662603600759e-01
5.004092568379172601e-01
5.125074077955946716e-01
4.411271702796276672e-01
4.519746895229415085e-01
4.690806161986240119e-01
5.213696143867430077e-01
5.132477525786560690e-01
4.285163365851872852e-01
4.273182845963093279e-01
4.674700738190891158e-01
4.654988302610780226e-01
4.806401065572783460e-01
4.510692806267077026e-01
4.510261095931017428e-01
4.524827177604509032e-01
5.115195278160055148e-01
4.107659116701344315e-01
5.239137581392466769e-01
5.281561232468242606e-01
5.536576394632204412e-01
4.408941841221007407e-01
4.375041965411596290e-01
4.460267283281340034e-01
3.974075143983996083e-01
4.069745529913968984e-01
4.191844971373694384e-01
4.672017553324387951e-01
4.698837286695876636e-01
5.206759878541051823e-01
5.151185953457528832e-01
5.531852419511781305e-01
5.443474666752676772e-01
4.076800491460314535e-01
4.141366830562359103e-01
4.170858147443303188e-01
4.767434237144976827e-01
4.746504820214076381e-01
4.428534065121605967e-01
4.249719662177338653e-01
4.839312787448018516e-01
4.911958274714605110e-01
4.951084448702876561e-01
5.128020622140022633e-01
4.490809720982574804e-01
4.537553241470018706e-01
4.594290343828215661e-01
4.683044567618586673e-01
5.090688463642801809e-01
4.337330352828044910e-01
4.681446821135656911e-01
4.668721868558181609e-01
4.796803067813054100e-01
4.497366979309762591e-01
4.515678491393842475e-01
4.550681516212475297e-01
5.215384979527011300e-01
5.110861640903315850e-01
4.102882498804129030e-01
4.165019081708865034e-01
5.195179385175964226e-01
5.186684726065549089e-01
5.354467870096192295e-01
4.405250939058324988e-01
4.569925123343271389e-01
4.138044365419016324e-01
4.094481462184192955e-01
4.667630968062604357e-01
4.705492318958757747e-01
5.220757393775083965e-01
5.198202351826484158e-01
5.515447563820591315e-01
5.666267161089637572e-01
4.123571594746377467e-01
4.075349813404628430e-01
4.299481799619067623e-01
5.016571711654196353e-01
4.207892052640258007e-01
4.850755901508402856e-01
4.947228734334410127e-01
4.951893973030352392e-01
4.622374236643700396e-01
4.649170579007855242e-01
4.821643055159212099e-01
5.236859178549004845e-01
5.220885541653447204e-01
4.298776162669696310e-01
4.297790844671611765e-01
4.685057541367598777e-01
4.682533085862740641e-01
4.762313300240664238e-01
4.444956346857762419e-01
4.492388244740759262e-01
4.716618968684622160e-01
5.057489997522537362e-01
4.096672635931393747e-01
5.286412932594183323e-01
5.278987919010551533e-01
4.438843364428969318e-01
4.489785814379579909e-01
4.020943587333540847e-01
3.942055310662255230e-01
4.664349041061749412e-01
4.719742054009370413e-01
4.621249487659956912e-01
5.128989484550953160e-01
5.333735575637560400e-01
5.455355839610085411e-01
4.159662101098904330e-01
4.368535553694982143e-01
4.594257500019935936e-01
4.411126526177224227e-01
4.387809146087181533e-01
4.888860220231562304e-01
4.864882507470077999e-01
4.868342379145546572e-01
5.027116263522622974e-01
4.695546434965935378e-01
5.107783186171053202e-01
4.734182101656942976e-01
4.429467989424258345e-01
4.694177764692842869e-01
4.696512253487110655e-01
4.713086616373381998e-01
4.478169004160255096e-01
4.437639626814032234e-01
4.877845383764666809e-01
5.248431233432857557e-01
5.055603318827116555e-01
4.118706584126934911e-01
3.941569259922330093e-01
5.242352201298015046e-01
5.151719452674666799e-01
5.362787965214175223e-01
4.469174557511169654e-01
4.462223786830682437e-01
3.861581761470402885e-01
3.879932065262312602e-01
4.628397151973581147e-01
4.742376044466700136e-01
5.455573829761821703e-01
5.134198994727079413e-01
5.491129733335963214e-01
5.504713662497364712e-01
4.021431549042565612e-01
4.141651046199988362e-01
4.104168209928560906e-01
4.789737664516472981e-01
4.823084999257798988e-01
4.994732553657839635e-01
4.879333481715715237e-01
4.380381434548328845e-01
4.281734085040877491e-01
4.723640672023844966e-01
4.635195432904349877e-01
4.651139360662687738e-01
4.128882500617812590e-01
5.181425050724738357e-01
5.139671718089350305e-01
5.170555205247863162e-01
4.461359873212395466e-01
4.465281425743688470e-01
3.898292501537889976e-01
3.985867852569302539e-01
4.055541488118953874e-01
4.692240314984498228e-01
4.744575140217701104e-01
5.175605144846908701e-01
5.272332398943260223e-01
5.532804807626724442e-01
5.552305427467154608e-01
3.777613586271524326e-01
4.741379916585352072e-01
4.798560670006798978e-01
4.897281026300110973e-01
4.442615944629848546e-01
4.671062895578444452e-01
4.860274795489999411e-01
4.668256302691604631e-01
4.278168480737521429e-01
3.957987408585251776e-01
5.198227402274175901e-01
5.217962233987163412e-01
4.513046036915314696e-01
4.510202112948064612e-01
4.123865923645296250e-01
4.142698719079662695e-01
4.640765354826356104e-01
4.735783997077727681e-01
5.332987665176793790e-01
5.367727231774274133e-01
5.421264355067630936e-01
4.486779330873267857e-01
4.595807173374296117e-01
4.583471968405956609e-01
4.154911906317749759e-01
4.711991384685549900e-01
4.340170355596288387e-01
4.205670320468131718e-01
4.046713032316230918e-01
5.145318722900976693e-01
5.084744437990789123e-01
5.164178299598175537e-01
4.513149307105292496e-01
4.538210062732586092e-01
4.021776023267186750e-01
3.966848067766994279e-01
4.714119819011708956e-01
4.758462927499557127e-01
4.720774995962133680e-01
4.600880122897400559e-01
4.221304895025087545e-01
4.623976125732173204e-01
4.953972531760595932e-01
4.628163839800740198e-01
4.379152048795931784e-01
4.442010163512823961e-01
4.478161130557695158e-01
4.222360351723474237e-01
4.257923826257227207e-01
3.989968041420246525e-01
4.995105990366393023e-01
5.215563839585753980e-01
4.528645618836141806e-01
4.513704843737692540e-01
3.905541867907436626e-01
3.913905579362166320e-01
4.764036090882771690e-01
4.719145279820584626e-01
4.342460576082879387e-01
4.363917048882886562e-01
5.031331313194111754e-01
5.061651172208921912e-01
4.242430192554837998e-01
4.773020948211660341e-01
4.915005785742890265e-01
4.317438196375545933e-01
4.796639464666223041e-01
4.946049312145485710e-01
4.649948328962452138e-01
4.550573046494817975e-01
4.504281097127840194e-01
3.956557339918709282e-01
4.049941816271413475e-01
4.111446718543628198e-01
4.752805438716956599e-01
4.752211270086880712e-01
4.112625269013254758e-01
5.050007299704635244e-01
5.045010651948145242e-01
4.435967149670691501e-01
4.212258793168278670e-01
4.798502784001656973e-01
5.104454232356699928e-01
4.445919201167762846e-01
4.408912453365324557e-01
5.252940387543623135e-01
5.242954750439944300e-01
5.049826099556576908e-01
4.670554083422276404e-01
4.540964881965969258e-01
4.530964401914344131e-01
4.199460835126217484e-01
4.235937742847262766e-01
4.751317343117420489e-01
4.744027212609522315e-01
4.237339415891681060e-01
4.033213200243228047e-01
4.825761507039403320e-01
4.731985765020783052e-01
4.695645460772421287e-01
5.034034411510651674e-01
5.285472991183901570e-01
5.258155102174277840e-01
4.200732228274984825e-01
4.946972206174687359e-01
5.031842074789590891e-01
4.327357666668878999e-01
4.293072287906130047e-01
4.710560988494521539e-01
4.969135853383336299e-01
4.095877016706312990e-01
4.153026974920163150e-01
5.054488434963184673e-01
5.059409889490573686e-01
4.748286385257770026e-01
4.753134266408520214e-01
4.620576128868219556e-01
4.764488490851859770e-01
4.934257179028320728e-01
5.054142127301228804e-01
5.038269651929325743e-01
4.526995240493425499e-01
4.492273667599879228e-01
4.112957245660658900e-01
4.092555415265458629e-01
4.693817310073055693e-01
4.757022396158794297e-01
4.097564467638031838e-01
4.708145906173405448e-01
5.089625425409610715e-01
4.696392220952786967e-01
4.807831764005745523e-01
5.282911098689702101e-01
5.363863544312538201e-01
4.261244152833199017e-01
4.245151532247231629e-01
4.922149024363049463e-01
5.316846644755492957e-01
4.273779616797033221e-01
4.355205693328580985e-01
5.011103837710852993e-01
5.121562502641434644e-01
5.043740074542084617e-01
4.284245987352666152e-01
4.281949902309203360e-01
4.677796508805497910e-01
4.927565305686306130e-01
3.941522384825833503e-01
3.974298788949328087e-01
4.118215346071543714e-01
5.067714698375411775e-01
5.199563179817295877e-01
5.156267201762056995e-01
4.677195177069847776e-01
4.577458613433255663e-01
4.652021006517473301e-01
4.952676646711580144e-01
4.957425445193945901e-01
4.555965893030421432e-01
4.567453968030965594e-01
4.051229063321105106e-01
3.991794494213514177e-01
4.744805373146702698e-01
4.758091260950065848e-01
4.738099572859762465e-01
4.161156502295590420e-01
4.203447616212990234e-01
4.808468189903983836e-01
4.940149082811531311e-01
4.692422854907983831e-01
4.715356712657148841e-01
5.258303579494790769e-01
5.213658403057356283e-01
4.199036065613082624e-01
4.091128250284670198e-01
5.169226396510953059e-01
5.268265677216182885e-01
4.014905598906554629e-01
4.188663603790848122e-01
4.279268797599207197e-01
5.067941678004679318e-01
5.091425976629727623e-01
4.291536488471733302e-01
4.285635632654987148e-01
4.929362010744024469e-01
4.935998320501248648e-01
4.075692347441437491e-01
4.042761744899645571e-01
5.185145184005418573e-01
5.177506699684382152e-01
4.763389280941944248e-01
4.672730686545730205e-01
4.617548911050821103e-01
4.649253356254530734e-01
4.909520774452804659e-01
4.918998027165810694e-01
4.585937460263425081e-01
4.059467701702063613e-01
4.095549375167923389e-01
4.129683577982524167e-01
4.723034191618297184e-01
4.735216477441955285e-01
4.287572222358429497e-01
4.111382403974561117e-01
4.902476025843071628e-01
4.877301613101418520e-01
4.704330333318414437e-01
4.635943502325719501e-01
4.784368284239752800e-01
5.103758537606872814e-01
5.364292045188967517e-01
5.479842392494881365e-01
4.055969289798520006e-01
3.986504513569037456e-01
5.271182439713651968e-01
5.280173149592785053e-01
4.204030806216164651e-01
4.232841386784129689e-01
4.978411245522709749e-01
5.024668257076279065e-01
4.338893264095874946e-01
4.914539134552304844e-01
4.902107359010223209e-01
3.943495729659988736e-01
4.054896814557229501e-01
5.097970316516506895e-01
5.078187973706073111e-01
4.771720217463852887e-01
4.702766126974895489e-01
4.610601238561268800e-01
4.680901163723495961e-01
4.897050393299555715e-01
4.900242432584309693e-01
4.616059946290402838e-01
4.592916578459069199e-01
4.236988544756218333e-01
4.283617219681140620e-01
4.663553272777011260e-01
4.701645431426930699e-01
4.078422987265850619e-01
4.033955271057744207e-01
4.930596808817099830e-01
4.861799959535711424e-01
4.625307039560087041e-01
4.645771544420707055e-01
5.427960459294786100e-01
5.428686202651874515e-01
3.994646518108845856e-01
4.021771177933538555e-01
5.283523089598320954e-01
5.254576676425837256e-01
4.142332905893862383e-01
4.184022805234230979e-01
4.301247836025147708e-01
4.966911012017949378e-01
5.013329379867648150e-01
5.138585564958177976e-01
4.399661912760784443e-01
4.403396496961763384e-01
4.883640938466929926e-01
4.891838355356951662e-01
4.094168629650699609e-01
4.279200680282602698e-01
4.358044282675275216e-01
4.925512127066325463e-01
4.935981061596709241e-01
4.672501202368144479e-01
4.736615833785224883e-01
4.618480254690752740e-01
4.700189014887815597e-01
4.884584220617007033e-01
4.884951212197137793e-01
4.654563530506172220e-01
4.622438949237159811e-01
4.195420047193214597e-01
4.140363448315703687e-01
4.636722623881754934e-01
4.615244513022829786e-01
4.706473227598570452e-01
4.041926950160823484e-01
4.101408798745860285e-01
4.880601638534671216e-01
4.815975750893856100e-01
4.645934482790841646e-01
4.592640804395246024e-01
4.690826614088016711e-01
5.289723570424431642e-01
5.338526882271406038e-01
5.716581952960076984e-01
4.026273442492998011e-01
4.027982684406503644e-01
5.188098636449425261e-01
5.172320735752953258e-01
4.240136874954302248e-01
4.213016964700545541e-01
5.021442289258329916e-01
5.034152297856243630e-01
4.420784816954341223e-01
4.366985022400132199e-01
4.892202106217767299e-01
4.878899669937640238e-01
4.318835575969949270e-01
4.266439951720075729e-01
4.837036396001890282e-01
4.981259316473476972e-01
4.995087508877246174e-01
4.647964693462620644e-01
4.712990996791183718e-01
4.654602887885900264e-01
4.686713353273481153e-01
4.876392481468247442e-01
4.876278315754470349e-01
4.563192765271851248e-01
4.674460073385567349e-01
4.109242324655659195e-01
4.082243190762764318e-01
4.597346148584716130e-01
4.598799129862864432e-01
3.946364582763326467e-01
4.031498235024044696e-01
4.872929381339553556e-01
4.814834395522971655e-01
4.579346671645941336e-01
4.600296514487351995e-01
5.451624653177479241e-01
5.839803251874771117e-01
4.039703123228179371e-01
5.498920195489810370e-01
4.129958984739079408e-01
4.173158052696643860e-01
4.888515343566348093e-01
4.875063316763671994e-01
5.175888829207856423e-01
4.335378881402379148e-01
4.330246458034327506e-01
4.892853569949686121e-01
4.847785046716015511e-01
4.247112248355192632e-01
4.200836734285395835e-01
4.920576501783174295e-01
5.030882395900632131e-01
4.673032052792500113e-01
4.680693973097701521e-01
4.706565812877173682e-01
4.864807698090280463e-01
4.645916431006246183e-01
4.038641781463728209e-01
3.995547380045995078e-01
4.656241587625145617e-01
4.704740644137618832e-01
4.348658145912653872e-01
4.860658848325538073e-01
4.565034605653924271e-01
4.532440299048187682e-01
5.862066477477839710e-01
4.891770148675561591e-01
4.060111979469221977e-01
5.491587531290942348e-01
5.475056032889131785e-01
4.223019304185948175e-01
4.306422784927754210e-01
4.384683371133224483e-01
4.914614738948106520e-01
4.997391085570930258e-01
5.029851792972717117e-01
4.363399967751060426e-01
4.383708430372936227e-01
4.952987033790011706e-01
4.922537693209466658e-01
4.235484323687151997e-01
4.322998916581053952e-01
4.895371334671912433e-01
4.800431076722636581e-01
4.623103017930000891e-01
4.691325033983672621e-01
4.717367476669845905e-01
4.865589961844170031e-01
4.841123792853018193e-01
1.106352246196885991e+00
4.032659421016617229e-01
3.935072504531132997e-01
4.912701171382742316e-01
4.827473587926991438e-01
4.546072274064099639e-01
4.550516429995734025e-01
4.580324952585432263e-01
5.678932240813321375e-01
5.499721901391532164e-01
4.269779046360944741e-01
4.295439038491348782e-01
4.778715877501260589e-01
4.206010923333396989e-01
5.090409902787670360e-01
4.349171579623192230e-01
4.429307738968298325e-01
4.528792315286969128e-01
4.779517854303927948e-01
4.706619082030037982e-01
5.060786832152016634e-01
4.695030375351312846e-01
4.653100674945838122e-01
4.695028493011678683e-01
4.745180307070285264e-01
4.843328355901702076e-01
4.811305363864197826e-01
4.810570388799604857e-01
5.448595965793528784e+00
3.937217851827887194e-01
3.880629773593985421e-01
4.926666087408374528e-01
4.769771165199833685e-01
4.541250325646901675e-01
4.599698312132221578e-01
5.389528282614990395e-01
5.335618594890563227e-01
4.195118385853295884e-01
4.152970743833142020e-01
5.154094760567582423e-01
5.052126556385752032e-01
4.434249280855602215e-01
4.482577030274197405e-01
4.719558514520979520e-01
4.679571612193180186e-01
4.740314472814198266e-01
4.690122238742009397e-01
4.783153474109534398e-01
4.792195065215422711e-01
1.703969844489870411e+01
3.881739443409087387e-01
3.914356681429811968e-01
4.725407758607394482e-01
4.545045558718660006e-01
4.400638325199973111e-01
5.410795340761154204e-01
4.241043720870771305e-01
4.213369516956431138e-01
5.251423534089314504e-01
4.813960390570286574e-01
4.527528583690821340e-01
4.447836000480835383e-01
4.664686435427074507e-01
4.866183080007569495e-01
4.751557612812362108e-01
4.945504202433549934e-01
2.752078887589407330e+01
3.918761213584540104e-01
3.319835832565315448e-01
5.013201731736327549e-01
4.991458052356430031e-01
4.365544858475587930e-01
4.511983479908056038e-01
5.939693130254385389e-01
5.900702342987595994e-01
4.352140046977449050e-01
3.603251969547316969e-01
4.997124151522217006e-01
4.535816645971799121e-01
4.553249634398191525e-01
4.731466422181282994e-01
4.758567888534600554e-01
4.724834791487971253e-01
3.151435982246436041e+01
3.918975375343435319e-01
3.914502882894388414e-01
5.027170121448661932e-01
4.745605842413159747e-01
4.365489632992990976e-01
4.400351246766804891e-01
5.939832118410456330e-01
5.411005502803788447e-01
4.352286905101381831e-01
4.213501298850867438e-01
4.813998029523642308e-01
4.536183008614129153e-01
4.448139980757547796e-01
4.866813153678217763e-01
4.758611323156049511e-01
4.945604319505883528e-01
2.752073669649707455e+01
3.881672166615756092e-01
3.880531991937782310e-01
4.769087317908184964e-01
4.544600588732846669e-01
4.599369278608729794e-01
5.335657592727126586e-01
4.241142338111156818e-01
4.153067609975853447e-01
5.251382380488354151e-01
5.052175499489548471e-01
4.527760083223675291e-01
4.482806556158044353e-01
4.663616077220394396e-01
4.689990114811100619e-01
4.751670753041412620e-01
4.792275452744417241e-01
1.703964622300301102e+01
3.937142866942048847e-01
3.934969644255465471e-01
4.923412743599065444e-01
4.822447771698655794e-01
4.540979895386781928e-01
4.580008436884990819e-01
5.389641570672324411e-01
5.499806859699654105e-01
4.195202226771676535e-01
4.295512302607455979e-01
5.154055867773504884e-01
5.090293721059300225e-01
4.434501028714452620e-01
4.529078851514256598e-01
4.719968616879600121e-01
5.060520550357325842e-01
4.680363855894512648e-01
4.651741406320970551e-01
4.739866060765143274e-01
4.743771160010515353e-01
4.783224003764290910e-01
4.810631145573224798e-01
5.448568202842318797e+00
4.032590940056385298e-01
3.995486473889708900e-01
4.908832332975811008e-01
4.857360458211287813e-01
4.545810061333496188e-01
4.532068953887510299e-01
4.550185454503898330e-01
5.679029660834553628e-01
5.475148660937783074e-01
4.269830298290339665e-01
4.384717916121344539e-01
4.778708055183987780e-01
5.029697517796336559e-01
4.205881973341749624e-01
4.383574259724053457e-01
4.922567706338367710e-01
4.349389133687466824e-01
4.323445270924342609e-01
4.429708492381253526e-01
4.779208628510255297e-01
4.755566410229165597e-01
4.706381778089178125e-01
4.695250797063983961e-01
4.623128476766821260e-01
4.695515055200030208e-01
4.717340800137747592e-01
4.843384120274913385e-01
4.841180916359618114e-01
4.811366239628185881e-01
1.106340902178718277e+00
4.038549493511709443e-01
4.082211018024123339e-01
4.656276466045725648e-01
4.598881648152105539e-01
4.704809283372681228e-01
4.347900614320401314e-01
4.031428260525025120e-01
4.812831105093200446e-01
4.564739935273006699e-01
4.600082052042785419e-01
5.862198055157717969e-01
5.839834547516771224e-01
4.891832639928090920e-01
4.060150662470121130e-01
4.039726349859277810e-01
5.491542927576427147e-01
5.498848973089089931e-01
4.223076247566324160e-01
4.173205291515427739e-01
4.306457066982810056e-01
4.914710048228307371e-01
5.175909299633663085e-01
4.997369959427625519e-01
4.363289403970860292e-01
4.330168964179577085e-01
4.952974635096872857e-01
4.847695006415866925e-01
4.236454045049053985e-01
4.201389338838208420e-01
4.894746877641150684e-01
5.030229396499168448e-01
4.681183559932972638e-01
4.691326002637014603e-01
4.706429339920268351e-01
4.865643201225584580e-01
4.864860650695772559e-01
4.645856939230696425e-01
4.109160817329256532e-01
4.140294438329057969e-01
4.597223631767081709e-01
4.706274952629848074e-01
3.946652830249582355e-01
4.103136570928753168e-01
4.870868455754763793e-01
4.814390007853835418e-01
4.579122373254042588e-01
4.690598072351489511e-01
5.451822691260793663e-01
5.716740298699974909e-01
4.028049112467645410e-01
5.172376912064626797e-01
4.130010123305045688e-01
4.213056609689735943e-01
4.888551841122809050e-01
5.034326005129713399e-01
4.875130556866286158e-01
4.335330657598427395e-01
4.366956889789874174e-01
4.892706330519107083e-01
4.878695834611398996e-01
4.246844506610594205e-01
4.266707403499009899e-01
4.919927805200665083e-01
4.994663949276741954e-01
4.673032446644378446e-01
4.712963377546839361e-01
4.686556753213120263e-01
4.876329125579702550e-01
4.674393723070132123e-01
4.195334425389109501e-01
4.283475326657362747e-01
4.636560588193908150e-01
4.701513563593634482e-01
4.615163126638218150e-01
4.043704742040843403e-01
4.035885679804015469e-01
4.879158881770347955e-01
4.860643782874408125e-01
4.645752951345447634e-01
4.645620690787601870e-01
4.592423323109674493e-01
5.289860388765805777e-01
5.428939700950173863e-01
5.338695914812159327e-01
4.026347065989134277e-01
4.021855506686673465e-01
5.188177388074183272e-01
5.254657973194210019e-01
4.240157006400840922e-01
4.301274613036349392e-01
5.021574745133356998e-01
5.138681814090818589e-01
4.420793574030807416e-01
4.403430133063002683e-01
4.891959088780727938e-01
4.891546141480334065e-01
4.319040303958015525e-01
4.359326153206455334e-01
4.837103768563409401e-01
4.934834218383398197e-01
4.980919384496345081e-01
4.647823951608757720e-01
4.736670818078398959e-01
4.654559078539784456e-01
4.700115027857437733e-01
4.876442996035651456e-01
4.885001387224591207e-01
4.563143741788794894e-01
4.622351999899056429e-01
4.236813438745100080e-01
4.129350983570599376e-01
4.663413750581132944e-01
4.735071297711456184e-01
4.080104119059136392e-01
4.112760745499862702e-01
4.929676748893772609e-01
4.876547246535600788e-01
4.625172004565803463e-01
4.784253268130018166e-01
5.428154369690554315e-01
5.479985400205671375e-01
3.994730186497225666e-01
3.986606362013985771e-01
5.283596593357865467e-01
5.280229831627677450e-01
4.142346633765950359e-01
4.232824593674630043e-01
4.184041783458928854e-01
4.966916750500309785e-01
5.024718232993803380e-01
5.013509781881210214e-01
4.399790039311071155e-01
4.338996158778203327e-01
4.883285480589201200e-01
4.901743590755024971e-01
4.094443300489614135e-01
4.055152345803929026e-01
4.276443444610968370e-01
4.925641476860391776e-01
5.078745421444179620e-01
4.672364327112012994e-01
4.702642724906914151e-01
4.618540607707137813e-01
4.680894555198397700e-01
4.884634347268079213e-01
4.900293641800210209e-01
4.654493360549212810e-01
4.592845012680998873e-01
4.059307163989631095e-01
3.991739780469773513e-01
4.095351080539845201e-01
4.722896248872917591e-01
4.737925652063902371e-01
4.288698825203041132e-01
4.204476421505082828e-01
4.902109291091943932e-01
4.939901212948105136e-01
4.704264333872654746e-01
4.715335615679127068e-01
4.635806922714750811e-01
5.103881383626559520e-01
5.213886092535328087e-01
5.364543148872896738e-01
4.056074403311393795e-01
4.091234715737974703e-01
5.271261689537780626e-01
5.268318684437804933e-01
4.204024864002061657e-01
4.279275736086647908e-01
4.978579027223352660e-01
5.091505444786088574e-01
4.285723061321688454e-01
4.914106031114885420e-01
4.935485712161424843e-01
3.945567596298111823e-01
4.047647165498903243e-01
5.097370614741456585e-01
5.176635634623590887e-01
4.771577182109917881e-01
4.672587949537820307e-01
4.610727870914291260e-01
4.649401343171722933e-01
4.897102100407391689e-01
4.919052719485084713e-01
4.615991631000753159e-01
4.585861834292602190e-01
4.051129121013860579e-01
4.092487246257001110e-01
4.744617044472743683e-01
4.756860732954754645e-01
4.757975074336896482e-01
4.162020991660376201e-01
4.098149639228694796e-01
4.808489474620670223e-01
5.089773306753223592e-01
4.692401421990384791e-01
4.807729751564187581e-01
5.258473408123722770e-01
5.364038439587499596e-01
4.199149456727012120e-01
4.245274404488860731e-01
5.169246258659709881e-01
5.316891102960723536e-01
4.014864907831615093e-01
4.355161539649313185e-01
4.188642466715785107e-01
5.068123737169799581e-01
5.043975568307984547e-01
4.291652220726127065e-01
4.282100458874966153e-01
4.928807768460748417e-01
4.927079585926800176e-01
4.068600324260271961e-01
4.109442136094325626e-01
5.184265400036015548e-01
5.155585261131422348e-01
4.762848484022672024e-01
4.677187553295673039e-01
4.617562931188469166e-01
4.652200126255708890e-01
4.909578266665501345e-01
4.957495059619360656e-01
4.567363753281695748e-01
4.112902065386134787e-01
4.235836619918867951e-01
4.693653836783185929e-01
4.743830716875158116e-01
4.033507722079907598e-01
4.708131577542400414e-01
4.732049657972566270e-01
4.696287222344070478e-01
4.695763390750851696e-01
5.282991050953972367e-01
5.258072193288498841e-01
4.261412924619015219e-01
4.200897450181090287e-01
4.922095123855440568e-01
4.273731059072319871e-01
5.011133706062596005e-01
5.031875741225839693e-01
5.121696739212882044e-01
4.284366250445819091e-01
4.293292872043272257e-01
4.677374573526627000e-01
4.968442430703540746e-01
3.940929375746854424e-01
4.152454648769827172e-01
3.974713023578320126e-01
5.068634012419899193e-01
5.060971575249012533e-01
5.199115394937837697e-01
4.753286538069580458e-01
4.577874029483655072e-01
4.764620370028276319e-01
4.952744666674233076e-01
5.038342264711153096e-01
4.555893260005735579e-01
4.492180320879607391e-01
4.199282341362450821e-01
4.111036999140140757e-01
4.751166294128918999e-01
4.752064030849522114e-01
4.237347062248759122e-01
4.112365094506763574e-01
4.825699464416522977e-01
5.034213024810781922e-01
5.045255115056722639e-01
5.285479420688837804e-01
4.212437754555638514e-01
4.947099711552463974e-01
5.104593758513438218e-01
4.327575774612885673e-01
4.409149748548267245e-01
4.710558714997203911e-01
4.096285343110668831e-01
5.056049671858682260e-01
5.244265068982203459e-01
4.748212242861174492e-01
4.670237870682681369e-01
4.620448946413293068e-01
4.934273474256520298e-01
5.054194850103990166e-01
4.526914476688264077e-01
4.530877678084246352e-01
3.956351177562251187e-01
3.913743608772839999e-01
4.049642211574623896e-01
4.752683796364319257e-01
4.718711967430438969e-01
4.363589663050337908e-01
5.050057594449692822e-01
5.061895534571687616e-01
4.436157125950415669e-01
4.242593715958618561e-01
4.798719786602240189e-01
4.915123091280101941e-01
4.446199789031695659e-01
4.317749331965997084e-01
5.251791744069982393e-01
4.797082283116051449e-01
5.049699844455937114e-01
4.649701381204988104e-01
4.540865224703987124e-01
4.504220732710050856e-01
3.905419957553991628e-01
3.966791797202108838e-01
4.764011739387480349e-01
4.720790706493293021e-01
4.342976985950417479e-01
4.221787516304262855e-01
5.031393739116657438e-01
4.953935019522610061e-01
4.379278705688368079e-01
4.773132267353876745e-01
4.441967692557986513e-01
4.222601920193285729e-01
3.990949024514049981e-01
4.946012459489591562e-01
5.215738173358767105e-01
4.550502139645519195e-01
4.513653788784334764e-01
4.021711028757793960e-01
4.142617416638675332e-01
4.713903938703126739e-01
4.735648281552457539e-01
4.758179009513361368e-01
4.603420690952458316e-01
5.421488909406682044e-01
4.623916402483535526e-01
4.595779624293158117e-01
4.628346330886068394e-01
4.155059409776053481e-01
4.340086465013775485e-01
4.478134874227513440e-01
4.206381591435375822e-01
4.258677283927895241e-01
4.046759527532825529e-01
4.995292799836457132e-01
5.164270817204699160e-01
4.528592565599192654e-01
4.538178208127052748e-01
4.123716436531787988e-01
4.055133889445841633e-01
4.640588703854266472e-01
4.744354141576549999e-01
5.334372022659875645e-01
5.549670087724500878e-01
5.368461174007927994e-01
4.486915129981042805e-01
3.777767630159793444e-01
4.583611874659241359e-01
4.897283253793478508e-01
4.711833276883035104e-01
4.442499523300441622e-01
4.669027217237780580e-01
3.957626765427411097e-01
5.145330002511918632e-01
5.218025621663580083e-01
5.084770236364096752e-01
4.513096476695959147e-01
4.510097187150765574e-01
3.898109964039518927e-01
3.879734649770868460e-01
3.985572991692706291e-01
4.692086442144033920e-01
4.742142654968586890e-01
5.176299063644536069e-01
5.505332239405789085e-01
5.273726482702720819e-01
5.530934482747037473e-01
4.104124461621388442e-01
4.741411800613348215e-01
4.994812209711354534e-01
4.798557035325858311e-01
4.281685506970898114e-01
4.671518428969331227e-01
4.635785552770601003e-01
4.860575480681516014e-01
4.277759593587801001e-01
4.128439880627324809e-01
5.198232625545217145e-01
5.170592848417553400e-01
4.513102421896242333e-01
4.465285683178554232e-01
3.861378664497911450e-01
3.941972195899327014e-01
4.628255124160332024e-01
4.621086776230885484e-01
5.455963922981247327e-01
5.455733163492663129e-01
5.134775590413045432e-01
5.491633305434976409e-01
4.021081293802358791e-01
4.593847277169723076e-01
4.411273035922652630e-01
4.141235639347356501e-01
4.387468331286726864e-01
4.789795195436716280e-01
5.027159827279039650e-01
4.823170643429017801e-01
4.879376193484531443e-01
5.108009699638800249e-01
4.734263373704158950e-01
4.380063322259600822e-01
4.429347234557951540e-01
4.723974984333965677e-01
4.713405142819683813e-01
4.651146920688053465e-01
4.877781876432478736e-01
5.056060393654431273e-01
3.941589936697095231e-01
5.181315771443258944e-01
5.362736068155864455e-01
5.139665119003238303e-01
4.461308001737924189e-01
4.462180904716988583e-01
4.020882159841505099e-01
4.094381427973518006e-01
4.664110572523305076e-01
4.705282341565570348e-01
4.719487650129368661e-01
5.129691992829795710e-01
5.667317753224992982e-01
5.334286732461293035e-01
4.159701428444343430e-01
4.299480850346124039e-01
4.368520586797702832e-01
5.015478100731174393e-01
4.208377867857863719e-01
4.888935835638723582e-01
4.952168797696221980e-01
4.865007796978358945e-01
4.868475392211207842e-01
4.695542572636953738e-01
4.821465078039890995e-01
5.220884971564754284e-01
4.297815782627895653e-01
4.694459037274167357e-01
4.762445546937663088e-01
4.696865532420425593e-01
4.477900770674314579e-01
4.716388315811949616e-01
4.437338250282341079e-01
5.248939497612385985e-01
5.057877939985780946e-01
4.119149180994746140e-01
4.097275599386994149e-01
5.242329133073231340e-01
5.278890461846721394e-01
5.151755782013639484e-01
4.469160803733343013e-01
4.489770323320841916e-01
4.137780510211698792e-01
4.191346229903290532e-01
4.667293397560838275e-01
4.698793209083712008e-01
5.217677050635501912e-01
5.438931012748664529e-01
5.197169694545270557e-01
5.516272176616368039e-01
4.123323443960798529e-01
4.171464634137853622e-01
4.075293124401216383e-01
4.744197172573896282e-01
4.251568491208819744e-01
4.850896082275570342e-01
5.128165280273216942e-01
4.947416438429255159e-01
4.622438548169650052e-01
4.682857294268853443e-01
4.649305693840007359e-01
5.236876716222758077e-01
5.090647000279286960e-01
4.298897435540671164e-01
4.337329429322243080e-01
4.685224688965754503e-01
4.796794198074119109e-01
4.682771476406074607e-01
4.444627319515827013e-01
4.550334339114667226e-01
4.492100507192193781e-01
5.110455345574195229e-01
4.166102597430068055e-01
5.286352610691650300e-01
5.354496159414743328e-01
4.438778526629688082e-01
4.569876793261691272e-01
3.973488588504699437e-01
3.949348639401023542e-01
4.069570887737638532e-01
4.671695069144344847e-01
4.722708955792437324e-01
5.215133856445484106e-01
5.338182811536337224e-01
5.153463403797030606e-01
5.528200618377928643e-01
4.076276521359725180e-01
4.414003686521233982e-01
4.141364149166142927e-01
4.765514017755234644e-01
4.842813905412490239e-01
4.430149282549056822e-01
4.459982698416702362e-01
4.839307698570324279e-01
5.125116367561680653e-01
4.912107004781929853e-01
4.951298764549182385e-01
4.490826480641037510e-01
4.691108837658004571e-01
4.537641818397180615e-01
4.594391334099202640e-01
5.132417086326823696e-01
4.273309220850332601e-01
4.681511017263405017e-01
4.806252378728421149e-01
4.668855832056890143e-01
4.497037472841350358e-01
4.524537716600301462e-01
4.515256824620884069e-01
5.214813456003354331e-01
5.114178268992281007e-01
4.104087503909060186e-01
4.108747129569252921e-01
5.195080489608080443e-01
5.536424752081476885e-01
5.186602683781653678e-01
4.405166730489439852e-01
4.460153129119761584e-01
3.898967670569955524e-01
4.041008108913840546e-01
4.727542992928643883e-01
4.718920112306949632e-01
4.718851917574005683e-01
5.802751080468921963e-01
4.911313228254133856e-01
5.502112177895190914e-01
4.109195398028903656e-01
4.386427540050223950e-01
4.067644112778405208e-01
4.332899918577756138e-01
4.629655757630601887e-01
4.307062103248661122e-01
4.906366071112631122e-01
5.205456851978385036e-01
4.825600123137636643e-01
5.004154062965231464e-01
4.411315207607671152e-01
4.415181539612627049e-01
4.519769682286102208e-01
5.213724543844816539e-01
5.104127388327323045e-01
4.285433147232919349e-01
4.311316553933699502e-01
4.674648112679737899e-01
4.715799713840491680e-01
4.655020399773030504e-01
4.510454515705154543e-01
4.502953182293935597e-01
4.509934269914919192e-01
4.968275163949144591e-01
4.147212551449179774e-01
5.239120334750996255e-01
5.413422540156181961e-01
5.281465150776141204e-01
4.408852491273416163e-01
4.538183259782453405e-01
4.374925817221136382e-01
4.157770335449607613e-01
4.339117222575366584e-01
4.696309677798782833e-01
4.694674300744284823e-01
4.746700058073421435e-01
4.632793432989661397e-01
5.415740871121216271e-01
4.943117022565355900e-01
5.258676725430324606e-01
5.550890682269069565e-01
4.122952176968407989e-01
4.348129179646187392e-01
4.195539615013301749e-01
4.346428841427187884e-01
4.418152284917094552e-01
4.131294311871749891e-01
4.853845770319314967e-01
4.728856256829577220e-01
5.448677517984461538e-01
5.175793259437956317e-01
4.313036952449542105e-01
4.313349424028875556e-01
4.464855677369172771e-01
4.418113251238044437e-01
5.001771653155625552e-01
4.378468135167751241e-01
4.548017799937095762e-01
4.532191624829978172e-01
4.609370803962850593e-01
4.614937560083464119e-01
4.518153101583620712e-01
4.515741303248121397e-01
4.527106342395648686e-01
5.377903286326576326e-01
5.232480751272595709e-01
4.169016531784257018e-01
4.139223280912565639e-01
5.376273847768850978e-01
5.523062893245116456e-01
5.323219304207279512e-01
4.394731851456456506e-01
4.304757327624196273e-01
4.169356574543416905e-01
4.301229120875108558e-01
4.189174163570599796e-01
4.529306781454714437e-01
4.687074838938161681e-01
4.959372825404184115e-01
5.252736176106891364e-01
5.035119401473037160e-01
5.193383452413202761e-01
5.225016027593223367e-01
4.337913724656228820e-01
4.456362736098335442e-01
4.101288162336705900e-01
4.067640918945169548e-01
5.320182199775410625e-01
5.335979350336798044e-01
4.275100894486599246e-01
4.416733932822620168e-01
4.303585239136955565e-01
4.391714329857100974e-01
5.530505094736325455e-01
5.385279656608280563e-01
4.360979014553459931e-01
4.373342386773801937e-01
4.488436346779964836e-01
4.895232080282774234e-01
4.494269628934747240e-01
4.547822846755932846e-01
4.360032239690204703e-01
4.526142150270638931e-01
4.704528667204186942e-01
4.197177468832476444e-01
4.460617967658002669e-01
5.309457918867477311e-01
5.709750914836989599e-01
5.260595913802892376e-01
4.388685903838758229e-01
4.427067853534056852e-01
4.432711372682478501e-01
4.247175962042910591e-01
6.336262357510253906e-01
4.932836811389006981e-01
5.363133297574790292e-01
3.849563920547825480e-01
4.549161033082068095e-01
4.430587398647122255e-01
4.877188722461487380e-01
5.213175891658274885e-01
5.206941365432089519e-01
3.792532421165745182e-01
4.741245454958675776e-01
4.540312221814682414e-01
5.057406415678833422e-01
5.390836540616575911e-01
4.780083794086584237e-01
4.933965274766690667e-01
5.014455174359335743e-01
5.156262390665308226e-01
5.611957642379691302e-01
5.927397713349338293e-01
4.158791415740232256e-01
4.373303323534676323e-01
4.281059436915717886e-01
4.806894339117285808e-01
4.591730868072658178e-01
4.819871514220251951e-01
4.497086943805542747e-01
4.494706273060019019e-01
4.544206585875857907e-01
5.374803651464438170e-01
5.115512112593675331e-01
5.149790877028737057e-01
4.299669265424563847e-01
4.491461273712825664e-01
4.377730158735860799e-01
8.318117622700026415e-01
5.203735448109764183e-01
5.343975741786106681e-01
5.096066195343129657e-01
5.756372008168776366e-01
4.765200046100901421e-01
3.918122599572085862e-01
3.951056751570616865e-01
4.623873903171836219e-01
3.446422027664167720e-01
5.565800283210745603e-01
5.445222280521851976e-01
4.755613964115546488e-01
5.542397496171377336e-01
4.427035309932312312e-01
4.795521918900320646e-01
4.699387821416708966e-01
4.890805718545983560e-01
5.034370644886434487e-01
5.130277976587819255e-01
5.347806526341128963e-01
5.573135133686873965e-01
5.722454704707397033e-01
4.093421707724156922e-01
3.938860730791575726e-01
4.175219183134903367e-01
5.398640581211782141e-01
5.426329066026307490e-01
4.381941630468136895e-01
4.350307446084719643e-01
4.511316654414733729e-01
5.154103616257779130e-01
5.425112309350910156e-01
4.274510465413627891e-01
4.336025767285863197e-01
4.243450887499945479e-01
8.953768761321617697e-01
5.583648869084035793e-01
4.124097845418398522e-01
5.721985739563135720e-01
5.520739791649820205e-01
3.553145878792444146e-01
2.490843387662333153e-01
4.045399793435452418e-01
4.748920516331362474e-01
5.208183963761798818e-01
4.830719190306886346e-01
4.852735151588507545e-01
5.299371202735605468e-01
4.457208282326810544e-01
3.764349017089305693e-01
4.423593353976824627e-01
5.094171231777800957e-01
5.554924635900700958e-01
5.046986766121334123e-01
5.552730897631342755e-01
5.521444148052693235e-01
4.301308851550891821e-01
4.150758581390811552e-01
1.022561849778114373e+00
1.110189348769521772e-01
4.819236166499953899e-01
5.091033410213460231e-01
4.669984520130475159e-01
4.762452649814621353e-01
4.784497175860633056e-01
4.834453593573577179e-01
4.936685715806980457e-01
5.079311884008463895e-01
5.315508448117486351e-01
2.127903693070842539e-01
5.077904566999118519e-01
5.440667136118981784e-01
5.014269840322762573e-01
5.278573530512630230e-01
5.767612569588211890e-01
4.231282385454988582e-01
4.268858140608715046e-01
4.284714056990454045e-01
1.176036318225070376e+00
3.094890804434131670e-01
5.242510215879687685e-01
4.583568185649988247e-01
4.670871816444407409e-01
4.701219773301332228e-01
4.701343430461914497e-01
4.745744507793715483e-01
4.823202623932512090e-01
4.906673468985695008e-01
4.993312330324409798e-01
5.142875166134984743e-01
5.332756540397579625e-01
5.320080004837081100e-01
1.321735631784603793e-01
4.931353201563876132e-01
5.452696137501590323e-01
5.096133790477410663e-01
5.314202603134368097e-01
5.697628261806163552e-01
4.161548619522705272e-01
4.220507370520948931e-01
4.044452754685182727e-01
1.360071869745289819e+00
2.154829237180673207e-01
5.063930643634645401e-01
5.122189704250543762e-01
4.877861672233254620e-01
4.945190448044151088e-01
5.114327071514991330e-01
5.463966010650769256e-01
5.410860010479937587e-01
4.183888534049293173e-01
4.142315353090339491e-01
2.243958560050290096e-01
4.595068364116184356e-01
5.543332061024922597e-01
5.312211032457989646e-01
4.084569549565933988e-01
4.320143729596928606e-01
4.124647187189232622e-01
4.103749736755456512e-01
4.129944574047065831e-01
4.037088392904671919e-01
2.124398281501183927e+00
1.828740784516112772e+00
4.121230334161511411e-01
4.278794062928882314e-01
4.076776727148151980e-01
2.475716231884132146e+00
4.050778513922285717e-01
4.226036988578662501e-01
4.259337199966087284e-01
2.904691706742783985e+00
4.116317104083831446e-01
4.330609268144585133e-01
4.222484984839770528e-01
4.396847163012551074e-01
4.256520751519383139e-01
3.453297484215912760e+00
4.134948950426782233e-01
4.342074946742134345e-01
4.210473516704942853e-01
4.440792123410610692e-01
4.479856603297767137e-01
4.342131380111705075e-01
4.214518136592768194e+00
4.214376390998273436e-01
4.414325272507987341e-01
4.110493814635978738e-01
4.402803685324173100e-01
4.474693450373757875e-01
4.356789312793141189e-01
5.457334533814089284e+00
4.205211025688252446e-01
4.447488867421809933e-01
4.158777109366104119e-01
4.408441678075471493e-01
4.417540948754911656e-01
8.485564623788468097e+00
4.182048286850518215e-01
4.507449198185459194e-01
4.094372124701745608e-01
4.380403975430813279e-01
4.389340370106991074e-01
1.093301941671683863e+01
1.717290965410003167e+01
7.194661922781421914e+00
5.565174538458924403e+00
4.974024498007432626e+00
4.606006856537344873e+00
4.331304690179766048e+00
4.107626012215209954e+00
3.915926449371043283e+00
3.745643903680602183e+00
3.590394122626683782e+00
3.446172957404373349e+00
3.310458456531284011e+00
3.181701955799868919e+00
3.059011086704980897e+00
2.941937410647406104e+00
2.830326712259078725e+00
2.724210612254737818e+00
2.623727731358783455e+00
2.529066886466864172e+00
2.440426490322713526e+00
2.357985014046715566e+00
2.281877937376989074e+00
2.212177471835473863e+00
2.148872608326372280e+00
2.091848658332989164e+00
2.040867292870192085e+00
1.995549928575858889e+00
1.955368836036011526e+00
1.919651071829835853e+00
1.887599723698909715e+00
1.858334667738258172e+00
1.830951256585391151e+00
1.804590987149319758e+00
1.778514620707530636e+00
1.752166716770784394e+00
1.725221599579112031e+00
1.697603955722354119e+00
1.669481549395600339e+00
1.641231956028430528e+00
1.613389086946728890e+00
1.586578124274990120e+00
1.561448820565874751e+00
1.538616515043465860e+00
1.518617602736622052e+00
1.501882054547519330e+00
1.488720965344078717e+00
1.479323329733598813e+00
1.473754537050190550e+00
1.471950111543168127e+00
1.473701736861865674e+00
1.478637268274441308e+00
1.486200222929489723e+00
1.495635313942802025e+00
1.505984475475346862e+00
1.516094185854639953e+00
1.524633251828420466e+00
1.530123989993116940e+00
1.530999039921496108e+00
1.525704975140980801e+00
1.512871409240547749e+00
1.491541050824759296e+00
1.461415022743898007e+00
1.423029997643780797e+00
1.377779902201653028e+00
1.327741543421802284e+00
1.275342506690782418e+00
1.222975360398553812e+00
1.172674734906775207e+00
1.125930579554679456e+00
1.083645460573705366e+00
1.046196035451590456e+00
8.969885288972193615e-01
9.085231643544553481e-01
8.888371446508631646e-01
8.904750617244936439e-01
8.849950296650035408e-01
9.013248141907693745e-01
9.173431979294881522e-01
9.377210925068796277e-01
9.609299217893058076e-01
9.846557420772386049e-01
1.005775492982077246e+00
1.020359337263080590e+00
1.023673307301834923e+00
1.010150240842279112e+00
9.732652540546977704e-01
9.052003108132524734e-01
7.961567515335860046e-01
6.411389219076719659e-01
4.094097346229324530e-01
4.718468362612014411e-01
4.377893725565272232e-01
4.431213834990391232e-01
4.423978487071666410e-01
