1.173611059538936452e+01
7.693158081184773067e+00
6.050538802890339518e+00
5.350632368642465941e+00
4.395483362252859294e+00
4.111971448297459197e+00
3.949223395571709094e+00
3.819334563265670557e+00
3.691640489844393969e+00
3.551759427533916380e+00
3.393595059740721620e+00
3.217466537928986181e+00
3.028832427381402237e+00
2.836604460751295242e+00
2.651153421753075445e+00
2.482472355498902772e+00
2.338865892377287814e+00
2.226228166213374049e+00
2.147743027785493197e+00
2.103817051119563519e+00
2.092161563290901860e+00
2.108039220623293630e+00
2.144727777439876526e+00
2.194239374065139359e+00
2.248278012423380989e+00
2.299321313768654562e+00
2.341612228830232567e+00
2.371814836769757129e+00
2.389169539814951282e+00
2.395143136175039711e+00
2.392719127899543885e+00
2.385540203615452270e+00
2.377086498305443829e+00
2.369992544256847466e+00
2.365528827576668824e+00
2.363238317980815406e+00
2.360734581963509271e+00
2.353723545343577417e+00
2.336372758065175415e+00
2.302166068951482014e+00
2.245284407236032287e+00
2.162316160457719683e+00
2.053799087046062954e+00
1.924929766358733252e+00
1.784962931643225614e+00
1.645372504037478478e+00
1.517456816095741567e+00
1.410312092582725718e+00
1.329795123262062173e+00
1.278499858856199101e+00
1.256319689589636246e+00
1.261094650247790661e+00
1.289058713338668838e+00
1.335080822911625553e+00
1.392875753892165003e+00
1.455398929905151295e+00
1.515540625710627864e+00
1.567048552269829642e+00
1.605433631645070580e+00
1.628561373111165445e+00
1.636738253335482840e+00
1.632299924381666267e+00
1.618875749124542018e+00
1.600561904175650252e+00
1.581184941688510648e+00
1.563737437640106975e+00
1.549979404294985041e+00
1.540158109128020758e+00
1.532811065043792942e+00
1.524672148362837154e+00
1.510777652883900313e+00
1.484926701638901836e+00
1.440619536865133554e+00
1.372400195338650875e+00
1.277185354651965810e+00
1.154764188120152912e+00
1.009442798180424594e+00
8.622756610242073849e-01
7.493830322856857018e-01
6.812670278246265587e-01
6.303169846941716337e-01
5.837783693197590162e-01
5.546939785233860887e-01
5.342320954819782530e-01
5.230155855370947071e-01
5.224153139092450049e-01
5.307294031325127115e-01
5.547825808051809471e-01
5.791745209837905195e-01
6.085167156591640980e-01
6.326080479666310596e-01
6.500634342232198826e-01
6.583845844149359694e-01
6.576497038016813068e-01
6.495863087376273493e-01
6.374487832810104004e-01
6.212862500104646690e-01
6.077050177255263197e-01
5.959666284153493088e-01
5.867272486914627549e-01
5.797080153809941461e-01
5.736526076592536327e-01
5.663611989755628073e-01
5.549078202002389881e-01
5.304659399185739366e-01
5.019319793152949849e-01
4.647890830699523135e-01
4.192126482813164357e-01
3.706461761901029828e-01
3.227551817657489663e-01
2.812844736309704774e-01
2.429670721958744339e-01
2.102932545289386834e-01
1.817061670014673558e-01
1.614258493671847094e-01
1.484799216467441174e-01
1.425750841564910054e-01
1.420956623638211236e-01
1.448165430575972523e-01
1.486606779518565846e-01
1.521092567303379550e-01
1.542525042051658690e-01
1.546318078695760601e-01
1.530688336806948768e-01
1.495751943453787758e-01
1.443249917058060106e-01
1.376470511342651748e-01
1.300125592164425026e-01
1.220065450188874412e-01
1.142754306060268232e-01
1.074533350957477540e-01
1.033553550274114441e-01
9.976273873132028569e-02
9.819821666406032545e-02
9.856540257187586251e-02
1.004526709094543668e-01
1.030884916456426409e-01
1.053198663929457990e-01
1.056319304911260970e-01
1.022359637435228813e-01
9.333370604607793553e-02
7.769116039906200089e-02
5.649264085628220855e-02
3.318109372768104914e-02
1.394671282567889158e-02
4.351708510719505887e-03
5.759973788151000022e-03
1.433839068104555622e-02
2.395916055133655298e-02
3.022513788475586494e-02
3.179236546615255010e-02
2.937569434073184285e-02
2.445338451354415674e-02
1.849361369800113855e-02
1.264096124941187227e-02
7.652277498722807707e-03
3.933091936788471986e-03
1.585277385511481849e-03
4.112316770511639059e-04
1.158925259844941944e-04
4.016862571013003702e+00
3.832613570322479252e-05
4.659067202215196925e-05
3.140246527987935465e+00
1.345348115768720682e-04
4.131498204401188624e-04
2.572264365920812423e+00
1.402751645545883934e-03
2.144369103435601609e+00
2.958178957849329910e-03
1.800459708833289652e+00
4.590185878903661754e-03
1.523258286128224670e+00
5.505892846622597626e-03
1.311702531990688314e+00
1.020498599165174713e+00
1.019237624648584140e+00
1.020743101150469068e+00
2.510119052718943339e-02
3.718175040072798504e-02
4.627470982779476744e-02
1.050578294911455740e-01
1.952021403266256949e-01
2.955211721878506781e-01
2.982266306664917432e-01
5.079374378693729368e-03
1.158456981535367136e+00
5.899365039667781030e-02
5.606161690043890561e-02
2.960755793013499226e-01
7.647238235201870848e-01
1.004873223826748374e+00
8.244620543899485732e-01
6.802594541232811487e-01
7.279265834347060649e-01
9.368665740241451101e-02
9.514954339694191299e-02
4.521261701863622806e-02
2.840491175207421892e-01
2.777828019033741769e-01
3.344862390262776184e-03
1.043969348411401432e+00
2.001055281428528065e+00
1.552943729833925923e+00
2.322380738727401361e+00
2.247392333497239658e+00
2.350096673229323585e+00
2.545664273147018708e+00
2.439283769289196435e+00
6.618714578875334320e-01
2.306481362961558257e-01
1.262564463624333388e+00
1.429967131950672821e+00
1.393896089950278805e+00
1.012676412825602945e+00
8.046047931150587251e-01
9.830613684851031708e-01
1.274951624464820243e+00
1.325586575737635275e+00
1.115802070264305446e+00
1.249954202304850159e-01
7.252914684876818896e-01
5.757541379372265178e-01
3.452699870290080186e-01
1.417685892224392896e-01
2.638452467645508448e-01
2.104394066775549244e-01
1.333271355714049384e-03
9.522070573303148544e-01
1.051713565011453522e+00
7.423283491346895913e-01
1.812231853032169493e+00
1.738131419767801722e+00
1.379363915026978749e+00
1.556301926746751496e+00
2.312592527158132238e+00
2.810620552403947148e+00
2.445825028774526011e+00
1.910910719360994880e+00
6.086457581684158180e-01
4.013159650491517350e-01
2.244638023445281849e+00
1.279245138472903109e+00
1.074146821417474973e+00
1.478553998628675537e+00
1.270274403132050978e+00
1.077792676100283398e+00
1.788472074449242166e-01
1.732537419663991995e-01
5.610875247976618851e-01
2.903906107583676399e-01
1.639396442430856027e-01
1.629844343891486691e-01
2.393987537908405794e-01
1.045345052169414785e-01
1.550348113272259631e-01
1.059560549470529855e-01
1.971695074914612822e-01
1.255420493428010820e-01
9.820120178812938739e-04
8.687339294371705378e-01
2.199679059119192814e-01
1.256238151034089423e+00
2.262775806295022729e+00
1.753760074714398209e+00
8.357946461731977639e-01
2.778947534429065391e-01
3.512783654133916911e-01
1.731308276375602417e-01
9.502117662511751217e-02
1.304812727388060534e-01
5.344952948412116933e-02
5.278898102483443877e-02
5.473560808038704234e-02
4.371600177046830113e-03
8.079518088973693946e-01
1.186361386982822813e-01
2.719714644602928555e-01
2.634382429657786129e-01
2.136238707259200675e-01
1.490222041210752801e-01
1.363997304678054301e-01
1.005511660278612246e-01
1.163515077035786882e-01
3.005150708218107258e-02
2.567560604653331205e-02
1.260159091722613464e-02
7.712652017076103705e-01
2.331894107788576587e-01
2.574892377936234267e-01
1.901422961638765396e-01
2.898975515899169797e-01
1.047621192356386621e-01
1.841585872805242552e-01
6.238825279475642555e-02
1.701575127892066275e-01
5.043852631975634382e-02
2.555886503857562539e-02
2.513365516970841179e-02
7.533595168237865458e-01
7.011608864544296438e-01
2.690537385968767570e-01
3.580648069076236562e-01
3.097558721412453364e-01
1.513896594443538690e-01
1.977884951400651070e-01
7.822308157277822749e-02
1.921028507383682749e-01
1.324534024418762557e-01
5.509995197876046968e-02
4.005226179622446009e-02
7.461450560981254254e-01
1.084211872541052779e+00
1.667002543623748334e+00
1.675849664349260193e+00
3.080632380018596406e-01
8.638470038723459199e-01
1.134041320558303534e+00
2.792880778430405497e-01
4.473648994351918651e-01
1.830589096426289419e-01
2.525920064274673749e-01
2.167876361550214459e-01
3.083972884593613739e-01
1.293381692117322179e-01
5.493490693051260310e-02
7.405009398578898949e-01
1.407483391429880548e+00
1.143236096080824771e+00
1.172358619741628694e+00
1.548866810492957047e+00
1.074959470686268848e+00
1.095411806924557974e+00
3.290380380404954730e-01
1.145258827081114594e+00
9.819987370517794245e-01
1.175575396228304204e+00
1.320263033263613384e+00
2.528359926562986915e-01
2.867274690592226394e-01
4.485328946034660147e-01
8.574190615675035820e-01
1.001490685476966291e+00
1.402648426565953066e-01
8.515273737980481872e-02
2.901844679554592132e-01
5.320508353237245469e-01
1.965020971205011235e-01
1.313003923008560780e-01
3.268227628991730027e-01
4.714824916223153695e-01
1.617635680558897060e-01
1.845337268084241422e-01
6.777297796574272004e-02
7.311181751404458584e-01
1.610452406696432748e+00
1.603596225133959940e+00
1.545960507393435490e+00
1.453296244435660745e+00
1.335642765460882231e+00
1.098548798312883878e+00
8.628879507504791935e-01
8.782758193718476214e-01
9.416224462489674041e-01
5.136523155555900999e-01
9.778023410523239978e-01
8.095517783556549496e-01
8.345574256392703782e-01
9.541614891455424408e-01
1.306664243254412883e-01
2.439796842670198529e-01
5.529022922786865912e-01
6.943004938585819463e-01
6.836242535924905717e-01
4.588578008198270636e-02
2.939498918374906788e-02
4.914556309144301749e-01
6.115178113582026009e-01
6.306103927118685837e-01
1.891241944452639323e-01
1.711124877553767132e-01
7.749416850303357529e-02
7.135947461402195602e-01
9.535131716380585987e-01
7.435550715493611795e-01
5.422681062101023519e-01
3.675603822400909104e-01
6.437334061336211777e-01
5.370741619344947537e-01
5.898073650171777871e-01
4.412797829727976295e-01
1.740340845184514262e-01
4.366592326471318564e-01
3.577443026273654375e-02
5.277241268747024927e-01
5.027895471238048586e-01
4.860076481990476815e-01
5.848388467159295473e-02
6.131578775091887923e-02
1.150511988384021744e-01
8.418864642035521484e-02
6.864987153237068762e-01
4.388839232979003246e-01
3.285552972583705156e-01
1.171916563410623918e-01
8.816513958583534205e-02
6.483073311582295828e-01
3.393189199956453406e-01
2.632224718901278737e-01
4.752731433461253041e-01
4.873610740829065202e-01
1.650418667797644845e-01
8.694755117695397717e-02
2.966441599533163886e-01
3.787114035821869673e-01
9.050626145265898426e-02
5.999762044299424835e-01
6.523853120113319859e-01
5.181722326742290718e-01
8.532333016235836842e-01
9.841644543101158993e-01
9.939059547429730523e-01
1.745156830206888443e-01
1.140019317264425458e-01
3.121342922873945880e-01
4.768196965266607856e-01
5.708258566890822561e-01
6.311003152781164971e-01
7.266764235266847116e-01
3.118156536551177846e-02
3.018951228125015332e-02
1.450890154756495909e-01
4.399377051634339453e-01
4.133378715908274104e-01
4.992239163277145120e-01
1.703252068807432559e-02
3.607656874647376111e-02
6.405665209291235007e-02
3.734054634413424556e-01
3.197130729214359146e-01
3.381278316249934912e-01
3.351265037012202685e-01
9.235418313605245344e-02
5.387678167384868377e-01
2.525446520237493719e-01
1.475667216189710806e-01
9.836837443965853467e-01
8.189697109487958926e-01
8.345956103427956130e-01
9.996367876105094474e-01
1.033082237139118842e+00
8.616747307287199453e-02
1.666420664299453347e-01
7.252671425222059209e-01
7.128116086702204202e-01
5.443086990043366491e-01
4.882669287953207427e-01
5.529244323970114450e-02
1.528863822436942188e-01
4.890308089016358051e-01
3.559629986746048469e-01
2.841397500641418272e-01
6.077369661130622991e-02
1.335690981681746936e-01
2.794585146920720020e-01
2.120500912741658250e-01
9.485527078576039273e-02
4.728023282562709984e-01
2.543468704594623042e-01
3.008850892852664716e-01
8.910528377816737677e-01
4.023865337493875427e-01
3.463478422017718938e-01
2.824577963128946378e-01
3.169082955280952962e-01
2.565730259690687243e-01
1.861671355326750543e-01
2.282639647712155218e-01
2.476974030542364313e-01
1.636909672508490565e-01
1.090015959827220909e-01
1.834418611525932552e-01
1.956586517479411425e-01
1.342155921475517433e-01
8.994055166431381976e-02
9.911423524496928983e-02
3.995267661488521305e-01
2.789033926197336810e-01
9.930094128185844304e-02
2.626285955723822174e-01
4.564307460731718141e-02
1.968758506621531845e-01
2.424814745970292965e-02
1.601120095334585824e-01
2.089055043825868360e-02
1.062274636336299899e-01
3.221593379123808831e-01
1.862229565147819066e-01
8.031261723256505336e-02
1.754296211994341992e-01
5.847262339321618319e-02
1.405371797716769844e-01
3.717011495647254415e-02
1.247818179543651318e-01
2.516236318273215936e-02
1.156741865182079332e-01
2.486081540943177459e-01
1.114330719731095876e-01
1.260391228915384021e-01
1.034612223264041175e-01
1.026088447261122860e-01
8.176031783047400803e-02
7.280130791094319154e-02
7.137372016471967007e-02
5.357965512031048066e-02
1.318059388507512864e-01
1.787910847637115552e-01
1.068977571136179305e-01
1.588173131297604401e-01
7.841009813977370402e-02
1.249222073525220744e-01
5.194818069001096855e-02
9.332633663454954764e-02
3.305761734590464268e-02
7.463529282965056244e-02
1.548942048125089010e-01
1.210279105719711257e-01
2.739287529131457233e-01
2.045011378394273049e-01
2.044537784438560379e-01
1.616981912578082381e-01
1.438464549690682270e-01
1.278262319990087215e-01
7.946903186299625332e-02
1.044814472258493165e-01
1.872990532232175209e-01
7.739068366502820095e-02
3.703559648005845251e-01
5.503535986521504997e-01
2.172264227804948655e-01
1.775334658500960783e-01
3.178075382042213071e-01
4.312076488938715313e-01
1.876899266829267776e-01
1.631898096507399809e-01
2.483806623138649639e-01
3.167667766927323436e-01
1.594714394835022031e-01
1.456377688836201501e-01
1.636464706188469065e-01
1.970083527579445937e-01
1.311150515888314938e-01
1.190979390515030933e-01
2.350206707153799091e-01
4.933217958819082621e-02
5.975547789394445308e-01
6.341992961860981604e-01
6.516317699311743317e-01
6.595151859526704463e-02
5.271126150049940673e-01
5.561222859570441601e-01
8.772032037488715350e-02
4.302856986037634224e-01
4.744893683383297200e-01
1.037180045571528403e-01
3.066334967412689405e-01
3.424505819956018549e-01
8.081596554995131021e-02
3.011239238013885267e-01
3.291064793944921407e-02
5.880911610008718871e-01
7.030803208620464151e-01
7.654376325898283318e-01
5.420706325437672779e-02
1.291500237142249041e-01
6.299726067565993015e-02
5.501833751568978581e-01
5.526417562267526007e-01
6.315776938785127026e-01
4.068477684165385660e-02
4.886413431514239486e-02
8.561673146213084895e-02
4.438051308487210855e-01
4.679791647352269934e-01
5.016977217355770291e-01
5.613543385129643459e-02
4.893760893421590652e-02
1.033948224324663795e-01
3.484186707428099106e-01
3.880357105985075550e-01
3.963375257616348346e-01
4.176143850625742976e-02
3.592173398774325954e-02
8.028808519619196060e-02
3.951236795117458733e-01
2.407120753518223952e-02
7.380112936275815549e-01
4.858048640746773228e-01
2.245141246259282075e-01
6.330207512609358211e-01
4.316216288568608395e-01
2.021599341678667894e-01
8.166137028099638984e-02
4.209742349305845011e-01
2.147643836787612448e-01
8.687277574903161381e-02
4.214617995580671045e-02
2.862191845274980606e-01
1.408166196392358072e-01
5.639064454525104242e-02
2.870109931862749320e-02
5.132879753214988350e-01
1.981191892093372639e-02
6.944301958614341741e-01
1.771543088317091910e-02
6.566530815921096942e-02
1.391381962505791881e-01
4.830741529111634569e-02
1.201619169784611529e-01
2.161238116072680127e-01
3.668990096403694223e-01
4.112512997900805711e-01
1.562021496679737165e-01
1.571988176859406838e-01
7.594694665448109561e-02
3.502835145496143582e-02
6.810275812603835965e-02
1.414194684946794567e-01
2.674010368114844716e-01
3.562671051553679136e-01
1.636281578925908586e-01
1.640331117224806956e-01
8.916743929501570742e-02
3.942356772510995783e-02
5.310914679187958565e-02
1.145927440230504885e-01
2.271857137700022677e-01
3.231797252965076805e-01
1.757657151642263993e-01
1.758111814490437852e-01
1.030821929425113082e-01
4.639832488233303770e-02
4.578166989453170965e-02
9.626596022487367288e-02
1.942042119382790255e-01
2.824173149202205968e-01
8.970586506377556391e-02
9.307224997403251709e-02
4.361693000249636243e-02
2.093412972031623992e-02
4.374935293676583681e-02
9.661193712655094523e-02
1.742369708099989756e-01
2.470765867787620695e-01
1.259229834554515870e+00
1.653101051949769709e-02
1.551368782495851084e-01
1.548189952564351379e-01
1.391657781589390186e-01
4.031489199463289541e-01
3.642322828436067028e-01
1.996409796053893737e-01
2.061373260934086793e-01
3.393449797888963282e-01
2.696151968328368009e-01
2.661804926335499255e-01
1.864661387989155483e-01
1.902941003060771297e-01
3.099498557621519490e-01
2.468297780705913935e-01
2.418116789444079706e-01
1.834697191730098598e-01
1.845949038594699443e-01
2.744067192690697876e-01
2.156573177009810105e-01
2.064187914825153236e-01
1.096355568859587182e-01
1.132169702795935151e-01
2.443199067953377435e-01
2.018765739257312175e-01
1.863723670957505019e-01
2.725622639551137816e+00
1.585908589232094129e-02
1.515875982668613009e-01
3.504077299873364915e-01
2.442865796822667190e-01
2.597823188577857434e-01
1.795490952269790108e-01
2.184869603965343965e-01
1.684044397711100260e-01
1.939894972900293169e-01
1.411742386544841688e-01
1.392831130613031987e-01
1.138874588240207236e-01
1.131803422038805684e-01
1.177349752277314643e-01
1.076765727168915443e-01
7.604379193510129475e+00
1.560573970566866454e-02
1.526216618411541104e-01
8.664712156647201569e-02
2.333248895213360652e-01
1.117461754659446471e-01
2.688769259540087497e-01
1.838879805005521895e-01
1.772207546659356203e-01
8.098649631929474846e-02
2.218912404771295199e-01
1.467691956447177148e-01
1.673535604672119204e-01
7.884688852572153961e-02
1.941110708517940209e-01
1.241665113968296319e-01
6.273919274094583165e-02
7.088698131946644110e-02
3.449723095043287502e-02
1.927987374411867805e+01
1.561438827492838376e-02
3.609585847857862961e-02
3.546788550288421105e-02
9.103304413846032006e-02
2.688454743456021936e-02
7.157247628819081442e-02
2.765661014822983280e-02
5.899509335907676677e-02
2.183403928179381351e-02
3.529158783864406318e-02
7.262022531766881318e-03
2.858100074466252138e+01
1.565490479153575434e-02
2.041406988209715917e-02
1.469680070323058259e-02
6.031490710965537599e-02
1.105973294896610282e-02
4.497526508035176729e-02
1.214727031844625368e-02
3.551660061868793655e-02
9.369790288671920805e-03
2.069305116854621221e-02
-3.036137769746167473e-04
3.150352902378808295e+01
1.561438827493670869e-02
3.609585847851877471e-02
3.546788550290896208e-02
9.103304413853731403e-02
2.688454743451153262e-02
7.157247628852660137e-02
2.765661014796517644e-02
5.899509335969944923e-02
2.183403928149926787e-02
3.529158783950387540e-02
7.262022531425970859e-03
2.858100074464857343e+01
1.560573970568653393e-02
8.664712156634687967e-02
1.117461754661776413e-01
1.838879805005241286e-01
8.098649631925541881e-02
1.467691956451760149e-01
7.884688852532581449e-02
1.241665113977547114e-01
6.273919274051387163e-02
7.088698132060095025e-02
3.449723094971707954e-02
1.927987374410535182e+01
1.585908589235059465e-02
1.526216618409533821e-01
1.515875982666613775e-01
2.333248895218945629e-01
2.442865796829120084e-01
2.688769259537102108e-01
2.597823188574525100e-01
1.772207546661101196e-01
1.795490952271646679e-01
2.218912404776033354e-01
2.184869603969469554e-01
1.673535604671053112e-01
1.684044397709712482e-01
1.941110708525398965e-01
1.939894972907418857e-01
1.392831130608615520e-01
1.131803422049190572e-01
1.076765727159033764e-01
7.604379193502800227e+00
1.653101051954123865e-02
1.548189952562066818e-01
3.504077299882219498e-01
3.642322828446771243e-01
2.061373260930101647e-01
2.661804926341543864e-01
1.902941003059664127e-01
2.418116789446203285e-01
1.845949038593984737e-01
1.411742386541074146e-01
2.064187914827345094e-01
1.138874588249911279e-01
1.132169702798435651e-01
1.177349752267675548e-01
1.863723670950961642e-01
2.725622639547292891e+00
1.771543088323290424e-02
1.551368782493448284e-01
1.391657781584595133e-01
1.391381962501158365e-01
4.031489199470393303e-01
4.112512997907715184e-01
1.996409796049259111e-01
1.571988176851358276e-01
3.393449797895942144e-01
3.562671051560830637e-01
2.696151968333975191e-01
1.864661387987295305e-01
1.640331117218629953e-01
3.099498557631634177e-01
3.231797252977692825e-01
2.468297780708071099e-01
1.834697191728253129e-01
1.758111814483702129e-01
2.744067192702657754e-01
2.824173149215121748e-01
2.156573177012186815e-01
1.096355568859594676e-01
9.307224997362510688e-02
2.443199067957406434e-01
2.470765867792021342e-01
2.018765739253713942e-01
1.259229834552712202e+00
1.981191892102381058e-02
6.566530815889611017e-02
4.830741529129588263e-02
1.201619169790754810e-01
2.161238116081035665e-01
3.668990096413802249e-01
1.562021496671144316e-01
7.594694665382102639e-02
3.502835145484465423e-02
6.810275812650062877e-02
1.414194684953759829e-01
2.674010368123860282e-01
1.636281578919440427e-01
8.916743929443041172e-02
3.942356772491475286e-02
5.310914679218025486e-02
1.145927440236489819e-01
2.271857137710707186e-01
1.757657151635426129e-01
1.030821929419253463e-01
4.639832488207355776e-02
4.578166989465212722e-02
9.626596022529532171e-02
1.942042119391204913e-01
8.970586506327780929e-02
4.361693000201217335e-02
2.093412972014053672e-02
4.374935293704398931e-02
9.661193712702417780e-02
1.742369708105681869e-01
6.944301958600548330e-01
2.407120753532046575e-02
5.132879753201612383e-01
3.291064793966841373e-02
7.380112936298210968e-01
7.654376325909387768e-01
4.858048640776082006e-01
2.245141246276176616e-01
1.291500237154310227e-01
6.330207512625746213e-01
6.315776938799344542e-01
4.316216288591238626e-01
2.021599341691759366e-01
8.166137028158909628e-02
4.886413431532895396e-02
4.209742349321797250e-01
5.016977217363819408e-01
2.147643836800551542e-01
8.687277574971372096e-02
4.214617995593793187e-02
4.893760893412703317e-02
2.862191845290087411e-01
3.963375257627291814e-01
1.408166196403898562e-01
5.639064454587230241e-02
2.870109931867741160e-02
3.592173398750938412e-02
3.951236795094325016e-01
4.933217958852856300e-02
5.880911610014950552e-01
6.516317699317285550e-01
7.030803208621041467e-01
5.420706325466247144e-02
6.299726067535908747e-02
6.595151859496431457e-02
5.501833751577948073e-01
5.561222859575936095e-01
5.526417562273694406e-01
4.068477684157459362e-02
8.561673146183282346e-02
8.772032037459873144e-02
4.438051308492609315e-01
4.744893683387282901e-01
4.679791647357668949e-01
5.613543385112752110e-02
1.033948224324354320e-01
1.037180045571248210e-01
3.484186707433045149e-01
3.424505819960184660e-01
3.880357105992776057e-01
4.176143850594096069e-02
8.028808519627271545e-02
8.081596555003640880e-02
3.011239237990442907e-01
7.739068366552757927e-02
5.975547789405438737e-01
5.503535986534779934e-01
6.341992961866258494e-01
1.775334658500550555e-01
5.271126150054727955e-01
4.312076488946772201e-01
1.631898096508770379e-01
4.302856986039453324e-01
3.167667766925542083e-01
1.456377688840953255e-01
3.066334967415357826e-01
1.970083527578589677e-01
1.190979390527097947e-01
2.350206707134672446e-01
1.210279105726659449e-01
3.703559648012746397e-01
2.739287529138741406e-01
2.172264227805920378e-01
2.045011378397189050e-01
3.178075382047924058e-01
2.044537784442654604e-01
1.876899266832164626e-01
1.616981912581951231e-01
2.483806623136205760e-01
1.438464549687781258e-01
1.594714394841051097e-01
1.278262319996280039e-01
1.636464706186053497e-01
7.946903186268591823e-02
1.311150515903433400e-01
1.044814472271900635e-01
1.872990532216052828e-01
1.787910847645887424e-01
1.068977571139186483e-01
1.588173131300859020e-01
7.841009813991804689e-02
1.249222073528484245e-01
5.194818069003416527e-02
9.332633663508384247e-02
3.305761734612928243e-02
7.463529283084066601e-02
1.548942048115323211e-01
2.486081540953363478e-01
1.114330719732643249e-01
1.260391228917817075e-01
1.034612223265828773e-01
1.026088447264344172e-01
8.176031783084140858e-02
7.280130791150159209e-02
7.137372016553771015e-02
5.357965512148814280e-02
1.318059388503475260e-01
3.221593379134813362e-01
1.862229565150538835e-01
8.031261723279892184e-02
1.754296211997591615e-01
5.847262339350738081e-02
1.405371797721905180e-01
3.717011495679703459e-02
1.247818179552877271e-01
2.516236318336811245e-02
1.156741865179870959e-01
3.995267661499662393e-01
2.789033926201980873e-01
9.930094128236606477e-02
2.626285955729081301e-01
4.564307460755689938e-02
1.968758506629328942e-01
2.424814745972720884e-02
1.601120095344865935e-01
2.089055043803854372e-02
1.062274636335230338e-01
4.728023282573554642e-01
3.008850892855982617e-01
3.463478422031394111e-01
3.169082955284006076e-01
1.861671355333802957e-01
2.476974030550876671e-01
1.090015959827198705e-01
1.956586517492139854e-01
8.994055166386018263e-02
9.911423524487643355e-02
5.387678167395293372e-01
2.543468704597306451e-01
1.475667216192255438e-01
8.910528377830815305e-01
1.033082237141712323e+00
4.023865337506477569e-01
2.824577963130944225e-01
1.666420664298400023e-01
2.565730259699144922e-01
4.882669287973686600e-01
2.282639647719696407e-01
1.528863822438642217e-01
1.636909672509272162e-01
2.841397500646327123e-01
1.834418611537399491e-01
1.335690981688000822e-01
1.342155921474402491e-01
2.120500912751440981e-01
9.485527078548404434e-02
5.999762044309484565e-01
2.525446520252743743e-01
5.181722326783200216e-01
9.836837443964837613e-01
9.939059547470230349e-01
8.189697109491487215e-01
8.345956103442999652e-01
9.996367876133628316e-01
8.616747307332144057e-02
1.140019317276491362e-01
7.252671425237164904e-01
7.266764235286936602e-01
7.128116086707848575e-01
5.443086990061655195e-01
5.529244323964122715e-02
3.018951228119837182e-02
4.890308089031423777e-01
4.992239163295854598e-01
3.559629986752005371e-01
6.077369661163038728e-02
3.607656874665217395e-02
2.794585146937053066e-01
3.351265037032802874e-01
9.235418313580028016e-02
6.483073311592038035e-01
6.523853120152655061e-01
8.532333016285451599e-01
9.841644543140556367e-01
1.745156830225255140e-01
3.121342922892083593e-01
4.768196965277345378e-01
5.708258566906342368e-01
6.311003152811859307e-01
3.118156536576820181e-02
1.450890154766760476e-01
2.632224718929676577e-01
4.399377051634735247e-01
4.873610740841913813e-01
4.133378715916847246e-01
1.703252068819370926e-02
6.405665209350043521e-02
8.694755117791239107e-02
3.734054634428025099e-01
3.787114035837635950e-01
3.197130729230800994e-01
3.381278316271476569e-01
9.050626145241681686e-02
6.864987153246648877e-01
3.393189199978225989e-01
4.752731433480177348e-01
1.650418667810828466e-01
2.966441599551353225e-01
8.816513958575261656e-02
7.135947461411801251e-01
4.388839232987962746e-01
4.412797829702119756e-01
4.366592326512406808e-01
3.285552972604266486e-01
4.860076482008822141e-01
1.171916563418962248e-01
6.131578775115267832e-02
8.418864642003934251e-02
7.311181751414171925e-01
9.535131716411699987e-01
9.541614891464719195e-01
7.435550715531208388e-01
5.422681062136162078e-01
3.675603822430148493e-01
2.439796842692545653e-01
6.437334061343020775e-01
6.836242535918531926e-01
5.370741619352696894e-01
5.898073650173061289e-01
1.740340845193187602e-01
3.577443026312989577e-02
2.939498918383124521e-02
5.277241268762302706e-01
6.306103927145917387e-01
5.027895471253757131e-01
5.848388467170372723e-02
1.150511988380809730e-01
1.711124877548757528e-01
7.749416850246751420e-02
7.405009398588870972e-01
1.610452406696130323e+00
1.548866810497416813e+00
1.603596225141634246e+00
1.545960507403015827e+00
1.453296244444608476e+00
1.095411806938312749e+00
1.335642765461975578e+00
1.320263033260347774e+00
1.098548798317561470e+00
8.628879507561079132e-01
8.782758193756412535e-01
9.416224462503337556e-01
5.136523155572175758e-01
2.867274690609578625e-01
9.778023410545799710e-01
1.001490685478985787e+00
8.095517783563572767e-01
8.345574256380533518e-01
1.306664243265583669e-01
8.515273738003320547e-02
5.529022922803021878e-01
5.320508353253116107e-01
6.943004938592349795e-01
4.588578008201188441e-02
1.313003923012206753e-01
4.914556309147574131e-01
4.714824916225754392e-01
6.115178113604370358e-01
1.891241944447726031e-01
1.845337268082121451e-01
6.777297796541387198e-02
7.461450560991527148e-01
1.407483391437266418e+00
1.675849664356407365e+00
1.143236096084043529e+00
1.172358619739287011e+00
1.074959470690771912e+00
3.290380380414486550e-01
3.080632380026911976e-01
1.145258827084243203e+00
1.134041320561949728e+00
9.819987370511017444e-01
1.175575396222050983e+00
2.528359926571297489e-01
2.792880778437697997e-01
4.485328946049292886e-01
4.473648994368020770e-01
8.574190615689475381e-01
1.402648426569126916e-01
1.830589096430430829e-01
2.901844679557351592e-01
2.525920064277161203e-01
1.965020971212431411e-01
2.167876361558818132e-01
3.268227628987295796e-01
3.083972884588153662e-01
1.617635680559488254e-01
1.293381692119409399e-01
5.493490693037640649e-02
7.533595168248475860e-01
1.084211872541474886e+00
7.011608864562003385e-01
1.667002543627317923e+00
2.690537385972565088e-01
8.638470038743635282e-01
3.580648069087815077e-01
3.097558721421245220e-01
1.513896594449278543e-01
1.977884951405653180e-01
7.822308157285619290e-02
1.921028507390741269e-01
1.324534024411011535e-01
5.509995197898197999e-02
4.005226179614961024e-02
7.712652017087050504e-01
2.331894107796506910e-01
2.574892377941165877e-01
1.901422961643918774e-01
2.898975515907655787e-01
1.047621192357933995e-01
1.841585872809038682e-01
6.238825279496566789e-02
1.701575127894155437e-01
5.043852631935834968e-02
2.555886503858336226e-02
2.513365516965159960e-02
8.079518088984859459e-01
1.186361386984657457e-01
2.719714644613591137e-01
2.634382429664917091e-01
2.136238707264836167e-01
1.490222041212017623e-01
1.363997304679840927e-01
1.005511660282722708e-01
1.163515077038919654e-01
3.005150708226260459e-02
2.567560604635260937e-02
1.260159091717745136e-02
8.687339294382867561e-01
2.199679059127740977e-01
8.357946461752305822e-01
2.778947534434416666e-01
3.512783654151331869e-01
1.731308276378426270e-01
9.502117662553991040e-02
1.304812727391971849e-01
5.344952948452438846e-02
5.278898102513879254e-02
5.473560807994305721e-02
4.371600176995443267e-03
9.522070573313897723e-01
7.423283491385908039e-01
1.256238151044483775e+00
1.910910719371895494e+00
2.262775806295361569e+00
1.753760074711339101e+00
4.013159650504244391e-01
1.077792676106877456e+00
1.732537419670749368e-01
2.903906107597003516e-01
1.629844343891500846e-01
1.045345052173539679e-01
1.059560549475428298e-01
1.255420493422468864e-01
9.820120178616763198e-04
1.043969348412461029e+00
1.051713565016010099e+00
1.812231853035745743e+00
1.738131419770732267e+00
1.379363915029123921e+00
1.556301926750552456e+00
2.312592527163529699e+00
2.810620552411416284e+00
2.445825028786293043e+00
6.086457581696880226e-01
1.552943729843082155e+00
2.244638023435824081e+00
2.439283769309513517e+00
1.279245138462509868e+00
1.074146821417677478e+00
1.478553998635212308e+00
1.270274403139041164e+00
1.788472074469572293e-01
2.306481362993614559e-01
5.610875247990904091e-01
1.115802070269658275e+00
1.639396442428416034e-01
1.249954202302567541e-01
2.393987537914538111e-01
3.452699870301921825e-01
1.550348113277026096e-01
1.417685892227499578e-01
1.971695074910245205e-01
2.104394066768494054e-01
1.333271355688731962e-03
1.158456981536581498e+00
2.001055281436987521e+00
2.322380738738389461e+00
2.247392333511159190e+00
2.350096673243251555e+00
2.545664273153142254e+00
6.618714578895642520e-01
1.262564463618503829e+00
1.429967131937419422e+00
1.393896089934171245e+00
1.012676412815441296e+00
8.046047931164808098e-01
9.830613684918138029e-01
1.274951624472070444e+00
1.325586575742955908e+00
5.606161690105262996e-02
7.252914684893629893e-01
7.279265834369899046e-01
5.757541379380957114e-01
9.514954339691999996e-02
2.638452467640851062e-01
2.777828019031986506e-01
3.344862390199729828e-03
1.311702531992208431e+00
5.899365039731455096e-02
2.960755793021144777e-01
7.647238235200787271e-01
1.019237624655918051e+00
1.004873223826839856e+00
1.020743101149107490e+00
8.244620543906885368e-01
6.802594541256707927e-01
9.368665740238224515e-02
4.521261701853621778e-02
3.718175040063333853e-02
2.840491175203774810e-01
2.982266306663229893e-01
5.079374378631940253e-03
1.523258286130159789e+00
1.020498599165234221e+00
2.510119052730523312e-02
4.627470982834622215e-02
1.050578294919617961e-01
1.952021403274846745e-01
2.955211721879787423e-01
5.505892846611423405e-03
1.800459708835655093e+00
4.590185878915244502e-03
2.144369103438326540e+00
2.958178957849483866e-03
2.572264365923962792e+00
1.402751645545500560e-03
3.140246527991643166e+00
4.131498204395568120e-04
4.016862571017630223e+00
1.345348115729760690e-04
4.659067201913953384e-05
6.050538802897222901e+00
3.832613570443016107e-05
1.158925259871373302e-04
7.693158081193391062e+00
1.173611059540280976e+01
5.350632368648224002e+00
4.395483362257404103e+00
4.111971448301635412e+00
3.949223395575692575e+00
3.819334563269494609e+00
3.691640489848099893e+00
3.551759427537522384e+00
3.393595059744193509e+00
3.217466537932357706e+00
3.028832427384692050e+00
2.836604460754456269e+00
2.651153421756088591e+00
2.482472355501760930e+00
2.338865892379953682e+00
2.226228166215893811e+00
2.147743027787947234e+00
2.103817051121950499e+00
2.092161563293192028e+00
2.108039220625581578e+00
2.144727777442293704e+00
2.194239374067691983e+00
2.248278012426092154e+00
2.299321313771516273e+00
2.341612228833192866e+00
2.371814836772734747e+00
2.389169539817895593e+00
2.395143136177935173e+00
2.392719127902451781e+00
2.385540203618414790e+00
2.377086498308347284e+00
2.369992544259673206e+00
2.365528827579490567e+00
2.363238317983573200e+00
2.360734581966155599e+00
2.353723545346111834e+00
2.336372758067732924e+00
2.302166068954090594e+00
2.245284407238595126e+00
2.162316160460167058e+00
2.053799087048242544e+00
1.924929766360618633e+00
1.784962931645009077e+00
1.645372504039272599e+00
1.517456816097612515e+00
1.410312092584660615e+00
1.329795123264028378e+00
1.278499858858411997e+00
1.256319689592130251e+00
1.261094650250375038e+00
1.289058713341234785e+00
1.335080822914092913e+00
1.392875753894484925e+00
1.455398929907544714e+00
1.515540625713164280e+00
1.567048552272394257e+00
1.605433631647646742e+00
1.628561373113711852e+00
1.636738253337973070e+00
1.632299924384098100e+00
1.618875749127005825e+00
1.600561904178154027e+00
1.581184941691022194e+00
1.563737437642670924e+00
1.549979404297595398e+00
1.540158109130631114e+00
1.532811065046396859e+00
1.524672148365463276e+00
1.510777652886555522e+00
1.484926701641490876e+00
1.440619536867574713e+00
1.372400195341027196e+00
1.277185354654325256e+00
1.154764188122392232e+00
1.009442798182600187e+00
8.622756610264264987e-01
7.493830322874354133e-01
6.812670278262877854e-01
6.303169846960029465e-01
5.837783693213597358e-01
5.546939785250847299e-01
5.342320954836052849e-01
5.230155855381839469e-01
5.224153139104653620e-01
5.307294031341712737e-01
5.547825808068240772e-01
5.791745209855374554e-01
6.085167156611481776e-01
6.326080479686545521e-01
6.500634342253910347e-01
6.583845844170805872e-01
6.576497038038049414e-01
6.495863087398564550e-01
6.374487832833056755e-01
6.212862500127738219e-01
6.077050177276999143e-01
5.959666284175079154e-01
5.867272486936624398e-01
5.797080153831042360e-01
5.736526076610847236e-01
5.663611989772942001e-01
5.549078202021979767e-01
5.304659399205247094e-01
5.019319793169365607e-01
4.647890830715253885e-01
4.192126482826648015e-01
3.706461761910258002e-01
3.227551817665325062e-01
2.812844736316341132e-01
2.429670721965320745e-01
2.102932545296423428e-01
1.817061670020435338e-01
1.614258493676798134e-01
1.484799216472757755e-01
1.425750841569818350e-01
1.420956623643122585e-01
1.448165430581975222e-01
1.486606779527129274e-01
1.521092567313558630e-01
1.542525042058046081e-01
1.546318078701447718e-01
1.530688336814719219e-01
1.495751943459660838e-01
1.443249917064215460e-01
1.376470511349314474e-01
1.300125592168469291e-01
1.220065450191723661e-01
1.142754306063987063e-01
1.074533350961874995e-01
1.033553550278534100e-01
9.976273873169454187e-02
9.819821666460061549e-02
9.856540257239132519e-02
1.004526709096379561e-01
1.030884916456337314e-01
1.053198663928341244e-01
1.056319304911653573e-01
1.022359637436791313e-01
9.333370604616568478e-02
7.769116039905485382e-02
5.649264085612464709e-02
3.318109372738693025e-02
1.394671282545130800e-02
4.351708510653316646e-03
5.759973788211772590e-03
1.433839068111595477e-02
2.395916055129151262e-02
3.022513788461670542e-02
3.179236546601212771e-02
2.937569434062281548e-02
2.445338451342085606e-02
1.849361369787889606e-02
1.264096124931263047e-02
7.652277498665733570e-03
3.933091936761744234e-03
1.585277385506935572e-03
4.112316770572356549e-04
