1.790435324587668831e+01
1.134182445197325073e+01
8.786307104639554666e+00
7.391758719148151968e+00
5.655327874806353350e+00
5.010643896997359903e+00
4.604423555748187624e+00
4.299571548349156558e+00
4.051217679443858799e+00
3.839196575955562185e+00
3.652370316356947644e+00
3.483992808302159183e+00
3.329760114130086102e+00
3.186846411984201932e+00
3.053374673233860470e+00
2.928103332446681861e+00
2.810228437304819415e+00
2.699251099094114537e+00
2.594883788756304543e+00
2.496980707455580983e+00
2.405483475403649152e+00
2.320376713735043506e+00
2.241650158992079422e+00
2.169265386138723883e+00
2.103126335392212276e+00
2.043053845433942417e+00
1.988765426082660825e+00
1.939862548836798872e+00
1.895828556814805887e+00
1.856040431328186635e+00
1.819796565403202893e+00
1.786360094693783651e+00
1.755013544417225901e+00
1.725116675161722846e+00
1.696157095635031808e+00
1.667783905670720879e+00
1.639818707050160418e+00
1.612244581156731638e+00
1.585179687590909658e+00
1.558845491936602601e+00
1.533538932350507977e+00
1.509613553268872810e+00
1.487468794901604774e+00
1.467541773785825399e+00
1.450293842669378552e+00
1.436185300002726262e+00
1.425634733900589923e+00
1.418962964729078902e+00
1.416324241756447666e+00
1.417629325786250005e+00
1.422467590177403540e+00
1.430039820326603150e+00
1.439120328787454772e+00
1.448073974347565906e+00
1.454955047349039798e+00
1.457703758827123108e+00
1.454428708888721555e+00
1.443726210569342916e+00
1.424956413370115582e+00
1.398391847829001611e+00
1.365185397733289285e+00
1.327161178424138832e+00
1.286487595996487210e+00
1.245322042718633115e+00
1.205511353093234206e+00
1.168399638305769983e+00
1.134754888306045650e+00
1.104796061270436169e+00
1.078291304201463463e+00
1.054700958372048580e+00
1.033345285933171320e+00
1.013578077941196920e+00
9.949432586857539507e-01
9.205489796630903498e-01
9.212351996820751232e-01
9.275858541329323748e-01
9.571643433456130667e-01
9.787003861263480209e-01
1.002075638325491180e+00
1.023787447177544552e+00
1.038899512465756292e+00
1.041012642938511146e+00
1.022429522853798511e+00
9.744087068040682142e-01
8.871448230772679411e-01
7.522977050819347200e-01
5.814187787595711532e-01
4.389089915548053389e-01
4.475830387863788395e-01
4.491517986167989362e-01
4.508465946256934864e-01
4.479208218676130615e-01
4.514014998804565248e-01
5.623743416741511680e+00
4.409203042563076269e-01
4.470619216508528448e-01
4.502262261129301724e-01
4.456980281744262751e-01
4.475406486987796861e-01
4.338327255529938142e+00
4.379834004413694082e-01
4.470158317816236848e-01
4.490880617293498411e-01
4.443179293016959464e-01
4.453619358220085589e-01
3.560167454667697129e+00
4.358118286290318388e-01
4.479745775402573238e-01
4.483595915344945615e-01
4.449388383930603097e-01
4.413944177348939624e-01
3.005237077366898824e+00
4.357093924988793554e-01
4.411999222504041085e-01
4.470542726842485215e-01
4.468846610994143265e-01
4.519573561282755336e-01
2.575253386413117962e+00
4.375880869207600110e-01
4.322020656384447101e-01
4.439417184541493144e-01
4.412889416993610037e-01
4.398921660690481850e-01
4.411846007840608541e-01
2.225536743741922230e+00
4.289649661140357839e-01
4.400146154331104897e-01
4.396417429687834444e-01
4.534667060760442237e-01
1.932258582448724837e+00
4.282927167273321012e-01
4.383968108611341341e-01
4.349165476426521959e-01
4.301118397551368933e-01
4.331420941167335448e-01
4.348346012978869801e-01
4.287842963213067682e-01
4.659150032766760097e-01
4.039108781938287041e-01
4.734995702801503281e-01
4.820094825255806792e-01
4.905886551692945630e-01
4.924787551592841317e-01
4.327603181470351390e-01
4.429863247806219984e-01
1.274507983938026001e+00
1.463948604506625006e+00
4.405153799780627821e-01
4.533362376634207935e-01
4.589855195273181421e-01
4.736099350502961935e-01
4.726720175050115880e-01
4.853348612626073311e-01
4.813348616655240275e-01
4.931554560199086223e-01
4.315163841918069343e-01
4.287650157207337775e-01
4.538908351798186525e-01
1.107150301386560232e+00
4.094903147210260941e-01
3.934676419196811437e-01
3.664586999004269541e-01
3.817882922676971158e-01
4.333635265889449473e-01
4.935885890451223723e-01
4.965906838752709995e-01
4.744128210272169355e-01
4.566515976033375668e-01
4.549449991378707314e-01
4.581211435793062225e-01
4.619126407141532220e-01
4.647545007630961011e-01
4.694724026193543565e-01
4.665017383913830917e-01
4.624948403365291560e-01
4.185527131997379136e-01
4.355687130306201693e-01
4.492572501004571395e-01
4.669238160885766376e-01
4.711810149066977260e-01
4.786407678710414282e-01
4.914013673580559516e-01
4.897347631895642150e-01
4.290029866207443199e-01
4.337194988751291169e-01
4.452529004303222848e-01
9.893998859028313442e-01
4.631058965781059134e-01
4.294057101734615745e-01
4.421893434639599385e-01
4.859474772534334019e-01
4.596424752960648896e-01
4.576685371950321990e-01
4.563027532783146545e-01
4.558025825487372895e-01
4.568007461237121869e-01
4.586679181225425395e-01
4.597294376051190290e-01
4.621689985885124585e-01
4.637039863548482743e-01
4.689955334617152416e-01
4.661474047599207249e-01
4.395489270630911216e-01
4.472688410191876240e-01
4.656812996985758568e-01
4.706167576257805907e-01
4.778076324808850361e-01
4.969371850851654338e-01
4.872909105387328021e-01
4.322409587351875304e-01
4.378749365757295120e-01
4.262271145888947843e-01
7.859097125319979282e-01
4.608116031847358518e-01
4.093838077273499465e-01
5.005181269290519541e-01
4.331717092528554747e-01
4.462956723732582343e-01
4.725265798449598265e-01
4.604699282952145478e-01
4.585819087168757635e-01
4.595143486803220934e-01
4.605843244394244862e-01
4.671007046772983062e-01
4.781927064995541432e-01
4.393207464524626626e-01
4.407064581086459487e-01
4.616686424781709097e-01
4.736620639213763306e-01
4.723598828882630829e-01
4.806229734687727517e-01
4.923263890135274878e-01
5.021785298123184749e-01
4.355876617530352601e-01
4.373871110396770900e-01
4.320987256934787357e-01
4.276454870605624903e-01
4.005773876316123805e-01
3.976436228879233759e-01
4.682457901377102827e-01
3.589449955354159782e-01
4.309116331833953151e-01
4.615754035992261639e-01
4.664026732861311086e-01
4.616817904512126036e-01
4.604819784087680890e-01
4.632221490745387915e-01
4.369810363441662404e-01
4.446753239638265298e-01
4.464942528157234691e-01
4.446986544315204015e-01
4.700150395899977407e-01
4.544285386495881540e-01
4.281561043924467236e-01
4.685262575205291213e-01
4.393047711699730740e-01
4.420638489242022517e-01
4.642515979199220988e-01
4.699811460264380902e-01
4.744741143299940345e-01
4.910114214541457800e-01
4.933894512330502802e-01
4.355585287736232214e-01
4.436306617945328656e-01
4.511238760804254788e-01
4.456615676437517548e-01
4.423318605396263647e-01
4.711621130537407276e-01
4.452790343784450711e-01
4.396850168292251171e-01
5.228921145187309660e-01
5.621288742938935767e-01
4.375740392105486043e-01
4.448428758252837012e-01
4.551061243195083095e-01
4.595104094412013063e-01
4.607822367374706518e-01
4.621873325702169910e-01
4.614668241197009690e-01
4.590468827899349957e-01
4.573845421389382548e-01
4.581091514241471541e-01
4.595305470567564443e-01
4.624530579327209012e-01
4.565612681818296270e-01
4.364829544686474883e-01
4.486650463518792042e-01
4.619233777528206630e-01
4.902755788578226359e-01
4.332169427596546107e-01
4.611346355033190125e-01
4.644874961130761593e-01
4.623314600582321132e-01
4.625782392802529897e-01
4.394749500708887147e-01
4.427500937502748535e-01
4.651295074612072922e-01
4.759939197333351024e-01
4.726001161249565596e-01
4.734670306996848210e-01
4.341658026012271132e-01
4.344473379399920177e-01
4.534328124064764820e-01
4.438744109494703882e-01
4.473466396040350346e-01
4.532850847942288541e-01
5.097078534189541932e-01
5.703857431333675398e-01
5.204749900133560647e-01
4.554850281661615430e-01
4.210613598827860349e-01
4.342994294931241672e-01
4.534694026242775400e-01
4.565567810127828530e-01
4.502864820146652014e-01
4.548520975382149278e-01
4.515783468851596871e-01
4.536478615768828604e-01
4.600604897718130748e-01
4.582173474977624394e-01
4.523305004851221334e-01
4.430783755749675423e-01
4.433610365604997994e-01
4.433281537781362802e-01
4.619685804011824382e-01
4.824017137120547583e-01
4.654530777963016841e-01
4.434910263839932365e-01
4.404687922095389951e-01
4.621441931446115814e-01
4.593173517065627376e-01
4.739326410804260981e-01
4.402121910385937698e-01
4.432825629468628015e-01
4.609832805667430922e-01
4.977683847363320035e-01
4.842855693504249937e-01
4.551062726103709544e-01
4.881821242370596448e-01
4.320688885824243708e-01
4.285728820549971618e-01
4.570424283120982922e-01
4.501005922777518431e-01
4.485549295230079059e-01
5.425472305006947549e-01
4.421442013361735479e-01
4.391415171789383454e-01
3.957614033413620613e-01
4.364047546353718166e-01
4.670075796704350468e-01
4.770127418689013576e-01
4.872671837695214392e-01
4.482115244088628603e-01
4.519294614652317743e-01
4.512035731438683861e-01
4.580071056496000659e-01
4.604552578796219375e-01
4.439439531566518604e-01
4.510540331263399039e-01
4.756663618337462207e-01
4.863690057225943386e-01
4.407431047069467200e-01
4.472045838520362637e-01
4.483024088863553080e-01
4.425304216309938199e-01
4.807671014863001968e-01
4.381804371088721117e-01
4.597088964481488849e-01
4.581443525443937848e-01
4.781527318352109535e-01
4.411875644023178222e-01
4.441009291547194926e-01
4.614490443688479826e-01
5.051045037665006232e-01
4.640743487431017722e-01
4.202338069634938278e-01
4.398163254454245941e-01
4.748898987171281671e-01
4.874425081957773354e-01
4.965748119628612400e-01
4.317862691330220937e-01
4.322679066043655927e-01
4.577471325336121000e-01
4.484006523726977167e-01
4.347287924183992347e-01
4.413129997208393163e-01
4.494468791098779059e-01
4.503796376111650068e-01
4.720429986558233315e-01
4.643313087055014332e-01
4.580466094125837384e-01
4.933082129328371090e-01
4.446719311927287976e-01
4.513556665905323340e-01
4.481518416319923426e-01
4.490307652048288745e-01
4.750189142530515385e-01
4.448945520730575032e-01
4.618695868693614703e-01
4.640616687194789591e-01
4.674372757957650504e-01
4.676385003764533255e-01
4.430038122385388522e-01
4.491968819627343290e-01
4.485559805791686783e-01
4.451907796216456603e-01
4.814417624729183109e-01
4.776423929232328502e-01
4.319305888212294220e-01
4.367484598526642503e-01
4.589071885305728848e-01
4.573605566757099061e-01
4.790197777192121698e-01
4.418558228111858499e-01
4.451629684934234055e-01
4.569823197141190119e-01
4.754514975634692164e-01
4.349084102509777616e-01
4.873654029685290379e-01
4.867283776018697106e-01
4.902546090396401879e-01
4.346770048107066464e-01
4.376584930159864717e-01
4.415530936385561600e-01
4.276862231512162937e-01
4.263229359181479605e-01
4.545490427045572601e-01
4.544425450311696535e-01
4.509342369875238288e-01
4.596311707152621606e-01
4.654708050525414587e-01
4.788783431486901554e-01
4.445800387917970831e-01
4.505592750470822083e-01
4.477370320138639448e-01
4.772274799972601733e-01
4.375768863296043421e-01
4.396681089189495295e-01
4.629412966616122671e-01
4.608582597633366640e-01
4.664732455926442478e-01
4.673682379977076584e-01
4.391155514528179427e-01
4.499412988662849777e-01
4.496062871420952733e-01
4.728160876934233703e-01
4.804946089379612539e-01
4.439042019796315963e-01
4.581713115429543182e-01
4.569345558771641391e-01
4.782875379307055530e-01
4.429392329207226808e-01
4.463409811907653735e-01
4.460144535281182487e-01
4.447953721851231612e-01
4.732988283175513233e-01
4.751167510284378670e-01
4.205187203603257262e-01
4.355420317004443653e-01
4.875466159952012712e-01
4.881319453920172080e-01
4.907238532907109985e-01
4.380771342409053859e-01
4.389521441850069983e-01
4.295727746505447753e-01
4.385420562964446600e-01
4.534661418950811096e-01
4.551189363468315374e-01
4.605884541121321174e-01
4.639385226196695022e-01
4.636990738720496719e-01
4.823378225023538524e-01
4.475629429654530145e-01
4.483689070613809946e-01
4.505397396720003944e-01
4.511233700101138777e-01
4.646030046401720681e-01
4.732099477738656579e-01
4.404856467499784767e-01
4.621879829581425625e-01
4.624650101793690293e-01
4.619039666912345687e-01
4.819474978127726850e-01
4.460407179225270302e-01
4.500989014352632100e-01
4.530901462227975851e-01
4.673872931608332171e-01
4.922473548742181682e-01
4.597226443049420852e-01
4.338264855876471926e-01
4.577921446985732112e-01
4.562906846398270266e-01
4.770440072577454838e-01
4.457455211276245555e-01
4.484520854553836200e-01
4.644290002290488162e-01
4.763255891867774761e-01
4.386083514935705807e-01
4.859694488870374696e-01
4.882500913120266794e-01
4.912781302271139183e-01
4.373375810551049514e-01
4.318796793993727179e-01
4.403222342366520659e-01
4.418231283515380303e-01
4.473840722065358100e-01
4.493635119204004158e-01
4.587608657427204029e-01
4.571580039272002960e-01
4.598365941366568954e-01
4.675558876005251885e-01
4.699976545885324319e-01
4.501485104857770314e-01
4.528523561801953701e-01
4.654001949150955442e-01
4.698246547130012218e-01
4.373368833755193474e-01
4.580963903832911410e-01
4.625790533115914926e-01
4.629247582523267623e-01
4.702685481200051809e-01
4.521290776182738669e-01
4.881929562259910704e-01
4.410504027450683484e-01
4.574147889757191887e-01
4.563372154445737294e-01
4.717216231922722880e-01
4.433959391626625113e-01
4.497391312243425032e-01
4.611925750798049894e-01
4.318399034502666267e-01
4.330841530453835575e-01
4.827011440206910864e-01
4.846298764497746214e-01
5.041439770751960925e-01
4.363439095217244157e-01
4.445044745553707877e-01
4.498501940402653831e-01
4.521092835073876604e-01
4.582445465481598257e-01
4.586003261244646634e-01
4.622672189073823157e-01
4.652442137837146108e-01
4.637538842813446749e-01
4.650286810622336064e-01
4.856810113245636495e-01
4.633519139808970899e-01
4.483777479201672134e-01
4.109345380620438859e-01
4.598623726118566957e-01
4.634823860438038179e-01
4.621816274052276685e-01
4.430814207248822689e-01
4.578216877314954525e-01
4.583708739166917900e-01
4.616140797753370828e-01
4.436675317392617668e-01
4.769016847833788542e-01
4.773921284250048913e-01
5.074071485556642669e-01
4.424304963706794935e-01
4.447073679581021177e-01
4.502721793535435779e-01
4.529010204211457169e-01
4.617523000754796825e-01
4.623520171100193865e-01
4.638733922712134361e-01
4.675048082062054911e-01
4.677466862619850674e-01
4.681696762003584311e-01
4.478113396893559361e-01
4.607567770082620084e-01
4.612200325987242389e-01
4.603525197257959944e-01
4.678670454298981540e-01
4.651235651013903016e-01
4.291637174080610295e-01
4.600253126252600855e-01
4.612554838433337023e-01
4.478814514584824047e-01
4.348220718149410358e-01
4.887884218398844682e-01
4.838279546848305857e-01
4.838414102812202411e-01
4.460794933627592052e-01
4.453159741173968733e-01
4.447945136016250300e-01
4.459567917039026219e-01
4.605648132430239516e-01
4.628184794985355510e-01
4.627377156708328831e-01
4.683591853670138194e-01
4.863499640432445981e-01
4.637433746733166662e-01
4.595280175722782356e-01
4.593802377012557447e-01
4.621599624104484882e-01
4.755080605615204514e-01
4.363298918155631978e-01
4.611635151664307819e-01
4.299440485659996036e-01
4.583620339599807636e-01
4.445972794706909981e-01
4.849181261076352945e-01
4.889991632759910778e-01
4.474946067112781090e-01
4.482692061500765379e-01
4.393563980970554006e-01
4.418506082747222230e-01
4.550391568405596776e-01
4.633501230051542130e-01
4.635500756230578334e-01
4.681923932160108048e-01
4.661411045587416369e-01
4.607436432715493746e-01
4.645214027274309210e-01
4.444133628605888009e-01
4.469789962029634967e-01
4.727158450642000576e-01
4.567485184818509958e-01
4.727085214527853574e-01
4.547295236594889878e-01
4.405056787984782951e-01
4.750536611817599009e-01
4.803392625063421240e-01
4.706279951699787190e-01
4.856238914533204110e-01
4.482818114481639249e-01
4.502819620988466331e-01
4.439692563392354518e-01
4.439347549885376831e-01
4.510950798528805539e-01
4.617352081974695488e-01
4.681343473084200180e-01
4.581141900020369584e-01
4.654231885373834032e-01
4.673982823876297599e-01
4.825121944350793113e-01
4.592698771586901652e-01
4.646440930251468093e-01
4.590367507507547296e-01
4.733682036049151054e-01
4.520238347057568551e-01
4.648828164954688091e-01
4.617739685777499381e-01
4.535102359357494617e-01
4.552892411931324101e-01
4.600596459774022873e-01
4.805740332158526806e-01
4.711378354516696509e-01
4.494101925532276165e-01
4.502914366361677190e-01
4.456862784423877843e-01
4.485185850847760447e-01
4.668356531324073799e-01
4.705496803060478239e-01
4.730289406852309364e-01
4.377243278188529541e-01
4.440387347458040757e-01
4.630368395723020725e-01
4.683494935900329170e-01
4.465263138928636799e-01
4.633044791912994675e-01
4.630325300514651077e-01
4.539465917564873276e-01
4.528966731845549543e-01
4.337704899927053437e-01
4.571282501710020041e-01
4.236072972813315629e-01
4.664385855263959435e-01
4.575277300333735475e-01
4.611569411488950498e-01
4.594860888720309622e-01
4.497911090458187600e-01
4.518440408312819900e-01
4.522243842669567693e-01
4.388645107842288895e-01
4.400296146308160794e-01
4.665453608528924434e-01
4.697407754497527899e-01
4.516757221070210604e-01
4.330820308403233732e-01
4.575831590962425865e-01
4.641126971628331543e-01
4.645163397259483573e-01
4.597682435670878975e-01
4.402335429431332159e-01
4.619454129976061640e-01
4.626261228200385101e-01
4.559658171631681411e-01
4.503398611131458895e-01
4.576200443579394039e-01
4.509678694045304304e-01
4.355947451741774556e-01
4.462521470441929705e-01
4.618397357959931893e-01
4.579845157698090863e-01
4.514816161248992876e-01
4.499585221413943681e-01
4.524370430449995983e-01
4.528422669009979917e-01
4.351235419468066357e-01
4.370692449571886296e-01
4.649424503271415432e-01
4.703063754246474271e-01
4.237285762359339070e-01
4.822556528631904427e-01
4.628005013052317040e-01
4.582680207287560536e-01
4.627066984813588690e-01
4.740563813625927048e-01
4.485308359426947167e-01
4.496466613939398282e-01
4.560832648071361795e-01
4.604683301860121314e-01
4.505506972845457203e-01
4.370791411331099163e-01
4.521868885099069590e-01
4.606119349858102674e-01
4.643074421641764649e-01
4.620097508458994029e-01
4.554163721856474556e-01
4.499038011788087377e-01
4.570997958242980497e-01
4.539835442705584256e-01
4.443749613686194255e-01
4.454557559026159352e-01
4.515585655121304720e-01
4.644940046649744247e-01
4.568101154346906889e-01
4.505456914133416646e-01
4.578070078294803058e-01
4.653833124989163461e-01
4.655592666928674572e-01
4.908403083213435658e-01
4.546857784388437795e-01
4.543009762626927794e-01
4.396482079519508646e-01
4.371671541829196261e-01
4.416753347431116583e-01
4.653294474742694087e-01
4.741312231051200143e-01
4.724983218549865804e-01
4.229498462851445373e-01
4.294290776327226999e-01
4.720306612630640886e-01
4.784938868182956884e-01
4.582494725211119779e-01
4.536980477983436622e-01
4.655853064399620433e-01
4.574254760743965975e-01
4.598628257441026990e-01
4.791362222886231259e-01
4.491287410190639706e-01
4.604503037123480746e-01
4.596943458173786135e-01
4.434882173328884014e-01
4.429581228483255861e-01
4.611934771857720272e-01
4.688068417914285635e-01
4.514529451853779851e-01
4.505437367212370425e-01
4.565126224573084479e-01
4.549914435153395442e-01
4.485963601041676463e-01
4.521799430653784535e-01
4.593544551648373608e-01
4.601050775897330691e-01
4.540437229996773238e-01
4.471216092864654379e-01
4.503918775224696747e-01
4.635149976083201562e-01
4.748934819155552489e-01
4.742521512222953040e-01
4.756232818401742724e-01
4.554328264376840685e-01
4.572357526450572252e-01
4.407409149851362895e-01
4.432835361257031481e-01
4.709330034153890177e-01
4.813069358389029939e-01
4.279382730284028713e-01
4.204536967520851043e-01
4.726512476435142940e-01
4.805987289350056590e-01
4.543738150658098718e-01
4.553072188961685973e-01
4.578555004256285033e-01
4.606475366051154818e-01
4.616150166520387454e-01
4.657969889651862871e-01
4.567935522811956139e-01
4.477249661673600722e-01
4.597884068777937649e-01
4.625188015617046622e-01
4.418819145343657606e-01
4.449474301128983900e-01
4.528515470341685223e-01
4.607133012921676429e-01
4.694714961662042607e-01
4.498367694248728288e-01
4.578187884493066240e-01
4.481033018413788649e-01
4.473043233509866878e-01
4.562557289828254592e-01
4.618319948852966372e-01
4.504093963706689019e-01
4.498589328726138592e-01
4.548698199066154579e-01
4.598220343674129795e-01
4.696126597889744292e-01
4.725556941917744558e-01
4.542582148519483942e-01
4.595821866845699044e-01
4.337718969184081730e-01
4.325006671911328926e-01
4.732170429662051481e-01
4.800610399752255897e-01
4.189678201386882739e-01
4.233994092514274388e-01
4.725342367398081556e-01
4.732625236203906183e-01
4.552246519103926303e-01
4.540856983016455795e-01
4.640162308735596430e-01
4.667878540485275174e-01
4.675674682900139434e-01
4.517040901423933219e-01
4.535933054571074097e-01
4.593153865979490158e-01
4.606879882319079855e-01
4.446192218996140588e-01
4.451531195253783380e-01
4.575351823752849545e-01
4.656136052301119155e-01
4.553163520780779128e-01
4.495268145577152596e-01
4.540469335591557631e-01
4.568626752426667159e-01
4.478647462522354905e-01
4.474261747673713430e-01
4.549458689413596324e-01
4.612207705476717434e-01
4.491169320363878059e-01
4.556409419954762785e-01
4.589849311195105530e-01
4.679698316031631888e-01
4.721846572683487953e-01
4.533692106848288272e-01
4.600344998877650138e-01
4.314030826052714374e-01
4.260712264685735939e-01
4.716294583809600982e-01
4.742992570595531698e-01
4.234539287056529044e-01
4.234780203910603058e-01
4.763950609953880866e-01
4.745116513247700785e-01
4.560696449619038861e-01
4.548946222537658124e-01
4.572380136660787464e-01
4.690498876676644779e-01
4.586235074867622274e-01
4.411875182278202079e-01
4.562840154834698625e-01
4.650412503382989615e-01
4.435544541063296542e-01
4.418040127610977086e-01
4.596902836856661678e-01
4.611465379493295269e-01
4.666220917696989323e-01
4.531406514129288077e-01
4.474701517756811686e-01
4.597462999394854033e-01
4.564584572733746404e-01
4.479479649485814119e-01
4.417734373730946573e-01
4.566160257463466321e-01
4.595129748081975829e-01
4.602021117237272696e-01
4.491191470875332548e-01
4.544622320806704918e-01
4.598223401782474129e-01
4.686300361764828004e-01
4.726242935941310508e-01
4.552102953223678417e-01
4.587816726418138535e-01
4.307504513431594240e-01
4.284510361914185550e-01
4.729890204307385937e-01
4.711054281852878889e-01
4.913495979672302116e-01
4.285640005687068599e-01
4.814611356625944083e-01
4.549381673165143192e-01
4.560775806257320597e-01
4.691174737426086483e-01
4.608253439334286106e-01
4.520852199534781679e-01
4.641184169952882743e-01
4.622169441039447046e-01
4.467096632466946993e-01
4.451942056335301823e-01
4.503981951401282990e-01
4.608266612080387792e-01
4.649702922551994244e-01
4.491847827142091965e-01
4.525539190989479876e-01
4.619051857816757756e-01
4.564325008010914342e-01
4.498808791866923951e-01
4.473135552611974264e-01
4.557315526532753069e-01
4.638360321457746793e-01
4.485036934828462996e-01
4.522998366353343513e-01
4.582185240957056260e-01
4.587198600556276484e-01
4.727250746783626112e-01
4.722856123270567363e-01
4.575935922884378226e-01
4.299383934218150571e-01
4.326025918262221825e-01
4.382516398753812936e-01
4.793219611266049118e-01
4.644628824259046662e-01
4.410477855820832960e-01
4.251867538117292122e-01
4.756796184799189642e-01
4.825260288684909971e-01
4.565397075233376123e-01
4.544055530982575308e-01
4.574296914300451378e-01
4.709051068200161283e-01
4.623680358114086730e-01
4.468587931211429054e-01
4.509508290070808889e-01
4.581265052493996848e-01
4.538830130497420456e-01
4.828675202866508642e-01
4.388029975432001795e-01
4.553764719395709260e-01
4.608767005800992744e-01
4.571050302709039892e-01
4.478697821522090172e-01
4.503387285842003762e-01
4.508869737256483989e-01
4.579511026639258020e-01
4.559244363318697979e-01
4.427397463881374562e-01
4.506643956492568104e-01
4.616227078020450070e-01
4.574260225505051847e-01
4.731997361670174373e-01
4.729665571464126139e-01
1.150267323598320734e+00
4.316302772905460938e-01
4.342027411125071179e-01
4.892180036276948529e-01
4.576330467435641980e-01
4.194917281942274756e-01
4.866179202727227149e-01
4.726629965809895917e-01
4.552343574583014307e-01
4.547478102113849951e-01
4.672533709970135840e-01
4.635779935260456175e-01
4.436322765803915602e-01
4.495768609186638898e-01
4.541193781730160084e-01
4.534871695633345134e-01
4.556581721302207511e-01
4.488536411738083265e-01
4.528021014323664883e-01
4.592258419101724054e-01
4.511010641015260614e-01
4.401672244553642699e-01
4.547168049536588486e-01
4.612417895471171980e-01
4.559169353462919072e-01
4.746935193844545320e-01
4.770397383238493827e-01
5.575291067409822610e+00
4.232630225474450225e-01
4.303377640793218939e-01
4.750981905037860997e-01
4.765418110041884092e-01
4.555550522631236499e-01
4.541660131391659916e-01
4.589329631195055437e-01
4.464077651840168137e-01
4.414559308172639196e-01
4.701959197189975459e-01
4.705307011795214489e-01
4.471347537141734385e-01
4.453433831720507996e-01
4.592102315703952553e-01
4.510949820388335807e-01
4.512400052373700121e-01
4.779787456445148131e-01
4.736403708101833421e-01
1.724209686803761343e+01
4.384292285995597949e-01
4.270649233691526936e-01
4.645439614332316225e-01
4.522555722805803313e-01
4.443220353396487021e-01
4.926665953934157849e-01
4.569632876002061028e-01
4.475956595601709442e-01
4.478948219762438621e-01
4.689958639655172346e-01
4.595302882914843456e-01
4.544047378505174928e-01
4.476137860740271868e-01
4.727955161009170792e-01
4.551289237763158635e-01
4.786514271541922882e-01
4.680231274018394338e-01
2.763613633227229016e+01
4.264120907930027959e-01
4.374884685654476524e-01
5.052912812172271062e-01
5.050834105296021503e-01
4.749184942525359054e-01
4.188020273018209227e-01
4.632700542024917878e-01
4.599061423414799177e-01
4.175105193966483497e-01
4.602121345487096282e-01
4.434781199369151605e-01
4.535200049031386516e-01
4.588158807840070907e-01
4.897895483971472785e-01
4.690740952300581634e-01
3.151607065185483947e+01
4.307180387621610262e-01
4.368535554556576828e-01
5.070149737981679561e-01
4.666954578794980657e-01
4.735421620405702581e-01
4.427523966087181795e-01
4.573787366840743052e-01
4.594815324121491185e-01
4.474762865253253952e-01
4.595196830503032182e-01
4.434209361780123149e-01
4.475260660389976386e-01
4.549870798380076797e-01
4.899545043092334295e-01
4.682158366567839014e-01
2.763535486497120885e+01
4.489028226271282174e-01
4.407613197826584783e-01
4.788248874862867099e-01
4.506876541095886646e-01
4.527112614564268167e-01
4.932399137046555304e-01
4.594359357096145513e-01
4.471708129339526105e-01
4.410642442982096179e-01
4.690029020601798604e-01
4.704123661049243177e-01
4.546074382285697491e-01
4.454018355356564318e-01
4.726079410857165763e-01
4.510089667221816034e-01
4.788152714377945096e-01
4.737735860329638782e-01
1.724139239827490044e+01
4.335144012855500217e-01
4.441611354960878222e-01
4.773240314677292262e-01
4.746183372345272322e-01
4.542700001286500977e-01
4.535590045284371707e-01
4.641423610643946596e-01
4.460612763609655418e-01
4.492405771112197854e-01
4.701525495243450425e-01
4.556187306904291301e-01
4.471241684320914622e-01
4.528790535690742081e-01
4.591107046808770020e-01
4.509677302492870465e-01
4.511582351403372604e-01
4.551139544085096578e-01
4.556911502271551173e-01
4.781014549976669303e-01
4.771465715080525638e-01
5.575009384738333296e+00
4.413690148322548246e-01
4.473112990740459316e-01
4.860174680086442600e-01
4.601134896785076811e-01
4.538486582977657169e-01
4.161333179662390913e-01
4.221952227005010272e-01
4.880613837918274522e-01
4.836353731442794013e-01
4.541133985009954133e-01
4.563962827223022045e-01
4.678797153820254406e-01
4.628910744318308623e-01
4.433588165207342224e-01
4.507143671578813793e-01
4.543168993013673718e-01
4.831360856835049677e-01
4.536318171002998723e-01
4.554481817983636605e-01
4.570647238925331646e-01
4.489229044122607926e-01
4.508976693634436095e-01
4.590756746065101090e-01
4.557615969385346300e-01
4.405918353616063432e-01
4.508935288256278873e-01
4.612474681843966029e-01
4.572682328724351764e-01
4.747887415066029404e-01
4.730550194983031420e-01
1.150209831251246984e+00
4.359329111488867703e-01
4.347726401723722711e-01
4.411471688778920153e-01
4.730939549542003131e-01
4.825295253110749027e-01
4.384320527046847160e-01
4.260578531961600746e-01
4.761290390260941030e-01
4.814807310953123087e-01
4.559948149346997326e-01
4.555758885613672704e-01
4.534646969135384675e-01
4.713430965614970880e-01
4.626048307062068377e-01
4.466511275408112658e-01
4.502641620550585366e-01
4.584452511899562710e-01
4.653283447084519686e-01
4.541609767026214550e-01
4.388664496127077652e-01
4.525880698393949242e-01
4.608273592108195205e-01
4.563858547133638477e-01
4.478686946552302151e-01
4.472342417973382278e-01
4.503371784615220474e-01
4.578228688497588683e-01
4.637118810087888510e-01
4.429465569502089028e-01
4.525689081705863703e-01
4.616750336777900587e-01
4.586626620179350411e-01
4.732828568056217100e-01
4.723629012454251819e-01
4.574688493335507533e-01
4.343839101013208803e-01
4.293940627396185539e-01
4.643793617980975785e-01
4.656105274919761783e-01
4.617950259149757875e-01
4.221125078765928795e-01
4.220478748115437106e-01
4.732600098653284570e-01
4.547032337988044515e-01
4.572845420233166425e-01
4.699824844722607642e-01
4.595306453454445772e-01
4.611198681400211496e-01
4.517152878808237682e-01
4.556549176198246287e-01
4.642687807454063398e-01
4.651569261602818695e-01
4.467610962487783000e-01
4.418597766404163685e-01
4.450953761832622257e-01
4.611386856067792861e-01
4.668740227242987317e-01
4.492344281115008275e-01
4.475634126549184466e-01
4.618552213130968642e-01
4.564094428478221999e-01
4.498114641662507851e-01
4.417341810093884380e-01
4.555972073867785577e-01
4.600898227797867723e-01
4.486504917282793103e-01
4.547397224936715610e-01
4.582852109948368780e-01
4.599209508028139770e-01
4.727978242943125520e-01
4.726904588029067766e-01
4.586101575678888653e-01
4.338360321471879666e-01
4.341876866896662857e-01
4.656580085147645209e-01
4.750918221351185244e-01
4.249703907852240281e-01
4.749195695298827347e-01
4.686959941976036603e-01
4.562350373456608987e-01
4.542033379778953606e-01
4.550967973166404335e-01
4.698413376746674586e-01
4.684145383751211478e-01
4.406451211969560355e-01
4.531203407655173820e-01
4.606157419467291070e-01
4.437025014271828161e-01
4.453569783926554226e-01
4.598703403482934937e-01
4.658226536567152687e-01
4.614531324110230370e-01
4.532109318085356664e-01
4.495812626951672941e-01
4.597005213898389675e-01
4.568192624730462725e-01
4.478418394093657828e-01
4.473535099717547148e-01
4.565189848666473260e-01
4.611291169744912155e-01
4.594294604068219212e-01
4.492523604711394780e-01
4.492478078580358636e-01
4.592463425797054244e-01
4.686912129687126338e-01
4.722367959985189212e-01
4.550575925436720071e-01
4.599415609002497907e-01
4.346305778909558271e-01
4.430581887751721681e-01
4.684512574267306606e-01
4.766250547223679912e-01
4.185872445480688375e-01
4.209207684171962782e-01
4.696975769538130341e-01
4.772398995524473331e-01
4.554939676247174440e-01
4.584214682959323328e-01
4.650259491780655008e-01
4.667752178646250583e-01
4.676920895291512559e-01
4.513279424611721380e-01
4.474569644764096465e-01
4.591877682150813378e-01
4.622572754923722771e-01
4.448663453820517200e-01
4.531541423884381525e-01
4.576365334635594251e-01
4.694896361599569246e-01
4.554006272419159340e-01
4.499098711199940870e-01
4.540084672894227902e-01
4.577816830022209960e-01
4.477234133405575967e-01
4.471514794554212746e-01
4.548902141387669018e-01
4.617939162594974500e-01
4.498124045816889738e-01
4.559049916428212224e-01
4.601621525180345507e-01
4.680182837406687280e-01
4.725865956202441320e-01
4.532850707207976559e-01
4.594956711550508555e-01
4.399627866374328233e-01
4.391598251628685001e-01
4.666139473830899775e-01
4.702903314527256406e-01
4.287360726785838794e-01
4.307030548213959809e-01
4.691528726875099364e-01
4.749189211199407734e-01
4.550482590076243006e-01
4.663582141799406666e-01
4.558512754925111432e-01
4.616718031746234185e-01
4.800770376164963382e-01
4.627049076414841977e-01
4.565695418206712208e-01
4.490739051113530889e-01
4.594502250752566241e-01
4.592878087591196201e-01
4.422332850816871885e-01
4.433267296139967728e-01
4.452761103327501080e-01
4.607469308219422355e-01
4.688444236649816910e-01
4.505913806771347230e-01
4.549615771819153776e-01
4.479258812404042778e-01
4.519571219550886365e-01
4.562458390046623125e-01
4.601104577579962496e-01
4.502729997949367902e-01
4.469651694157355526e-01
4.552040610351056338e-01
4.638667399528238477e-01
4.696389454990430035e-01
4.756202428255901782e-01
4.541658126124676342e-01
4.571421360381177634e-01
4.351970584231840689e-01
4.324307956922031071e-01
4.347388873741578341e-01
4.654786137409707147e-01
4.707000763244881814e-01
4.721686533824631105e-01
4.252291404916160866e-01
4.258785487411348436e-01
4.689567678925161687e-01
4.605411960901171775e-01
4.590779137251848052e-01
4.589190986681480622e-01
4.545155378070678820e-01
4.580798457667195622e-01
4.747191527312109027e-01
4.608177900870609189e-01
4.497541159985591341e-01
4.600280333146499201e-01
4.600083010922774163e-01
4.439344792196883716e-01
4.526707035091004361e-01
4.611082484804514547e-01
4.617978674324441091e-01
4.515044847056083888e-01
4.499552899529846717e-01
4.564806896672588543e-01
4.539572277075468176e-01
4.483462055844690819e-01
4.513056398270623437e-01
4.593956695990802919e-01
4.568660668384280643e-01
4.538442876119297420e-01
4.503421598242976498e-01
4.508391833179800079e-01
4.658031733884540615e-01
4.748546510690856426e-01
4.907851409780489838e-01
4.742513062240996113e-01
4.553430706580333664e-01
4.542146658488905864e-01
4.289405430270761266e-01
4.331111287295705270e-01
4.670404538250626514e-01
4.724434637190543240e-01
4.367856606613852999e-01
4.813853173612788194e-01
4.631135748132534924e-01
4.646708039753136843e-01
4.486242824140255769e-01
4.405121819198964950e-01
4.556930344581004433e-01
4.506015394426821641e-01
4.374650949255945442e-01
4.602865630457094737e-01
4.621660695731134583e-01
4.641308775977327494e-01
4.554576823711323219e-01
4.503837646818912854e-01
4.570705103342284081e-01
4.509385148271766175e-01
4.441841139167650443e-01
4.459783862210048300e-01
4.451883700975756697e-01
4.645802594034925681e-01
4.580583470004067070e-01
4.497331471382646773e-01
4.580889255113132497e-01
4.656951609916210599e-01
4.546150788408979682e-01
4.527749107924356475e-01
4.307411137242082022e-01
4.386810798764471664e-01
4.701121310074826143e-01
4.751437624685395100e-01
4.549750657501271944e-01
4.455243868357592896e-01
4.574545497915620262e-01
4.681752179507595035e-01
4.642634588531626694e-01
4.601414549858174330e-01
4.469480063966589922e-01
4.615138855694938536e-01
4.625980784317708094e-01
4.560122152735853751e-01
4.529488296395092206e-01
4.575968257289260710e-01
4.570830442376112579e-01
4.353844157838465678e-01
4.662305332081378983e-01
4.619790474326145313e-01
4.596412613262887970e-01
4.512482085374779350e-01
4.495776333073403519e-01
4.523878020393786725e-01
4.521776927702414461e-01
4.348037644471065000e-01
4.385579734882590897e-01
4.719150006739241121e-01
4.643912656350106527e-01
4.730636694583313373e-01
4.824842849231400499e-01
4.388463418957260220e-01
4.626996781642864764e-01
4.582909444782604091e-01
4.527930253328675270e-01
4.627963057500695254e-01
4.613504299167971445e-01
4.539792693684748248e-01
4.535361427706472437e-01
4.337439336543884028e-01
4.235092869545535321e-01
4.576662327374071970e-01
4.602146714117981707e-01
4.612689720999910703e-01
4.710124105173705833e-01
4.518141117279884655e-01
4.502645745910652253e-01
4.315158404383510060e-01
4.289196101652668069e-01
4.320246012447197526e-01
4.710901563629482647e-01
4.732016721904872547e-01
4.748637313312211172e-01
4.670698285870532040e-01
4.669561217616464699e-01
4.673898272547965527e-01
4.581022471718904643e-01
4.632640343386755233e-01
4.640516692089311501e-01
4.739960171974600955e-01
4.471562907816612475e-01
4.644094222496027990e-01
4.563158698420955450e-01
4.547973808475376245e-01
4.554457092263458629e-01
4.752455111096668405e-01
4.805387359935995306e-01
4.855708652605045250e-01
4.493989941117976228e-01
4.502732459248327546e-01
4.246866224428009762e-01
4.306405284280796497e-01
4.695010191665252575e-01
4.759407585327432022e-01
4.642752565095394357e-01
4.871368024187109902e-01
4.687471894673341799e-01
4.593001236438610246e-01
4.583674167945818168e-01
4.443109548913707352e-01
4.749419910909649656e-01
4.723115825555034286e-01
4.362418564472844151e-01
4.727750427919046872e-01
4.584093008950596571e-01
4.404926692151157064e-01
4.446153206690040549e-01
4.803085601582470776e-01
4.889883292451318031e-01
4.705966346227760666e-01
4.482812880225752750e-01
4.482764782600660580e-01
4.276565923014313264e-01
4.339177476912807196e-01
4.727707238228682218e-01
4.762338252204120770e-01
4.636903346068659837e-01
4.690945815061399737e-01
4.690723032325219144e-01
4.645463874328576437e-01
4.494462799848512602e-01
4.586777557407335504e-01
4.670959153008757969e-01
4.614222636906359920e-01
4.292212246072473203e-01
4.612402981301017557e-01
4.613649096179226472e-01
4.299902427634811342e-01
4.341770521793864579e-01
4.848875796351909684e-01
4.837962070337228360e-01
4.475134662682437314e-01
4.453318126183963277e-01
4.299672331573363704e-01
4.355046184103065210e-01
4.755449785264379003e-01
4.772946912744470138e-01
4.641750112641131465e-01
4.860041911797828851e-01
4.679534889805771480e-01
4.685904960083974724e-01
4.131650320994326164e-01
4.600777467259340447e-01
4.616108867015907280e-01
4.606063056658052934e-01
4.596812199455909687e-01
4.652843895182876555e-01
4.432602270247594234e-01
4.600302131051309251e-01
4.615679139700511469e-01
4.470367103310237678e-01
4.433717944999768790e-01
4.887330928285072984e-01
5.073434812607129363e-01
4.837840985514553216e-01
4.461048365003312255e-01
4.447348935219287425e-01
4.310139540311356821e-01
4.305986892042987235e-01
4.298087388502893069e-01
4.745536874659437299e-01
4.753214269361467070e-01
4.655822255177183289e-01
4.702012750936671592e-01
4.640147266309565532e-01
4.652419544467617518e-01
4.624363300304039082e-01
4.640018095533560705e-01
4.691904294387202468e-01
4.515500297844717292e-01
4.409436460591249496e-01
4.593227857244852608e-01
4.697339439966738972e-01
4.629874522924471436e-01
4.411146219314243111e-01
4.578042806449022506e-01
4.716725241312036965e-01
4.583624248409873814e-01
4.329380408947191006e-01
4.768287361383139467e-01
5.040702388347434448e-01
4.773352269797550007e-01
4.424566962657158209e-01
4.445327906788624217e-01
4.356222906921871640e-01
4.382984925429810330e-01
4.726289040934016916e-01
4.793663022247822703e-01
4.759688846583766120e-01
4.610652355776366229e-01
4.837855996357882105e-01
4.681705757895183728e-01
4.497958004824190170e-01
4.509073316106597673e-01
4.516447336570597049e-01
4.724476420011620159e-01
4.424244558059319821e-01
4.577658618197660290e-01
4.817363033833239605e-01
4.622979994607513965e-01
4.625329532317660752e-01
4.522583889170106453e-01
4.676712176442205382e-01
4.882642303412226825e-01
4.923443615232085957e-01
4.336809067418543884e-01
4.573814240612972259e-01
4.769715428445063243e-01
4.563089177548685371e-01
4.431892754425618697e-01
4.641416981679695741e-01
4.498571022183986412e-01
4.614616687343722767e-01
4.766020274873745133e-01
4.315796138781313185e-01
4.384464890098758727e-01
4.826201376270835564e-01
4.911979982888634022e-01
4.845590770642763667e-01
4.363684408528964997e-01
4.403333299170554271e-01
4.467284377850584409e-01
4.550781175357156982e-01
4.773244980654625103e-01
4.774497562245710314e-01
4.590484491651474763e-01
4.767023284270644479e-01
4.640977432401803826e-01
4.649804591414803401e-01
4.469087729613480109e-01
4.472352258360469679e-01
4.478673404339068020e-01
4.503943581910268001e-01
4.633207775337820911e-01
4.769003726246340835e-01
4.386842034953740699e-01
4.621697011981996117e-01
4.673994618512642973e-01
4.623876773451719990e-01
4.617362468177856893e-01
4.464663682252354993e-01
4.733789738467451547e-01
4.504070536744336772e-01
4.534304529540197914e-01
4.806676837868110175e-01
4.595029319700525416e-01
4.436255903233177200e-01
4.577332988175853989e-01
4.777847273177318055e-01
4.562502045393228567e-01
4.455896190557578906e-01
4.447053126164368098e-01
4.481649585480858011e-01
4.753506615349250009e-01
4.357031336378213715e-01
4.858826672659000145e-01
4.906329979101902161e-01
4.881704351275540366e-01
4.373732809851657577e-01
4.390275221440220754e-01
4.319126046486461701e-01
4.592625151584726617e-01
4.582721558430729036e-01
4.776948460908668759e-01
4.814728796150218315e-01
4.599372733059045593e-01
5.046303892558531290e-01
4.636049126980054114e-01
4.632979324361502504e-01
4.439218989157199813e-01
4.482446010331821440e-01
4.498583520499760957e-01
4.759662560984347923e-01
4.360585348676723760e-01
4.422400505230680845e-01
4.630898459864644656e-01
4.678032536998945057e-01
4.610183156974446694e-01
4.665507096712691038e-01
4.395353089626487519e-01
4.456906285314451432e-01
4.505958164941108457e-01
4.503862490771425309e-01
4.778820941395576227e-01
4.364453882992194722e-01
4.580548162964067638e-01
4.789649587894312943e-01
4.568554773023681959e-01
4.428641503310021266e-01
4.568559463718059876e-01
4.462425353727547117e-01
4.459347714379144345e-01
4.735290029945946055e-01
4.753586968019344883e-01
4.209127911186911208e-01
4.353327059390139087e-01
4.874573467481390643e-01
4.901575726980225145e-01
4.880441408962621908e-01
4.381218509321014309e-01
4.415764305682045587e-01
4.397021469068748134e-01
4.390904357998441920e-01
4.471275652891045782e-01
4.859044127999182505e-01
4.908564590759762480e-01
4.455095862954930874e-01
4.467014180222765307e-01
4.420193776532335139e-01
4.585583978747080902e-01
4.685543690503941594e-01
4.437759213186792118e-01
4.571197241000150568e-01
4.503886928280683155e-01
4.473192626131792249e-01
4.621773930494730842e-01
4.485835643906448400e-01
4.628611463615304178e-01
4.871802549802919380e-01
4.647921683275365035e-01
4.677410779820401210e-01
4.433376120687640420e-01
4.428836147016730340e-01
4.497739602222035615e-01
4.491640591909159541e-01
4.816875386156372896e-01
4.812120290696125235e-01
4.315509909221409424e-01
4.378091104350164131e-01
4.587837580984839847e-01
4.779647807132495485e-01
4.572422641207382621e-01
4.416967776622241493e-01
4.611900400565538960e-01
4.450819743831179176e-01
4.637095704707535626e-01
4.402315731850976466e-01
4.872960610839389139e-01
4.964851795815927171e-01
4.866382814552465130e-01
4.347230052629201258e-01
4.577856767681096617e-01
4.377066374488867151e-01
4.401190113673706383e-01
4.460478391466440873e-01
3.833279568305111851e-01
3.675952123918681536e-01
4.916872095829126210e-01
5.106122067961976763e-01
5.148606739189030002e-01
4.798577056191605794e-01
4.609859572954701501e-01
4.457778095676259156e-01
4.470137730362990225e-01
4.507688847189317838e-01
4.503368409683380924e-01
4.542125525613672221e-01
4.438797606757218794e-01
4.761304896835892864e-01
4.408784953071283041e-01
4.621653885448390731e-01
4.475091712333612581e-01
4.487108863982747775e-01
4.663295626191762966e-01
4.402131268602275660e-01
4.595525071619220858e-01
4.737090046627810969e-01
4.580056620788919841e-01
4.411616296410794114e-01
4.609234101479198764e-01
4.439711318228091175e-01
5.045566520783690834e-01
4.973620335778503598e-01
4.206340594711328040e-01
4.553653219198937063e-01
4.746991979540881035e-01
4.880018253537981021e-01
4.872901090881873731e-01
4.318385773496652980e-01
4.571030034831738420e-01
4.323222297640631484e-01
4.416567353199652990e-01
4.698655085239432094e-01
4.409420786931037561e-01
4.094500410241935784e-01
4.859829937425405033e-01
3.024146114519709605e-01
3.494587891810440050e-01
3.794126844841786972e-01
4.622206122045272036e-01
4.965365421497613396e-01
4.495883073304322020e-01
4.642986653723512047e-01
4.524472408353878983e-01
4.547837975906516839e-01
4.566058935460839407e-01
4.516766492865049720e-01
4.536969944280078715e-01
4.601764779403464400e-01
4.591700036093556703e-01
4.430251499206504517e-01
4.618226169158645145e-01
4.434132443984100669e-01
4.434763212752098060e-01
4.829955495391152209e-01
4.908127071205756198e-01
4.432865823802838445e-01
4.331008035775162912e-01
4.620198311342415542e-01
4.624811181637997759e-01
4.591502887541707989e-01
4.401976972733847027e-01
4.650987385993863854e-01
4.432516902097368705e-01
4.733511305553215753e-01
4.842968312487689886e-01
4.321313045212437642e-01
4.535282849791523740e-01
4.286302192007449552e-01
4.511650130237949141e-01
4.274339762101669882e-01
4.455097679319926507e-01
4.412590643351249065e-01
4.636643698511031531e-01
4.418985971896916554e-01
4.696430026850602069e-01
4.539302088863774731e-01
4.628945094544634764e-01
4.596481316623824975e-01
4.621877079174595560e-01
4.629708340031223335e-01
4.638110146479723639e-01
4.608397019855557941e-01
4.576966570022299452e-01
4.577282464627830394e-01
4.591385370735310834e-01
4.623530403188192417e-01
4.363064242647414215e-01
4.444730860890102053e-01
4.485526355829179135e-01
4.702649917153861048e-01
4.280766372210040305e-01
4.607417788218838295e-01
4.683345829751659473e-01
4.642464316703872607e-01
4.622517667139309783e-01
4.394923437369506192e-01
4.641806086889311289e-01
4.427481487187107101e-01
4.759210256425971397e-01
4.932754226335834269e-01
4.724975882080618139e-01
4.342402816997348314e-01
4.437450854379791365e-01
4.345183065211028484e-01
7.863459041890412671e-01
3.972186683235025551e-01
4.063912977532925797e-01
4.018996335528520758e-01
5.001102325317903219e-01
3.939414039958586966e-01
4.475382554242769428e-01
4.716241360058785470e-01
4.607538558920286631e-01
4.569885224700713233e-01
4.591014777332415586e-01
4.364782099943261273e-01
4.718800767893395753e-01
4.443477023973305684e-01
4.461498536354907563e-01
4.782830646435464739e-01
4.542992627393544480e-01
4.393635121225747397e-01
4.618057521508965868e-01
4.420711785293831575e-01
4.698692128143791003e-01
5.020709397343394720e-01
4.743794714338061547e-01
4.909740663449621012e-01
4.356316400610364958e-01
4.322168328062778730e-01
9.900748396012020169e-01
4.590031657560112444e-01
4.323942898474514296e-01
4.853063035853208973e-01
4.448504613261485274e-01
4.603402275012736244e-01
4.660683201720151603e-01
4.583778046994472222e-01
4.593215503203619265e-01
4.604701931029254736e-01
4.671010645191369659e-01
4.392982644090887012e-01
4.473093330545503954e-01
4.407281217804648876e-01
4.735444197873166505e-01
4.871788858854109172e-01
4.722051106565681167e-01
4.805157078132333281e-01
4.922585274975320169e-01
4.356701160646875848e-01
4.263396058016948320e-01
4.374702293564341482e-01
1.107700834257644207e+00
4.621507158360206868e-01
3.927869777316280731e-01
4.285638419681488398e-01
4.414923909105822886e-01
4.598816827721317613e-01
4.626394220522187517e-01
4.580849085970483126e-01
4.566982962133235846e-01
4.560187499281180834e-01
4.567895698848808972e-01
4.585330369374964188e-01
4.595931076693666739e-01
4.620730873601349153e-01
4.636392004448852133e-01
4.689320595984984852e-01
4.397144451746647920e-01
4.494015807427697018e-01
4.655121322755946811e-01
4.895939092410900861e-01
4.704124670762314664e-01
4.776793020591532102e-01
4.968611751376326158e-01
4.323437765995601922e-01
4.453801845370774504e-01
4.379857869177199992e-01
1.275121666671118037e+00
4.086926050852979775e-01
3.669216661151217251e-01
3.873666231565892071e-01
4.470534559868721836e-01
5.050547421390557679e-01
4.984449816752008489e-01
4.716462789409091028e-01
4.542064707733797224e-01
4.538972938681104519e-01
4.578727808443154301e-01
4.618949808970246318e-01
4.647301201300992335e-01
4.693716698843098944e-01
4.664543652673969198e-01
4.186557468726297970e-01
4.534100255388215928e-01
4.357249877341567990e-01
4.666973402360699574e-01
4.930709038042179193e-01
4.709654617282161282e-01
4.785145957124310456e-01
4.913176735734227640e-01
4.290944402513723888e-01
4.540023008350300149e-01
4.338346976195737725e-01
1.464539776577995278e+00
4.405603561665291101e-01
4.039108176078051171e-01
4.580384718254728593e-01
4.922804658626909746e-01
4.731243475484895322e-01
4.724895423305870423e-01
4.853345078238562316e-01
4.812740233745789742e-01
4.316264566331763919e-01
4.431272323739783858e-01
4.288817879546391043e-01
4.658662943420422975e-01
4.734445254443722662e-01
4.819130159871104491e-01
4.902311237156536383e-01
4.328681475256651034e-01
4.288954466171792101e-01
4.332330979250894609e-01
4.302059686281727857e-01
4.349414463909351825e-01
2.225788037952657117e+00
1.932634111992605375e+00
4.283606255614484382e-01
4.535489575791969985e-01
4.384951532021322818e-01
4.350039686512758297e-01
2.575411056884001404e+00
4.290020051205959417e-01
4.412602148007925273e-01
4.401061866828337443e-01
4.397602010431858055e-01
3.005350186485507891e+00
4.376889630843146528e-01
4.521050869627870616e-01
4.322488309376468218e-01
4.440575264175221637e-01
4.414659650011130698e-01
4.399928977548013820e-01
3.560295850981101129e+00
4.357763978425852058e-01
4.415264992940655664e-01
4.413189512182604801e-01
4.472813002964143303e-01
4.471362851923506576e-01
4.338542278453266121e+00
4.358917687914339867e-01
4.455155395198105994e-01
4.481544361369699248e-01
4.486401723634638739e-01
4.451284393381177984e-01
5.624158114218706928e+00
4.380979823482677449e-01
4.477032624710789444e-01
4.472324266064905407e-01
4.494012977553969446e-01
4.444932148391543270e-01
8.787258342333633010e+00
4.410389511880925539e-01
4.515612165048791815e-01
4.472863507038783437e-01
4.505544437024515125e-01
4.458968318355943650e-01
1.134321830303900924e+01
1.790692552150576589e+01
7.392388021944522158e+00
5.655607407157686062e+00
5.010835424407733996e+00
4.604669901950786404e+00
4.299993000533747001e+00
4.051916163666568593e+00
3.840246614193346453e+00
3.653806731001463248e+00
3.485800494387794490e+00
3.331870136843665176e+00
3.189141262152368927e+00
3.055703048455136184e+00
2.930301930289543222e+00
2.812145995505933360e+00
2.700769188657067943e+00
2.595929933925261501e+00
2.497531790601249746e+00
2.405560110067110013e+00
2.320031354169136417e+00
2.240952595365785616e+00
2.168288954855501771e+00
2.101937086526747045e+00
2.041703627848074021e+00
1.987288828109347261e+00
1.938277070847952199e+00
1.894137253339382765e+00
1.854236359512642762e+00
1.817868494592470130e+00
1.784298910056083098e+00
1.752818578117778081e+00
1.722800924572095882e+00
1.693750147949637963e+00
1.665331598076026376e+00
1.637379200041754412e+00
1.609881471830215904e+00
1.582953693631556247e+00
1.556806699833498175e+00
1.531721398070112761e+00
1.508033248590204156e+00
1.486124850837600153e+00
1.466420101965028699e+00
1.449371798628665609e+00
1.435436130493954465e+00
1.425030961682399955e+00
1.418478369659339711e+00
1.415934504645141256e+00
1.417311631261387150e+00
1.422199562569361975e+00
1.429798176561227763e+00
1.438879660272827543e+00
1.447806154882600005e+00
1.454629864364530345e+00
1.457291347142918969e+00
1.453904045206610540e+00
1.443075189035144090e+00
1.424182000800398473e+00
1.397517988736115102e+00
1.364256364324527127e+00
1.326235328938814906e+00
1.285626678066512873e+00
1.244579188978739426e+00
1.204921595876384810e+00
1.167975687993761724e+00
1.134488712654668996e+00
1.104664701792612780e+00
1.078264341362496159e+00
1.054747272948678649e+00
1.033437761542368438e+00
1.013695964161690721e+00
9.950726200900928964e-01
9.213870173695434262e-01
9.206935439060206505e-01
9.277457032224044609e-01
9.788824426079971719e-01
9.573398968274733356e-01
1.002262614769509952e+00
1.023977256808497494e+00
1.039089474396981849e+00
1.041199214022589414e+00
1.022607659136234526e+00
9.745705366533794489e-01
8.872771716441867351e-01
7.523841152063058813e-01
5.814610700007115662e-01
4.389640419860434961e-01
4.477137451136989910e-01
4.493818981884763475e-01
4.511815108527513218e-01
4.481386786015391643e-01
