1.784478588999792592e+01
1.130587299722568240e+01
8.758736183080314319e+00
7.370543340555146372e+00
5.640920614327305849e+00
4.999073517712172787e+00
4.594702639952463308e+00
4.291251455453625852e+00
4.044044410534239908e+00
3.833005795277388827e+00
3.647043725746480725e+00
3.479436615147655676e+00
3.325894946420172804e+00
3.183603486422190709e+00
3.050694906675403661e+00
2.925937223921121433e+00
2.808535528131584247e+00
2.697998662519478064e+00
2.594045034080115109e+00
2.496533155536990289e+00
2.405408263207251540e+00
2.320659440025504949e+00
2.242283539887303334e+00
2.170253508742464366e+00
2.104489742808624886e+00
2.044834121937213034e+00
1.991027465019297837e+00
1.942692426568618735e+00
1.899325135595405722e+00
1.860299743814067597e+00
1.824889849030348010e+00
1.792308844923059086e+00
1.761767395592311214e+00
1.732541095404588116e+00
1.704036655682825252e+00
1.675842959043663649e+00
1.647755807932729910e+00
1.619772124288857418e+00
1.592058360655650651e+00
1.564905142837529572e+00
1.538682408790515321e+00
1.513805682595884550e+00
1.490716662420481065e+00
1.469873691035970431e+00
1.451743159655572768e+00
1.436782696853438290e+00
1.425410116208011946e+00
1.417956360676577932e+00
1.414604212122890559e+00
1.415316800589629942e+00
1.419761914677876158e+00
1.427241516404987198e+00
1.436641874290323750e+00
1.446427398918206153e+00
1.454706339754233912e+00
1.459391894375630550e+00
1.458461518447108363e+00
1.450280789732681264e+00
1.433918630122210436e+00
1.409360151247044168e+00
1.377540642053743492e+00
1.340178915454515396e+00
1.299456573979657747e+00
1.257637938528458621e+00
1.216731660112067237e+00
1.178262421553013528e+00
1.143172464839510960e+00
1.111833760335114052e+00
1.084135917699152074e+00
1.059619155959124370e+00
1.037632495781908748e+00
1.017502743196240678e+00
9.986965837901060628e-01
9.220402849662855393e-01
9.219588781226172314e-01
9.276489184464959958e-01
9.568906979244475863e-01
9.791354090267485599e-01
1.004086073882518582e+00
1.028450157339013238e+00
1.047468129300859419e+00
1.054858188400387364e+00
1.043003668081780244e+00
1.003337933945829707e+00
9.266384592504270934e-01
8.028341763269093434e-01
6.301554672236018284e-01
4.543421678052781965e-01
4.368954475773442758e-01
4.471811802206409614e-01
4.485616595046824084e-01
4.499247723371975205e-01
4.546923193883342096e-01
5.606710801346987516e+00
4.374388756934878830e-01
4.407493185538433611e-01
4.467655252551849254e-01
4.449620396840092140e-01
4.445423595983025167e-01
4.325125539437375544e+00
4.344779190771521082e-01
4.408314195393361334e-01
4.465294926535443021e-01
4.444215515987450238e-01
4.473094943101184051e-01
3.548936685228196719e+00
4.340604102043559842e-01
4.385120252075851988e-01
4.461775569468694469e-01
4.458453538994983090e-01
4.509372705440555240e-01
2.995150191207784474e+00
4.360100438842256509e-01
4.323859978008224303e-01
4.453531847441777880e-01
4.480883631163128933e-01
4.417206045696536187e-01
4.434744234730192414e-01
2.565831854445371984e+00
4.302483202351700120e-01
4.380753498412970348e-01
4.449971721960022664e-01
4.439467646860211225e-01
4.586351764965405642e-01
2.216456548116626291e+00
4.352154739572594577e-01
4.339056697146052022e-01
4.423939996357876825e-01
4.380247019981789447e-01
1.923268463019362162e+00
4.318630710786885984e-01
4.301358052830011047e-01
4.359761857614941616e-01
4.401077503175351846e-01
4.278598990002618896e-01
4.329365506279774789e-01
4.388372694242303473e-01
4.293373353507537460e-01
4.123492082088164312e-01
4.809486934953626225e-01
4.742713428450977542e-01
5.032330011791098512e-01
4.859359476534722000e-01
4.281410855387466352e-01
4.343448811350515415e-01
4.233335885324604475e-01
1.263946075362720523e+00
1.454389211411748262e+00
4.528514697869999162e-01
4.450101143938235415e-01
4.404273854848074765e-01
4.731231150806965990e-01
4.648658262969944110e-01
4.705163429858754687e-01
4.784787878650344495e-01
5.013050720481319056e-01
4.888716864144033170e-01
4.307154121395659341e-01
4.298840716266162376e-01
4.288572831848337930e-01
1.095266087804773747e+00
3.289035184124307620e-01
3.700288189186606846e-01
3.808532030899000609e-01
3.641546302954996039e-01
4.408983735519135250e-01
5.066048384190395826e-01
5.084499237603680166e-01
4.739712450336943106e-01
4.539854099668308995e-01
4.517003363176417818e-01
4.559689354332336353e-01
4.598431312391357273e-01
4.638838620153418746e-01
4.633109900015368599e-01
4.701009878415219334e-01
4.602198033312291936e-01
4.616237805749670575e-01
4.393934773923439119e-01
4.465732462214964116e-01
4.773952408994255880e-01
4.665406501571739417e-01
4.748667928907147617e-01
4.886141513502468836e-01
4.857264818915555393e-01
4.995758238110805105e-01
4.254482624138610225e-01
4.507651442215444559e-01
9.627347193599600228e-01
4.066263348792370502e-01
4.254067817425233322e-01
4.250528412539312795e-01
4.751424560871323477e-01
4.557083799261053558e-01
4.536472311538075619e-01
4.477328713639295854e-01
4.543351010419346969e-01
4.579692742768897706e-01
4.602238875459269685e-01
4.625362385675020338e-01
4.646138743808237437e-01
4.740428979480271199e-01
4.643348790635287160e-01
4.652705892799305909e-01
4.435440485986938963e-01
4.388937357951389617e-01
4.415900765695956465e-01
4.679707465002763134e-01
4.746163833704845625e-01
4.858489293706356182e-01
4.871855829121238268e-01
4.954100120707659038e-01
4.245192834929574777e-01
4.267493445981362932e-01
4.455873048568613770e-01
7.718423938871651346e-01
4.096285479773790206e-01
4.181173399830068194e-01
3.865613585269442876e-01
4.237624633946036612e-01
4.388177348620877494e-01
4.436584504778359750e-01
4.583897668639169143e-01
4.593264739222249204e-01
4.608374595030698684e-01
4.701478032196141910e-01
4.719472543088079619e-01
4.375474257854040649e-01
4.426420923375175565e-01
4.368446562850395454e-01
4.679487088434565734e-01
4.752168106989577701e-01
4.914767738828993426e-01
4.893200452425087721e-01
4.954288403163596421e-01
4.294979774961200647e-01
4.322391912568874228e-01
4.327010423247844018e-01
4.344606228862372688e-01
3.697873930455607416e-01
2.636138841980434910e-01
3.326513247261829176e-01
3.460752083534454626e-01
4.791245581453325575e-01
5.001011564942130505e-01
4.766929699642115104e-01
4.647659209865828700e-01
4.637816920265503406e-01
4.638972080321202007e-01
4.427653906585580779e-01
4.372282165681704580e-01
4.426922709249036525e-01
4.634941882487472742e-01
4.638028955331899850e-01
4.402420529958409601e-01
4.426350668275070288e-01
4.371133979564209571e-01
4.773783565761590686e-01
4.797634452346089540e-01
5.050863807045644638e-01
5.134508327869931055e-01
4.313273993651291494e-01
4.369292398959807588e-01
4.230869125454483903e-01
4.519592941345343395e-01
4.435180428259215546e-01
4.462987349858659747e-01
4.474810264749266020e-01
4.531074941648404741e-01
4.447259810827233761e-01
5.185869240554578097e-01
5.575091322144641870e-01
3.331878679099965490e-01
4.819905345003147601e-01
5.151761396774220403e-01
5.159125671528203005e-01
4.637949908031233637e-01
4.686360833468398157e-01
4.744033007528558055e-01
4.654258550027532415e-01
4.600137053479879667e-01
4.595045626211469170e-01
4.608893960775458098e-01
4.680550754182235540e-01
4.602310534290963706e-01
4.380390530941938310e-01
4.448978772587510733e-01
4.436212035812480692e-01
4.441604939427921672e-01
5.046393257947650035e-01
4.423192221862725093e-01
4.299513076830457914e-01
4.605007880994763658e-01
4.614599296809597795e-01
4.639838830794837388e-01
4.686539562516699453e-01
4.409535020850272602e-01
4.432362148844315453e-01
4.362683200401025196e-01
4.735584047779573535e-01
4.644655720573822033e-01
5.235167799923852172e-01
4.334415459391900982e-01
4.354667355744032409e-01
4.299260578267717348e-01
4.462735414212369855e-01
4.441715382313106142e-01
5.092793315605306237e-01
5.603029828505858845e-01
5.106805694932481376e-01
4.597058317347363365e-01
4.404710416202972101e-01
4.355131944817368650e-01
4.620399227502181017e-01
4.599213147117441336e-01
4.623240343592682766e-01
4.595419150652549356e-01
4.540650027482422968e-01
4.554325581400107681e-01
4.599911423422062273e-01
4.618050658834006450e-01
4.525638045234286477e-01
4.400168330832945340e-01
4.459257257505719885e-01
4.625598092084820534e-01
5.008121215972870521e-01
4.651571251404283402e-01
4.407808647409538483e-01
4.352931224940420063e-01
4.644417169567369164e-01
4.611030937158797638e-01
4.811460124977874897e-01
4.422331640975007416e-01
4.434587177869868668e-01
4.366385070670210644e-01
5.026157479207616907e-01
4.853909918229454279e-01
4.533623188665321102e-01
4.456427563333236752e-01
5.239819355296416736e-01
5.265626200206540153e-01
4.337043777299788849e-01
4.348853984359114522e-01
4.300659442326304482e-01
4.476022191465041100e-01
4.474510533375757881e-01
4.498867424229916478e-01
5.359574394714328172e-01
4.494604337296309593e-01
4.464914892777414046e-01
4.182305413010038997e-01
4.442285995959760481e-01
4.671919773100558504e-01
4.725867038722221802e-01
5.005472733984089873e-01
4.474691666358969200e-01
4.537134172350849037e-01
4.538201194711113939e-01
4.588424998703704016e-01
4.314040470629174617e-01
4.736626584642210647e-01
4.362189303249143224e-01
4.173096128008428884e-01
4.771010185016432148e-01
4.759441549693572693e-01
4.401406398959304966e-01
4.435724889321288056e-01
4.460883656161310773e-01
4.566905968553880424e-01
4.714554382476922045e-01
4.365897542057500802e-01
4.603858872356386134e-01
4.594548017848894550e-01
4.841913987617409432e-01
4.432958925241824444e-01
4.443251502853159951e-01
4.383910276838199338e-01
4.922569340072587840e-01
4.289433958368878419e-01
4.289604611255390387e-01
4.746390120964262271e-01
4.976521186853963830e-01
5.196058776011845959e-01
4.354442092342794002e-01
4.471498899418379080e-01
4.365249732521143122e-01
4.302053088552096893e-01
4.452542653275120554e-01
4.503966827631712411e-01
4.613505967739180424e-01
4.624601356331193291e-01
4.680517577680228247e-01
4.881695199684907838e-01
4.457725841524765031e-01
4.520795082624313732e-01
4.516740341030129335e-01
4.507468415702540199e-01
4.698877497830911687e-01
4.717545351354813232e-01
4.505548570504545602e-01
4.663963049022576413e-01
4.660104837405318334e-01
4.706176899384776902e-01
4.678551198768581831e-01
4.751125979923551124e-01
4.421926786836166690e-01
4.474426431622884892e-01
4.471062591178615042e-01
4.547364421471258300e-01
4.801458556850681791e-01
4.431138133154310377e-01
4.287546604225458413e-01
4.589957133150233126e-01
4.586275032860119283e-01
4.844508514689154222e-01
4.441996149663677840e-01
4.466088535478940358e-01
4.408078084490815729e-01
4.921430130111033030e-01
4.792941962544212675e-01
4.226886467717401730e-01
4.787993237397756285e-01
4.929649751505572608e-01
5.175672777396848057e-01
4.340933789026034106e-01
4.293815464269102877e-01
4.571687681725690178e-01
4.305917429631282989e-01
4.207395556705910145e-01
4.304054977434417784e-01
4.562554104115815190e-01
4.526398910859777969e-01
4.523326194584860183e-01
4.606520283673850025e-01
4.690891054272881000e-01
4.658688744455466435e-01
4.444177111776506650e-01
4.503561101857004312e-01
4.489591506303001189e-01
4.455956710521315478e-01
4.998044456371655286e-01
4.599580429090630029e-01
4.492975797356018597e-01
4.623819614551279433e-01
4.701919561038970241e-01
4.700420412110063451e-01
4.398313166440886435e-01
4.498504481850487680e-01
4.509766216949139261e-01
4.683289628622443468e-01
4.812126710391756990e-01
4.770740586578403608e-01
4.405244113230974978e-01
4.581326381603317843e-01
4.582215633890798778e-01
4.830134867874925075e-01
4.443379666787436455e-01
4.454324278930614778e-01
4.487316285412290551e-01
4.761515467110324362e-01
4.317550833454437131e-01
4.273677260348292539e-01
4.810446302651160688e-01
4.865877841722754393e-01
5.167201080571385274e-01
4.344201483467050040e-01
4.388136468703026649e-01
4.285043801227726989e-01
4.286619851838776585e-01
4.364834319744590463e-01
4.524092567139194054e-01
4.566966954764001274e-01
4.616790372932383368e-01
4.638268486771446875e-01
4.683547894973247305e-01
4.915291584488892807e-01
4.481005614710225626e-01
4.496566634689166397e-01
4.553858934689801741e-01
4.748750770203882254e-01
4.795877625622716467e-01
4.372512734243294563e-01
4.681512101216172006e-01
4.639408298250032314e-01
4.705195464986428044e-01
4.790724501456630202e-01
4.461010073075997173e-01
4.466327476354289283e-01
4.513767139375262638e-01
4.618995948421498743e-01
4.771359570579906673e-01
4.332774728998785574e-01
4.327672349732870627e-01
4.575910388954914088e-01
4.573066062902347295e-01
4.813736454736883275e-01
4.434667760404427672e-01
4.444990604410687940e-01
4.674262904662251361e-01
4.894560860153892579e-01
4.845560217343030107e-01
4.276157709337560786e-01
4.847843608269292726e-01
4.868534348198893524e-01
5.027455605066928346e-01
4.315529017065716233e-01
4.388947145992110888e-01
4.403299826469997402e-01
4.427703969883181601e-01
4.497529283430901637e-01
4.572041778814489033e-01
4.643455683632444764e-01
4.718400711398115788e-01
4.742481942264705763e-01
4.774041754532480919e-01
4.458394176624427274e-01
4.514374888899714833e-01
4.695324764062595579e-01
4.644997474786972114e-01
4.466725336384989586e-01
4.626450827392022402e-01
4.653906998183394705e-01
4.654215577094187317e-01
4.848666057697822440e-01
4.530269431930705193e-01
4.730522042143684991e-01
4.262519788827640599e-01
4.570336011544390842e-01
4.556633051354088693e-01
4.772140433082560085e-01
4.448411066132931801e-01
4.510204603534630485e-01
4.667424141061631282e-01
4.297854932553530904e-01
4.296181654468938516e-01
4.919778023009943047e-01
4.916240071839420578e-01
4.368052319715778897e-01
4.453916173381862742e-01
4.493586174962329594e-01
4.471428979383452740e-01
4.488108720035331456e-01
4.534042635927663656e-01
4.591272755289835250e-01
4.606187145841137975e-01
4.670442616939652347e-01
4.724618686182565086e-01
4.699536628149442730e-01
4.628854632096374710e-01
4.494300866622800150e-01
4.272393974191385779e-01
4.607693351989705088e-01
4.671867624325145574e-01
4.668067636578311919e-01
4.435601014885434679e-01
4.575249390797560545e-01
4.578738154899354429e-01
4.645109645617842564e-01
4.224027894910153402e-01
4.941622789487413181e-01
4.939362601965565647e-01
4.936143495154624583e-01
4.421513522769535132e-01
4.453828743054715766e-01
4.497853317673602969e-01
4.562974222477679809e-01
4.623796068075554100e-01
4.647538742024548419e-01
4.598178301890732955e-01
4.612247267902223613e-01
4.633083038335242820e-01
4.829172122819120894e-01
4.253328176023081775e-01
4.650255022871678245e-01
4.637511044069915767e-01
4.628264803436238917e-01
4.823232344412380912e-01
4.514506435705512577e-01
4.331930974383328969e-01
4.613821347827802288e-01
4.622938301968348984e-01
4.677822286983986388e-01
4.425537640102671366e-01
4.883645451046085273e-01
4.839162811796779984e-01
5.073426192208851937e-01
4.445521722846603185e-01
4.435664374673810029e-01
4.473989819564129222e-01
4.448720351800866668e-01
4.585525998518804602e-01
4.641786115616302055e-01
4.560170509871087630e-01
4.665449160502099790e-01
4.701298535616088015e-01
4.634124732670827362e-01
4.584428488627056986e-01
4.601079576530688331e-01
4.660005746516057146e-01
4.712057400962215148e-01
4.299184183022839445e-01
4.313970187962077318e-01
4.586879630413017717e-01
4.391715006312895686e-01
4.473094890308563221e-01
4.893539746842412996e-01
4.880277547888907108e-01
4.903867022317520696e-01
4.455445635932158699e-01
4.464618640477675537e-01
4.426827549751101154e-01
4.439898370622171186e-01
4.578968247441447259e-01
4.601216866278085571e-01
4.641631015593011833e-01
4.678172397394932402e-01
4.724152761312258586e-01
4.730147783637990710e-01
4.580385260228723165e-01
4.648700930652972518e-01
4.367397755819016902e-01
4.438559877367729833e-01
4.834873553492198273e-01
4.637207151478161538e-01
4.702888882294364858e-01
4.539659392700260421e-01
4.454556274102495217e-01
4.747407572761387917e-01
4.830751681747863513e-01
4.915981566455418506e-01
4.470746025394154444e-01
4.500199305121652116e-01
4.410825026537662508e-01
4.407645892188857828e-01
4.578632426677196610e-01
4.663306681287934796e-01
4.631551297499118536e-01
4.713271542371688105e-01
4.785414500637638624e-01
4.800930495478842319e-01
4.560081144733088565e-01
4.630716547948325879e-01
4.601798862848217597e-01
4.625565630387015736e-01
4.457465916597194155e-01
4.756258454472359065e-01
4.702457992045238622e-01
4.536624726752039871e-01
4.595909541307991453e-01
4.621826639227994415e-01
4.829231976404973481e-01
4.705690237460515846e-01
4.492456178433056890e-01
4.493585281265632947e-01
4.410896010113812826e-01
4.438871644196732413e-01
4.512165232582172059e-01
4.649610510633644389e-01
4.669656814236012310e-01
4.416784898466765696e-01
4.461779099817842487e-01
4.674355012317883973e-01
4.681624959256257545e-01
4.402571299485583678e-01
4.710895224242596102e-01
4.684448924332075270e-01
4.537367266278071187e-01
4.528900973136661956e-01
4.387423617661060371e-01
4.554266416197205181e-01
4.312512112440720080e-01
4.440992848918027813e-01
4.583732158921621780e-01
4.622951588892078578e-01
4.620985410466295629e-01
4.465834510907427113e-01
4.514811691489122314e-01
4.517719785747311700e-01
4.430969954415168721e-01
4.462800416983329632e-01
4.678667762865580948e-01
4.664583508548560409e-01
4.168950203571361035e-01
4.025485155066861331e-01
4.584656788630123159e-01
4.647545215632290505e-01
4.629755503347973145e-01
4.517562171368845192e-01
4.432657442945405202e-01
4.676401344122994574e-01
4.690295771099846633e-01
4.561807919756329932e-01
4.500036951319998368e-01
4.612096753624752021e-01
4.504302946860266332e-01
4.422422260183951903e-01
4.428604871085173311e-01
4.657335507313151712e-01
4.567886466031892412e-01
4.580475211152607584e-01
4.403433319068312257e-01
4.517688830179570347e-01
4.520759528438956232e-01
4.369343103941598083e-01
4.391401892881640623e-01
4.660323286732907522e-01
4.692013763350657563e-01
4.280761102730973322e-01
4.186206622547066769e-01
4.736901459587553598e-01
4.809316287783279020e-01
4.595235965820131385e-01
4.609780431212485707e-01
4.766280645911159519e-01
4.420549451979833289e-01
4.424444334788377731e-01
4.601082963384414692e-01
4.675506046821535366e-01
4.439393204436392071e-01
4.413688409953911429e-01
4.387120645720233303e-01
4.646618421528581622e-01
4.686694655850363045e-01
4.537830465534254398e-01
4.501214343022150732e-01
4.568682294543617850e-01
4.550537339734881948e-01
4.434575662786148231e-01
4.420156714388832064e-01
4.661572937742354261e-01
4.600286588805018173e-01
4.477861634073284636e-01
4.495543199093962050e-01
4.701477901325302189e-01
4.784060959895662379e-01
4.844433972775581965e-01
4.731572462630064257e-01
4.545269374150824326e-01
4.532072762410208067e-01
4.359620621562885212e-01
4.359213518191227266e-01
4.611865389571894180e-01
4.690144673920623730e-01
4.233688930875156298e-01
4.704496349072881944e-01
4.847809704392038177e-01
4.577430008072604362e-01
4.541154870468916971e-01
4.671714451996952788e-01
4.586189844524006798e-01
4.625843587209897967e-01
4.713105828091310179e-01
4.421531896756997204e-01
4.657620054728281445e-01
4.667702898466622452e-01
4.389907940005019493e-01
4.366848855100551319e-01
4.672782084303099270e-01
4.718056540907912266e-01
4.685073844536606358e-01
4.496687167908100524e-01
4.502703068520648721e-01
4.570661659830161927e-01
4.555762136725662326e-01
4.421618279548354957e-01
4.450109965977484539e-01
4.508341529153374050e-01
4.614309342901661282e-01
4.590899116784472600e-01
4.520860853743948193e-01
4.457437868489739219e-01
4.476736174922108513e-01
4.649019200805343255e-01
4.740817368128218967e-01
4.749617194143509469e-01
4.552435817173891008e-01
4.562320720531703455e-01
4.386565828324617833e-01
4.359988392710109628e-01
4.409630589780467735e-01
4.673228827206165614e-01
4.708290817355739732e-01
4.686634827438927453e-01
4.314243477110243363e-01
4.273275586324817854e-01
4.759172222988036771e-01
4.816825321851952446e-01
4.542138516342421051e-01
4.561855056809248077e-01
4.581443580616915145e-01
4.646638508957085523e-01
4.635357988780693383e-01
4.678869638971518419e-01
4.547589239135100825e-01
4.445063041779712121e-01
4.650982058608110203e-01
4.679491981198965478e-01
4.378632107825037312e-01
4.370683151789063192e-01
4.440244537857697127e-01
4.697158194912096629e-01
4.726924297830287780e-01
4.479239586859455335e-01
4.599590755660160624e-01
4.455351891599791392e-01
4.488704447768778749e-01
4.599656753028533163e-01
4.621747727512051096e-01
4.488133700082935773e-01
4.451372782333331002e-01
4.572918794598400116e-01
4.625142983678120490e-01
4.731287269493636427e-01
4.790656570643350154e-01
4.533381288365816442e-01
4.586200036140279934e-01
4.385587515485180332e-01
4.405065062337256698e-01
4.743699098230344524e-01
4.754109508676619411e-01
4.267180320095611545e-01
4.213933139508218018e-01
4.808788605092587654e-01
4.793605733039412176e-01
4.545681816792854768e-01
4.543214814564122683e-01
4.669149735955253067e-01
4.724344120705044059e-01
4.462830089331280559e-01
4.450493588971213832e-01
4.654024344110190281e-01
4.663043603445534147e-01
4.402833155565870626e-01
4.428880848506837609e-01
4.648283917973821122e-01
4.708076983974979202e-01
4.541467732379017019e-01
4.486971139684903243e-01
4.553458643030819930e-01
4.584193932811555516e-01
4.445891603277309367e-01
4.434217560083397180e-01
4.561375521560048218e-01
4.625895584418523443e-01
4.462207075373741949e-01
4.460210302797170123e-01
4.564383047605221067e-01
4.593326163085466596e-01
4.772729667608704429e-01
4.785361434667290692e-01
4.516138028831848117e-01
4.587138206485779635e-01
4.322257670485807335e-01
4.310643310082426516e-01
4.699256211367527358e-01
4.725529527481494574e-01
4.234889319027516086e-01
4.200947131206911878e-01
4.786901124043199673e-01
4.726956333840499624e-01
4.555541286239420673e-01
4.545106462213200915e-01
4.574147738047162348e-01
4.658641652490041474e-01
4.652308184816257297e-01
4.830239817019988391e-01
4.384064017783783629e-01
4.519376727749770950e-01
4.694805053003791584e-01
4.664995334520593562e-01
4.356906956495265604e-01
4.367176260469075033e-01
4.621069618096597664e-01
4.673258901222010486e-01
4.731601453230387944e-01
4.513393756832783099e-01
4.466016948622992255e-01
4.618065802256873797e-01
4.602131102784908223e-01
4.453546969721227655e-01
4.437906172247585435e-01
4.569292609300177332e-01
4.609488089070389871e-01
4.618989777095417470e-01
4.519989988025350236e-01
4.608082273786923144e-01
4.773410119521436790e-01
4.790433578121370828e-01
4.516725057037087598e-01
4.565209623852430898e-01
4.307443466305523327e-01
4.252323631478449606e-01
4.668632754789642791e-01
4.669921491637982758e-01
4.822518020847093023e-01
4.218274047187541287e-01
4.295403112576422489e-01
4.781104516565964357e-01
4.759205632281051090e-01
4.534097383564400507e-01
4.508751242646599211e-01
4.725668197958068362e-01
4.624142774214357599e-01
4.432978952112584525e-01
4.728116162864625660e-01
4.398862567313792660e-01
4.391707303420787634e-01
4.688712888389212630e-01
4.743995790445378891e-01
4.482118583538134970e-01
4.487899098303856360e-01
4.603866226974678844e-01
4.605019463681305214e-01
4.429765260923113623e-01
4.419683487014747225e-01
4.578785630023931019e-01
4.650869208064196680e-01
4.467885926680638664e-01
4.506931540537261194e-01
4.607532428305479155e-01
4.638943856664916598e-01
4.785244382943094621e-01
4.803481364184812308e-01
4.563302449948257733e-01
4.284393217290382583e-01
4.260780549479650792e-01
4.727002262631446183e-01
4.747866819497471025e-01
4.201918482434139901e-01
4.792965305882184723e-01
4.550033050040028226e-01
4.533305008594220031e-01
4.565040489830411441e-01
4.721677717749344083e-01
4.723000236619168679e-01
4.398981726483366939e-01
4.421531802398347422e-01
4.495445461727163305e-01
4.596023438875704303e-01
4.591837048499565199e-01
4.862826377589757887e-01
4.404116384669883311e-01
4.488687541786547941e-01
4.637648234675000869e-01
4.577749347429581062e-01
4.452392841417436298e-01
4.459551271062369704e-01
4.483145998717441572e-01
4.603262985809337682e-01
4.573158243020246649e-01
4.411655939506512469e-01
4.531604791902426599e-01
4.654013139461076753e-01
4.587011427930586249e-01
4.812100349179165848e-01
4.802107485721958668e-01
1.126927669788967634e+00
4.284320458086191552e-01
4.301571921254291886e-01
4.339435859868155942e-01
4.701993873433952809e-01
4.517884498640545310e-01
4.205784936208596392e-01
4.842868795763524137e-01
4.772513297048839309e-01
4.535019418534310121e-01
4.523096867422994327e-01
4.751102103955819889e-01
4.646306689567443193e-01
4.418464514598957060e-01
4.460194663866663412e-01
4.597470447662506676e-01
4.470132984190879899e-01
4.623983028799813488e-01
4.485206343965434383e-01
4.513133709572183516e-01
4.601308969183358077e-01
4.510354751488315772e-01
4.360852170180032905e-01
4.549177682075936646e-01
4.626745180117751155e-01
4.556636844373266881e-01
4.814076010265011529e-01
4.787652790848490603e-01
5.527876093395969193e+00
4.303234290905293413e-01
4.391608420011820502e-01
4.827948650235275307e-01
4.685013633428123936e-01
4.532084679564081231e-01
4.521878966314697434e-01
4.615444905062933700e-01
4.420466677279949463e-01
4.424174443213000352e-01
4.720529123202897304e-01
4.601603528461988279e-01
4.437042792447976614e-01
4.461799356532469285e-01
4.598508662530853552e-01
4.521406193944624841e-01
4.534610441237036937e-01
4.817588877522341329e-01
4.763706633795026235e-01
1.718029865154380076e+01
4.224662390879826979e-01
4.207716179264692213e-01
4.781693832111728604e-01
4.536892227823385859e-01
4.461787176204097261e-01
5.063616704397783108e-01
4.623897078630680446e-01
4.459737283572430266e-01
4.465958490471774733e-01
4.803088076368759451e-01
4.599782961773855039e-01
4.544860969690816543e-01
4.350930142104681986e-01
4.712967481116888124e-01
4.550606244883431684e-01
4.786845501742184594e-01
4.735160479752336671e-01
4.854171990206964105e-01
2.760407204104984302e+01
4.382176422032417751e-01
4.852815791467762208e-01
4.839370415747815679e-01
4.694573256718270748e-01
4.195378773233911507e-01
4.723657738535079198e-01
4.525088343324559781e-01
4.366669528368008479e-01
4.622878583981209766e-01
4.495600118901206810e-01
4.513975403300045097e-01
4.596908488383520397e-01
4.667485218121393276e-01
5.095822621559958909e-01
3.151649286029964614e+01
4.242548926405422249e-01
4.862909467855803247e-01
4.817179541893439887e-01
4.683397230939417288e-01
4.448872946833352104e-01
4.626355317936300948e-01
4.524821076971349831e-01
4.465225802033624958e-01
4.602123964310916304e-01
4.495269427736597323e-01
4.346249515313999612e-01
4.549514989068670356e-01
4.667607821758345543e-01
4.855605961698196693e-01
2.760341209322745470e+01
4.334822696851673429e-01
4.503766224652069328e-01
4.728537994464560024e-01
4.523427707423944844e-01
4.509261600060664454e-01
5.066742645886497254e-01
4.617524713569640116e-01
4.458848137071731443e-01
4.423450290088066228e-01
4.799398228621439277e-01
4.593669194777243447e-01
4.548583769990684478e-01
4.464169562403589309e-01
4.711483502122304490e-01
4.532856081702511530e-01
4.787752715425221961e-01
4.764569948814567635e-01
4.736369221128326479e-01
1.717969318388767519e+01
4.413104464618238243e-01
4.446372094587565660e-01
4.882153750631360034e-01
4.806255890950955623e-01
4.520252242351010530e-01
4.511637533802605460e-01
4.647827982871868269e-01
4.419688052211953599e-01
4.459333714589202580e-01
4.719225055720178141e-01
4.623186621124699136e-01
4.437181727877543835e-01
4.514443204686291455e-01
4.597245618824429281e-01
4.508775808600078983e-01
4.520936920122335390e-01
4.552582599797584950e-01
4.554745179024112800e-01
4.818277255712228313e-01
4.788303921335752555e-01
5.527611832927122215e+00
4.354729236652609137e-01
4.333561576383473946e-01
4.403801812872999433e-01
4.651957461343738109e-01
4.690692422795628702e-01
4.471302671415329222e-01
4.169879413952019553e-01
4.167114928239412652e-01
4.867179728706189090e-01
4.814541766172342752e-01
4.523241139444610925e-01
4.552783500702149433e-01
4.752606367006522725e-01
4.724068921684340672e-01
4.417749906729642184e-01
4.494844338387916638e-01
4.597666831551754929e-01
4.863593005764060284e-01
4.469938440238034882e-01
4.488875955315439481e-01
4.575074789014657028e-01
4.468738950096746154e-01
4.483379107582911582e-01
4.599868945976686163e-01
4.571543555860922980e-01
4.364126651223255160e-01
4.532633632983503191e-01
4.627642431634382270e-01
4.585591499917237024e-01
4.814675093093255254e-01
4.802686026994356649e-01
1.126853297413317634e+00
4.341709070608968934e-01
4.304738324701771757e-01
4.663581349827511935e-01
4.745627090790424663e-01
4.262765583662182500e-01
4.763976505023495012e-01
4.542235956379301887e-01
4.502715536481540215e-01
4.522412303448071214e-01
4.722173250416286661e-01
4.728330534971785237e-01
4.398292861553801947e-01
4.390872002700128562e-01
4.420851457260303041e-01
4.596148702358222038e-01
4.744311370244681525e-01
4.592442007996729303e-01
4.404736479524901660e-01
4.489417047505456226e-01
4.634498559928874606e-01
4.602745622272497728e-01
4.452788267838249103e-01
4.419689078545976368e-01
4.460068976131877916e-01
4.601943768936040957e-01
4.649415260462138599e-01
4.412491010791395052e-01
4.508642392600520354e-01
4.654504411622745197e-01
4.638242490513124761e-01
4.812638849142631958e-01
4.804009846521785088e-01
4.562555008981549198e-01
4.349467375082628484e-01
4.346337160279233891e-01
4.580188109444737199e-01
4.637945666167256342e-01
4.591479115557776103e-01
4.186916544712859789e-01
4.181884974412822809e-01
4.784107680795950945e-01
4.693216295616484124e-01
4.528314229770248889e-01
4.567458858523198439e-01
4.732823255586941502e-01
4.838277449751328119e-01
4.628407453134059102e-01
4.431153177939995413e-01
4.516500784981991035e-01
4.664440694967555978e-01
4.398202314604502394e-01
4.366590359862191351e-01
4.688900182382123027e-01
4.731680413095204485e-01
4.484115303368633176e-01
4.455787035277461450e-01
4.602104583056319531e-01
4.600758839263581756e-01
4.429537958628892436e-01
4.438080292588416076e-01
4.577658077428888306e-01
4.618081683782855329e-01
4.468196913422005090e-01
4.521872943305080272e-01
4.607810977726228274e-01
4.608642275275680045e-01
4.785733573823572340e-01
4.790895926359622914e-01
4.564225214737149261e-01
4.349762280472722620e-01
4.422639929493609179e-01
4.625900050729527813e-01
4.689355262885239739e-01
4.218440324354214011e-01
4.209445720089809995e-01
4.765713745161089809e-01
4.759726007873500420e-01
4.551003835523473318e-01
4.540973963894234799e-01
4.538471028304667532e-01
4.667806277364765499e-01
4.735762297704704249e-01
4.659405815186397626e-01
4.381595391829047337e-01
4.448140550450214170e-01
4.694207150853377253e-01
4.661813293469740382e-01
4.356529659250112929e-01
4.428792842027113874e-01
4.620993067619980077e-01
4.708171762689156714e-01
4.673504196790678189e-01
4.516076800688301196e-01
4.489562706768043254e-01
4.617269688775451075e-01
4.583417176304601104e-01
4.453133197779014507e-01
4.433893467625169005e-01
4.568504993240915524e-01
4.625241866418529635e-01
4.608530315668700750e-01
4.459880640357626880e-01
4.594736380540415666e-01
4.773829370983227460e-01
4.785743862094348211e-01
4.515845544138748502e-01
4.586598774893613228e-01
4.398192666615537982e-01
4.403355635954533387e-01
4.685654314489825500e-01
4.642005862835040797e-01
4.270958463148686879e-01
4.286567406755206200e-01
4.765989347824631239e-01
4.768748741558410109e-01
4.544136727816230903e-01
4.579030837318603941e-01
4.678815179312810768e-01
4.689206965276528916e-01
4.461503178358640076e-01
4.443803125952910937e-01
4.652453342221467558e-01
4.677263234716058093e-01
4.402500412723047707e-01
4.439525281920311817e-01
4.648352257195672022e-01
4.727065836439912627e-01
4.543686563049728622e-01
4.481171587523057331e-01
4.553298452353835568e-01
4.599605639507318711e-01
4.444825332061912992e-01
4.487492045251712525e-01
4.561094000568781670e-01
4.621574774950570896e-01
4.462386586084559625e-01
4.450795191913800020e-01
4.565798421999740508e-01
4.627152624110311141e-01
4.773073661988139760e-01
4.790945473880454109e-01
4.515655752766747910e-01
4.585690544434464777e-01
4.358591528532330117e-01
4.329090862277674145e-01
4.352300489660206329e-01
4.654113651733070012e-01
4.670753257542639703e-01
4.666447938873795054e-01
4.344150977454059315e-01
4.260926091679405059e-01
4.709232577133438680e-01
4.798546080722768115e-01
4.543319496118694567e-01
4.674625176256125281e-01
4.560313024567695384e-01
4.657869428446766435e-01
4.723285583875617699e-01
4.680017832126920907e-01
4.546108632914652725e-01
4.421589912955260493e-01
4.648295032219642575e-01
4.664625876157199036e-01
4.378307676068216581e-01
4.366793159089742971e-01
4.370372010044117905e-01
4.697185192449307989e-01
4.684589514718640046e-01
4.503920538423897280e-01
4.556204245075216042e-01
4.454252324840926591e-01
4.506664979796807247e-01
4.599814813072741759e-01
4.591311464373427076e-01
4.486855104229099389e-01
4.456373198592890050e-01
4.574749476755224364e-01
4.651141191934901609e-01
4.731534763948316291e-01
4.749783844008731437e-01
4.532817410471735586e-01
4.561732779876599420e-01
4.313228601901494264e-01
4.339279301761756469e-01
4.611905179324979343e-01
4.696283813586085709e-01
4.229596541775291763e-01
4.664969300175205169e-01
4.774163079161728995e-01
4.581629114745617848e-01
4.599155106740098753e-01
4.544571177234746906e-01
4.596763046986314660e-01
4.776441705832584206e-01
4.638001252175186218e-01
4.424551684881580238e-01
4.654098289140514710e-01
4.672114159159631019e-01
4.389560901013339067e-01
4.386533443951633471e-01
4.672358786883478721e-01
4.686678006331787549e-01
4.717985851216341397e-01
4.497854371374028770e-01
4.501822783609720213e-01
4.571158328734991616e-01
4.551587120967888200e-01
4.419977166210609099e-01
4.418154539922406476e-01
4.448161382842361067e-01
4.614975875708886011e-01
4.601062491352962414e-01
4.519451625587706523e-01
4.476390889150139163e-01
4.479870593479600149e-01
4.704003818397641257e-01
4.740869258175710033e-01
4.731539754489604843e-01
4.551847596269900653e-01
4.531507898663328926e-01
4.305102291989661989e-01
4.383967318347495867e-01
4.677898173670315685e-01
4.690410816369566804e-01
4.321276791689646624e-01
4.068835977875130405e-01
4.728609979312342615e-01
4.618090470633527955e-01
4.637151478500655677e-01
4.420843882941916103e-01
4.433338233563386410e-01
4.598503070538758619e-01
4.438286412440268780e-01
4.413241725175498509e-01
4.646895186612456929e-01
4.689222661046121843e-01
4.538289460578746048e-01
4.500076569104082824e-01
4.569895616011298012e-01
4.505946171317855020e-01
4.432816903986972479e-01
4.425926761750261229e-01
4.662608747688708477e-01
4.568824235989354388e-01
4.401382424715662989e-01
4.498348098752321111e-01
4.786115884970375545e-01
4.844670198911207315e-01
4.544789293602895519e-01
4.520286204023367116e-01
4.342228041789101822e-01
4.398171648247166665e-01
4.711800926858276672e-01
4.715150579182655899e-01
4.202492504119044736e-01
4.486196700280629113e-01
4.590915428457508218e-01
4.687472053096462532e-01
4.653812561373924517e-01
4.518680824442120048e-01
4.404155094944999793e-01
4.676872843003276325e-01
4.684945460483179169e-01
4.561418728682722912e-01
4.528243843523530598e-01
4.614068553184084154e-01
4.555869818126720983e-01
4.420572324150094379e-01
4.439393753441681079e-01
4.658810953288100576e-01
4.622662378823517160e-01
4.578314729455191801e-01
4.464105776137704540e-01
4.517311077219407500e-01
4.517346893380360662e-01
4.303865572598469802e-01
4.294186181240166600e-01
4.327610662204516845e-01
4.701114612024066552e-01
4.705003747854638041e-01
4.433877286343267943e-01
4.805559432068859937e-01
4.679074683483122055e-01
4.603624009656744898e-01
4.459801177516335424e-01
4.709466193812351098e-01
4.701860610030196286e-01
4.536794301742933522e-01
4.536087932331680506e-01
4.388070369117852976e-01
4.311416562442525469e-01
4.585561448577775701e-01
4.623915991094837419e-01
4.624400552632813022e-01
4.704601274148342283e-01
4.514522060179194662e-01
4.493300856049412539e-01
4.271482367369898170e-01
4.302458460688105557e-01
4.680907233202336593e-01
4.709017870310439058e-01
4.732253008866612598e-01
4.711234798079321218e-01
4.733942345644101546e-01
4.787604353108953492e-01
4.561623120489958771e-01
4.649579418605944148e-01
4.634122838683546464e-01
4.627501608333879912e-01
4.439288136115321359e-01
4.755773244648486275e-01
4.636502248946079430e-01
4.537562378708366873e-01
4.597842695018641290e-01
4.749533982545448563e-01
4.829923543432386168e-01
4.916173291221885289e-01
4.492254957758654021e-01
4.499987090348624985e-01
4.281900140483072548e-01
4.289658998798479561e-01
4.697493990422965116e-01
4.766461072718631842e-01
4.680761828737996511e-01
4.729916249421217134e-01
4.699237928639443118e-01
4.725696850116981595e-01
4.579784718718513670e-01
4.581857956146246358e-01
4.365623727776646867e-01
4.706917427156748213e-01
4.833874067867590107e-01
4.296845884736687493e-01
4.701869024276164044e-01
4.586877930555975924e-01
4.455414576210527389e-01
4.473885962296907937e-01
4.830669435566048442e-01
4.904033611728382813e-01
4.470555871141408955e-01
4.464480257516456052e-01
4.297927600026847372e-01
4.363817319662406935e-01
4.714135691792334937e-01
4.786600441263834105e-01
4.605335448734576009e-01
4.868981853084413114e-01
4.695920902594697410e-01
4.639188713727530611e-01
4.262279427148001898e-01
4.595780509971936212e-01
4.818590792664225186e-01
4.655039964558115306e-01
4.330484483119278472e-01
4.314591642536296789e-01
4.679773357997400463e-01
4.392257842468647033e-01
4.424757341364199958e-01
4.893562147288884057e-01
5.073387709246075516e-01
4.880382363953759683e-01
4.455394865952230776e-01
4.435570721178698217e-01
4.289598629249434802e-01
4.274432754966371872e-01
4.764758249440833038e-01
4.753953855860884037e-01
4.624232389362374351e-01
4.720976329615390599e-01
4.643784014739491539e-01
4.670906587221631545e-01
4.311704562107155914e-01
4.645899241943851066e-01
4.663221491893886350e-01
4.632951330919896638e-01
4.623202025251177405e-01
4.513095520230758773e-01
4.434938824284415104e-01
4.614551682027533408e-01
4.645779859029701697e-01
4.624467700434395367e-01
4.221922714340219929e-01
4.883596837868842688e-01
4.935885489724487485e-01
4.839189232232816162e-01
4.445476326146655111e-01
4.453802706153216495e-01
4.289343844610940537e-01
4.233879569918340136e-01
4.269092052697219253e-01
4.717697504470893533e-01
4.767592680134508099e-01
4.743477251056710253e-01
4.653936328277769596e-01
4.738021922782631457e-01
4.732483784000291460e-01
4.604236247702446216e-01
4.689543817880487686e-01
4.614328839928508175e-01
4.494203646291811682e-01
4.464476682253887274e-01
4.603774285302349445e-01
4.844730413828416959e-01
4.667756167209162754e-01
4.260906032598968940e-01
4.575917287821335000e-01
4.772740920164638689e-01
4.579421905299254636e-01
4.292631606403028988e-01
4.941356169812212151e-01
4.915990057436032679e-01
4.939241278275809943e-01
4.421474511400739771e-01
4.453888179608599396e-01
4.319080299525766553e-01
4.364654094071109824e-01
4.722482288789557336e-01
4.794388533320143586e-01
4.628598118006227446e-01
4.908251864249207896e-01
4.699106360717010822e-01
4.716452817430750177e-01
4.464992548366954472e-01
4.558421307531262401e-01
4.516157252028906721e-01
4.800462535452043600e-01
4.360068288246150003e-01
4.623808734290669742e-01
4.787707406151336942e-01
4.651012876150612541e-01
4.650551638753594452e-01
4.530566119872531106e-01
4.619649852153818181e-01
4.731113561968842141e-01
4.772500966274051404e-01
4.325326183785042078e-01
4.570674274053277975e-01
4.813822902792662117e-01
4.557056685361185466e-01
4.446110353141415339e-01
4.671503075606472932e-01
4.510371289075246204e-01
4.669253541959569875e-01
4.844114622856189323e-01
4.294105592294403806e-01
4.274204311855267502e-01
4.919457843297979083e-01
5.027340807491300634e-01
4.368018516256955142e-01
4.388841781321564661e-01
4.419586343661066619e-01
4.602922512561815616e-01
4.747968619421218950e-01
4.780650942776627499e-01
4.638697225661947421e-01
4.674934162039964258e-01
4.651692594920578960e-01
4.681512743982949032e-01
4.483946964582164463e-01
4.457459257340246062e-01
4.499221455647062218e-01
4.723133645409306469e-01
4.953137841163948729e-01
4.462263984921898685e-01
4.679837889938845419e-01
4.698583210295105839e-01
4.637769229673487370e-01
4.702660934191364439e-01
4.461845242559006053e-01
4.685044098444317018e-01
4.466768058601413016e-01
4.514859401468522826e-01
4.772074664028481683e-01
4.330948320786731642e-01
4.403543947883535870e-01
4.575844317501774894e-01
4.829931897387950701e-01
4.573150693486076057e-01
4.433184105439095801e-01
4.486651696215411267e-01
4.441737910845001136e-01
4.899716238597122686e-01
4.765958310153157740e-01
4.275659047402309842e-01
4.847449130455471211e-01
5.166745569105835045e-01
4.868176769416310279e-01
4.315519361272011079e-01
4.284871327108489281e-01
4.469116922434603900e-01
4.440067159169704403e-01
4.545975050164368647e-01
4.826426503762519804e-01
4.859202153669187618e-01
4.525399703485200598e-01
4.884827908481688130e-01
4.617253668957932433e-01
4.705589348672796213e-01
4.442807962330627691e-01
4.501204600477106688e-01
4.499874575686755307e-01
4.489752428224262903e-01
4.699896557259368168e-01
4.558745001812481434e-01
4.465840997692649417e-01
4.622927500444140025e-01
4.749126661547557471e-01
4.700532746950260576e-01
4.399416844331625054e-01
4.549403348590843055e-01
4.500665099962620763e-01
4.513093528674362309e-01
4.813182510681269788e-01
4.802534412834389976e-01
4.285696024802625459e-01
4.580611463638612491e-01
4.844955919357230023e-01
4.581952627672375988e-01
4.442452271344711767e-01
4.407247186676834239e-01
4.453343521097153368e-01
4.790736712149654686e-01
4.319793298231474066e-01
4.229682093008130805e-01
4.809989289424967396e-01
5.174956352149426841e-01
4.865424683768710401e-01
4.344223256571237424e-01
4.571676968331596091e-01
4.388105677517139536e-01
4.334148320260316489e-01
4.440039214068576268e-01
4.839912818015432716e-01
4.868904867766343791e-01
4.573140565292765913e-01
4.910336859960126032e-01
4.625812357619037973e-01
4.682106717033138188e-01
4.452579918124309755e-01
4.568745305460331085e-01
4.506774281965168494e-01
4.497225175514558693e-01
4.710122793062809232e-01
4.750724738519451207e-01
4.149399034559074773e-01
4.671055562739109823e-01
4.762739237846528306e-01
4.666016792515715328e-01
4.706802837202672674e-01
4.676561166751606602e-01
4.422474963071662546e-01
4.567793741552039211e-01
4.476374204396619261e-01
4.473854374964482683e-01
4.716553475825854824e-01
4.429023528636703566e-01
4.364133438382815644e-01
4.589109310131485597e-01
4.840985796724218138e-01
4.585610683292904999e-01
4.441383930580278250e-01
4.383345978533972342e-01
4.465420512776462902e-01
4.917481968315153829e-01
4.918769077891880226e-01
4.292777761505761625e-01
4.787569707754707471e-01
5.195228326821511589e-01
4.929036869456181469e-01
4.340963155538727913e-01
4.471758014320338370e-01
4.293833264158893326e-01
4.411310946548214762e-01
4.378282827254860177e-01
4.401304777144033897e-01
3.935134675121630399e-01
3.657077278525432962e-01
4.880498279132743367e-01
4.852166271382648000e-01
4.901666632572956872e-01
4.702569410123544347e-01
4.655170136337143383e-01
4.610043091100059498e-01
4.459103273091242770e-01
4.591654433958866077e-01
4.518173451831569154e-01
4.511784953227340744e-01
4.313768242919673868e-01
4.533698565054258278e-01
4.351431073836142249e-01
4.771572767359305023e-01
4.401267049704139511e-01
4.626194892619049370e-01
4.436272866351063104e-01
4.462255606542805397e-01
4.652937888177318682e-01
4.352757967865618083e-01
4.602573243081846677e-01
4.810135166059757439e-01
4.593589804734771742e-01
4.432597090553476171e-01
4.366328677966092586e-01
4.442902014814616440e-01
4.851397154726782013e-01
4.292904196788216997e-01
4.458831531042005136e-01
4.745493426676172799e-01
5.264451982681069842e-01
4.975546329237386933e-01
4.354481979777927725e-01
4.300818636949289009e-01
4.428312985580237227e-01
4.450717430553501885e-01
3.936753521145587298e-01
4.861286539125751482e-01
3.335035565009477621e-01
3.664910430680122233e-01
4.114890457558676440e-01
4.672145858380067351e-01
4.876173457958002389e-01
4.524680765870565669e-01
4.853565333876214694e-01
4.517916591085385236e-01
4.590224365035740495e-01
4.615152237631621190e-01
4.531277554715329448e-01
4.545577591102552550e-01
4.592805465683936217e-01
4.617780810866203289e-01
4.399320253207562037e-01
4.441011422562584632e-01
4.459516912915666986e-01
5.008918446554280202e-01
5.046792844609157003e-01
4.406901652254655577e-01
4.299083951873811649e-01
4.643385769528758922e-01
4.685572953484734016e-01
4.609782489559223206e-01
4.422264091588951618e-01
4.363197592683807358e-01
4.434603478909374119e-01
5.024158001302352350e-01
5.234262648056374756e-01
4.533794860243013369e-01
5.238464253177553820e-01
4.337216010714142200e-01
4.299449926325112359e-01
4.348933308273856269e-01
4.516840708322955034e-01
4.341948702083976430e-01
4.425078580346165635e-01
4.442973598884630837e-01
4.574573686249620019e-01
3.775169346908847645e-01
3.551127220863115053e-01
4.783306929356187509e-01
4.790327749475294383e-01
4.603817727434416085e-01
4.631438677410996130e-01
4.654906244915773539e-01
4.733980196228652626e-01
4.646898433230320369e-01
4.589884756905566188e-01
4.586645458823941923e-01
4.604628721133570135e-01
4.679974422708925164e-01
4.378560470015152029e-01
4.633225554825727843e-01
4.447872526724666598e-01
4.435238363962942243e-01
4.638048749637491142e-01
4.421839183299344223e-01
4.600889882133382680e-01
4.611876730739938313e-01
4.639176834714268671e-01
4.409854325978548317e-01
4.371981817996040132e-01
4.432739485613335084e-01
4.734785183204672232e-01
5.133960677368851755e-01
4.643103095613951847e-01
4.334699740445150384e-01
4.231167112351763016e-01
4.354857740057488380e-01
7.714072095993549372e-01
3.559813127761658480e-01
4.105725455666981438e-01
3.147966629829347385e-01
3.926740133942627775e-01
4.260096592797545934e-01
4.730906569783676630e-01
4.629246315337020024e-01
4.643549508133916204e-01
4.605989175158633486e-01
4.634081454320340687e-01
4.424177409516860671e-01
4.432491533749717827e-01
4.370053984054576568e-01
4.425142039705367569e-01
4.720118486909727351e-01
4.402752156860795796e-01
4.369953935699880665e-01
4.427090012844423494e-01
4.773030920961446877e-01
4.953808133102802769e-01
4.796893138057077288e-01
5.049818221728253897e-01
4.313702710722526201e-01
4.327907993828558619e-01
4.369607033399778295e-01
9.624711672223802417e-01
4.124168853144447588e-01
4.230614669454280108e-01
4.743513333660100417e-01
4.379629116720579751e-01
4.582151551648945831e-01
4.651383518506186920e-01
4.591866340857324591e-01
4.608112005771132780e-01
4.701811215017838164e-01
4.375965977974438648e-01
4.418847389451465713e-01
4.427526358122019223e-01
4.678251024906930899e-01
4.953184863301285379e-01
4.751037263216414397e-01
4.913989026927259585e-01
4.892542538804069974e-01
4.295291121603404538e-01
4.456684390900853554e-01
4.322774231639139320e-01
1.095144921978778774e+00
4.058706411299112249e-01
3.694960349638385932e-01
4.243581513076629674e-01
4.246697715755181068e-01
4.555897134254667802e-01
4.615222126508298217e-01
4.534685066284309118e-01
4.474977058469951086e-01
4.541132552070623052e-01
4.578100908273409209e-01
4.601134052635909022e-01
4.624626918578421120e-01
4.645755205913725816e-01
4.740471672231811873e-01
4.642595817953128479e-01
4.437730485107413969e-01
4.467224515521885375e-01
4.390280810207555784e-01
4.677851981056487252e-01
4.994960093465261597e-01
4.744613915830503403e-01
4.857635998500659524e-01
4.871290619420274859e-01
4.245751433944695008e-01
4.508479025168517507e-01
4.268055818205239160e-01
1.264020679059550734e+00
3.283720452825937275e-01
3.799973823749031587e-01
3.655837492955408274e-01
4.499387838824183694e-01
5.226691737591850906e-01
5.073934013653469410e-01
4.655553540253997702e-01
4.506871229725751826e-01
4.502787942803196386e-01
4.555103039293172951e-01
4.598858883119645857e-01
4.640772546203033588e-01
4.634829692854448568e-01
4.702378047461611144e-01
4.602020394505866308e-01
4.396240887251630092e-01
4.405374612902642761e-01
4.772913029663177764e-01
4.887944529451179743e-01
4.662679867084812413e-01
4.746991492419354586e-01
4.885511373587029804e-01
4.856694620922108463e-01
4.255087460951469391e-01
4.289204466006694139e-01
1.454580043415599322e+00
4.528911679970078485e-01
4.123644367378953013e-01
4.450805414786473402e-01
4.722280387729358431e-01
4.857920354291117571e-01
4.642489000198604665e-01
4.703060309929568139e-01
4.784415523004194037e-01
5.013254116538252703e-01
4.307985623246884388e-01
4.233908513906698423e-01
4.299480484359915478e-01
4.293189887391681281e-01
4.808919516407936801e-01
4.742142967316680391e-01
5.032220683866983624e-01
4.282203463328792536e-01
4.389176630009891111e-01
4.344296125018844990e-01
4.279401197775067334e-01
4.401822589370658623e-01
4.330156911721084190e-01
2.216777955970347769e+00
1.923545373282908422e+00
4.319518583828981240e-01
4.381341603349942493e-01
4.302313041439624897e-01
4.360540050604944096e-01
2.566244598918328013e+00
4.353182465446054916e-01
4.587313586846203384e-01
4.340021978133876690e-01
4.424710749890258255e-01
2.995726924348599329e+00
4.303457610237174658e-01
4.435881274893322956e-01
4.381754429628619829e-01
4.451027886569290382e-01
4.440541308544275756e-01
3.549775042439369255e+00
4.361287654202308794e-01
4.510804851886623945e-01
4.324804482676670725e-01
4.454867893098950482e-01
4.482650275568859088e-01
4.418518891782673430e-01
4.326364302124177108e+00
4.341569833658426303e-01
4.474617102303044547e-01
4.386276761253434242e-01
4.463771677808394123e-01
4.460691154086202093e-01
5.608607778660347876e+00
4.345812976591797439e-01
4.446895318970909283e-01
4.409734841601881117e-01
4.467786490552996814e-01
4.446465817861641745e-01
8.762137971363934241e+00
4.375261022678524347e-01
4.548455740339462094e-01
4.408877953796158100e-01
4.470309194819512277e-01
4.452055282701274930e-01
1.131059913834707764e+01
1.785233252556049521e+01
7.373560375823644542e+00
5.643166200285487655e+00
5.001058203391932189e+00
4.596602719670708659e+00
4.293192250538901966e+00
4.046127683003436282e+00
3.835307527744227230e+00
3.649604801170919899e+00
3.482253921788566853e+00
3.328917326034363189e+00
3.186735324926083024e+00
3.053807948665048677e+00
2.928888685521867874e+00
2.811188601068182802e+00
2.700240771706762022e+00
2.595799965819269417e+00
2.497765043636773541e+00
2.406117641240656191e+00
2.320873362806940676e+00
2.242042686390441464e+00
2.169599176105284410e+00
2.103453030306585703e+00
2.043428798138337665e+00
1.989247327545418553e+00
1.940513509236444722e+00
1.896712786544356710e+00
1.857220158012438116e+00
1.821324876700502138e+00
1.788271792455293996e+00
1.757316385375035761e+00
1.727785956742623918e+00
1.699135940850026172e+00
1.670989811256650581e+00
1.643154610613420274e+00
1.615610962302135079e+00
1.588483940041483633e+00
1.562006126294526398e+00
1.536484389706272768e+00
1.512277448064606400e+00
1.489784451076992866e+00
1.469438798564433712e+00
1.451698590170257264e+00
1.437026018050817422e+00
1.425851431719751261e+00
1.418521725078083939e+00
1.415235605040076283e+00
1.415969987664745133e+00
1.420403363128634355e+00
1.427845230377206009e+00
1.437186734403294253e+00
1.446895405371299681e+00
1.455082058541922629e+00
1.459663311087779025e+00
1.458622290833117008e+00
1.450333458446589896e+00
1.433877732002460714e+00
1.409253651482103686e+00
1.377408116834257124e+00
1.340065827034350399e+00
1.299405633477395350e+00
1.257680156731353582e+00
1.216880224825637402e+00
1.178511526796545583e+00
1.143501155708733341e+00
1.112212918108970383e+00
1.084535685110038727e+00
1.060014579588428818e+00
1.038006382319604848e+00
1.017845922563728411e+00
9.990064638023373744e-01
9.221391373872789288e-01
9.222281126981819455e-01
9.278236113420084141e-01
9.793015683328504251e-01
9.570586583021964966e-01
1.004251028877844787e+00
1.028614035316020026e+00
1.047630364928386459e+00
1.055017176890165498e+00
1.043156262221056618e+00
1.003478708793325680e+00
9.267585556520235857e-01
8.029196391254250775e-01
6.301887401079138140e-01
4.543151319944831457e-01
4.369472447779313984e-01
4.473455617106241733e-01
4.488571117394152266e-01
4.501801577615948680e-01
