1.199888203572616696e+01
7.767911926710530324e+00
6.111817838224860466e+00
5.279851047216233439e+00
4.240240816540943314e+00
3.906439917148354368e+00
3.710843349167825433e+00
3.563467723706221779e+00
3.434309335390780760e+00
3.309766217007664046e+00
3.183211734445702490e+00
3.052337147923639193e+00
2.917817206677483455e+00
2.782328548824241299e+00
2.649752032714322691e+00
2.524548490613640617e+00
2.411262838683350562e+00
2.314067708442922200e+00
2.236286301124042364e+00
2.179919693419909432e+00
2.145278883134478676e+00
2.130836282934817749e+00
2.133366236944343797e+00
2.148372333848498794e+00
2.170730588586041954e+00
2.195426124835947235e+00
2.218235256382225185e+00
2.236214449777078173e+00
2.247905734713685266e+00
2.253241308103831830e+00
2.253201154707768605e+00
2.249321030824912526e+00
2.243155127439846019e+00
2.235778342992619017e+00
2.227387722381046764e+00
2.217049027733882127e+00
2.202638116273398339e+00
2.181036768369954526e+00
2.148632936729905740e+00
2.102116431677562236e+00
2.039443388039139826e+00
1.960704760826390780e+00
1.868565339145317861e+00
1.768030628243129065e+00
1.665554699334095723e+00
1.567797130145749396e+00
1.480486213276975827e+00
1.407749184935647380e+00
1.352001486242172090e+00
1.314226543192889451e+00
1.294365600117332704e+00
1.291590322964937698e+00
1.304372515943270860e+00
1.330406581696506940e+00
1.366526255549241897e+00
1.408769202577567992e+00
1.452685041777221908e+00
1.493876060828778884e+00
1.528646707576692076e+00
1.554570468269041772e+00
1.570797201501998863e+00
1.578013592022760259e+00
1.578085294570145347e+00
1.573493631796963887e+00
1.566702017886817844e+00
1.559557380813676231e+00
1.552784718259510699e+00
1.545604368145259588e+00
1.535510743392146216e+00
1.518291880158110674e+00
1.488403853961288048e+00
1.439774285243367702e+00
1.366918726151074903e+00
1.265927564007538697e+00
1.134525408014466885e+00
9.733160062507827393e-01
7.991015536982825074e-01
6.563940820679046162e-01
5.888647328687640625e-01
5.736299551330364954e-01
5.805577173359858234e-01
6.118150793109985441e-01
6.440499390257453660e-01
6.503567237063778705e-01
6.419162713187118730e-01
6.064107960339996106e-01
5.633697669093149507e-01
5.149882719771214923e-01
4.842413265339021722e-01
4.655287752199789297e-01
4.629242908546583046e-01
4.660178492389515648e-01
4.730164222522320605e-01
4.803300642076364646e-01
4.876077695859459271e-01
4.924917008061270307e-01
4.966180599441512022e-01
5.007209925151959728e-01
5.085219206442671558e-01
5.112376645091853966e-01
5.116843265801379603e-01
5.095506733190836579e-01
5.061247313336597609e-01
5.061092022275716085e-01
5.215816722883175327e-01
5.569453945493361147e-01
6.407948233660976101e-01
7.257566043910786968e-01
7.419152350199279544e-01
4.039091932955432007e+00
7.113238423890494433e-01
5.888502561752521069e-01
4.393714601778508921e-01
3.405228788247443572e-01
2.788507132340508066e-01
2.368826184274225033e-01
2.058878372840537985e-01
1.817149857574985872e-01
1.657497102691606883e-01
1.568044038592851519e-01
1.534862527243193442e-01
1.541617270344995405e-01
1.569935950528737467e-01
1.601295169599708801e-01
1.604841742689114559e-01
1.599210620465294219e-01
1.577018162948828350e-01
1.512761310062441800e-01
1.427329535678410755e-01
1.330736189854731799e-01
1.233707290303252546e-01
1.146306742563782399e-01
1.077270657261411996e-01
1.029901679297733630e-01
1.012823554974426332e-01
1.028241759933328919e-01
1.075449767690350306e-01
1.149509343847029547e-01
1.240245806924189786e-01
1.332668080269946986e-01
1.408644964608513628e-01
1.448052438980108880e-01
1.397567044478955911e-01
1.277663190490245793e-01
1.025236495940403531e-01
6.281487461908068226e-02
2.611910376729782712e-02
1.117649907151830983e-02
1.965398849308021972e-02
3.874899949912836983e-02
5.370304842932049211e-02
5.892916051398832539e-02
5.624048542839905906e-02
4.873819558000849761e-02
3.875493900489420523e-02
2.804607293696543061e-02
1.806018119173484482e-02
9.925288576055221745e-03
4.316704768140941680e-03
1.242783349674364242e-03
1.573588962915721773e-04
1.511184865127174540e-04
3.170283460149900367e+00
1.707792430149897495e-04
1.766589989967553296e-04
2.621232322247621482e+00
1.190086344521245872e-03
2.213744780632354914e+00
3.603160105145732182e-03
1.887489089180042878e+00
6.908662848336146432e-03
1.617523097652311836e+00
4.036365843375842866e-02
4.821918156865661470e-02
8.612012254412786116e-02
1.895615098429612178e-01
3.389292025296662958e-01
3.843736086106675498e-01
9.667434492705250654e-03
1.393766506251776782e+00
6.030110049271806272e-01
5.649957062266025565e-01
9.263619139084339205e-01
9.615476007547805182e-01
9.899846323716310348e-02
1.136244924979247506e-01
5.190348572066924571e-02
3.479013873766013676e-01
3.227275086343414090e-01
3.647775940159573294e-01
1.012142610252803054e-02
1.222079487535372710e-01
7.718441032661374490e-02
9.464053519371490308e-01
8.725878227158639922e-01
9.158240131334939305e-01
9.327261569244762462e-01
8.378591225117908436e-01
8.121053874265689032e-01
8.990473863304926372e-01
1.431920105767106599e-01
1.463028492272696046e-01
3.349412594588727643e-01
2.745277275645543469e-01
7.527522494304722186e-03
1.115243723750479088e+00
1.207573364827761120e+00
7.150976846375682872e-01
3.523608273725507556e-01
1.016561448735737283e+00
9.427218824614596038e-01
9.257210930225977519e-01
9.643825812430674160e-01
1.015799800947135179e+00
1.067515428739321148e+00
1.142212185370066413e+00
1.069836485553007144e+00
1.744462233925356265e-01
8.518025031297543626e-01
6.391900975393058904e-01
4.514339736730140218e-01
1.668209789783909880e-01
2.654443598478404276e-01
2.015819359959135637e-01
3.496943766307936130e-03
1.056713614266648005e+00
1.436126211662787755e+00
1.038643985693786354e+00
1.606994837575366208e+00
1.492073101288958537e+00
1.493440743389082614e+00
1.573268233237018476e+00
1.617014891614982908e+00
1.606494093752751207e+00
2.483722765219399387e-01
2.384713289289694116e-01
1.069088406048953388e+00
8.764013916821170591e-01
8.853971242588375423e-01
6.284550350340979419e-01
5.740705442543050374e-01
2.261305549116411351e-01
2.224977481397607537e-01
2.941365129308952664e-01
1.590050867696322090e-01
1.774534742769557916e-01
1.169035779675772491e-01
1.846874075107214352e-01
1.228489703960159857e-01
2.342262888801602532e-03
1.017191777548878573e+00
7.627534292519295711e-01
4.741529414010626775e-01
1.323784687154810014e+00
1.199600849353212206e+00
1.081563475732915558e+00
1.097021662620693006e+00
1.213519773408562319e+00
1.759314820888836950e+00
2.247584173226822912e+00
2.570937696638191827e+00
2.327344977700999351e+00
2.149576249005300088e+00
5.012467060248876338e-01
3.822201129983880397e-01
1.624990509230549662e+00
1.690099225729603249e+00
1.190414668262206765e+00
9.328361010714233403e-01
1.183135132557849634e+00
1.039995511177917331e+00
8.725106038617455040e-01
2.236521239998121857e-01
2.032181298083371168e-01
1.532539220408816183e-01
9.842073412768356788e-02
4.944418701223300683e-02
5.125981410101879132e-02
8.833422988372209225e-03
9.597476687573407439e-01
1.518571789293923779e-01
1.079529677969386370e+00
1.382299476592092624e+00
1.117779829850466200e+00
1.017024933333614101e+00
2.958380976242590554e-01
4.229734934073642871e-01
1.726655198534813307e-01
1.640153476343994277e-01
1.005082024411051017e-01
1.673121547439334889e-01
3.519449183933966857e-02
2.699006701323604721e-02
2.487164559702521524e-02
9.150786024490196180e-01
4.761605016204958352e-01
4.384196126384761194e-01
2.348404205659380128e-01
4.542363708331292327e-01
1.159804627532843857e-01
2.464724427224220249e-01
6.453166346599657766e-02
2.484075442291329427e-01
8.570264832847718228e-02
3.700679729263375156e-02
4.798954408320445925e-02
8.976281385130772117e-01
7.904354339608761215e-01
1.152456175767353042e+00
3.318383429912412086e-01
3.818362979387192047e-01
5.138076383914291778e-01
1.861039600369409353e-01
3.265953557299437482e-01
1.017577716407924021e-01
3.477399226093743634e-01
2.397443120583540588e-01
7.741814690013132383e-02
7.284810977781877583e-02
9.059603890607226262e-01
1.208337127686712975e+00
9.018360777260743255e-01
8.787002931774577918e-01
1.147297711409626997e+00
3.295092696721380610e-01
3.579239433091959688e-01
4.385001225193803642e-01
7.825585375983795666e-01
8.979298602526117890e-01
4.693453624467683882e-01
3.791206751161493305e-01
3.671474920048402590e-01
5.077734779497461437e-01
3.254925613074910462e-01
2.944973481187190822e-01
3.818990840115846219e-01
3.804635958689915887e-01
4.573162846742345744e-01
4.799829429117181689e-01
1.666917770690234668e-01
9.350420208728235649e-02
9.253716096187346585e-01
1.232922642520211998e+00
1.088506086159171771e+00
9.897377032469243385e-01
9.192858932585541432e-01
7.224477515299102537e-01
6.950547020855782909e-01
7.316245165412659235e-01
6.658740762704641325e-01
8.850819032482949433e-01
8.323149695439793216e-01
8.114096746366713520e-01
8.796462575136929640e-01
9.104628420995610760e-01
2.322931488599264405e-01
6.607618214540875723e-01
6.852036023506477003e-01
7.288807924710974939e-01
2.977385208280287077e-01
1.644143005896456233e-01
2.957977583681099532e-01
5.698562003431482115e-01
6.154689608137293710e-01
2.402829764565300452e-01
6.462576149703070927e-01
6.738732429810210256e-01
1.950557065308793914e-01
2.291279663306579339e-01
1.058889801736540431e-01
9.504493077402076384e-01
9.163052716550621479e-01
8.348934896987235676e-01
8.023103223108114523e-01
8.731336151697820513e-01
8.507877787931902303e-01
3.823153400289058257e-01
7.112861008764643778e-01
7.514077983564919627e-01
7.262891359761391996e-01
7.232170709473038084e-01
1.002852411976364322e-01
1.005152685731748319e-01
6.750762960779786992e-01
6.989863197469986522e-01
7.012078643554933155e-01
1.166000304968644596e-01
1.151996992621344695e-01
7.341839188383553205e-01
7.639527127421371633e-01
2.646715079965485939e-01
2.614348554638181166e-01
1.129152304818353825e-01
9.839797857474089637e-01
6.624564624848217065e-01
6.403059554461805192e-01
6.183485767590679583e-01
4.620953390019678086e-01
2.292320707143248593e-01
6.116185206117360496e-01
7.247407018414536717e-01
7.634295292421652279e-01
6.061083712863039180e-02
6.780778669827008942e-02
6.973919248831944584e-01
6.727226505414887203e-01
7.042417242065825977e-01
2.195083869826905398e-01
1.956156667257075155e-01
1.148269389572827148e-01
1.043904783866400399e+00
6.871495878288943482e-01
4.529183498492194149e-01
2.776959588607677554e-01
1.384615225267600558e-01
6.083710999099661842e-01
4.914103055085379257e-01
3.723028955627432079e-01
1.171794472897708661e-01
2.159430850371620303e-01
1.181690060917011675e-01
1.133169301083208069e-01
1.122399768486399996e+00
4.262652864611619075e-01
3.105961979955362273e-01
5.767725077707317460e-01
7.038580080547828244e-01
7.866656487665252273e-01
9.555705483582375981e-02
5.541663798372628569e-02
1.794062480900318335e-01
2.679236502616180737e-01
3.484526304492088222e-01
4.961676774703435711e-01
5.744928166223738364e-01
3.163708463347049415e-02
1.914977814742356566e-02
1.291319005402045417e-01
2.521517521199142520e-01
3.062074022848542687e-01
3.030421128210068482e-01
3.905112645246909819e-01
4.288795867826256103e-01
3.155791931409890339e-01
1.099641073527023588e-01
1.081176769224685863e+00
4.235033530337279917e-01
3.041551330818264010e-01
5.435004651599617542e-01
6.109371706350821274e-01
7.089141170801990244e-01
7.674752795655960247e-01
1.914481440133733448e-01
1.582506229619913274e-01
7.745147097684061954e-01
6.081683003302891244e-01
5.264413730180228512e-01
6.794095757677659497e-01
5.194370616281472619e-02
1.309251658302767185e-01
5.466151857956298432e-01
4.612241979697381811e-01
4.698126291839405666e-01
2.092121244500547844e-02
9.582164585604897866e-02
3.995341521523824713e-01
3.439279172628434966e-01
3.376185753067060813e-01
1.063054019218550444e-01
6.941615638610334482e-01
1.966255330460422723e-01
1.600981159844127588e-01
7.800569466310667277e-01
8.335062619614905799e-01
7.928612033457578256e-01
7.261118201287765084e-01
7.435023892330605566e-01
1.846768820708945269e-01
2.616797103405010261e-01
6.839921924833671785e-01
6.313653557084064616e-01
4.898995974178126933e-01
4.841891348042455800e-01
1.419458807331125949e-01
2.386732053813973020e-01
4.692189014998175423e-01
3.415337924536433478e-01
2.564929863203779248e-01
1.024453661084395589e-01
2.010483513910569509e-01
2.850280086618716680e-01
1.837886236157811604e-01
1.037645208676232778e-01
4.033462652928749836e-01
1.686405389110421926e-01
2.582105372161070389e-01
7.374265105778885498e-01
7.439208970699177081e-01
5.276944532640908125e-01
3.574916495490405022e-01
2.238267913577683954e-01
1.839735016692944647e-01
3.455736661616305438e-01
1.478509150674585104e-01
9.065078558902622818e-02
2.893505113207281432e-01
2.946883716695931077e-01
1.169854469041833739e-01
7.155021041909087609e-02
1.051718948540665555e-01
1.977911186452763204e-02
2.988695094467233027e-01
2.791485494573033854e-01
4.349414337337317304e-01
1.535425280403656945e-01
3.975385545138436783e-01
3.607686256435913008e-01
5.673904720411896557e-02
3.633680556473031231e-01
2.923972162667153318e-01
2.300349153856705645e-02
2.441897057284316830e-01
1.717337193633298315e-02
1.091305421810987858e-01
2.351762867906712073e-03
1.616981170097130660e-01
7.172729427522769874e-02
2.087175477212503960e-01
6.667793118421987131e-02
1.682644572524008564e-01
4.160357672144134045e-02
1.661957501299976825e-01
2.994844078522031564e-02
1.191241682059260149e-01
-5.057814934266404360e-04
8.812498092681984863e-02
1.133828413885123593e-01
1.097850048965615249e-01
1.074859098300284116e-01
9.187774677478199870e-02
7.460077772007416008e-02
9.915348746369913313e-02
5.665866281348783118e-02
1.374984302776862954e-01
-3.031532544361578211e-05
1.375606995251456854e-01
1.674587666614072434e-01
1.090649009668987479e-01
1.444140928794078182e-01
6.869829065884944241e-02
9.693421876747800037e-02
4.438389368557707493e-02
7.490625961636750152e-02
1.689479958540877624e-01
9.881184112841784415e-04
3.353921389333083258e-01
2.259511577453861553e-01
2.519872467098706048e-01
2.016508575221623578e-01
1.631324991783590361e-01
1.386508050255871316e-01
6.892179175548071579e-02
1.024389713284965392e-01
2.177550898053370043e-01
2.437096210586619897e-03
3.530698735802492716e-01
5.314439945707772894e-01
5.470364233952634825e-01
2.279784656615802818e-01
1.973801701636105077e-01
3.057350017307602363e-01
4.266343886859353951e-01
2.184624492701908449e-01
1.967946296381924143e-01
2.380533429673452051e-01
3.163776482884818608e-01
1.630623939667999178e-01
1.512502001088882053e-01
1.416872758290962653e-01
1.681157628298621254e-01
1.227851041439883134e-01
1.118329273223545861e-01
3.014275123612359386e-01
4.955285268349375084e-03
5.969050703694860349e-01
5.846888971577238747e-01
1.439705364499022089e-01
4.495275292689583924e-01
5.608512338803108843e-01
5.788639475079253582e-01
1.511216325981097064e-01
4.073088958419463501e-01
4.453087850288766636e-01
1.299285879821681089e-01
2.834263721965430416e-01
3.108762604410953423e-01
8.516532447976396525e-02
4.760075772266888494e-01
8.327412733160106592e-03
5.599866742642231054e-01
5.269286411671982862e-01
5.750373009438187744e-01
1.300248628339269741e-01
8.565971185142956523e-02
5.348738361269470554e-01
5.434166560263252732e-01
5.448942915922243557e-01
1.457964598784668442e-01
1.120192502991937539e-01
4.307388973007935662e-01
4.473729266407291960e-01
4.701663479931865175e-01
1.295289244623472891e-01
1.144897532284974567e-01
3.621229874421365569e-01
3.779355183666632811e-01
8.217480460601736536e-02
6.696859263670736084e-02
6.704256118314262380e-01
1.191795792321715536e-02
5.736844537314402803e-01
4.157185271036595853e-01
3.124656186535709756e-01
2.073908118446775861e-01
6.866470531631761742e-02
6.725100150497125007e-02
4.412312883587138357e-01
4.442570641613066140e-01
4.364652701684804126e-01
5.643338189879450878e-02
7.455389565991017709e-02
9.293174291415735866e-02
4.113073381918843641e-01
4.151596114009790672e-01
4.283257231018171018e-01
6.561905921885528847e-02
5.957117603083953578e-02
1.080339174371756916e-01
3.618991755912318586e-01
3.391409392092379904e-01
3.827994167024355576e-01
3.217729384907865725e-02
2.983366394218861517e-02
5.911209373685898105e-02
6.790550017754027889e-01
6.988469570889559446e-01
1.459636681065407636e-02
8.003731584620246697e-02
8.082960704742019054e-02
3.928482525757204247e-02
4.628692323032944367e-02
1.137458455836281995e-01
2.215832885621321635e-01
3.052334782023535253e-01
8.441327830572810387e-02
1.592574191411681994e-01
4.567766134338902689e-02
8.423337513834638912e-02
1.733546837348332315e-01
3.070991135087055568e-01
3.291270604912714393e-01
3.494618006846662572e-01
1.434591401455787008e-01
9.487604694428004859e-02
1.613305566393071488e-01
4.629540314815199648e-02
6.692230955397283909e-02
1.335565542030238695e-01
2.625294413043709474e-01
3.019430857001139112e-01
3.500333083549684310e-01
1.512576651381337955e-01
6.342804556360069623e-02
1.236229489710115176e-01
1.952835159638553197e-01
5.963521014733219605e-02
6.139857328317791657e-02
1.165548490247945296e-01
2.439843660581642037e-01
3.041860538742377496e-01
3.789263374338555090e-01
2.447636625763951745e-01
1.052696855833558515e-01
4.088602396355769941e-02
9.849191225603681765e-02
1.046089937931162644e-01
4.723557535869021828e-02
2.638900792987108196e-02
5.774305503715734811e-02
1.182758147724727177e-01
2.277627901058929816e-01
2.945403074114416597e-01
5.741665293032683914e-01
1.535101684219745792e-02
9.070694156811273667e-02
9.202902846904428835e-02
3.002681254776175535e-01
3.058315613875413064e-01
3.292510932107569621e-01
1.913235455822159259e-01
2.024240635869047344e-01
1.593224358829331555e-01
3.361809283525451497e-01
3.350242908030360844e-01
1.794349749266447025e-01
1.893319235012076163e-01
1.617745279177488504e-01
3.032452101159515134e-01
2.908049096949480994e-01
1.941905246170308741e-01
2.001065618376915989e-01
1.919615847556309096e-01
3.002483066608756523e-01
2.762762103028555960e-01
2.754026188779049034e-01
1.234045173254009198e-01
1.380275378515220530e-01
2.933538959930225842e-01
2.876950354097366214e-01
2.911973593982902786e-01
7.879865172061125689e-01
1.368577656122620979e-02
8.366864694612971554e-02
7.559633549546850018e-02
3.078661854770135542e-01
2.516496863381773030e-01
2.283715860508679363e-01
2.312144259339156127e-01
3.246831278431013823e-01
2.365645408435665675e-01
2.318150273363429603e-01
2.042413355846832701e-01
2.053272646853103178e-01
2.904171107522756645e-01
2.136189823975249147e-01
2.046928138017157506e-01
2.033594244428057751e-01
1.986047404963862117e-01
2.123376949213582332e-01
1.877850575844810521e-01
1.431056750423828905e-01
1.399557509482947659e-01
2.634022520547120716e-01
2.322291576714309858e-01
2.249127533322305084e+00
1.004541226504547177e-02
5.953282267358914193e-02
5.952732939352173291e-02
2.457557903568665103e-01
1.675552404441147669e-01
2.600640153049215142e-01
1.523714977610661492e-01
2.319012969861865003e-01
1.347366920268625867e-01
2.068649850260789458e-01
1.103020147927929323e-01
1.073004939715855449e-01
1.359424574745020375e-01
1.343793344541967527e-01
1.497146004995139612e-01
1.324306197649509353e-01
7.170273137852776202e+00
5.682115772745682282e-03
3.210004892226864942e-02
1.575874955607376171e-01
8.152309032544424738e-02
2.704818338306761993e-01
2.133786654900135804e-01
1.496388434129333478e-01
6.997554409322340185e-02
2.447334343673189250e-01
1.749777750844962454e-01
1.336677494283302070e-01
6.219222386429579946e-02
2.123627659692998715e-01
1.435612303143413704e-01
4.387688477764536965e-02
8.503988372170935561e-02
4.125295155403221892e-02
1.890759001237375969e+01
2.184143691459893618e-03
1.352959224060883495e-02
2.751662393469168910e-02
1.044181921275160324e-01
2.339223590542464232e-02
8.554594972672859010e-02
2.140292883239713201e-02
6.795844850192954423e-02
1.419219998754397451e-02
4.403471734537105914e-02
8.618059527107592779e-03
2.841882411523064533e+01
8.518360464888314687e-04
7.675036458725261433e-03
1.216048273401060253e-02
7.145023378834611250e-02
9.695590440518269890e-03
6.020916941378224446e-02
9.198982558453317956e-03
4.497167472682673389e-02
5.436173830696961612e-03
2.766907279217967544e-02
-9.636672318573996816e-04
3.150274180088294074e+01
2.184148896586446918e-03
1.352956528996901442e-02
2.751658365259014929e-02
1.044182562251793484e-01
2.339225394466200314e-02
8.554595553917725137e-02
2.140292163766653252e-02
6.795844284069675612e-02
1.419219952316854924e-02
4.403471398102840051e-02
8.618059400655559907e-03
2.841882409320040992e+01
5.682126221714386451e-03
3.210000865611500193e-02
8.152303836619406718e-02
2.133787600103511650e-01
6.997557043704308311e-02
1.749777814857158553e-01
6.219221205592129209e-02
1.435612227956814257e-01
4.387688433517458741e-02
8.503987921407031580e-02
4.125295145516177930e-02
1.890758999019478637e+01
1.004542764982294112e-02
5.952728951537593349e-02
1.575874601439554712e-01
1.675552180446033268e-01
2.704819251725445461e-01
2.600640856016711022e-01
1.496388672153498023e-01
1.523715208954044553e-01
2.447334374009745850e-01
2.319012958571035066e-01
1.336677352739216729e-01
1.347366779366918066e-01
2.123627594524218343e-01
2.068649797201338458e-01
1.073004942382183441e-01
1.343793303580674003e-01
1.324306201377707659e-01
7.170273125168561634e+00
1.368579573540515924e-02
5.953278280714662668e-02
7.559632698641284565e-02
2.457558460432789915e-01
2.516497489873998350e-01
2.312144359248614056e-01
2.318150253625997914e-01
2.053272474799907321e-01
2.046928054381568773e-01
1.986047420699022792e-01
1.103020151082666905e-01
1.877850593277138880e-01
1.359424537115968001e-01
1.399557499248150483e-01
1.497146009915728548e-01
2.322291590530492777e-01
2.249127526886545603e+00
1.535103761960699906e-02
8.366865261453525215e-02
9.202906474779247448e-02
3.078663122899655269e-01
3.292512414578549484e-01
2.283715890928768866e-01
2.024240236860110065e-01
3.246830981062973631e-01
3.350242576953732510e-01
2.365645373394185680e-01
2.042413150033838831e-01
1.893318910495852547e-01
2.904171106138019320e-01
2.908049096714512283e-01
2.136189747985326182e-01
2.033594275128370599e-01
2.001065690558246069e-01
2.123376971308723882e-01
2.754026224082235519e-01
1.431056759655307264e-01
1.380275401539264035e-01
2.634022539144155184e-01
2.911973620926466833e-01
7.879865141226450875e-01
1.459638632809273293e-02
9.070699294266733326e-02
8.082968899964680654e-02
3.002682727787210348e-01
3.052336284460606119e-01
3.058317064803294794e-01
1.913234950899381226e-01
1.593223480111980173e-01
1.592573311894644739e-01
3.361808942277068057e-01
3.291270324299291339e-01
1.794349393827444628e-01
1.617744810307816528e-01
1.613305093619666619e-01
3.032452193627914183e-01
3.019431002071107373e-01
1.941905327292496319e-01
1.919615955217482961e-01
1.952835270226304931e-01
3.002483109675673778e-01
3.041860583277153363e-01
2.762762139016229357e-01
1.234045204803872059e-01
1.046089970658237167e-01
2.933539001372117982e-01
2.945403119880292131e-01
2.876950382595523381e-01
5.741665267099206327e-01
1.191797353829339434e-02
8.003739981453508734e-02
3.928487632649114297e-02
4.628694598658773113e-02
1.137458836213076779e-01
2.215833858822404689e-01
8.441321325817970067e-02
4.567763633986101496e-02
8.423337818761990337e-02
1.733546839549083840e-01
3.070990903556290452e-01
3.494618657048050303e-01
4.364653417342572173e-01
1.434591695184840865e-01
7.455389638352506732e-02
9.487601193045723524e-02
4.629538806564958975e-02
6.692231502208921545e-02
1.335565701394307581e-01
2.625294576112684464e-01
3.500333060615729019e-01
4.283257214559706427e-01
1.512576631336159938e-01
6.342804594447247479e-02
5.957117862091856203e-02
1.236229561573469887e-01
5.963521340522068975e-02
6.139857493360532936e-02
1.165548508090379909e-01
2.439843696256742411e-01
3.789263340513356892e-01
3.827994133288940004e-01
2.447636599695399984e-01
1.052696840355936275e-01
4.088602345217338951e-02
2.983366412752466029e-02
9.849191540582805104e-02
4.723557676891342039e-02
2.638900878584561974e-02
5.774305680874342733e-02
1.182758176139102752e-01
2.277627941394420596e-01
6.988469539708473954e-01
8.327422892810713503e-03
5.736845132755434840e-01
5.750373590423577541e-01
4.157185904467092241e-01
3.124656832319696043e-01
2.073908662473989972e-01
6.866472770875992060e-02
6.725102615256951799e-02
8.565974942490607591e-02
4.412313466000333251e-01
5.448943701659709760e-01
4.442571302315255766e-01
5.643336659567762398e-02
9.293170150162607945e-02
1.120192048179089739e-01
4.113073366299748734e-01
4.701663447373418125e-01
4.151596102333660054e-01
6.561906224360762596e-02
1.080339193780770757e-01
1.144897546227854751e-01
3.618991713313512992e-01
3.779355134711839814e-01
3.391409361879139106e-01
3.217729410417288077e-02
5.911209318332073109e-02
6.696859158035423087e-02
6.790549998625334815e-01
6.704256100613196212e-01
4.955290086667910911e-03
5.599866325038166393e-01
5.846888405470785921e-01
5.269286609128382981e-01
1.300249408100499493e-01
1.439706319083619013e-01
5.348739424405014597e-01
5.788640958001165515e-01
5.434167369651370372e-01
1.457964156005722156e-01
1.511215910742447766e-01
4.307388842881449409e-01
4.453087674015933639e-01
4.473729220421093777e-01
1.295289223208644369e-01
1.299285849562634709e-01
3.621229813533093922e-01
3.108762528491054722e-01
8.217480174731807419e-02
8.516532094542368647e-02
4.760075782727989369e-01
2.437097107946153366e-03
5.969049464684528239e-01
5.470361872215416810e-01
1.973803268838840441e-01
4.495277076785234027e-01
4.266345774405965741e-01
5.608513850350578256e-01
1.967945956935126528e-01
4.073088717420279004e-01
3.163776206547561087e-01
1.512501909749188189e-01
2.834263646236360734e-01
1.681157556877528325e-01
1.118329199979103128e-01
3.014275150765565181e-01
9.881172813025532447e-04
3.530695824744075617e-01
3.353918482591670136e-01
5.314437473749267227e-01
2.279786505837216870e-01
2.259513409768046377e-01
3.057351827066578376e-01
2.519874084306933937e-01
2.184624179080556783e-01
2.016508337758689540e-01
2.380533155714084914e-01
1.631324770757697218e-01
1.630623825287956519e-01
1.386507928666566303e-01
1.416872690443204685e-01
6.892178820232232328e-02
1.227850955856489984e-01
1.024389627619727156e-01
2.177550858403335399e-01
-3.031776171948519425e-05
1.375605795177041457e-01
1.674588971445116481e-01
1.090649673724882474e-01
1.444140820849807993e-01
6.869828293674630493e-02
9.693420535825350570e-02
4.438389414054681043e-02
7.490625004332372716e-02
1.689479771969579769e-01
-5.057872049807046657e-04
8.812501681189555125e-02
1.133829256095086890e-01
1.097850284680430555e-01
1.074859062483084771e-01
9.187774590460758006e-02
7.460076099845772135e-02
9.915349018840623196e-02
5.665865135872887037e-02
1.374984285506796189e-01
2.351744529976471359e-03
1.616982016341381168e-01
7.172735461358986653e-02
2.087176243225486727e-01
6.667793041340444593e-02
1.682644539484876856e-01
4.160356914015976570e-02
1.661957527848993421e-01
2.994843839211099035e-02
1.191241704743012941e-01
1.977909175757342278e-02
2.791485763601479486e-01
1.535425499379052539e-01
3.607688607692111082e-01
5.673903594288243896e-02
2.923972026432896665e-01
2.300353415032420704e-02
2.441897070953502891e-01
1.717339904385036323e-02
1.091305435751183661e-01
1.686406506430385976e-01
2.988694991090076192e-01
2.582104887769344215e-01
4.349410990955004941e-01
5.276943649616556709e-01
3.975388429684952873e-01
3.574919332063464794e-01
1.839734509767059212e-01
3.633680342328589608e-01
3.455736450150825867e-01
9.065076423066381617e-02
2.946883713500804136e-01
7.155019855542592289e-02
1.051718957160569512e-01
4.033466342199119592e-01
6.941622836863818868e-01
1.600980446438856897e-01
7.374264961286024489e-01
7.435023442031135632e-01
7.439208115906293939e-01
2.616798990748692155e-01
2.238267388273096625e-01
4.841890086426987594e-01
2.386731872843792512e-01
1.478504545892118660e-01
2.564926918691417534e-01
2.893505108423257699e-01
2.010483495286563838e-01
1.169851641234462558e-01
1.837884535569074551e-01
1.037645215373333429e-01
1.081177844968524759e+00
1.966254188292397564e-01
3.041549583223064346e-01
7.800565789895144153e-01
7.674749069545806490e-01
8.335059373648682213e-01
7.928609702105078316e-01
7.261117028537154017e-01
1.846770014790675429e-01
1.582507292534645893e-01
6.839920404670549736e-01
6.794094257154060790e-01
6.313652035597523415e-01
4.898994681787493533e-01
1.419458681067261863e-01
1.309251541745147795e-01
4.692190598979468774e-01
4.698127903462547272e-01
3.415335431174945091e-01
1.024453637701371461e-01
9.582164361839078104e-02
2.850277759055050431e-01
3.376184992017997599e-01
1.063054025558839571e-01
1.122400708906685418e+00
4.235031108031185321e-01
5.435001510845529626e-01
6.109368227783481542e-01
7.089137418232998034e-01
1.914484135819390087e-01
3.105965755550376128e-01
7.745146911029882064e-01
7.866656704035406289e-01
6.081682203537012166e-01
5.264412655013382958e-01
5.194370382027792277e-02
5.541663606629184530e-02
5.466152698436612667e-01
5.744928959275881208e-01
4.612243505759962003e-01
2.092121194514350371e-02
1.914977777392511821e-02
3.995342638037954752e-01
4.288796804114660688e-01
3.439279549777120026e-01
1.099641079897715062e-01
1.043905444327121179e+00
4.262656979349807029e-01
5.767727857770272859e-01
7.038581221691938561e-01
9.555705525337081230e-02
1.794062516615410052e-01
2.679236604873598271e-01
3.484526515984068817e-01
4.961677255396985120e-01
3.163708650310299852e-02
1.291319072225961540e-01
2.521517655324939655e-01
3.062074214660850946e-01
3.030421397610899570e-01
3.905113279230171264e-01
3.155791801715331912e-01
3.723028804297386918e-01
2.159430760593440413e-01
1.133169307491941197e-01
9.839801822664105968e-01
6.871495743473664541e-01
7.634295149345512455e-01
4.529183407591511612e-01
2.776959532987103296e-01
1.384615197603606962e-01
6.780778632916543980e-02
6.083710826203762023e-01
7.042417072589876037e-01
4.914102877778848133e-01
1.171794440835859097e-01
1.181690075756959279e-01
1.956156685449281507e-01
1.148269395862890063e-01
9.504494576445760012e-01
6.624564013539645524e-01
7.232170076726612828e-01
6.403058917797633809e-01
6.183485121872455137e-01
4.620952892136869217e-01
2.292320453669725033e-01
1.005152598728669966e-01
6.116185144267008988e-01
7.012078637943226500e-01
7.247406891084974268e-01
6.061083714182290139e-02
1.151997036738909991e-01
6.973919186966627271e-01
7.639527097364233743e-01
6.727226360897169410e-01
2.195083884615242342e-01
2.614348562354508743e-01
1.129152310770717982e-01
9.253715308424393937e-01
9.163038469388020690e-01
9.104617180069755067e-01
8.348916146530011018e-01
8.023071539489903259e-01
8.731286780749637488e-01
8.507935857594483009e-01
3.823300217294242631e-01
2.322983482140778821e-01
7.112860656573927187e-01
7.288807656718951922e-01
7.514077457601133769e-01
7.262890753777820896e-01
1.002852325384944732e-01
1.644142963986081341e-01
6.750763031712607720e-01
6.154689742035386324e-01
6.989863196359635822e-01
1.166000349603198982e-01
2.402829840336428990e-01
7.341839212456660047e-01
6.738732516341096046e-01
2.646715086382363524e-01
2.291279667373338214e-01
1.058889807099467478e-01
9.059601167370762154e-01
1.232932602005113010e+00
1.147335848075294207e+00
1.088492254848480778e+00
9.897299048018272094e-01
9.192817597792289908e-01
7.224455639140621166e-01
6.950532031364259344e-01
7.316232172826320213e-01
6.658730467998733582e-01
3.579236089982675839e-01
8.850814212297081207e-01
8.979293873269457160e-01
8.323144453317765645e-01
8.114090141926360022e-01
8.796452470170641469e-01
3.791239929274775045e-01
6.607618293877860483e-01
5.077735076634706246e-01
6.852035851041138326e-01
2.977385110659090395e-01
3.254925496605556856e-01
2.957977658746042127e-01
2.944973521796646065e-01
5.698562135322015054e-01
3.804636060898718974e-01
6.462576235387623713e-01
4.799829466018440960e-01
1.950557068578398778e-01
1.666917773424199112e-01
9.350420254621559513e-02
8.976277220987572969e-01
1.208316198421968801e+00
1.152438874229592791e+00
9.018347851189407738e-01
8.787799763296278988e-01
3.295091062120517611e-01
3.318382517478016824e-01
4.384999360039361083e-01
3.818361570846926512e-01
7.825581359486994959e-01
4.693470386377794346e-01
5.138075676382716228e-01
3.671475198873584422e-01
1.861039623731829129e-01
3.265953396265406372e-01
1.017577719467511466e-01
3.818990942554507106e-01
3.477399308281307611e-01
4.573162868655893942e-01
2.397443080694874884e-01
7.741814702382240898e-02
7.284811013053441031e-02
9.150780895818038108e-01
7.904278884205832023e-01
4.761576410954015404e-01
4.384196732936994079e-01
2.348404045994773037e-01
4.542357224267208338e-01
1.159804409636827349e-01
2.464724246241873640e-01
6.453166808569651969e-02
2.484075491412687520e-01
8.570264438006865160e-02
3.700679735951614008e-02
4.798954431960709976e-02
9.597471050202623921e-01
1.518569111702779695e-01
1.017025422348771357e+00
2.958380985434762023e-01
4.229733687631603289e-01
1.726654897705047209e-01
1.640153314471551882e-01
1.005082110717795130e-01
1.673121574540611389e-01
3.519449168245733506e-02
2.699006710096781003e-02
2.487164572809831553e-02
1.017191218069662950e+00
4.741533015840304621e-01
1.079530138836509279e+00
2.149577082825581797e+00
1.382300143821600269e+00
1.117780383331638427e+00
3.822201442833498830e-01
8.725108598301357654e-01
2.236521036062169010e-01
2.032181349920013091e-01
1.532539313398567915e-01
9.842073561867326070e-02
4.944418916994342689e-02
5.125981428884959779e-02
8.833423040959506589e-03
1.056713129731753797e+00
7.627539708378475725e-01
1.323785351180522207e+00
1.199601474480517016e+00
1.081563968934285525e+00
1.097022124569164925e+00
1.213520259979622873e+00
1.759315481947853588e+00
2.247585003653105762e+00
2.570938660730950787e+00
2.327345874872017273e+00
5.012467935845298372e-01
1.038644265806165423e+00
1.624990960033775966e+00
1.606494536386971150e+00
1.690099702534216153e+00
1.190415017938708298e+00
9.328364033401346234e-01
1.183135559986718377e+00
1.039995858423692132e+00
2.384713142634474758e-01
5.740705924465566712e-01
2.224977587474855911e-01
1.590050895534606268e-01
1.169035806716575421e-01
1.228489708032382416e-01
2.342262897820565192e-03
1.115243340980028197e+00
1.436126608607570354e+00
1.606995280984469643e+00
1.492073503499172782e+00
1.493441143511239355e+00
1.573268657206512877e+00
1.617015333814294964e+00
2.483722529549772240e-01
3.523607805902799761e-01
1.069088429378312943e+00
1.069836508854762780e+00
8.764014269330309137e-01
8.853971790743473402e-01
6.284550875591584651e-01
2.261305652522394294e-01
1.744462315310804923e-01
2.941365178570917727e-01
4.514339805132004946e-01
1.774534772083097844e-01
1.668209814821219328e-01
1.846874080861936884e-01
2.015819365979834021e-01
3.496943762854032300e-03
1.207573069081490758e+00
7.150976056754746457e-01
1.016561361120325024e+00
9.427218203078554515e-01
9.257210506477437928e-01
9.643825521861764116e-01
1.015799784569739739e+00
1.067515425779876459e+00
1.142212197083197545e+00
7.718441256216315716e-02
8.518025121320045301e-01
8.990473951003621345e-01
6.391901056828689365e-01
1.463028507495419128e-01
2.654443605230299985e-01
2.745277282418628340e-01
7.527522493542593111e-03
1.222079490290531034e-01
5.649957025370498931e-01
9.464053507150169686e-01
9.615475992377355841e-01
8.725878237258815062e-01
9.158240160169976996e-01
9.327261615311048804e-01
8.378591282263114781e-01
8.121053948187935134e-01
1.431920120175417810e-01
1.136244937259200533e-01
3.349412600850270039e-01
3.647775945939696340e-01
1.012142610562322478e-02
1.617522999804476003e+00
1.393766316683683559e+00
6.030110010718867652e-01
9.263619104271789695e-01
9.899846436174719599e-02
5.190348643856491223e-02
4.821918221084987161e-02
3.479013872479124192e-01
3.843736081921800829e-01
3.227275089947687636e-01
9.667434498154939965e-03
1.887489083765973019e+00
4.036365838900336789e-02
8.612012195599222375e-02
1.895615090953496062e-01
3.389292018927395067e-01
6.908662854709036495e-03
2.213744869514333136e+00
3.603160111159486347e-03
2.621232510465109300e+00
1.190086347459000512e-03
3.170283758931923934e+00
1.766589996084782144e-04
4.039092366081861840e+00
1.707792436110113811e-04
1.511184870932631296e-04
6.111818492173685335e+00
7.113238488269456594e-01
7.419152416733053590e-01
5.888502614252129064e-01
4.393714636994525136e-01
3.405228809823515612e-01
2.788507143369556296e-01
2.368826186642819798e-01
2.058878367848664404e-01
1.817149846727514340e-01
1.657497087533974234e-01
1.568044020534929972e-01
1.534862507400919784e-01
1.541617249488280716e-01
1.569935929122593665e-01
1.601295147821315268e-01
1.604841720370281943e-01
1.599210596966219589e-01
1.577018145621473799e-01
1.512761306471426259e-01
1.427329519484662468e-01
1.330736171550602753e-01
1.233707274303789819e-01
1.146306729186648277e-01
1.077270648695261152e-01
1.029901681642806793e-01
1.012823551933015181e-01
1.028241757541859397e-01
1.075449769207206391e-01
1.149509348720955393e-01
1.240245814802616448e-01
1.332668090762668678e-01
1.408644977247647256e-01
1.448052453278142193e-01
1.397567059565908987e-01
1.277663205953315784e-01
1.025236510486347147e-01
6.281487573181755713e-02
2.611910434897775010e-02
1.117649911890135177e-02
1.965398819271537215e-02
3.874899910443880408e-02
5.370304810599593748e-02
5.892916030594414628e-02
5.624048531855239952e-02
4.873819553743573285e-02
3.875493900161550154e-02
2.804607295164446290e-02
1.806018121014818165e-02
9.925288590509753067e-03
4.316704776304248516e-03
1.242783352726085878e-03
1.573588968886200604e-04
7.767912803801906740e+00
1.199888315456429311e+01
5.279851829979312683e+00
4.240241577415987173e+00
3.906440679505225777e+00
3.710844095002979515e+00
3.563468432333324998e+00
3.434309988091394761e+00
3.309766798994504100e+00
3.183212236114921545e+00
3.052337565413970832e+00
2.917817541606804621e+00
2.782328807300717077e+00
2.649752223937558160e+00
2.524548625455613760e+00
2.411262928553936646e+00
2.314067764572151464e+00
2.236286334230969786e+00
2.179919713643635681e+00
2.145278900078474660e+00
2.130836305695055444e+00
2.133366274032509669e+00
2.148372392973784795e+00
2.170730676316310781e+00
2.195426246213930010e+00
2.218235414601926525e+00
2.236214646016041918e+00
2.247905968171250546e+00
2.253241576232631882e+00
2.253201453572579727e+00
2.249321355497934771e+00
2.243155472350512714e+00
2.235778702180310162e+00
2.227388089640292002e+00
2.217049396681842310e+00
2.202638480397955512e+00
2.181037121130153800e+00
2.148633271772474984e+00
2.102116743197862014e+00
2.039443671254933754e+00
1.960705012465128627e+00
1.868565557801982413e+00
1.768030814480235247e+00
1.665554855475269047e+00
1.567797259823783262e+00
1.480486320883713125e+00
1.407749275136305211e+00
1.352001563664924522e+00
1.314226612320644527e+00
1.294365665333486515e+00
1.291590388664280109e+00
1.304372586608795626e+00
1.330406661855949135e+00
1.366526349557395159e+00
1.408769314223160984e+00
1.452685173780438710e+00
1.493876214360709165e+00
1.528646881955283865e+00
1.554570660951350769e+00
1.570797408404807971e+00
1.578013808097209703e+00
1.578085514484724561e+00
1.573493850570547137e+00
1.566702231356718933e+00
1.559557585890746001e+00
1.552784912983232735e+00
1.545604551585119557e+00
1.535510915445185587e+00
1.518292041280865812e+00
1.488404004856440865e+00
1.439774426516146288e+00
1.366918857959400713e+00
1.265927685744701492e+00
1.134525518047914350e+00
9.733161019894297494e-01
7.991016332914304687e-01
6.563941465407935327e-01
5.888647870355059322e-01
5.736300025923708468e-01
5.805577588604069472e-01
6.118151147972191728e-01
6.440499668600806471e-01
6.503567419120240833e-01
6.419162799925101082e-01
6.064107964285457841e-01
5.633697612142162248e-01
5.149882625609402131e-01
4.842413149192534849e-01
4.655287624042074857e-01
4.629242773012084422e-01
4.660178354423731295e-01
4.730164086484410779e-01
4.803300512054380911e-01
4.876077575181447799e-01
4.924916899592931552e-01
4.966180505125198374e-01
5.007209846296584166e-01
5.085219143511373607e-01
5.112376599080207251e-01
5.116843236526464889e-01
5.095506719678651875e-01
5.061247313926731106e-01
5.061092035076846241e-01
5.215816746744070809e-01
5.569453980279673866e-01
6.407948282569825293e-01
7.257566106449855337e-01
