1.794509496574331919e+01
1.136493977999720606e+01
8.804325552611045325e+00
7.403509338023915198e+00
5.661730559366299431e+00
5.014799038990309654e+00
4.607271032555922297e+00
4.301629251447989688e+00
4.052834219953080463e+00
3.840622279250592186e+00
3.653778869674591423e+00
3.485487246590084798e+00
3.331375977961256840e+00
3.188559549840983109e+00
3.055117034567412571e+00
2.929785930763464830e+00
2.811767250213727198e+00
2.700590063286849585e+00
2.596009646767792667e+00
2.497926777468078008e+00
2.406322345729854373e+00
2.321204279256277037e+00
2.242564660840975055e+00
2.170345188578127082e+00
2.104409569509400946e+00
2.044522400884419611e+00
1.990335500295328908e+00
1.941384064331663106e+00
1.897095783518993217e+00
1.856815390629958484e+00
1.819844640334155050e+00
1.785493703194088955e+00
1.753135676204809146e+00
1.722253351489792639e+00
1.692468336889867420e+00
1.663547496775684253e+00
1.635388867171047034e+00
1.607995636309730969e+00
1.581449574118116930e+00
1.555893314688396645e+00
1.531525298190138606e+00
1.508604586370419609e+00
1.487457833289619558e+00
1.468478961578216779e+00
1.452113600087270306e+00
1.438823918885552500e+00
1.429033509875380803e+00
1.423055126413376392e+00
1.421006166457727593e+00
1.422718755322557760e+00
1.427654907614135604e+00
1.434843768779850537e+00
1.442866284806660016e+00
1.449917889618146827e+00
1.453973662857162896e+00
1.453055760509581296e+00
1.445561708788655197e+00
1.430571178954114453e+00
1.408034491555713252e+00
1.378776234624294883e+00
1.344312986190680848e+00
1.306550546847322414e+00
1.267457132879456383e+00
1.228793763173400722e+00
1.191940375918336459e+00
1.157815645976929542e+00
1.126868748649966889e+00
1.099122445761038680e+00
1.074257009368553950e+00
1.051730779836961727e+00
1.030929511447830516e+00
1.011325626446002657e+00
9.926183865633578796e-01
9.202795128607335062e-01
9.220377743480384636e-01
9.294586773085499187e-01
9.604549256702317184e-01
9.818852014200805112e-01
1.004249379257877273e+00
1.023750058786659478e+00
1.035177233225093252e+00
1.031914357585440145e+00
1.006086237425125596e+00
9.486807355158038968e-01
8.492609741319526728e-01
7.017829129991072223e-01
5.335434415804803931e-01
4.417227208744132771e-01
4.494223214279051137e-01
4.512735572125790018e-01
4.529635567171084731e-01
4.531738070709210309e-01
5.634827752934790546e+00
4.468509827323940975e-01
4.438404850910368515e-01
4.498181748512363187e-01
4.506899815232871531e-01
4.619887094813722728e-01
4.347313510127402303e+00
4.441813776058577967e-01
4.427131349376456915e-01
4.494882862293376746e-01
4.499587981681867910e-01
4.589219593938559383e-01
3.568389542386782409e+00
4.421691088418160387e-01
4.407457823087954085e-01
4.481674276241528476e-01
4.498085039909323068e-01
4.576791618097855729e-01
3.013280455493900778e+00
4.416904910820547703e-01
4.362309895473197585e-01
4.461180121313129687e-01
4.432653794205679842e-01
4.450839198296033805e-01
4.409379653715815306e-01
2.583464393440401796e+00
4.343950173944433613e-01
4.404177421617193611e-01
4.464541964848738331e-01
4.455140854952697183e-01
4.600748308012991838e-01
2.234152977747845270e+00
4.346214425939644022e-01
4.358902549056380971e-01
4.441775172879062206e-01
4.379192674650086436e-01
4.366192930990699383e-01
1.941455272258492126e+00
4.336522534086027503e-01
4.378949258248449605e-01
4.611575703792321623e-01
4.290959854882621105e-01
4.335261221914987195e-01
4.623239077695801558e-01
4.649989369484214818e-01
3.998071607160642027e-01
4.593510829388507966e-01
4.902091414688842796e-01
5.006447273758630745e-01
4.309411509372619853e-01
4.316640009294981373e-01
4.519899025620267019e-01
1.286570040095134093e+00
1.474739515276500823e+00
5.333526997756224963e-01
5.202238877357925340e-01
5.966958329764465718e-01
4.353815517212401565e-01
4.399531274179765972e-01
4.568053211878252973e-01
4.639162963073094059e-01
4.661703225644056037e-01
4.727909947675549840e-01
4.812463154708162549e-01
4.815415959507722277e-01
4.338841182209964842e-01
4.362887078643334360e-01
4.383265545493856830e-01
1.120467380146623171e+00
4.089305083956584208e-01
4.110053205537823051e-01
5.990756704128441523e-01
5.702275183438977324e-01
5.003270249800521041e-01
4.404869418312694074e-01
4.269691944159529906e-01
4.348111747240693825e-01
4.504522106394396319e-01
4.598927672840032455e-01
4.614491570476931259e-01
4.654137600080031079e-01
4.662308801186752505e-01
4.706969847749966074e-01
4.617424728826035607e-01
4.645676815861028985e-01
4.295807093623397743e-01
4.428284224626619636e-01
4.603294029324150327e-01
4.655058719055951144e-01
4.700203985040130594e-01
4.881347554921553478e-01
4.762021941629040467e-01
4.363338264356198537e-01
4.377714645508503089e-01
4.340097273178397108e-01
1.018654647189321860e+00
4.129151170773835977e-01
4.836641548791214551e-01
4.620568655082434306e-01
4.304309248600887705e-01
4.572203704096115540e-01
4.576170170375011281e-01
4.578936737584453631e-01
4.526286810418299056e-01
4.576241349945495140e-01
4.576352953266721313e-01
4.580127388902248131e-01
4.592649520848032241e-01
4.614484718785715200e-01
4.653285586587274647e-01
4.636873913137350978e-01
4.684925100073580317e-01
4.346206316247138157e-01
4.330068695841294280e-01
4.558814662219484726e-01
4.699927227355930048e-01
4.699213514245086931e-01
4.714244867211832557e-01
4.836316519187674468e-01
4.805570072174983332e-01
4.364741025591170609e-01
4.472301077851115192e-01
8.049793438157467618e-01
4.042289281906573106e-01
4.036173271019691255e-01
5.813255921766069534e-01
7.496937199922686368e-01
7.490391320791346397e-01
4.347988591630211341e-01
4.478266333024915613e-01
4.657899436920244773e-01
4.596021947779822536e-01
4.585424076512987779e-01
4.604732784067346318e-01
4.627734992072199960e-01
4.760809005173447517e-01
4.897755397612195138e-01
4.351506951409050972e-01
4.384264132057244523e-01
4.675276696727976300e-01
4.764470951576299518e-01
4.716601744088534387e-01
4.698752433997913647e-01
4.921801557792093162e-01
4.827535889315903161e-01
4.353667691613392066e-01
4.345003381576655332e-01
4.567304057251113658e-01
4.423660990708462304e-01
4.034187107603947609e-01
6.179203776735106013e-01
5.308783055811000517e-01
4.179123776802043944e-01
4.220039854500264864e-01
4.403818594015592169e-01
4.534230591876132199e-01
4.510424478170517171e-01
4.506920262896886853e-01
4.419034179155613695e-01
4.512158693105510210e-01
4.491998422070827002e-01
4.493521258716861588e-01
5.165762711891461745e-01
4.649752786145182060e-01
4.165051438253955518e-01
4.762660493626603708e-01
4.361031266251095273e-01
4.403787351011116957e-01
4.670765494879898783e-01
4.732421230767835385e-01
4.686629505003372942e-01
4.797403363545060251e-01
4.842418993062078680e-01
4.914024606077929680e-01
4.332065829188400108e-01
4.346235011973464402e-01
4.545518984960109643e-01
4.498027594677898033e-01
4.484088202237108134e-01
4.425519856655502626e-01
4.724196036621350347e-01
4.723931409916066193e-01
4.920937244179418579e-01
3.509048735005002029e-01
6.246950477862162066e-01
5.558098701290494770e-01
3.911804072715577840e-01
3.990679787349720176e-01
3.999318589397538037e-01
4.457983865634622678e-01
4.430213872733482772e-01
4.451049031675463064e-01
4.516773192638318113e-01
4.566259491927808778e-01
4.592595715857832328e-01
4.613028495459565725e-01
4.644779288875204304e-01
4.628269453862199345e-01
4.456890021127880575e-01
4.494513299011556606e-01
4.720341158765891665e-01
5.472972212548433690e-01
4.506333295096674463e-01
4.301011655908925091e-01
4.592812776731265978e-01
4.666128382909108252e-01
4.642504701106978660e-01
4.375778915117927159e-01
4.415240144992941818e-01
4.662495974355609363e-01
4.775881945889225433e-01
4.816757382767808404e-01
4.636125087207850215e-01
4.361443649737347106e-01
4.391138644631029653e-01
4.506352959121872614e-01
4.423831607787029330e-01
4.394531852249721204e-01
4.574366164764719911e-01
4.322593302631909662e-01
2.919228865827149799e-01
3.670769567652209520e-01
3.532827858247009623e-01
4.617200366659896527e-01
5.030752717177234823e-01
5.284767420312460606e-01
4.346742526896823500e-01
4.396703799186731931e-01
4.535080240530564022e-01
4.645987657641562074e-01
4.676070146022378582e-01
4.667108744671666920e-01
4.691598255079068025e-01
4.718373118654189957e-01
4.640008987568418619e-01
4.445899816638796964e-01
4.486588053680296007e-01
4.500381886880342464e-01
4.488785035423780712e-01
4.714518393480772174e-01
4.310491098869939086e-01
4.389766644171639864e-01
4.632632176567835769e-01
4.644679275966367427e-01
4.640172448238368275e-01
4.663242669733562717e-01
4.389115938345622414e-01
4.430911915641257415e-01
4.662071933004164337e-01
4.847010395419363293e-01
5.039544583533913658e-01
4.602354522376261303e-01
5.117613464063403006e-01
4.360805339649924672e-01
4.407356192933489791e-01
4.464145623564282905e-01
4.387562765856860558e-01
4.344971215640427986e-01
3.702547718511056130e-01
4.857968755792022586e-01
5.085423086979095064e-01
5.166340217664664447e-01
4.784965218278334209e-01
4.533447167908674080e-01
4.462047395657447457e-01
4.379699555100033392e-01
4.422155547699482825e-01
4.406512097197935462e-01
4.415392080728995916e-01
4.567393243586448937e-01
4.417280803623209740e-01
4.457136738119951702e-01
4.662961302141683251e-01
4.734724675931601956e-01
4.445237463998601424e-01
4.499343099019905146e-01
4.482847107342045612e-01
4.448232580630541722e-01
4.869498386288123593e-01
4.353841771713021780e-01
4.347181879610005351e-01
4.641362860095566978e-01
4.620198804163090367e-01
4.693771583547863280e-01
4.401228196523317981e-01
4.424770431090417344e-01
4.683603236174496698e-01
4.701521316295804165e-01
4.547656519930617369e-01
4.299551753465292725e-01
4.441467767620274065e-01
4.688398338281706268e-01
4.916960374829051350e-01
5.138747736587091497e-01
4.380929930620720003e-01
4.419130293885650818e-01
4.421288136696006621e-01
4.424788432530599169e-01
4.463714214336175767e-01
4.611597947442069301e-01
4.970539399554914084e-01
4.820758979004912681e-01
4.316763102852266276e-01
4.394598769128482130e-01
4.581604447610071462e-01
4.674461048965357635e-01
4.988495672988001450e-01
4.404063177671360685e-01
4.457252390320795010e-01
4.468449152612856135e-01
4.872330127480936079e-01
4.274293780491820738e-01
4.505704520443458705e-01
4.561984348625786612e-01
4.615711816883716900e-01
4.628754798986782770e-01
4.457676359642416819e-01
4.510895591801833970e-01
4.473409973229136583e-01
4.472194605806288359e-01
4.947209061536133046e-01
4.731366726032673053e-01
4.352341041491394891e-01
4.633420445394935694e-01
4.596480103927827465e-01
4.698917081296904441e-01
4.405163208538900310e-01
4.444945421228518323e-01
4.685992805884519052e-01
4.719276172390958202e-01
4.390516366940119819e-01
4.397612944959895520e-01
4.706361855580330489e-01
4.842726566059865068e-01
5.089004111280992504e-01
4.400551395600645899e-01
4.422963294608071028e-01
4.357207034843360027e-01
4.565532436339413414e-01
4.597222461050833875e-01
4.789191889598359286e-01
4.814466424613483841e-01
4.643085236025960016e-01
4.639203608181433069e-01
4.599057624474580108e-01
4.718068441021890380e-01
4.429803565995247827e-01
4.428454161542919598e-01
4.464377394553025180e-01
4.668801791003046042e-01
4.741617410492811602e-01
4.669576527036008451e-01
4.226525317426131356e-01
4.291507266670335774e-01
4.592750195956983306e-01
4.587374117639053672e-01
4.607462227146589817e-01
4.714101882139270505e-01
4.443344147860738280e-01
4.500655727255312155e-01
4.478209413724140164e-01
4.604635063612244616e-01
4.665053809311600630e-01
4.377993014052893872e-01
4.622496855796544013e-01
4.591305521116046950e-01
4.709724448385078088e-01
4.414581546416693203e-01
4.471126934040454692e-01
4.633286308105017959e-01
4.694500635992353010e-01
4.675429051933438496e-01
4.395922359693330561e-01
4.734481657445617775e-01
4.792900135873899292e-01
5.075102409130353154e-01
4.357536053543050181e-01
4.601927117824268776e-01
4.473665013360219600e-01
4.376408553846318217e-01
4.754991770548783747e-01
4.791265995701451397e-01
4.584113932147086401e-01
4.616714402499234593e-01
4.595378238676451899e-01
4.438443636019571148e-01
4.479611017256768801e-01
4.509968421999215882e-01
4.476741233468131687e-01
4.706167284108848103e-01
4.413087667224391275e-01
4.567038377609670685e-01
4.595366793494029545e-01
4.593509319422957593e-01
4.770908079837483662e-01
4.464608887118260983e-01
4.485249586072736494e-01
4.552245572444438837e-01
4.471031949543736728e-01
4.843011347901960972e-01
4.513422121246745133e-01
4.301527857512965070e-01
4.256580824981278099e-01
4.603874688561342965e-01
4.580707148612973012e-01
4.707697109701865501e-01
4.450713453626372607e-01
4.475036851449911701e-01
4.476960734112802598e-01
4.632698621368628311e-01
4.723980815005792699e-01
4.385048344948091481e-01
4.371825775395982161e-01
4.762259085613122500e-01
4.772016501436552316e-01
5.047766256193593204e-01
4.374816851680045082e-01
4.442535748412976826e-01
4.416036265486528722e-01
4.379051339893221817e-01
4.315305542494575763e-01
4.379788161336751751e-01
4.751148131196475388e-01
4.789206487258201306e-01
4.767536403446692161e-01
4.598861442642787067e-01
4.554248291253881198e-01
4.595370668353840893e-01
4.619329930530621242e-01
4.498434183496048955e-01
4.509541613909409108e-01
4.522008475513654147e-01
4.887472376262406715e-01
4.428200819063867200e-01
4.893305493121396510e-01
4.570735836451287337e-01
4.615271520198946376e-01
4.614178222190002399e-01
4.429429163459799312e-01
4.423006566948767260e-01
4.590736450535112811e-01
4.573822805596713947e-01
4.672067289053563610e-01
4.387750611629503972e-01
4.538013205927622917e-01
4.610672937489319612e-01
4.374494580055524606e-01
4.845803032271506772e-01
4.797424222106468905e-01
4.859343080392997116e-01
4.415452708768228263e-01
4.432703485205926608e-01
4.328846500674076725e-01
4.354757801401551998e-01
4.760558414191822241e-01
4.824955557457617505e-01
4.555184569989459975e-01
4.609707238298402787e-01
4.656906838942807547e-01
4.867161218584292182e-01
4.679947744019785638e-01
4.253658807353049576e-01
4.616983195908780924e-01
4.593418178335361146e-01
4.615253750318143999e-01
4.693642626871240564e-01
4.374826099087104625e-01
4.583317029136002585e-01
4.587486567067667331e-01
4.591789507697312533e-01
4.421240891583216315e-01
4.833053540106354018e-01
4.826718014766950282e-01
4.427834143297308955e-01
4.462726751613481646e-01
4.305699480686395186e-01
4.334471975717506531e-01
4.735141181602662286e-01
4.784464767678170416e-01
4.660596608815388286e-01
4.711027095115466468e-01
4.733671041312060290e-01
4.553893396807810467e-01
4.588777565980766138e-01
4.620868113534464250e-01
4.615478667155153425e-01
4.616993919914699762e-01
4.501516302778730827e-01
4.120663932345525193e-01
4.569505922576728163e-01
4.583476809288244969e-01
4.346038444402183232e-01
4.350232363163664684e-01
4.821237999626469817e-01
4.787384997981132262e-01
4.908830643589933707e-01
4.470574606311735200e-01
4.461701586282108556e-01
4.311182059086150486e-01
4.317492495980533307e-01
4.717328682626377723e-01
4.742693097435614069e-01
4.697668155823481739e-01
4.688805506041331950e-01
4.674640261721983991e-01
4.882725161086378662e-01
4.601059289807801211e-01
4.641485123142099489e-01
4.615215430719848966e-01
4.639592904659835537e-01
4.796014601434415159e-01
4.451692395485813969e-01
4.571892890860663194e-01
4.303092484199994572e-01
4.577965065309707593e-01
4.499671444086732475e-01
4.775405789193697403e-01
4.701849728946947415e-01
4.965300222082343895e-01
4.484064260741300045e-01
4.488204821954193680e-01
4.349880142633342217e-01
4.345562301524383830e-01
4.409154373883335531e-01
4.698701325785248351e-01
4.756773519543578410e-01
4.710957562199231674e-01
4.640343910561154916e-01
4.653636306348678531e-01
4.759059824690383689e-01
4.623260016684043738e-01
4.642977363967344950e-01
4.489444942873881961e-01
4.587471528283333932e-01
4.637278779955823493e-01
4.548319289615189165e-01
4.663903039125182892e-01
4.545692054563768014e-01
4.531871640627348485e-01
4.765814643454466260e-01
4.842751724349273479e-01
4.806401042506038834e-01
4.490577937934948638e-01
4.506075707068769032e-01
4.382753293410047157e-01
4.417135949284451413e-01
4.717100704012563983e-01
4.768257252714880323e-01
4.613887521630951616e-01
4.605203801783951389e-01
4.680947046337331496e-01
4.603535349775411678e-01
4.619247777007909894e-01
4.659674481673498070e-01
4.769882813935441002e-01
4.523261035711033107e-01
4.623995380079360396e-01
4.594038340023159361e-01
4.541355531618785357e-01
4.498792928795140034e-01
4.601051586888593725e-01
4.845762825541893304e-01
4.723071601232498029e-01
4.770829328169894357e-01
4.500633372887571371e-01
4.507311470437587175e-01
4.341219307407940264e-01
4.365305604636309234e-01
4.727317977368192814e-01
4.761027208013304257e-01
4.597034866654874374e-01
4.604375004702128682e-01
4.321204536861634748e-01
4.624408383348551088e-01
4.654657003044269659e-01
4.490935193124833691e-01
4.610078893118277343e-01
4.603152840032355142e-01
4.554077512446647047e-01
4.533140468684656033e-01
4.430997783041380478e-01
4.576018113806164522e-01
4.332479578930156783e-01
4.637601202963199665e-01
4.582742566749846147e-01
4.607392608722814531e-01
4.572480004260805475e-01
4.528708906138950718e-01
4.514214505959427415e-01
4.516363438641419759e-01
4.353718214185493540e-01
4.311184526187402666e-01
4.697671179305901168e-01
4.701273558120995233e-01
4.595250757051145829e-01
4.498587978565752876e-01
4.578942516766192350e-01
4.632836002695719935e-01
4.600113805195673033e-01
4.662229035082816608e-01
4.504594733618056401e-01
4.598996834532298461e-01
4.620194018648617340e-01
4.529897419094303102e-01
4.515344130611778084e-01
4.524333239703315357e-01
4.501291249939324279e-01
4.405872971728546084e-01
4.472128347033695883e-01
4.592238241748531347e-01
4.592167866938746124e-01
4.554529705186778354e-01
4.522212711616386827e-01
4.530964896647861062e-01
4.385538166961087114e-01
4.382143289422800736e-01
4.413216392190851822e-01
4.659688176267025028e-01
4.724791497993717226e-01
4.686969038685271927e-01
4.409924861885663461e-01
4.756213420863561470e-01
4.459100819839121321e-01
4.552618558708483310e-01
4.619640077068239425e-01
4.664181063180642406e-01
4.535921027669376215e-01
4.548444906092846685e-01
4.590507821481545903e-01
4.528659276266875922e-01
4.283463756362224650e-01
4.655210610138393879e-01
4.591705386704961200e-01
4.638588099878419024e-01
4.597302227996636903e-01
4.550961103533927021e-01
4.518624414289372226e-01
4.567160883514131409e-01
4.525152228770894514e-01
4.475935781104799505e-01
4.486015485797792968e-01
4.550003431041781399e-01
4.602035565677932705e-01
4.553403330146518768e-01
4.520381805619130278e-01
4.532568598744088906e-01
4.582679443720783508e-01
4.641684007101790077e-01
4.719402688440164639e-01
4.924373405555240168e-01
4.541269188398022183e-01
4.533343606566802020e-01
4.409278037334988243e-01
4.470005960832785785e-01
4.694737962359988304e-01
4.726190552781781018e-01
4.477230095534758814e-01
4.386737488519788508e-01
4.849268198981255829e-01
4.601544913674096016e-01
4.548741574259349552e-01
4.492303257069272249e-01
4.605979367399177238e-01
4.581290456498672281e-01
4.574419436908609415e-01
4.772275857033971280e-01
4.541126500138644162e-01
4.528154225660750432e-01
4.585008119136700921e-01
4.577362208378538688e-01
4.390571915036922679e-01
4.427811627083094725e-01
4.490848604397942867e-01
4.609122278082550817e-01
4.656712066879631906e-01
4.509996271442797688e-01
4.528040370780108681e-01
4.540074055746096682e-01
4.537545117220510571e-01
4.489579645075499892e-01
4.529202021144521084e-01
4.592877662631135727e-01
4.588799671531967883e-01
4.523356418618098562e-01
4.519643208055337813e-01
4.507113374593542665e-01
4.629344565732327887e-01
4.715310837630024010e-01
4.800646031960808524e-01
4.531799123130507700e-01
4.552843005409472621e-01
4.402402017220129471e-01
4.391329215949910658e-01
4.693397084348123749e-01
4.709503327149542340e-01
4.341193401524682804e-01
4.416808664461052136e-01
4.625127788317188737e-01
4.643656374120599950e-01
4.508213792255913455e-01
4.512988249761117343e-01
4.533392143397662055e-01
4.574849929030680995e-01
4.575126957591065247e-01
4.720510724317725781e-01
4.587108055719337218e-01
4.522132240155706806e-01
4.578544346563314660e-01
4.591587178014405746e-01
4.469795916999095842e-01
4.506089287316664693e-01
4.582498135258229466e-01
4.664973437930068911e-01
4.508357838846106524e-01
4.558287554687170395e-01
4.489202374299979814e-01
4.503072428770014679e-01
4.559010563570979335e-01
4.603190544558486974e-01
4.495939476455665385e-01
4.530966714957864183e-01
4.528025152939244569e-01
4.605749081056549898e-01
4.756562934816449539e-01
4.739629777181041947e-01
4.523200370349276245e-01
4.568231940098016475e-01
4.383926658443580981e-01
4.353462177742864481e-01
4.655819922632280505e-01
4.688124009786232005e-01
4.390784964495855758e-01
4.661598893344082173e-01
4.657787148184006631e-01
4.508076389780705240e-01
4.538817036925644199e-01
4.594848130691436272e-01
4.581557052394846230e-01
4.665982705567485733e-01
4.546438968094917432e-01
4.573005674724147651e-01
4.577241200491542483e-01
4.585553348625975856e-01
4.430090621665722650e-01
4.459044459964938700e-01
4.560429970604810701e-01
4.612833654947552375e-01
4.565985169212018469e-01
4.494959456840988410e-01
4.531000596438207184e-01
4.550498695285807305e-01
4.494212652993926360e-01
4.498248376710091145e-01
4.550490657751420365e-01
4.590386423000859528e-01
4.537840074252441069e-01
4.551087211630311935e-01
4.584634710808510594e-01
4.761475411071460773e-01
4.677984769711328594e-01
4.711375323224502032e-01
4.508742594821087413e-01
4.566708075314750426e-01
4.397203064076024015e-01
4.394361612485795932e-01
4.611320621417430154e-01
4.675939299515321501e-01
4.707788463288813396e-01
4.437603669942004059e-01
4.416996219084632913e-01
4.733027387702996580e-01
4.508536329102688645e-01
4.510839848697878463e-01
4.532908780264797710e-01
4.619742106403188497e-01
4.530421609558413776e-01
4.451590058939879357e-01
4.599349576281768215e-01
4.599554219462326787e-01
4.464454236992292380e-01
4.444385716768017858e-01
4.600676259350010011e-01
4.569532730894698136e-01
4.669130491582019205e-01
4.541693002044004390e-01
4.485000930667164543e-01
4.577296136086692613e-01
4.546531440691402026e-01
4.491704197601291138e-01
4.476082355898675091e-01
4.561794395246686062e-01
4.567244109438432509e-01
4.588282464183466303e-01
4.538756039814331733e-01
4.574610934674500640e-01
4.577011369341649760e-01
4.651461529023485642e-01
4.683118757085978912e-01
4.536480591592249589e-01
4.567624584956054834e-01
4.408651004770506310e-01
4.452104354721241886e-01
4.512920780316237446e-01
4.624225953639393705e-01
4.792518325467409745e-01
4.440237472035523658e-01
4.358240480870816391e-01
4.644436618628561830e-01
4.712974100586810877e-01
4.509017025098555620e-01
4.531284994630235818e-01
4.630189533308478045e-01
4.589484033105348804e-01
4.540696963161109934e-01
4.587177732787895423e-01
4.579910626328444478e-01
4.467778853926725469e-01
4.471028388669651132e-01
4.528527392604949631e-01
4.573853799194105285e-01
4.602151537275043780e-01
4.487501659344845795e-01
4.514190656875612939e-01
4.599776602032182860e-01
4.547656505941235494e-01
4.505112016641852346e-01
4.512602030774646167e-01
4.520991912120144729e-01
4.544337204392090990e-01
4.606221231325912657e-01
4.486178034020411598e-01
4.551874441454888953e-01
4.564382266051089099e-01
4.568238421653866288e-01
4.646815311522889402e-01
4.667791252127457269e-01
4.557243845650138514e-01
4.446642649199326613e-01
4.479022360295819016e-01
4.619919446995137124e-01
4.662392060879684275e-01
4.344860994297496948e-01
4.413538289049966368e-01
4.773298961655406125e-01
4.708645801231638450e-01
4.512652857021157149e-01
4.512643213384717189e-01
4.537192209886839467e-01
4.652300363641391767e-01
4.552981088366647167e-01
4.468875145740811572e-01
4.481134539427374386e-01
4.560684170565372231e-01
4.530659109895436853e-01
4.730333196275613994e-01
4.406014499230007098e-01
4.565366369174848615e-01
4.593676948431980600e-01
4.564084662550927929e-01
4.521927563929679095e-01
4.538190441479937332e-01
4.559688109356955232e-01
4.542354133144923534e-01
4.470177455328925298e-01
4.553349352327480393e-01
4.589818278233822046e-01
4.559938600967582967e-01
4.653258126387619931e-01
4.668777959973024472e-01
1.161310310932230472e+00
4.414899775180982089e-01
4.486157037245049328e-01
4.679504132461798083e-01
4.620144937050124634e-01
4.331212927597768436e-01
4.787202396133826698e-01
4.661594528396150738e-01
4.522351649995817180e-01
4.521963372164343187e-01
4.612654324731449429e-01
4.455115509963510911e-01
4.488299905585316774e-01
4.530458713094654977e-01
4.516116784044499344e-01
4.555345559263482835e-01
4.503460696171384670e-01
4.547950074928636677e-01
4.576985692438150233e-01
4.503449682375914032e-01
4.450372384284311811e-01
4.587790142823370276e-01
4.583345361589702405e-01
4.555275786587623110e-01
4.665324580768154816e-01
4.664962816907527454e-01
5.596602841811839646e+00
4.416694803133428548e-01
4.404100371844841266e-01
4.710881989336833109e-01
4.525321043164310386e-01
4.525866248653094837e-01
4.613665404865932573e-01
4.571272891897756319e-01
4.444456978385727952e-01
4.469141467715387339e-01
4.633933533235012336e-01
4.594915262807036660e-01
4.518894823252905812e-01
4.484116288218391033e-01
4.577731707440367281e-01
4.515295834908589212e-01
4.500205997858846563e-01
4.668117648310237677e-01
4.677124441328325277e-01
1.726842652485544249e+01
4.475418778846639856e-01
4.482412213907526199e-01
4.977828911953582902e-01
4.621447544088952974e-01
4.546823388932434984e-01
4.422961490090357439e-01
4.715081190014703272e-01
4.548246401377424308e-01
4.479321393277423402e-01
4.413121990437320341e-01
4.580867588619498831e-01
4.611787663898763712e-01
4.545670454245169800e-01
4.550896096219453346e-01
4.702571982202822798e-01
4.537431483841902202e-01
4.714991594314103529e-01
4.566269007338414898e-01
2.764938651992864749e+01
4.585922304116346604e-01
4.181690959309412592e-01
4.778873952775910539e-01
4.814627498454071008e-01
4.719669911498066694e-01
4.478865830425096117e-01
4.566554149869195278e-01
4.622393535648087748e-01
4.085885414458426679e-01
4.589225005359155452e-01
4.471004233957077689e-01
4.527300400302743388e-01
4.570385000928318120e-01
4.744049769839933095e-01
4.576916888086600133e-01
3.151622024306822212e+01
4.500142724800660909e-01
4.379832474489817606e-01
4.775715107761088207e-01
4.576097303026289143e-01
4.736199850936101963e-01
4.441588400212177490e-01
4.548595267381369545e-01
4.620033706486216252e-01
4.410707728595753552e-01
4.613100618690121890e-01
4.469793978466935491e-01
4.548766601881262250e-01
4.538215787277363744e-01
4.742220403008987617e-01
4.564664225186798041e-01
2.765022599565735817e+01
4.368885112172499752e-01
4.302226870813680160e-01
4.934675648463727748e-01
4.671267732902205649e-01
4.565504714729728963e-01
4.543763029742284854e-01
4.716018900336301223e-01
4.572012668717340689e-01
4.477412424655313194e-01
4.467353815530350492e-01
4.582694714478471876e-01
4.596170926545689039e-01
4.544389012112732829e-01
4.482003260598503847e-01
4.703949059565241675e-01
4.501438115078912894e-01
4.713520425045977236e-01
4.675699030020156743e-01
1.726919655536564591e+01
4.346110559838765042e-01
4.390215931772989966e-01
4.630844718930871573e-01
4.542345713032925891e-01
4.538849859008897702e-01
4.613713105174099272e-01
4.612696153517763520e-01
4.443638082315139459e-01
4.487793119469568048e-01
4.635437289450130560e-01
4.556531344457706578e-01
4.517039827834410382e-01
4.547021416743663447e-01
4.579742072158025645e-01
4.505092333388617809e-01
4.515993587878917581e-01
4.586149181314687628e-01
4.555457905365160043e-01
4.667089244292274564e-01
4.663924327927482238e-01
5.596937119922228199e+00
4.327559507195319899e-01
4.397193079206233035e-01
4.740007742011592140e-01
4.714467501707352848e-01
4.676092514538242595e-01
4.382327607720580831e-01
4.467373712350377057e-01
4.758583377944660131e-01
4.693877753405752973e-01
4.538855210945285656e-01
4.553486259830150651e-01
4.551327473972576199e-01
4.454609626843872849e-01
4.480602046755943757e-01
4.531531848025747156e-01
4.732359382978890139e-01
4.516302218082416942e-01
4.565037320830260814e-01
4.565112634982196327e-01
4.502582464256682515e-01
4.537813147234997513e-01
4.579035425772935430e-01
4.544009610309500125e-01
4.448949381628457544e-01
4.550370087954288545e-01
4.585267783996609392e-01
4.560123979854110443e-01
4.664380754471195711e-01
4.667842224462859790e-01
1.161404703919437287e+00
4.368643354321165018e-01
4.442060924450504933e-01
4.693111650352703168e-01
4.873138265415711823e-01
4.388569234184552248e-01
4.391872828140679919e-01
4.768395618231366928e-01
4.715773536566599811e-01
4.525864760413453869e-01
4.543274826292847957e-01
4.528696265930797771e-01
4.650481115998307824e-01
4.578063535040322596e-01
4.468675689792022676e-01
4.528744862077852540e-01
4.561036815165516178e-01
4.602575120971395539e-01
4.531957733001804600e-01
4.405869599495196853e-01
4.514180143831615366e-01
4.594622198176728234e-01
4.548630664991816785e-01
4.521605632397194263e-01
4.520994717255146234e-01
4.561640623766335945e-01
4.608244141555444262e-01
4.467297713466287790e-01
4.550214392845139399e-01
4.591865292585561864e-01
4.568911088389707165e-01
4.652347223415890798e-01
4.666919278953783889e-01
4.558274368100354579e-01
4.378085958359534957e-01
4.362828321027177880e-01
4.386953834365355243e-01
4.700752448423293206e-01
4.776846261993126230e-01
4.462625354704585212e-01
4.434727981949632691e-01
4.662196232325316880e-01
4.751617620865570824e-01
4.519867637176682162e-01
4.543289549638013236e-01
4.623707854472829948e-01
4.524123723009155773e-01
4.490361420170860818e-01
4.534545217166913722e-01
4.593125271743251359e-01
4.585725119215537937e-01
4.598013232805204797e-01
4.467994582674075787e-01
4.444454474850502157e-01
4.471273255480682218e-01
4.574171839134292261e-01
4.669147669074055207e-01
4.487479818486280192e-01
4.485205604136409119e-01
4.600763133923939652e-01
4.547490878172688600e-01
4.505117546989372279e-01
4.475959301857000971e-01
4.512216574561823124e-01
4.545949250201993252e-01
4.589244908185091676e-01
4.483152438101695170e-01
4.572323818019402575e-01
4.565390648016847130e-01
4.577869953789552859e-01
4.645971374633770523e-01
4.682376648704894562e-01
4.568905336028339925e-01
4.378814158373355858e-01
4.337430556985434338e-01
4.673479089013829468e-01
4.751618063710211781e-01
4.742134290617218695e-01
4.440145116196322905e-01
4.390841470888777742e-01
4.693909093330855820e-01
4.516850343303188131e-01
4.495942438577371636e-01
4.520104299367299072e-01
4.612571601868800664e-01
4.657134613139383150e-01
4.445955481893071881e-01
4.567627318565862238e-01
4.583090531783629573e-01
4.464606183406258366e-01
4.459410170421553299e-01
4.599839682132068064e-01
4.612106322358517918e-01
4.569286023289146903e-01
4.541907092097333676e-01
4.495196268890636615e-01
4.578206413448678846e-01
4.551390343304710373e-01
4.491979238795437701e-01
4.499084439624209120e-01
4.562584179078998381e-01
4.591409770256435485e-01
4.568510490708412863e-01
4.535600643562119338e-01
4.535075522718541308e-01
4.584289403265577878e-01
4.650762113093595551e-01
4.710841316903499609e-01
4.537605247058644764e-01
4.567407034322643611e-01
4.378146653959855139e-01
4.392658706153856896e-01
4.702212647732438300e-01
4.748388598454016396e-01
4.397303924726876367e-01
4.698060698708910743e-01
4.690818948298430269e-01
4.515102564941764762e-01
4.538822254685473401e-01
4.584283284949199344e-01
4.708989859718418769e-01
4.572210018878702376e-01
4.541491521687263111e-01
4.517401931915708269e-01
4.574629567980328382e-01
4.588976035151796640e-01
4.430190274610081302e-01
4.506010755551707048e-01
4.559268169343413390e-01
4.663487882163997456e-01
4.566327757544686450e-01
4.508633175484083044e-01
4.531856650585628921e-01
4.559091046680781023e-01
4.495017939722554257e-01
4.504268366311000027e-01
4.551039551041558551e-01
4.603792868411009653e-01
4.529995546925748573e-01
4.550407899566913938e-01
4.603195807315768051e-01
4.761153083177784295e-01
4.739353112162429937e-01
4.677479795031855292e-01
4.509301004844841199e-01
4.568624066942438833e-01
4.411125439131958204e-01
4.492251896843403314e-01
4.724646915094657951e-01
4.744217017134757519e-01
4.317016810391289261e-01
4.351998506004400857e-01
4.674547717768599009e-01
4.652149410109610583e-01
4.512422314866623707e-01
4.609723357376022679e-01
4.518375742385360438e-01
4.563088400021481639e-01
4.760116896024048638e-01
4.562471065413528648e-01
4.582044635050814274e-01
4.524006599612812041e-01
4.575891888813213293e-01
4.574501184242606988e-01
4.469633568866452911e-01
4.491062446938833275e-01
4.581062732947705496e-01
4.655424618926614633e-01
4.528312806362070897e-01
4.538577456966521040e-01
4.490685945059990636e-01
4.531150327970896452e-01
4.559116188401835523e-01
4.588702593480796788e-01
4.494863737535611525e-01
4.520294589395890683e-01
4.524754034848434969e-01
4.625413453415660459e-01
4.756584697835077868e-01
4.800600318199610417e-01
4.523582415666732026e-01
4.553401093391832855e-01
4.457091155417071127e-01
4.456545494039803046e-01
4.708555655563650411e-01
4.681674301738539268e-01
4.435363697950093220e-01
4.364076942083462418e-01
4.900039371328360760e-01
4.490737224528234539e-01
4.548782091090128321e-01
4.560523733326450890e-01
4.491948472430706829e-01
4.571469987544116154e-01
4.654990655797880961e-01
4.562675188341974719e-01
4.537568846656639954e-01
4.532409524022490976e-01
4.581659659779980243e-01
4.586549673009274186e-01
4.391545935587908289e-01
4.656749426152279048e-01
4.428425645026021207e-01
4.607095039401525316e-01
4.594940710027945463e-01
4.510314735678775389e-01
4.518907863057886054e-01
4.541112196222664155e-01
4.526131012666570475e-01
4.491570376962828459e-01
4.552930292044865546e-01
4.592539259086770853e-01
4.552577648911350083e-01
4.524870613107863648e-01
4.535201102427094400e-01
4.503157890727192414e-01
4.636906880465596070e-01
4.715708397951788311e-01
4.924276454364890920e-01
4.533135822291737282e-01
4.533986782032048413e-01
4.445697910195404168e-01
4.373184172141941217e-01
4.422948412375610761e-01
4.630800148823552287e-01
4.668899940787041847e-01
4.719046984151943902e-01
4.441212820025549068e-01
4.780564797885031858e-01
4.610695383334568742e-01
4.591619718775503678e-01
4.501642514863452571e-01
4.544316955366649591e-01
4.528085011901987755e-01
4.285547685955794495e-01
4.591025566356871646e-01
4.619214309877083813e-01
4.636781520278963065e-01
4.551234372924489735e-01
4.515721498834783798e-01
4.568072103153452690e-01
4.502151054869640845e-01
4.478345808312928500e-01
4.474183594974307510e-01
4.488132916988929466e-01
4.601248392457031322e-01
4.590487717222238029e-01
4.523638628011824592e-01
4.558797050074661628e-01
4.580158766347611765e-01
4.718631603496277194e-01
4.540188739402420959e-01
4.530835836817293516e-01
4.430010266676479569e-01
4.450040503531201841e-01
4.655081402869494789e-01
4.712278340844103797e-01
4.535576521663738925e-01
4.286284196054956364e-01
4.575192012456880675e-01
4.651540529920894507e-01
4.626027460758351806e-01
4.659429743005608637e-01
4.487993693371937209e-01
4.598340827465389746e-01
4.602384147147478566e-01
4.530238639922263277e-01
4.533520230487616542e-01
4.525277060645404026e-01
4.576909834412718481e-01
4.408371234094053959e-01
4.640798236412945754e-01
4.590857537573897473e-01
4.570833225420276036e-01
4.532695440589579738e-01
4.523253841805456310e-01
4.516924312755510318e-01
4.436627296412604671e-01
4.528782904917453833e-01
4.671057953367017124e-01
4.701420222503261415e-01
4.582061246913476937e-01
4.661258856685377983e-01
4.579900251467414751e-01
4.621212790401071357e-01
4.655243686162129912e-01
4.518488029866533084e-01
4.608107047935715572e-01
4.592317488437654971e-01
4.554749618356236374e-01
4.542078584218711690e-01
4.431623764859559111e-01
4.333558975752350717e-01
4.580901332129194148e-01
4.599303683424318945e-01
4.605493836995285251e-01
4.771216823411560948e-01
4.514171500944439974e-01
4.507213359484045778e-01
4.501404598633921283e-01
4.546107638928754135e-01
4.645919935927364519e-01
4.624535174574072594e-01
4.576999480036031964e-01
4.723196927918629218e-01
4.582065003510395473e-01
4.605127272345247991e-01
4.645965994193790860e-01
4.618766619577191479e-01
4.766041488267374060e-01
4.586735336379834660e-01
4.621184497944113567e-01
4.545425005726557166e-01
4.545635224429375176e-01
4.496930527593223648e-01
4.764495778195733111e-01
4.846109697038968323e-01
4.806752359923106011e-01
4.722863699832739459e-01
4.500632690498549970e-01
4.506131129634303734e-01
4.485190265684031452e-01
4.454721114386218095e-01
4.473852614533936900e-01
4.579972064933717779e-01
4.616054534283796640e-01
4.671314724571185573e-01
4.588988941713203484e-01
4.824073195600352415e-01
4.611677109330220570e-01
4.627860244461685091e-01
4.640637066524873622e-01
4.492170719996113615e-01
4.800167818983715473e-01
4.634203315021225844e-01
4.447633902852913823e-01
4.663418468544800466e-01
4.577313082152881241e-01
4.529563901075681631e-01
4.498809425077086588e-01
4.842687673854864649e-01
4.965443296589987510e-01
4.490646015707475125e-01
4.488312996010975220e-01
4.474712919114787746e-01
4.503197551707719404e-01
4.578939055936304126e-01
4.641812158140199984e-01
4.640341782699239914e-01
4.674792568225029088e-01
4.634230672582642652e-01
4.614843799000307167e-01
4.609575442066176088e-01
4.573963422179282978e-01
4.618640276695684665e-01
4.620678724194213216e-01
4.642652691350591110e-01
4.115847915795846634e-01
4.569650384083133177e-01
4.581799346335813650e-01
4.302414609715988769e-01
4.352427720713273329e-01
4.775823793736020395e-01
4.909132438218951067e-01
4.701842988980253213e-01
4.484166637242459896e-01
4.461757637965969581e-01
4.484402236020353927e-01
4.559183433530448748e-01
4.590525829239850419e-01
4.670493793930479143e-01
4.624869960494653043e-01
4.841914464487095948e-01
4.657522217435151601e-01
4.241188361460305756e-01
4.592452699652531112e-01
4.695944429562399769e-01
4.623230215467828419e-01
4.618684042291104075e-01
4.492707007865982538e-01
4.365129548059178410e-01
4.568206554195374802e-01
4.590528849691284941e-01
4.348552722014039640e-01
4.427873803447071599e-01
4.821380055177763579e-01
4.826739051815223114e-01
4.787757965163089713e-01
4.470623693721881287e-01
4.462791114329792697e-01
4.538199611555472912e-01
4.595736684857434917e-01
4.606325444046528439e-01
4.608631909299297780e-01
4.562320708487480614e-01
4.639592955010402586e-01
4.601047228818810342e-01
4.637062364881128218e-01
4.677293117434506153e-01
4.540325877855670433e-01
4.860698398250249408e-01
4.752510023251505511e-01
4.616327614460128403e-01
4.613413527062190655e-01
4.593951435047768372e-01
4.616774674311919235e-01
4.414066203186863824e-01
4.582841473585385628e-01
4.671247828057236151e-01
4.586628570295917529e-01
4.378662281113910870e-01
4.833144981352866520e-01
4.859699155271693938e-01
4.427882345018309684e-01
4.432778423798161560e-01
4.450002957253625380e-01
4.427313597861534111e-01
4.531599123706691601e-01
4.548208140713735359e-01
4.576182002262110804e-01
4.623533313230857589e-01
4.606135281254746250e-01
4.602012982729438706e-01
4.572601717699738000e-01
4.618951085275594948e-01
4.517091600138530838e-01
4.492948011612718506e-01
4.530574172875405092e-01
4.716336154340552422e-01
4.365120962990316489e-01
4.397323967566935665e-01
4.569099673918086690e-01
4.768474387965102590e-01
4.613736968074044209e-01
4.425861994831618573e-01
4.462474278506949887e-01
4.513658431673200355e-01
4.252945869325086004e-01
4.590918256218469162e-01
4.707036331002322771e-01
4.573495473733059646e-01
4.390198434320236043e-01
4.636545194932724101e-01
4.537944273526864358e-01
4.609062862012936468e-01
4.721805871248049846e-01
4.373112299235145106e-01
4.845937654323472232e-01
5.048095221070980632e-01
4.797519629343783287e-01
4.415588756663506032e-01
4.416091040328902761e-01
4.295885576273085205e-01
4.279045379674255578e-01
4.517854041159899414e-01
4.563507030199224768e-01
4.608876389293583009e-01
4.740147302299908549e-01
4.623012919185591207e-01
4.459861764770279846e-01
4.695793100302056988e-01
4.499402674734309659e-01
4.529249443622755389e-01
4.692956196443937023e-01
4.316821570373809980e-01
4.563057021228869026e-01
4.709936793106532238e-01
4.591068067038345246e-01
4.590871767816596116e-01
4.460682650813799222e-01
4.597380668327322728e-01
4.478433759822519344e-01
4.542022925642165698e-01
4.844832623871207500e-01
4.665984182532713076e-01
4.299499180335755177e-01
4.376625642768317004e-01
4.658221456233438973e-01
4.709826607273961963e-01
4.580869393626578190e-01
4.452686373996403990e-01
4.635684751712327301e-01
4.477909228080955151e-01
4.481063751158784192e-01
4.674952855759657577e-01
4.386142820405787290e-01
4.395034096813403290e-01
4.762487392913634099e-01
5.075247613164592941e-01
4.772177934053709047e-01
4.374709819388018506e-01
4.601851959087522315e-01
4.442619014934653943e-01
4.262063082615266119e-01
4.472148406373022134e-01
4.679685763125805420e-01
4.505725927304053968e-01
4.475862607616311606e-01
4.829452133061637453e-01
4.582088533735740876e-01
4.620477134522638640e-01
4.468163862924440233e-01
4.514434501782496612e-01
4.462388927931569826e-01
4.493485639965530964e-01
4.759580590486899299e-01
4.882490159357554260e-01
4.267673248211779624e-01
4.317761726083613749e-01
4.590098929002560113e-01
4.625643910194240926e-01
4.582459685261821569e-01
4.602995068817792301e-01
4.438087715864906246e-01
4.466066645402642088e-01
4.490231201152211638e-01
4.468121662876043398e-01
4.728861099240647126e-01
4.352730722852404255e-01
4.623851857975590507e-01
4.700172039624981313e-01
4.591869178014500452e-01
4.416172915453877579e-01
4.687749332151810444e-01
4.473149384974697274e-01
4.694701243692745996e-01
4.721666942124229660e-01
4.393122472880200413e-01
4.734803376632895078e-01
5.089081001679272021e-01
4.793130035971182590e-01
4.357455490662192066e-01
4.357288779334079210e-01
4.551028284726501560e-01
4.509633117684280212e-01
4.393366944747138514e-01
4.451317788812361731e-01
4.451149108365876073e-01
4.772417178151430739e-01
4.824695210656411160e-01
4.707681454301638202e-01
4.600218434771527476e-01
4.523516562787638917e-01
4.459915568097325145e-01
4.486491101836234119e-01
4.504837657351725699e-01
4.576514976132318169e-01
4.481153900619881392e-01
4.479194794189160778e-01
4.713057769691961219e-01
4.541764820980259132e-01
4.608268935290754653e-01
4.452692359506901787e-01
4.443673166199679225e-01
4.501782657164545287e-01
4.467128215126274782e-01
4.944095853807725649e-01
4.865081798503599342e-01
4.350751238822276323e-01
4.635405539102048778e-01
4.695011104996753559e-01
4.597699966766600199e-01
4.406126414001921843e-01
4.684769039289147230e-01
4.446417601305970302e-01
4.554798390941406927e-01
4.385386069789318775e-01
4.436896638719090014e-01
4.706868913744504668e-01
5.139039846005658552e-01
4.842942014989619071e-01
4.400512793616790930e-01
4.421051027725553251e-01
4.422973256030992562e-01
4.500928337926762279e-01
4.664603808354973458e-01
5.506904776204261109e-01
5.733570187106205029e-01
4.306423640711367073e-01
4.006727747989354826e-01
4.131051140151839607e-01
4.333546561752258386e-01
4.664126215215593785e-01
4.468860012284007199e-01
4.631289695166274645e-01
4.510464254561062925e-01
4.479753798733370207e-01
4.639102952883475961e-01
4.426176317062397447e-01
4.651454923767152083e-01
4.442743505008249771e-01
4.486631679247677362e-01
4.494318655320814759e-01
4.478068246048424461e-01
4.702728367634810835e-01
4.358387051470301587e-01
4.392572908529222553e-01
4.643818820533916480e-01
4.665552610657147103e-01
4.622027115907719752e-01
4.401614299033759226e-01
4.662978117799607136e-01
4.425745834450450222e-01
4.707474231493141148e-01
4.852898498870137911e-01
4.296105209332425345e-01
4.599915789527637133e-01
4.688999719645758901e-01
5.117475178194125229e-01
4.917336838391409004e-01
4.380844129035783574e-01
4.463900334154105587e-01
4.419049078313413981e-01
4.442128867071141740e-01
4.730115895336906573e-01
4.454915421962674649e-01
5.002499580404210500e-01
4.470617823760493215e-01
5.363790327303231686e-01
5.622593700423840213e-01
4.504867593627470690e-01
4.084071544431816525e-01
4.486030714276813547e-01
4.201904346312893002e-01
4.492956951296043222e-01
4.649245463006592138e-01
4.634831166551272030e-01
4.672099757842129164e-01
4.667572212776093243e-01
4.693134333510217138e-01
4.711931463006580612e-01
4.445853366730857514e-01
4.720369064703894280e-01
4.484590198244610693e-01
4.497130025537137699e-01
4.492621602939434466e-01
4.311003991330057961e-01
4.302008235552636228e-01
4.634742037112080659e-01
4.644896456174273935e-01
4.647318534750883856e-01
4.642740369801163780e-01
4.388418669064504396e-01
4.662983146217902775e-01
4.431195877500113678e-01
4.639431098215573979e-01
5.039117434795329364e-01
4.360659763736824401e-01
4.506075028345352673e-01
4.407206937100257571e-01
4.473034370934836357e-01
4.396565778445743478e-01
4.473860002069081632e-01
4.428388336858519736e-01
4.368938398849535054e-01
5.201153394578579281e-01
4.829679975046841656e-01
5.144848382764152239e-01
4.086095190131520116e-01
4.190508710193517894e-01
4.465244691943711097e-01
4.542453102399194309e-01
4.389318079860779487e-01
4.420841587675351514e-01
4.510868813169684466e-01
4.575929263058623464e-01
4.608666786444481356e-01
4.628868768177603621e-01
4.656323941232178298e-01
4.456608047483647805e-01
4.491644746396355470e-01
4.494106485196510126e-01
5.462387885346443595e-01
5.159958523807030017e-01
4.166981808661582298e-01
4.598682625859210060e-01
4.767831440074192795e-01
4.669852561367494048e-01
4.374959923489944447e-01
4.669952005002980244e-01
4.414895724477435057e-01
4.776082194658373137e-01
4.913185407148727979e-01
4.818666890090222976e-01
4.361224350949023942e-01
4.545240730047249711e-01
4.390907013056333796e-01
8.020524710798249135e-01
4.262608987833269580e-01
4.093654850747956986e-01
4.553758775586171925e-01
5.549667941166335217e-01
4.829586644230604020e-01
4.388058369001794357e-01
4.324395767841300309e-01
4.498059665946507191e-01
4.611807392592106036e-01
4.595976198316464867e-01
4.439026556680024660e-01
4.677815005270564153e-01
4.513024407176055020e-01
4.489996474193133635e-01
4.896471313655398339e-01
4.653332090116972242e-01
4.360669957183306300e-01
4.676253641701657027e-01
4.402895338633289746e-01
4.733380563423013609e-01
4.827885687078078414e-01
4.687452349500435544e-01
4.797581594182229736e-01
4.842120886104805400e-01
4.331725453203191245e-01
4.567306185128484630e-01
4.345969394349107340e-01
1.016561029819617490e+00
5.007942312885447222e-01
4.358739115184298574e-01
4.583503892820275372e-01
4.499784878074973848e-01
4.597807144980252669e-01
4.686159837900913949e-01
4.588472500202469551e-01
4.607984657289310726e-01
4.629853754828166523e-01
4.761312932952949661e-01
4.348632207429535268e-01
4.557874977953840778e-01
4.382695979124471286e-01
4.765976995687816742e-01
4.806719075114126993e-01
4.718561188167262888e-01
4.699981946647483477e-01
4.922411262377409669e-01
4.353296609128017303e-01
4.471810546612589032e-01
4.344706408003621290e-01
1.119076492907565168e+00
4.135453376739770537e-01
4.116393702057062898e-01
4.849752854392108681e-01
4.627121038146289056e-01
4.319042676014164805e-01
4.570380542441367377e-01
4.641795633446464953e-01
4.573729498233530810e-01
4.522996112058314533e-01
4.574815568887219963e-01
4.576113779301958506e-01
4.580430891393649784e-01
4.593157005819610839e-01
4.615019005182744438e-01
4.653808331683048083e-01
4.637446780482697983e-01
4.342739728466765703e-01
4.424119777869908732e-01
4.327485900830824739e-01
4.702602878759177263e-01
4.764092474651410170e-01
4.702448158551472690e-01
4.716357675356821488e-01
4.837410256361823202e-01
4.364315733755163018e-01
4.340007070076236095e-01
1.285485377086371450e+00
4.095668268463079076e-01
5.200877485967767555e-01
5.971370918688257978e-01
5.962676723046975713e-01
5.663888197507042088e-01
4.948309881726414838e-01
4.250961430379189276e-01
4.220348361717679020e-01
4.370395851681654342e-01
4.530884569364451719e-01
4.609367300378164889e-01
4.614495342224808061e-01
4.651358864419846695e-01
4.659993273032290162e-01
4.704735997748152876e-01
4.613568932393692923e-01
4.293496983189990512e-01
4.398700929290352835e-01
4.606267361113343117e-01
4.817805313230370534e-01
4.658629529073098352e-01
4.702827434295931419e-01
4.883200228776926055e-01
4.362861620023433251e-01
4.382883805738476135e-01
4.377414217438762023e-01
1.473997051091793020e+00
5.333693056103959718e-01
4.353982516840412265e-01
3.995960944338734500e-01
4.573616978191644145e-01
5.012442195422179836e-01
4.645221011559858559e-01
4.666006653149176731e-01
4.730602928013161734e-01
4.814780479934825941e-01
4.338496962552638725e-01
4.519519008205317712e-01
4.362428395758362609e-01
4.651107661895551026e-01
4.596127590687845155e-01
4.906175421492228739e-01
4.309241274179769210e-01
4.622880673674732988e-01
4.316338543677145090e-01
4.291006368017552530e-01
4.611389847621527593e-01
4.335071471207719296e-01
2.234729174707400290e+00
1.941557289946654663e+00
4.336596476206663331e-01
4.366180650116040507e-01
4.378710776414774242e-01
2.584534624255580670e+00
4.346193367525751361e-01
4.600306501482810395e-01
4.358963121653877670e-01
4.441440281655221201e-01
4.379132212943980251e-01
3.014876743271428960e+00
4.343626404681304454e-01
4.408270344623556602e-01
4.403685344305753868e-01
4.463427146201429108e-01
4.454061500264767104e-01
3.570586165323369698e+00
4.415119693655241151e-01
4.574351776503228217e-01
4.361446781706082576e-01
4.459439197901868823e-01
4.430072305514951014e-01
4.449286311316300591e-01
4.350281918580937379e+00
4.419355526156215630e-01
4.586113465964390956e-01
4.405676980936177323e-01
4.478756002180813156e-01
4.494455600152572061e-01
5.638992224227479255e+00
4.438655469202976156e-01
4.615716644398553115e-01
4.424616037562602022e-01
4.491114579807333196e-01
4.495212664202694608e-01
8.811238765033323261e+00
4.465062290164561465e-01
4.527658685573227038e-01
4.435497803648215664e-01
4.493969627298323721e-01
4.501571037483910187e-01
1.137430666247242428e+01
1.795956633642245492e+01
7.409818440639236670e+00
5.666582098343203810e+00
5.018926243506518503e+00
4.610738739898660121e+00
4.304399178353185640e+00
4.054847454680906793e+00
3.841832788939639087e+00
3.654175320215412359e+00
3.485108005956469857e+00
3.330315292878954558e+00
3.186962710187659198e+00
3.053164427778985335e+00
2.927668852137829347e+00
2.809660815415535140e+00
2.698629476784011327e+00
2.594275023043007611e+00
2.496439156850871921e+00
2.405050540575375262e+00
2.320079813532042845e+00
2.241500960414986920e+00
2.169257335024560085e+00
2.103231850155675264e+00
2.043221919921785368e+00
1.988920780413452549e+00
1.939907747113325032e+00
1.895650486988139205e+00
1.855521996997974821e+00
1.818833238746794922e+00
1.784879239878483626e+00
1.752992630955271913e+00
1.722595467740499764e+00
1.693239432980045533e+00
1.664627063716638045e+00
1.636612000029515901e+00
1.609182411181427019e+00
1.582436157599588000e+00
1.556557056975312658e+00
1.531798655432525580e+00
1.508476627987700880e+00
1.486965646935079821e+00
1.467693295027258094e+00
1.451123289133772865e+00
1.437722515366895992e+00
1.427909841311191030e+00
1.421987991149187280e+00
1.420062378949504156e+00
1.421953359604244183e+00
1.427112417413615164e+00
1.434559550756238311e+00
1.442867498527548031e+00
1.450223641200086844e+00
1.454594209163853291e+00
1.453990766379557931e+00
1.446797782455881087e+00
1.432079237090693846e+00
1.409767895868355714e+00
1.380670928171725320e+00
1.346290770707174511e+00
1.308525962184949876e+00
1.269347175005840267e+00
1.230528357005212126e+00
1.193470808740970668e+00
1.159118594375978972e+00
1.127945016887049956e+00
1.099991351234115511e+00
1.074948597744209922e+00
1.052278241234448686e+00
1.031363461645797841e+00
1.011670872291455581e+00
9.928929344280937874e-01
9.219691679207165924e-01
9.202561854018221910e-01
9.293453009894236949e-01
9.816424896656306132e-01
9.602542517990255710e-01
1.003966212705381889e+00
1.023428665598835607e+00
1.034820894190011220e+00
1.031528163656810326e+00
1.005678520394895914e+00
9.482656865213301423e-01
8.488631202133872788e-01
7.014387575404956721e-01
5.332829011497413063e-01
4.414932026234989482e-01
4.491029837656437818e-01
4.508306398814355131e-01
4.524178559448002734e-01
