1.653812596336957341e+01
1.058287993698191976e+01
8.229561091468166723e+00
7.032108594864513229e+00
5.496441006235071924e+00
4.949651137352956809e+00
4.609643315184128731e+00
4.353274353516218831e+00
4.141123322998794265e+00
3.955965185500237791e+00
3.788710822454513849e+00
3.634291965420529902e+00
3.489896886631568496e+00
3.354045631356957546e+00
3.226041363993913613e+00
3.105625979127722758e+00
2.992761917253959236e+00
2.887495941309034642e+00
2.789875942768105244e+00
2.699901779610085484e+00
2.617498655987547274e+00
2.542506410978572884e+00
2.474680298455606220e+00
2.413699287756881695e+00
2.359177685966656668e+00
2.310675704440586564e+00
2.267704853001263121e+00
2.229725091115229318e+00
2.196132885127627610e+00
2.166242865002979023e+00
2.139270127900431362e+00
2.114323973489896868e+00
2.090424862772814585e+00
2.066552704107270877e+00
2.041725721267879212e+00
2.015097419039362237e+00
1.986049570792415508e+00
1.954257426009982090e+00
1.919712158870525709e+00
1.882701705760006616e+00
1.843766192871681309e+00
1.803649620346955862e+00
1.763262567831534344e+00
1.723656438418704306e+00
1.685997397284209276e+00
1.651524776940635375e+00
1.621485006062440837e+00
1.597042971790321841e+00
1.579181535470561615e+00
1.568603014540538299e+00
1.565644725039305074e+00
1.570217885619526577e+00
1.581778474706136084e+00
1.599339976293466581e+00
1.621537890760094358e+00
1.646749745516357555e+00
1.673259701079211403e+00
1.699436481846213320e+00
1.723875635975366194e+00
1.745452940228376715e+00
1.763253109964100895e+00
1.776377230972613130e+00
1.783684869071725299e+00
1.783576651462390750e+00
1.773949071084047313e+00
1.752431614760104228e+00
1.716929710819081079e+00
1.666354486166850890e+00
1.601278479064039972e+00
1.524208902707200108e+00
1.439286951472407372e+00
1.351471116411346429e+00
1.265502704525984790e+00
8.354624158398702427e-01
8.872911631014326339e-01
7.785753965727404413e-01
7.658235763528937756e-01
7.304861840763745562e-01
7.174706453726408251e-01
7.196383989650435575e-01
7.148972063717099479e-01
7.061112839506151762e-01
7.054732280627974417e-01
7.091225146307403859e-01
7.172413928420915408e-01
7.352671796332148624e-01
7.495047541736348240e-01
7.662077412101035989e-01
7.757237779615234752e-01
7.786291342279396677e-01
7.690615494487889059e-01
7.413288676352003392e-01
6.950623495988930145e-01
6.374959689382703187e-01
5.774602223982600036e-01
5.402899895639049488e-01
5.175864060120827226e-01
5.082579586464156529e-01
4.994892454592554931e-01
4.854177247733273415e-01
4.773927962337917719e-01
5.319538740662103748e+00
4.571270345956802150e-01
4.633625792290308465e-01
4.817008329096922337e-01
4.719255491033996774e-01
4.639928177026662603e-01
4.114316775596975617e+00
4.519926036321114671e-01
4.685343142888291346e-01
4.856763435042876220e-01
4.798593979596043058e-01
4.746558097194297776e-01
3.367550417878545144e+00
4.638583056653232672e-01
4.718144058566419163e-01
4.863096283779720919e-01
4.912201766403737624e-01
4.805421432551862382e-01
4.815719710826050215e-01
2.822987997975780150e+00
4.736735706592941075e-01
4.766067965206901569e-01
4.874471250675047052e-01
4.875370700499910837e-01
4.937183903837487065e-01
4.775415255061304931e-01
2.391844217111742665e+00
4.507625892689067770e-01
4.050060163560551540e-01
4.348473652564873726e-01
4.516863286523297161e-01
4.395136742869776847e-01
2.034221856052442323e+00
3.932439956193115038e-01
3.671012081595009802e-01
3.906055900072031850e-01
3.703332360284459779e-01
1.729706202076792376e+00
3.408344145135125958e-01
3.377546888413967552e-01
3.155246786274698567e-01
2.538195410925663253e-01
1.602798506114312127e-01
1.578173534138199441e-01
2.006205276401699378e-01
1.762844938813042106e-01
5.055950229225233405e-01
5.523170708030478160e-01
5.625017752967628182e-01
6.841324450865233775e-01
7.680803398425022355e-01
7.947681656128231520e-01
7.329958509401465205e-01
3.492552314711193095e-01
3.618665631424129447e-01
1.057316559327405425e+00
1.243930821833955092e+00
5.032436113093738950e-01
2.771422861427668138e-01
6.493319087590858629e-01
6.261159458835861003e-01
6.395627879054132103e-01
6.792167141960619992e-01
7.217134595117096207e-01
7.892458208434345313e-01
8.555002876076508445e-01
7.884490294395815058e-01
1.420729221695527511e-01
5.758735705061240884e-01
5.728335238781006034e-01
6.601206586110591745e-01
7.490929675853368330e-01
7.364061690323973064e-01
7.307058473451961689e-01
4.255351201000430739e-01
4.360218855061293031e-01
9.084250578707292467e-01
1.831294877028580292e-01
7.592602872011110504e-01
4.731613853675903925e-01
4.056157730798845562e-01
5.240472438228938046e-01
6.373146319505702539e-01
6.770988880458895798e-01
6.983794321041146835e-01
7.680946452367101163e-01
7.651147661477608608e-01
7.352289417896338275e-01
1.779753350130228451e-01
5.361768874629545545e-01
6.220285327362709005e-01
7.450037208158943880e-01
7.316646487935279941e-01
7.287645794441561797e-01
4.396255730481539170e-01
4.693247595966727470e-01
7.972082111289263695e-01
6.040141098581566226e-01
6.016555037180242316e-01
6.448712063988824017e-01
4.893597384543322826e-01
2.016190201575553120e-01
1.798806652087722169e-01
5.514890190840714412e-01
5.570705411941384577e-01
6.450831943369078614e-01
6.861374829113184859e-01
6.862903044561264876e-01
2.057044364205696807e-01
1.795099577075338626e-01
5.481683438483878623e-01
6.421633626245858428e-01
6.834221284099820659e-01
6.107465229138756557e-01
4.811255528406863657e-01
4.979191230423253289e-01
4.939646658960864523e-01
7.188002839905419661e-01
5.996368427619581665e-01
4.589991195789993594e-01
2.794468100606157801e-01
3.116557680336077829e-01
4.958630426909084177e-01
7.386525439599970211e-01
8.033169002763039801e-01
8.677738307102730309e-01
7.797145868618168274e-01
2.034263474796154658e-01
2.035045829275928531e-01
6.818343367841480651e-01
5.492357832218974778e-01
4.084135457164526084e-01
4.252416201303386156e-01
4.179747914160152900e-01
3.974375105670662767e-01
4.387344991532984295e-01
5.663797655127943420e-01
6.850709668098486915e-01
7.112679563948832717e-01
6.879788193440505850e-01
6.972648435009004553e-01
7.604517461434255887e-01
8.382851554094582491e-01
9.509907337020223617e-01
9.331793531962715438e-01
2.160443983357594744e-01
6.745742557479856849e-01
5.306851503526053282e-01
2.422046654172774205e-01
4.455177228490005414e-01
4.975413030456315444e-01
5.219558539621869109e-01
7.012214372235666682e-01
3.109152549708593116e-01
4.150804249780329358e-01
4.555416870740990887e-01
6.673513797597302455e-01
5.388810874464978751e-01
6.728229778345984347e-01
7.911233262185747295e-01
8.925348574600080465e-01
7.937114105150554488e-01
2.194072846964221501e-01
4.072238956517706954e-01
8.457679348259738994e-01
5.402457790068507792e-01
5.504393711366146746e-01
6.431210214566185357e-01
6.349303080597953342e-01
4.148800659473136365e-01
4.989360327305304432e-01
5.340012094150177191e-01
5.014829227450930960e-01
5.566812080687714159e-01
5.084850935283721229e-01
5.113877352037915491e-01
5.246807983299204281e-01
5.222921740632494592e-01
5.446439372472499096e-01
4.326735840536090061e-01
3.934034512379406268e-01
6.907197995848065597e-01
4.958679881707720449e-01
6.753932054524854900e-01
8.309043026080215055e-01
8.037519772944240470e-01
4.290459398036148841e-01
4.882275050895517055e-01
4.571047892637054577e-01
4.534183660548484762e-01
5.832887116163154584e-01
5.633368645458447510e-01
5.484968761697835982e-01
5.060308725207317559e-01
5.012800234918302067e-01
6.193832869047879441e-01
4.603920767481389231e-01
5.124924540023274577e-01
4.579936143793014169e-01
5.073223715937085210e-01
5.653238659328659876e-01
5.244730169728659686e-01
5.178389433085803795e-01
5.673194773511062161e-01
4.786314189565159527e-01
5.110518781459503224e-01
5.019099799906864279e-01
5.012417463153244768e-01
5.306319861525014003e-01
5.330440954959269062e-01
5.479389006580387411e-01
4.408397645892700445e-01
4.313978346244718987e-01
3.861703401912716105e-01
3.734100746065659449e-01
3.842527305048750730e-01
7.902556969305151169e-01
5.970492812534304861e-01
6.729643068394720595e-01
7.241771874679696630e-01
4.819268446005073869e-01
4.447388526994068281e-01
4.756196669397639853e-01
4.679604697376859579e-01
4.674329342137780174e-01
4.470427808476859499e-01
3.595722744852692943e-01
3.884917442851020253e-01
4.799571473131791777e-01
5.599849682594019162e-01
5.114014596127596235e-01
5.160132761182647521e-01
5.372758747286086045e-01
6.177162512375747871e-01
5.540038905670819913e-01
5.255288299549131237e-01
4.971478667430999643e-01
4.677273251401637966e-01
4.555603074787587525e-01
4.734768795437433453e-01
5.255100490887085751e-01
5.273770049765285073e-01
5.236011365786543692e-01
5.643257392238966164e-01
5.516894651436740071e-01
4.710352112537433134e-01
5.116733939864898106e-01
5.166642663030115434e-01
5.515250804199380852e-01
5.181214316408715437e-01
5.282044147720839078e-01
5.422010421022005477e-01
4.157228362264108745e-01
4.064496800638724983e-01
3.548494411871304655e-01
3.490641551584337532e-01
3.448700464119201503e-01
4.221913322780715405e-01
3.946410060844062206e-01
4.185942965883633349e-01
3.058112129231767007e-01
3.808220147345752760e-01
4.453347077935310150e-01
4.726296303952436384e-01
4.777161802405646696e-01
4.651529945920928055e-01
5.498371304087145139e-01
5.304259562200257516e-01
5.250529857746865092e-01
5.006128516957830676e-01
5.212675952634066023e-01
5.281038692339619089e-01
5.170652704377112219e-01
5.274775772326758538e-01
5.273871436471445628e-01
5.837707080831011641e-01
4.901809386693679049e-01
4.342328690807495950e-01
4.278884782484425053e-01
4.562192794896099968e-01
5.204279752271844250e-01
5.122759626167682212e-01
5.103501251611208822e-01
5.566776774264070582e-01
4.633239098463849404e-01
4.504462760541843025e-01
5.345310421869751139e-01
5.471756584111568955e-01
5.851348793856351316e-01
5.377763748682474754e-01
5.283178219852355806e-01
3.962608748126515423e-01
3.707638997778284207e-01
3.713724929486487136e-01
3.007309789274520417e-01
2.881356714834932831e-01
3.383392949982775844e-01
3.732161648008203714e-01
4.313797750905234429e-01
2.708249177953095943e-01
3.550617314295947957e-01
3.691835833556609270e-01
5.532030397536262800e-01
4.008666606514542652e-01
3.649242973133809964e-01
4.233150608659240755e-01
4.373648739677497566e-01
4.177913297743889309e-01
4.583950387404229776e-01
4.238408607318041033e-01
4.063809201380617075e-01
6.281454234482869436e-01
4.554935929537176631e-01
5.248604829276898309e-01
5.079672978622111756e-01
5.028909194591177911e-01
5.261438225649864853e-01
5.152156143868242832e-01
5.428195325389184589e-01
5.958847318172884044e-01
5.749032054004838965e-01
5.058687306381314253e-01
4.955405868125182245e-01
4.304390391942864991e-01
4.232054275786649167e-01
4.644257348387440532e-01
5.103626715819459259e-01
4.986450446236849743e-01
4.975024440039503282e-01
5.785488635096096566e-01
4.692637234982511840e-01
5.578203164791838420e-01
5.665906145406367500e-01
5.850795587830111000e-01
5.272982698917542121e-01
5.268543208098360742e-01
5.463319433587302543e-01
3.398372425651929873e-01
3.401188138061955191e-01
3.408009773031026035e-01
3.572923624769721029e-01
4.169786970037011042e-01
1.578339503806146238e-01
1.434695316652790653e-01
4.767510821349162931e-01
4.033562202088054605e-01
4.612125853078181126e-01
4.948602693485349979e-01
5.062013687324018463e-01
5.160203214652574477e-01
5.322594384064818218e-01
3.179556006197215567e-01
2.494707791175187483e-01
2.562265988663784966e-01
2.909448663835049742e-01
4.422442020482847402e-01
4.151130394775713328e-01
3.475832088842526479e-01
5.050124323012943339e-01
5.024434266046498010e-01
4.917700055438610218e-01
5.168325640418083289e-01
5.194024730908823884e-01
5.198121698351160225e-01
5.208120782910032887e-01
5.183047874817011680e-01
5.946715331115920433e-01
4.871962771460496278e-01
4.625793044497990003e-01
4.452134185771651764e-01
4.586450632386775972e-01
4.837339790784707105e-01
4.851555072040191208e-01
5.130321778962869672e-01
5.856096887602398882e-01
5.944358679106686028e-01
4.685965919912648547e-01
4.420905980495999921e-01
5.814067908915403482e-01
5.872013087510340457e-01
5.258745459887921303e-01
5.177495447896302005e-01
3.207630338284567229e-01
3.172893857727945299e-01
2.349231671755463713e-01
5.141919793081327628e-01
5.150158586233015701e-01
5.135314128864960637e-01
2.828430920458318010e-01
3.291519812616833240e-01
3.108829658906858695e-01
5.030043691894224844e-01
5.085379252664880001e-01
5.081166554264210378e-01
5.319730091080199230e-01
5.204589144715457971e-01
5.340737306243030780e-01
5.890455216648367021e-01
5.656035616085021145e-01
5.034539035575480437e-01
4.866622812237194062e-01
4.735470918810273377e-01
4.695182527316955068e-01
4.781864386881997109e-01
4.757507237920218235e-01
4.865249739961363673e-01
5.246374174380215027e-01
5.976775948891672741e-01
4.376706961062253876e-01
5.837958068028122893e-01
5.785521320852354821e-01
6.013823076836573023e-01
5.087565670922781225e-01
5.149483143848953004e-01
5.121219574146377296e-01
2.663785465777041561e-01
2.562251800909934318e-01
2.540028087159972858e-01
2.028265047590421810e-01
5.136285401493855263e-01
5.139884777482260914e-01
5.286032559454799662e-01
5.344656534922789248e-01
3.950630031799964303e-01
5.132565615299370387e-01
5.201212078152838147e-01
5.279133162703446569e-01
5.067099792868440256e-01
5.006155749499993091e-01
5.334102400238270869e-01
6.041568136068606876e-01
4.948370341503846026e-01
4.825491007551154232e-01
4.861881044950139286e-01
4.700080972939395529e-01
4.931733126162995418e-01
4.916083505277484278e-01
5.021636142055880825e-01
6.057370102754150443e-01
6.269242842230543511e-01
4.289928538839488104e-01
3.994039043531644739e-01
5.781119744086231638e-01
5.716789509593018792e-01
5.763702595947325369e-01
4.884382112337404824e-01
4.882051190023748433e-01
1.825957755157996409e-01
1.622952235536826715e-01
1.619305714741170743e-01
5.268044255099804118e-01
5.263510614234012674e-01
5.405886085534712393e-01
5.623226421467095726e-01
4.256459526767357726e-01
4.158839822908872441e-01
5.131891882255640303e-01
5.170311887425815822e-01
5.007258799163881724e-01
4.780791505576734157e-01
5.804350714865827987e-01
5.074755781470556837e-01
4.871404924291716232e-01
4.845440000016714155e-01
5.069777383229450152e-01
5.087059468833404763e-01
4.902781055588956161e-01
5.655878201661386218e-01
5.793539681222029669e-01
4.250292301028547048e-01
5.778983034503643035e-01
5.810085566485845288e-01
4.894691862494365830e-01
4.623424715353783854e-01
1.671141176083427438e-01
9.842856126312725384e-02
1.917057570926737620e-01
5.240695908558995475e-01
5.245102236463515810e-01
5.374572444845745478e-01
4.255056581914178904e-01
5.138163409064957499e-01
5.453266522593918086e-01
4.916217165391549293e-01
4.856602675658062140e-01
4.857450690168304552e-01
3.938946946477591693e-01
5.517904501493067215e-01
4.221905253919164269e-01
3.709793724738341125e-01
5.733283264472184282e-01
5.673920578880049526e-01
3.793086707363902410e-01
3.644729887861168915e-01
2.928242464715929624e-02
3.231464493455775133e-01
4.625414389805799220e-01
5.368128823012515705e-01
5.131101134661224528e-01
4.753524702977653948e-01
4.603454382809778478e-01
4.590618507426707517e-01
4.798042991496560550e-01
4.893951421250315459e-01
4.967009016884907369e-01
4.009436330018850692e-01
4.499402718743463203e-01
3.614893430666869523e-01
5.710155783974708577e-01
5.591748574125233739e-01
5.281939174407983550e-01
4.395682014403503035e-01
4.462117585005837550e-01
3.253067776124862406e-03
2.977182247111691011e-03
5.141978747071830336e-01
6.797965641029711792e-01
5.040177238332544940e-01
4.743391705459912844e-01
5.308930069486007541e-01
4.775823796490693551e-01
4.632941069491472996e-01
4.997585581726838866e-01
4.921873726806029747e-01
4.421376168206526125e-01
4.253530180022709883e-01
3.875210214913539231e-01
3.807808828173042115e-01
4.719465070808203100e-01
4.800541796513569937e-01
1.031469202963232159e-04
3.228285434079357363e-02
1.965832518556820396e-02
1.680523455356182916e-01
2.269979542244547344e-01
6.578790601956869821e-01
6.078844197715833619e-01
5.501295990928887214e-01
5.002333735384928426e-01
6.575307802713484806e-01
4.809957788946095381e-01
4.649795723776224410e-01
5.273394970299065676e-01
5.207659196823104519e-01
4.509104728291044029e-01
4.354087343962725343e-01
3.513972106140354490e-01
5.632827779748550423e-01
4.887813127061559348e-01
4.882045110624301243e-01
-4.585114387098702428e-03
2.758099990590746620e-01
3.106363993634889131e-01
3.187742369671656695e-01
6.045988438799839715e-01
6.437084616012499483e-01
6.415245337141808335e-01
5.026407595279168694e-01
6.539731090894517207e-01
6.691225938044578214e-01
6.444810404257875769e-01
4.701689955753515227e-01
5.606667302157971600e-01
4.573595419947831808e-01
4.614687806928838842e-01
3.983277509322266097e-01
4.372630853499772097e-01
5.520075258872942925e-01
5.331608248180309539e-01
4.826046902273626316e-01
5.160120036328879056e-01
4.858043224558671880e-01
5.027180737877727790e-01
5.060113608537650798e-01
3.281836778622321260e-01
3.301716094296751058e-01
6.472035690465584024e-01
6.530703605511913867e-01
5.051406855421954889e-01
5.011140637528064268e-01
6.474869186476416294e-01
6.593153877334747559e-01
4.851583685782131505e-01
4.737008740776373905e-01
5.093184411463674843e-01
5.176877132577242246e-01
5.044355467021459649e-01
5.593624001381749533e-01
5.634870629363136763e-01
4.717461548036677166e-01
4.753476286873951628e-01
4.752911842267337761e-01
4.265373379083342020e-01
4.487181031539086429e-01
7.058737829279257969e-01
5.356132589201038074e-01
5.321353141570832612e-01
4.982054767063661127e-01
5.133783628102024377e-01
4.987946739122352535e-01
5.148345514159305969e-01
5.191824632804586948e-01
5.166795006965088088e-01
3.230235291528129604e-01
3.368223186635805333e-01
3.544570853082357198e-01
6.384701215230795812e-01
6.246148496390475646e-01
4.972047892702391447e-01
4.998145358377885650e-01
5.406293288454074863e-01
5.253801539211385707e-01
5.209381769479157764e-01
4.795576452378748633e-01
4.543902464646292771e-01
4.559258645365782403e-01
6.477917966236165226e-01
6.345059017365171083e-01
4.681378147315890526e-01
4.672927453839244016e-01
5.992142098096029379e-01
5.987172564470372160e-01
5.516488389407929738e-01
4.903544511820175367e-01
4.889583162000738503e-01
5.594342886158025774e-01
5.724646772934104400e-01
5.632731027499424670e-01
4.820048759018635831e-01
4.733285925266483840e-01
5.202757156354292922e-01
5.299899769664374594e-01
4.563986099126096097e-01
4.441386487591978960e-01
7.060132606173985526e-01
6.520660932861586101e-01
6.115522183862185379e-01
5.365823938548937022e-01
5.487547451541203714e-01
4.980193519078733311e-01
5.105915428670955158e-01
4.917409674804440467e-01
4.902389474515547740e-01
5.246435341479532832e-01
5.249683153432515015e-01
3.475320573128001800e-01
3.576581005611341180e-01
6.041253840142328801e-01
6.024935835633900005e-01
5.008336675229608792e-01
4.944211186503454369e-01
5.259600143272282757e-01
5.271559730675636768e-01
4.586957746752916565e-01
4.683872830777958685e-01
6.136548006507445141e-01
5.960092580459772638e-01
4.740457942587393281e-01
4.724105919430910405e-01
5.902084019142175286e-01
5.903004420629380800e-01
4.900721115800636962e-01
5.061395558776730086e-01
5.697356685605730053e-01
5.677586411461440496e-01
4.754029722696455629e-01
4.694664539272427883e-01
5.419325733220898833e-01
5.415183057283660117e-01
4.011084231066528449e-01
4.065460838341916072e-01
6.074765943456206241e-01
5.738618151405761036e-01
5.581270033160935506e-01
5.468705804427176353e-01
5.079496062812268731e-01
5.095829787484584816e-01
4.941635065730447529e-01
5.004599467376579236e-01
5.148192320645322839e-01
3.622064336271239027e-01
3.891574891676962134e-01
4.070221519032068969e-01
6.022328770964047173e-01
6.130061028618463137e-01
6.278283732696131603e-01
4.974601987062206021e-01
4.977302660141841306e-01
5.356909229259516625e-01
5.328676761003384721e-01
4.431827939149219353e-01
4.579238537405786458e-01
4.600919163975339399e-01
5.867952485748166858e-01
6.299042730217877528e-01
6.337724522898100510e-01
4.777675715498590492e-01
6.061642691411059936e-01
4.898540804338450405e-01
4.955445904184193617e-01
5.569856803949485569e-01
5.547344732790359112e-01
4.725811667725234311e-01
4.662303949962849914e-01
5.413132556260411565e-01
5.427582734370876016e-01
4.112219720509617815e-01
4.230466527109923991e-01
4.362424523909286811e-01
5.741861241442796082e-01
5.842082169377542655e-01
5.944348649485777791e-01
5.537220639052278237e-01
5.563050844664867434e-01
5.022069586043405032e-01
5.115762826937957364e-01
5.013642129797247771e-01
5.066303918111347837e-01
5.210044064637364691e-01
5.290640420200986016e-01
4.018444856230335982e-01
4.000689513152513310e-01
6.050468346002673137e-01
5.890776513068552989e-01
4.939513006750321789e-01
5.480130302514387708e-01
4.700352151050083971e-01
4.722063912094975890e-01
6.265536805268765441e-01
6.297222795406727247e-01
4.842447303604320852e-01
4.832177252405392975e-01
6.050159812766321421e-01
6.171248834523683779e-01
4.930338394960125381e-01
4.902453005604824332e-01
5.030071754993825639e-01
5.480458630324679392e-01
5.588753746435755065e-01
5.769364362020407144e-01
4.683674823850001445e-01
4.664161804769046960e-01
5.483855273927468188e-01
5.472982498624706649e-01
4.230417669337883657e-01
4.367566403677863307e-01
5.774332065667369118e-01
5.652457422952759103e-01
5.484660800562536354e-01
5.491660529994705220e-01
4.994792256512055606e-01
5.109368686730212383e-01
5.096902766954682917e-01
5.156211128404480926e-01
5.327707124194225319e-01
5.270663418751828644e-01
3.907157807329571519e-01
4.095169400179520802e-01
5.668380852047882890e-01
5.706764962624417681e-01
5.928003865632399672e-01
4.988530937553942168e-01
4.988587807687643871e-01
5.462576168013618672e-01
5.523873476849020525e-01
4.643166664856469006e-01
4.662346572892584473e-01
5.940269135274695023e-01
6.091283656522467060e-01
6.247845793255248914e-01
4.844027419202843188e-01
4.837109372756371872e-01
6.119326437725599588e-01
6.149294984682293075e-01
4.902969627542379527e-01
4.902519127726679415e-01
5.653970007793533981e-01
5.562640515735832736e-01
4.663507298713832627e-01
4.662830538739342057e-01
5.609671538593836715e-01
4.391404650109922980e-01
4.556214754623025831e-01
4.631133436393556901e-01
5.433522215360910845e-01
5.585188611718900908e-01
5.695809014847337259e-01
5.334340909503585415e-01
4.997808330268291299e-01
5.039299958483293151e-01
5.193538083534299243e-01
5.226423193992850713e-01
5.049188385357220588e-01
5.224389508165435680e-01
4.124858912818956669e-01
4.297040781339906967e-01
4.412612300448716107e-01
5.763584762188110888e-01
5.613555241945794583e-01
4.960753019257885810e-01
4.925555829779735273e-01
5.535408084510516913e-01
5.572727176977767538e-01
4.708473641366048290e-01
4.723606858603432435e-01
4.822395308132218505e-01
6.086676422111106932e-01
5.920312130307501253e-01
4.816184406075332824e-01
4.776622157986845640e-01
6.154125323650985191e-01
6.065047155454680317e-01
4.929169234165584057e-01
4.877138472802427516e-01
4.924691627762813884e-01
5.398959607535174232e-01
5.489480677057229085e-01
5.744763166676981614e-01
4.646068076189374119e-01
4.666716588682528477e-01
5.597885227083200244e-01
5.738465112133066537e-01
4.543885682189860997e-01
4.627201126791584129e-01
5.603477779495334987e-01
5.516556444253414293e-01
5.276787686174881919e-01
5.326274619465725113e-01
5.060570727123772095e-01
5.022382922857968612e-01
5.272004527984625044e-01
5.261834058345249421e-01
5.184315419720214591e-01
4.369281605199828999e-01
4.345288800807753371e-01
5.558140389598970055e-01
5.387913442826270938e-01
5.620500504035632616e-01
4.899684570552728102e-01
4.944754158460392679e-01
5.561154395333276490e-01
5.440456538296537525e-01
4.782686500135144847e-01
4.692939561978076712e-01
5.822019836937116777e-01
5.692480040283736109e-01
6.022625641582073364e-01
4.734201756192181754e-01
5.011540027531299346e-01
6.099479699478286276e-01
5.906831896224050693e-01
4.869337775332668317e-01
4.813325965482886382e-01
5.427522896494115789e-01
5.630344661952766394e-01
5.684676662447437634e-01
4.450255696344053713e-01
4.722905067235577681e-01
5.743562296710985615e-01
5.750070962310873668e-01
4.709637482195326852e-01
4.810925774472255001e-01
4.782384055953220470e-01
5.205038160529864566e-01
4.953128419037128860e-01
4.967587214130344542e-01
5.333178613591863515e-01
5.224855743689064136e-01
5.083230056095996430e-01
5.324243899286688064e-01
5.292533196553986796e-01
1.030754326800763510e+00
4.333571488376757319e-01
4.283211349691111169e-01
5.445673768898982026e-01
5.507491348488378069e-01
5.423266754711318915e-01
4.686204781750438197e-01
4.634118511955763742e-01
5.674759065176870898e-01
5.935535294515940086e-01
5.914309292758818115e-01
4.798906029989258304e-01
4.647659138971573789e-01
5.358756150512985483e-01
4.769884129034561160e-01
5.809313935839057752e-01
5.835939920101885781e-01
4.718858229732624809e-01
4.801959609722639688e-01
4.713144097297429225e-01
4.804343619587729264e-01
4.812764983375619754e-01
5.264403738063268001e-01
5.523707740567506130e-01
5.076904132187987084e-01
5.064470421254959609e-01
5.328839927116235664e-01
5.292975595508498943e-01
5.321572495701045291e+00
4.240533190867147306e-01
4.283346435946578934e-01
5.761080029665955893e-01
4.544881569116453468e-01
4.549656473122408173e-01
6.395506922310153497e-01
4.674841502815403338e-01
4.562331612795259561e-01
5.840573048732964345e-01
5.682913750384916973e-01
4.766733071671139799e-01
4.769184079108846341e-01
4.995027226767886908e-01
5.320219275584227026e-01
5.107940042333269925e-01
5.119534471515045926e-01
5.364068883224054618e-01
5.283281702787089307e-01
1.689820087538720728e+01
4.486080303499850319e-01
4.316510605330138861e-01
6.059395364159348985e-01
5.360158678341867544e-01
4.752449125084994286e-01
4.698171614113616501e-01
6.801919655720410907e-01
5.898779413556918261e-01
4.583449374956929945e-01
4.138598252138598887e-01
4.121847664355052787e-01
5.788363332717741949e-01
5.849065506640271916e-01
4.777820803348209466e-01
3.424760324908435738e-01
5.260152493453547073e-01
4.855399423838813733e-01
5.301091036725620320e-01
5.230916900709965400e-01
2.744783369315243959e+01
4.319044423268221244e-01
3.949657246771077768e-01
5.559640939245785729e-01
5.851663857876500119e-01
4.678933393333601365e-01
4.129269490436965340e-01
6.129673970175969488e-01
6.495115964369345685e-01
3.112338358421326556e-01
5.616186618186026491e-01
3.235869167162214177e-01
2.418857720677334844e-01
5.139563729411538162e-01
5.347574346264547529e-01
4.895664201622895728e-01
3.151202675419510868e+01
4.320340324681016253e-01
4.318557828065126558e-01
5.558973784322653877e-01
5.359275396313117890e-01
4.678298273605064339e-01
4.697575368220604508e-01
6.129580252539015284e-01
5.898290647397192998e-01
4.121864267163672380e-01
5.849172792141195121e-01
3.235845953695122845e-01
3.424563727821520742e-01
4.853818537414044676e-01
5.347702418316193640e-01
5.231043749909747298e-01
2.744785418049588444e+01
4.489016754994319403e-01
4.286116040105029112e-01
6.060296859836000749e-01
5.761321729310605599e-01
4.751941959063442078e-01
4.549161954612768732e-01
6.801242500005473257e-01
6.394942213822729649e-01
4.583412361274236124e-01
4.562302191494883030e-01
4.138608861468319744e-01
5.788559475804690990e-01
5.683046345664944932e-01
4.777567933475510564e-01
4.768859300261238388e-01
5.259321075050695793e-01
5.118183758970681341e-01
5.301224416605937462e-01
5.283419422366811835e-01
1.689822500363338165e+01
4.242912100369946038e-01
4.285444011878399295e-01
5.423322966541622714e-01
4.544398009281654383e-01
4.633668307248264839e-01
5.913925220606591759e-01
4.674764851353095385e-01
4.647564059243433077e-01
5.840721040814357279e-01
5.836137915658460296e-01
4.766622618160745728e-01
4.801821589646410593e-01
4.994616276988785297e-01
4.813203828384661209e-01
5.318875453704537959e-01
5.515964828910413509e-01
5.105603910943541379e-01
5.063330597706839908e-01
5.364216625294554452e-01
5.293116938751083467e-01
5.321594232360786769e+00
4.335425519154006979e-01
4.346855912317661996e-01
5.444144855283395978e-01
5.618488896087765472e-01
4.943691759812168240e-01
5.507500030972656280e-01
5.440557286008699256e-01
4.685783541032641497e-01
4.692591317292043596e-01
5.675376099897073701e-01
6.023037159573725319e-01
5.012238980896561724e-01
5.935219965561541189e-01
5.906696949326623036e-01
4.798779483237913257e-01
4.813168725429395334e-01
5.358546109379475064e-01
5.684079715495012897e-01
4.770179167314214097e-01
4.723427193354502451e-01
5.809513262648235976e-01
5.750251599580484818e-01
4.718756489622309980e-01
4.782428302213485583e-01
4.713663946617303036e-01
4.968129757982593930e-01
4.804925590056031703e-01
5.261665247675628709e-01
5.222926995060046540e-01
5.076536289828981197e-01
5.082679527140832043e-01
5.328978683286150764e-01
5.292674064461798666e-01
1.030770560947034120e+00
4.370515431218399693e-01
4.413416535871640956e-01
5.556777119114899577e-01
5.611969101529027393e-01
5.386179000423221286e-01
4.898845887855624026e-01
4.924726365875467526e-01
5.561318401622533658e-01
5.572895006389354533e-01
4.782391280188002525e-01
4.822115663808423935e-01
5.822132273254823076e-01
5.920394723322335295e-01
5.692571567504217667e-01
4.735054327286393194e-01
4.777475704665649636e-01
6.099425830959095407e-01
6.065100127324017931e-01
4.869158189363285150e-01
4.924521239844871778e-01
5.427263499591024054e-01
5.744396826974907944e-01
5.629972040083532914e-01
4.450787427229860871e-01
4.667196757781560956e-01
5.743846904614290372e-01
5.738768089139129058e-01
4.709740640127181854e-01
4.627245445016558434e-01
4.810975559851763950e-01
5.205742367432895090e-01
5.517092973391022337e-01
4.953760496999572438e-01
5.329936405737508709e-01
5.328541679430083278e-01
5.022646069539811187e-01
5.324387808205180983e-01
5.261981630023329082e-01
5.184176468556804807e-01
4.124869511072379313e-01
4.095118811718009844e-01
4.297697007257333945e-01
5.761574190215167368e-01
5.926008310354420328e-01
4.960252699398948750e-01
4.988043731010496917e-01
5.535515020814362197e-01
5.523825380042368671e-01
4.708401066931885981e-01
4.662242894113226011e-01
4.723358665188251981e-01
6.086876967471788191e-01
6.248052357877178498e-01
4.816916770345998078e-01
4.837765146539919625e-01
6.154330796840956630e-01
6.149588473652457532e-01
4.929039980010093136e-01
4.902363663156320550e-01
4.876969775202469326e-01
5.398584142451907653e-01
5.562408064274182440e-01
5.489196123770810898e-01
4.646527404427276964e-01
4.663277493057054190e-01
5.598352980527888656e-01
5.610170928165784110e-01
4.544124842008331333e-01
4.631579962556863217e-01
5.603701573824562132e-01
5.696442433346204925e-01
5.275583661012362979e-01
5.332289206239665402e-01
5.061754681216632523e-01
5.039736647407258019e-01
5.272156049139552492e-01
5.226583224256802218e-01
5.224203401447794493e-01
3.906507063724120044e-01
3.999854906216726014e-01
5.667027172521001965e-01
5.889447318074237936e-01
5.704845636013606835e-01
4.988094918544974110e-01
4.939070443321219028e-01
5.462437341356288778e-01
5.480027329900998279e-01
4.643213289147715139e-01
4.722217836793159984e-01
5.940332601033224691e-01
6.297258480393514990e-01
6.091412996976507399e-01
4.844543135959430979e-01
4.832650492892101579e-01
6.119672706019196884e-01
6.171688101097081436e-01
4.902791431798608768e-01
5.029851522138478748e-01
5.653637396926113334e-01
5.769042446870786822e-01
4.663948945068733809e-01
4.664579167947931482e-01
5.473505451334177430e-01
4.394391204361096093e-01
4.371916997685849626e-01
4.556463210424344101e-01
5.434421476206933166e-01
5.653758000583508636e-01
5.585977068244101229e-01
5.490574085591978237e-01
4.998236715582829448e-01
5.109044495079848591e-01
5.193701383230328039e-01
5.156384766406917342e-01
5.048985141998677539e-01
5.270525156366369091e-01
4.017188727854615893e-01
4.068519009431957878e-01
6.049556171327945542e-01
6.277787962266557775e-01
4.976904651989407236e-01
5.328467175224409491e-01
4.700438887075354955e-01
4.600859585526763662e-01
6.265543975647260844e-01
6.337651581751851948e-01
4.842789981407096822e-01
4.777975816843364476e-01
6.050496218604789478e-01
6.061921422664170445e-01
4.930099964274234914e-01
4.955192191521039513e-01
4.902246786619358643e-01
5.480005962435495759e-01
5.546828543438642178e-01
5.588515539022382850e-01
4.684073290620341390e-01
4.662675409551108596e-01
5.484369641709150311e-01
5.428114057209811882e-01
4.233052723300096964e-01
4.364929866127344460e-01
5.775106014882213090e-01
5.945153097487503313e-01
5.483001958630860928e-01
5.561460953630829041e-01
4.994478697609332496e-01
5.115012455875849184e-01
5.097077458448915355e-01
5.066488579625145761e-01
5.327639973748624636e-01
5.290580484136632178e-01
3.620049118171039804e-01
3.574550133768408799e-01
3.889861612392971901e-01
6.022652527757315077e-01
6.025325408257528048e-01
6.129774490377792873e-01
4.974248498728892076e-01
4.943978133855861934e-01
5.356686388083169437e-01
5.271211750662717632e-01
4.431990715212976162e-01
4.684124636152763865e-01
4.579382357959380090e-01
5.867660761154940285e-01
5.959746923706312760e-01
6.298895617964114235e-01
4.724191051179798539e-01
5.903589491201194361e-01
4.898253451772901501e-01
5.061082877026967797e-01
5.569994926954539016e-01
5.677648027689895516e-01
4.726153698263276803e-01
4.694993531733811509e-01
5.413661398961023830e-01
5.415759845165978303e-01
4.112246668759356183e-01
4.065885833439639718e-01
4.231368352841326508e-01
5.742158900714382508e-01
5.738635956787607739e-01
5.842603796816400186e-01
5.536450757661831590e-01
5.467854128784193080e-01
5.021397242472048772e-01
5.094897540804164127e-01
5.013832353919925877e-01
5.004801987358499238e-01
5.209942212648077664e-01
5.148103284992409101e-01
3.473294181078989129e-01
3.542402459276514093e-01
6.042717622581690318e-01
6.247973738035932367e-01
5.008060472558774068e-01
4.998008322665382086e-01
5.259261088029658637e-01
5.253286981342764062e-01
4.587053310521056471e-01
4.559131406675140386e-01
6.136071170371804051e-01
6.344493882739904445e-01
4.740531837205216315e-01
4.672838940903135119e-01
5.902689796553307611e-01
5.987608313297144713e-01
4.900369619620275063e-01
4.889154502980280759e-01
5.696858872548525854e-01
5.632433613488021518e-01
4.754328096932579073e-01
4.733570246115502700e-01
5.419921262608996537e-01
5.300437102276612800e-01
4.010996348075922535e-01
4.441330516983535426e-01
6.075948257599266267e-01
6.116648431513438400e-01
5.580513674350477960e-01
5.487399061714970383e-01
5.078468315075109762e-01
5.104993572093224907e-01
4.941841421664986966e-01
4.902607478834430377e-01
5.249496535578331846e-01
3.228644346656637243e-01
3.300378845144781859e-01
3.366286453666693657e-01
6.386810291243154580e-01
6.533344551317207261e-01
4.971991306130316701e-01
5.011045104950111462e-01
5.405699505580336961e-01
5.208853762788014929e-01
4.795560177548318648e-01
4.543851653548554026e-01
6.477254413307286240e-01
6.592318879215207650e-01
4.681230862478129029e-01
4.736765133121940141e-01
5.992565244686004489e-01
5.517261972082669885e-01
5.177513300553634457e-01
4.903098502465719211e-01
5.044147981896289767e-01
5.593912285598771073e-01
5.634475119718349578e-01
5.724486735633330659e-01
4.820309707505329166e-01
4.717674971385864002e-01
5.203259323229608713e-01
4.753839905330166093e-01
4.564213375839550335e-01
4.487596397643639490e-01
7.060782130043562477e-01
7.059351866171112988e-01
6.521110630167389344e-01
5.365317568769603085e-01
5.320949873933504826e-01
4.978964621529316514e-01
5.132507410480285914e-01
4.917656338369111868e-01
5.148630052389925327e-01
5.246261794382991450e-01
5.166545180503852031e-01
3.280786578248157115e-01
3.186940366201515551e-01
6.474916932734666730e-01
6.418413869921014703e-01
5.051396195344236562e-01
5.026495625307906279e-01
6.474104613965127042e-01
6.444200149848738901e-01
4.851276310345603027e-01
4.701374963617060976e-01
5.093254623104114254e-01
5.593332518963622935e-01
5.606457350071816226e-01
4.614675312526604900e-01
4.754350411731085302e-01
4.265650032645511569e-01
4.372815492779402180e-01
5.355709415244948035e-01
5.331178785233344763e-01
4.980730186542406401e-01
5.158613150391694324e-01
4.988152679401801071e-01
4.857976252745173640e-01
5.191655484202095661e-01
5.059932945221996548e-01
-4.587237937576130534e-03
1.029401633034078925e-04
1.967785973759050844e-02
2.758119645157409705e-01
2.270197680936316964e-01
3.105799099433055876e-01
6.049531533405027028e-01
6.082702324960325146e-01
6.440208190339986594e-01
5.002526451662205886e-01
6.538965054714325209e-01
6.574509533729335775e-01
6.690683974948723467e-01
4.649382694078310618e-01
5.207420958802788657e-01
4.573697329361321451e-01
4.354029896943326094e-01
3.983013129826190046e-01
3.513801839972357510e-01
5.520241970527786091e-01
5.632827380178905274e-01
4.825695351228153074e-01
5.026902620843921587e-01
4.881803605288790315e-01
2.977494766325734440e-03
3.230389998144935632e-02
1.680972569323021248e-01
6.583491882610291723e-01
6.802975519182192787e-01
5.501186443849507279e-01
5.040322907259694452e-01
5.308517870431250785e-01
4.809493815357202551e-01
4.632699966262623370e-01
5.273526356852601404e-01
4.921794843816336140e-01
4.509086559480153800e-01
4.253518468235846783e-01
3.807818146429599038e-01
4.719996331709014337e-01
4.887488374404314606e-01
4.800267089929254882e-01
3.228864619353064187e-03
2.929381812663086823e-02
5.145712063836216377e-01
4.627665922697048462e-01
4.753664404296547574e-01
4.743096653151488984e-01
4.590379663036121549e-01
4.775669991959041738e-01
4.893718633093621095e-01
4.997453701380984437e-01
4.967011118137799608e-01
4.421608749851580478e-01
4.499646665144109714e-01
3.875216727409001582e-01
3.614825773541822107e-01
5.282291745589199339e-01
4.461962966571116351e-01
9.852398856519470338e-02
3.231486455130714308e-01
1.916515565288106349e-01
5.370236295206208821e-01
5.373710320230820070e-01
5.130534151997236947e-01
4.603202863177803805e-01
4.254768330343775551e-01
4.797732766273333782e-01
4.915755554757813561e-01
4.856664543871514472e-01
4.008359719202377325e-01
3.939234335293887446e-01
3.710039443272344917e-01
5.710322830163404584e-01
5.673835058447291857e-01
5.591806188318387827e-01
4.395230574466593709e-01
3.644720308783437335e-01
1.672767087402427522e-01
1.827789247361571445e-01
1.618423008688759379e-01
5.240024034952216470e-01
5.620708225074333431e-01
5.245385472221523182e-01
4.158444151376636810e-01
5.137847670087964946e-01
5.006745694497157784e-01
5.452821089204422655e-01
4.871262019839169288e-01
4.858165152672572207e-01
5.087780829080892353e-01
5.518188530083051324e-01
5.655936660727726162e-01
5.793723987229455474e-01
4.222352586262687613e-01
4.250966565491556826e-01
5.732667619154999672e-01
5.809868900134999015e-01
3.793130325803701908e-01
4.623204149953467068e-01
2.563927621051439454e-01
1.622151190343309735e-01
2.028506648082213371e-01
5.266455938942867787e-01
5.343519167617073462e-01
5.262636979493644507e-01
5.404318778061739659e-01
4.256050907913210835e-01
3.950230290137533018e-01
5.131568683289788879e-01
5.278795921695847992e-01
5.170009520361235067e-01
4.781203468151629110e-01
5.334026445402829664e-01
5.805122778306733844e-01
6.042238055238215999e-01
5.074944883355498870e-01
4.948248985963434321e-01
4.846026768265979667e-01
4.700828692209548798e-01
5.070187421075479373e-01
4.902706728645700451e-01
5.021653718276836154e-01
6.269287644000108850e-01
3.995050783978247311e-01
5.778453146619063618e-01
5.763039782489441931e-01
4.894526595676215175e-01
4.881812965749495747e-01
2.664642368309823595e-01
3.174070555747747213e-01
2.542189694524689125e-01
2.351728398146280263e-01
5.135171321232537833e-01
5.134199745251947222e-01
5.138779323240435515e-01
5.284688613951169511e-01
3.108296793829040117e-01
5.132257929357064707e-01
5.319663776473859684e-01
5.200974729322053181e-01
5.067217813641637925e-01
5.340946015834195926e-01
5.006407509973432868e-01
5.656674073818651616e-01
4.866285239188912759e-01
4.825788247454582125e-01
4.782085474944442471e-01
4.861885416858825470e-01
4.931668959634000760e-01
5.246330469006992292e-01
4.916026300220218692e-01
6.057234878162500724e-01
5.976534059680400635e-01
4.291625523705026035e-01
4.378525458094039147e-01
5.780249387200723232e-01
6.013046130690065105e-01
5.716395614083560339e-01
4.884136723171719763e-01
5.120993729177492071e-01
3.210068712856680162e-01
3.399818392148614143e-01
1.431856437610182498e-01
5.140447891815610459e-01
5.320397344568382758e-01
5.148828604503610240e-01
2.827774795987970102e-01
2.908669993571743051e-01
3.291473878426912636e-01
4.422891843119233224e-01
3.475344008526310424e-01
5.029932162040839927e-01
5.168232614139947056e-01
5.085308053338060130e-01
5.081014220997668307e-01
5.204616975117971611e-01
5.183246297627533972e-01
5.891061998162695490e-01
5.947471624282811842e-01
5.034076976376010704e-01
4.871469378169383524e-01
4.735470578796622254e-01
4.586500064468954085e-01
4.695350195813084992e-01
4.757282165275715236e-01
5.130109370425941506e-01
4.865111145839693951e-01
5.943408408398681564e-01
4.423009063390168638e-01
5.836866594237235528e-01
5.871135550008085291e-01
5.784551313183876609e-01
5.087440464067065626e-01
5.177292412997217541e-01
5.149262526924572869e-01
3.390649269728591708e-01
3.695681578983402438e-01
3.406048179384956187e-01
3.381424789275668252e-01
3.571656900605076346e-01
4.169153849842164861e-01
4.313282100297665123e-01
1.564997289793856605e-01
3.687806801690853287e-01
4.777396849265471701e-01
5.540849474788820395e-01
4.045225695135305499e-01
3.653159817206318438e-01
4.610267208260522831e-01
4.231650845454731913e-01
4.946782701623416156e-01
5.060300868026788024e-01
5.158633913962098472e-01
3.179132607802037658e-01
4.063574436718672689e-01
2.494217424786931980e-01
2.561471217866060357e-01
6.282588084251232718e-01
4.150639515929037682e-01
4.554524505903856380e-01
5.050281458687264635e-01
5.029105601637406942e-01
5.024548447573238263e-01
4.917780777985917839e-01
5.194156033249754945e-01
5.428187955246328578e-01
5.198245820192552991e-01
5.208171583400823534e-01
5.750146384579715164e-01
4.954672068111682925e-01
4.625567078258241427e-01
4.644133994584981329e-01
4.452054525485772962e-01
4.836961310306313599e-01
4.974667456732895232e-01
4.851316428051881680e-01
5.854501153672667657e-01
5.784017192720292133e-01
4.689398304925944672e-01
4.695555736715543160e-01
5.813045947240103040e-01
5.849042115188691771e-01
5.258616776265234716e-01
5.463251820952782500e-01
3.965447524596834583e-01
4.067784241168344028e-01
3.691618077902417139e-01
3.005848331336402612e-01
3.447232029346394833e-01
2.879478403288318611e-01
3.732297991034390083e-01
2.712595002273144873e-01
3.556414902319319227e-01
3.952568738291742378e-01
4.196355474562655230e-01
3.821032676157315455e-01
4.009291285618363232e-01
4.372974051458325406e-01
4.650975159072539000e-01
4.177727882440153695e-01
4.583879121760931485e-01
4.238110278513312901e-01
5.499345358907026249e-01
5.304517663672181360e-01
5.248817208103629950e-01
5.212880471779112179e-01
5.079873607691730575e-01
5.261502853857739082e-01
5.273978690239902178e-01
5.152379931152218928e-01
5.959806042217057342e-01
5.838798189425998819e-01
5.057873821953986493e-01
4.900921979442394716e-01
4.304217086257482450e-01
4.561832282973391495e-01
4.231942834138853193e-01
5.103506979300964641e-01
5.103443613875445761e-01
4.986233691104611232e-01
5.564119844469064269e-01
4.506581084258552417e-01
5.577102320906852650e-01
5.850269871592913562e-01
5.664842067862225772e-01
5.273083954060464595e-01
5.283239405777053754e-01
5.268498221963160422e-01
4.158914706880027512e-01
4.315178136096483041e-01
3.546745091959959684e-01
3.840598582643621750e-01
3.488899409093375037e-01
4.228391581818095046e-01
3.063133782876615308e-01
4.822950451210761269e-01
4.453258266928532549e-01
4.674253376198707066e-01
4.726278344131857323e-01
4.776968309085579123e-01
4.470228606013997852e-01
3.885798212265536011e-01
5.249066804264260755e-01
5.599005184795740053e-01
5.006012464567355380e-01
5.281082729746028326e-01
5.372663652123914613e-01
5.170784838025752617e-01
5.274839590817498314e-01
5.542070961701051068e-01
4.971414544219093234e-01
4.342493909352021508e-01
4.735017288098667954e-01
4.278948134245899038e-01
5.204430442081249275e-01
5.236374015888181077e-01
5.122815868987363741e-01
5.511442652765231598e-01
4.632021111481008924e-01
4.708956393470677959e-01
5.344149661486329306e-01
5.514361526660254142e-01
5.470715439617513942e-01
5.377913533331976081e-01
5.422258665268125943e-01
4.410971623847551593e-01
5.449540618467322295e-01
3.860328093134262617e-01
3.932441982553614990e-01
3.732399167458492761e-01
7.914384834766173826e-01
8.041964625568316372e-01
5.980495605826167127e-01
6.734135215325381951e-01
7.247436188336388030e-01
4.447461233678431936e-01
4.533996871575687870e-01
4.756545492645697926e-01
4.679655413761341087e-01
5.630842299667125905e-01
3.595968866949085796e-01
4.799112245202414306e-01
5.113971791428513214e-01
5.012516529785763231e-01
5.160260607158478896e-01
6.179319006060619568e-01
6.196134958396229964e-01
5.255468010538085766e-01
5.126047631347917521e-01
4.677366189360352422e-01
5.073765946275412553e-01
4.555815234962954374e-01
5.255519336701954813e-01
5.178987542172455161e-01
5.274116002206381548e-01
5.638471482455631456e-01
5.674233694071811884e-01
5.106498677419814003e-01
5.115405113319948516e-01
5.305124085938552891e-01
5.165783778167037932e-01
5.181666411729209942e-01
5.479897670101943064e-01
5.282331970735543170e-01
7.012654355347469615e-01
4.324047780757350190e-01
4.551033766385977897e-01
6.924389618899766674e-01
7.946878998900530622e-01
4.953321200319559248e-01
6.751029189116080076e-01
8.310287322250139441e-01
4.290906109174143501e-01
4.072545444933205472e-01
4.882564663322237486e-01
4.570740742063669204e-01
5.831829328484555708e-01
6.348592288324423905e-01
5.484721086641690668e-01
4.988574861219022272e-01
5.060351903924300565e-01
5.338151834838090748e-01
4.603818509754387667e-01
4.580016175909007448e-01
5.653912957594161570e-01
5.566768449870526103e-01
5.245211061165097055e-01
5.096234260983953934e-01
4.782930856173597811e-01
5.017326386164695506e-01
5.011612629072239589e-01
5.330935593473148382e-01
5.223602808078784410e-01
7.187348417686997282e-01
3.101658882694295349e-01
3.109243316026614745e-01
4.144283457467622944e-01
6.643860593991327557e-01
7.789279613708206540e-01
5.392531362548326213e-01
6.734397889485942423e-01
7.913749952406539112e-01
8.929953566613512139e-01
2.196550531264423733e-01
2.037730427356017615e-01
8.455531111947760525e-01
9.329368092535555990e-01
5.414840522264278144e-01
5.501769039981824205e-01
6.432651120023039626e-01
4.148640185731451435e-01
2.160121761788856287e-01
5.301111583191616683e-01
5.015462331109422633e-01
2.421711113473124510e-01
4.463834750121892236e-01
5.114681964626041077e-01
5.220345574132301270e-01
5.247462106350422317e-01
7.971217008784463598e-01
5.998171048332991973e-01
6.018188357924649790e-01
4.592338190699039036e-01
2.780711771344698269e-01
4.887509019772225405e-01
4.948030082939744445e-01
7.387248718125539737e-01
8.039703166496113829e-01
8.677461568240032452e-01
2.037293061230436020e-01
6.806814036405145485e-01
5.460872675398538156e-01
4.084630960018497126e-01
4.265660797481625188e-01
4.184655457159267566e-01
3.977478767378671565e-01
4.386272689136535563e-01
5.660792257897282465e-01
6.850331759297341172e-01
7.116014139627588886e-01
6.882384094502130845e-01
6.973781105441105854e-01
7.605655036276995906e-01
8.382853428272489804e-01
9.506365121867857981e-01
1.798895742622834415e-01
6.746773807506244447e-01
6.863726441858564176e-01
1.795048918817992445e-01
6.104930987883353533e-01
4.976223461192302300e-01
4.940636871150111409e-01
9.083314004988799484e-01
6.041383979046138775e-01
6.450191013469336321e-01
2.016242886862643080e-01
1.831378988253286877e-01
5.500600201172949344e-01
7.349871975986560502e-01
5.566411380347591198e-01
6.452304056469112536e-01
6.862870008605795880e-01
2.056989066851841186e-01
1.779685288813706856e-01
5.528908862667842872e-01
7.296290849980096027e-01
6.433500203168767140e-01
6.827352587709595300e-01
4.812543903817200763e-01
4.694551528988382683e-01
4.980053278423087204e-01
1.057217234759794788e+00
2.772321597978772423e-01
7.591109032547413982e-01
7.888811792783412269e-01
4.728652832391126992e-01
4.055817898002406774e-01
5.241944652389203263e-01
6.374725441893412947e-01
6.772884320788582491e-01
6.986345815791574765e-01
7.684060926725502227e-01
7.640576206940749016e-01
1.420554512753736398e-01
5.356513659061049593e-01
7.306244126580645482e-01
6.212043287158599547e-01
7.438172858408993449e-01
7.327459725211883379e-01
4.397294283426376738e-01
4.361023701135095521e-01
1.243822925916261868e+00
5.033249621258776285e-01
6.494164014834643561e-01
6.262221093796594973e-01
6.396775133947998349e-01
6.793544250241397853e-01
7.218808095529218871e-01
7.894600785306268298e-01
8.556626127706186136e-01
1.762896642785209689e-01
5.755540402263722433e-01
7.329667088265489072e-01
5.727402751647214796e-01
6.601320502134516710e-01
7.491876250273018512e-01
7.360249551173393412e-01
4.256027279998118029e-01
3.618738140783906432e-01
2.006552317095091909e-01
5.055199330076894926e-01
5.522466004976739340e-01
5.624827046729291569e-01
6.841203374391970904e-01
7.680999016446691252e-01
7.945939604773407661e-01
3.493017723963179888e-01
1.578320259593735397e-01
2.542331053226741799e-01
3.155301066844975466e-01
1.603653020592210876e-01
2.034103720548155803e+00
1.729585275517333764e+00
3.409080690718495066e-01
3.704585277383712349e-01
3.377434443687680199e-01
2.391736692179923907e+00
3.932170112696135589e-01
4.394704070894948078e-01
3.671484635678404773e-01
3.907290321827673329e-01
2.822898186905956397e+00
4.503646455911657909e-01
4.768721396942819379e-01
4.048059830399058368e-01
4.347004649470581072e-01
4.515983956346512063e-01
3.367484032661344440e+00
4.736361493625718122e-01
4.816128191817304338e-01
4.764053574309556338e-01
4.870190878981834337e-01
4.869442592678542292e-01
4.931273564007802590e-01
4.114277359744747287e+00
4.639633784147649820e-01
4.748127750748787901e-01
4.719462129739582790e-01
4.864815123451015633e-01
4.913521946730139978e-01
4.805917399467937168e-01
5.319523684408339115e+00
4.520311233828893105e-01
4.640678345532092131e-01
4.686487417614054740e-01
4.858906970839463879e-01
4.800590997858105724e-01
8.229545402314096592e+00
4.571321446479637562e-01
4.774308563636478486e-01
4.634108367210090229e-01
4.818297923080843148e-01
4.720376221010967321e-01
1.058289068249490583e+01
1.653800715447892955e+01
7.032224931848918281e+00
5.496618095846935503e+00
4.949864128416487041e+00
4.609878472122909798e+00
4.353519374085807137e+00
4.141365233120928302e+00
3.956190139813626327e+00
3.788904792782610720e+00
3.634441823305908592e+00
3.489991517135258903e+00
3.354076803569145504e+00
3.226004211343638239e+00
3.105519076488134633e+00
2.992587038306410818e+00
2.887257619000488607e+00
2.789580947820691659e+00
2.699558600080528947e+00
2.617117024298026617e+00
2.542096893201680086e+00
2.474253937421773575e+00
2.413267279017091926e+00
2.358751065635002142e+00
2.310265039253344810e+00
2.267319939469001344e+00
2.229374683049258898e+00
2.195824468932217055e+00
2.165982487567678305e+00
2.139062258234007530e+00
2.114171358595849703e+00
2.090328335411770322e+00
2.066510926197413056e+00
2.041734902229753512e+00
2.015151117237071077e+00
1.986138735507679609e+00
1.954370828686619266e+00
1.919837274074062128e+00
1.882825952042270545e+00
1.843878292143721120e+00
1.803740758287772694e+00
1.763327084206055551e+00
1.723691928331215317e+00
1.686004289227388764e+00
1.651505586638388534e+00
1.621443500705932017e+00
1.596983428815103911e+00
1.579108191945806317e+00
1.568519725549048172e+00
1.565554804387488286e+00
1.570124085582196738e+00
1.581683057940850290e+00
1.599244831738336758e+00
1.621444645593166367e+00
1.646659832422842307e+00
1.673174357778786536e+00
1.699356685194505889e+00
1.723801997366221972e+00
1.745385603271517816e+00
1.763191691135458372e+00
1.776320831592460570e+00
1.783632169268419387e+00
1.783526079670664455e+00
1.773899027867960276e+00
1.752380715924086063e+00
1.716877002240010608e+00
1.666299577996055659e+00
1.601221560096106167e+00
1.524150630727289180e+00
1.439228260499390011e+00
1.351413013035070332e+00
1.265446124390429805e+00
8.354456349082486355e-01
8.872638893450771613e-01
7.785728654200257948e-01
7.658230316722406394e-01
7.175443130118183133e-01
7.305134074550465595e-01
7.197409739567881548e-01
7.150164908621965409e-01
7.062479492455335794e-01
7.056263254502486149e-01
7.092909320868016065e-01
7.174247133334448190e-01
7.354603241342255737e-01
7.497104326344041780e-01
7.664298988455410244e-01
7.759506307685823945e-01
7.788448928751107170e-01
7.692540726183647593e-01
7.414899340279772488e-01
6.951842451409241397e-01
6.375757507982929839e-01
5.775005450056550638e-01
5.403130000303817404e-01
5.176165040883869972e-01
5.083172264718625044e-01
4.995789103609277193e-01
4.854829407497200933e-01
