1.411697446035668690e+01
9.094877620780636107e+00
7.116468934706369431e+00
6.123429304195417089e+00
4.861498097367010551e+00
4.434806614617981424e+00
4.175909791133780580e+00
3.979484124451165616e+00
3.811385851086670495e+00
3.656891223118893919e+00
3.509121436606517985e+00
3.365562234965842059e+00
3.226299111344527848e+00
3.092816878744016673e+00
2.967118236869533465e+00
2.851126487625616157e+00
2.746353732395575342e+00
2.653782543149278084e+00
2.573881695641224265e+00
2.506673881584297270e+00
2.451795224344026636e+00
2.408522573685089263e+00
2.375780339281278408e+00
2.352160423024479030e+00
2.335989113548579077e+00
2.325455192853738584e+00
2.318783725909658422e+00
2.314413562910613731e+00
2.311124960919544336e+00
2.308071794145892586e+00
2.304697438014267519e+00
2.300545884369574079e+00
2.295010524263433549e+00
2.287086107336110619e+00
2.275202036736163613e+00
2.257214933047771321e+00
2.230619171252250510e+00
2.192987147676658033e+00
2.142574381066913336e+00
2.078936648096932682e+00
2.003350451993648917e+00
1.918853381762139598e+00
1.829842735408113930e+00
1.741342370391628425e+00
1.658177632902568144e+00
1.584313014739519465e+00
1.522506976126482670e+00
1.474293033434363354e+00
1.440187267785940417e+00
1.419986898311537349e+00
1.413047049212739159e+00
1.418466741856325708e+00
1.435156275191859176e+00
1.461793480655427580e+00
1.496711560154821541e+00
1.537793836474027342e+00
1.582464704708864023e+00
1.627842409558707848e+00
1.671054849533450071e+00
1.709637928467855783e+00
1.741878030406338818e+00
1.766958875936492479e+00
1.784830498235131513e+00
1.795805161920350779e+00
1.799963167136041209e+00
1.796498060704851074e+00
1.783146717741319609e+00
1.755842258435516667e+00
1.708679588843062813e+00
1.634136169895202162e+00
1.523213632891296410e+00
1.365289243033200650e+00
1.155056483408003265e+00
9.215755888395305018e-01
7.585298241994490320e-01
7.426393302754888959e-01
8.528398565481112303e-01
9.833701240130452437e-01
1.030793296160861239e+00
1.052665210679837093e+00
1.070550674332604979e+00
1.115083674035694639e+00
1.142025315003029284e+00
1.065990193921784401e+00
1.050487137909453805e+00
1.101666537810167767e+00
1.283756360572377186e+00
1.309044893706800883e+00
1.144522257887764294e+00
9.919046913077195216e-01
8.582199079883868764e-01
7.989505272273154102e-01
8.281062833738875861e-01
9.710304249324808179e-01
1.138536765503312065e+00
1.203860987072146838e+00
1.201186045930506374e+00
4.655567879633183637e+00
1.133683509947629231e+00
1.105491644147316821e+00
1.059718047878441149e+00
1.034708748918480969e+00
1.032754206566325550e+00
1.039871947888124870e+00
1.045312829704512447e+00
1.123387343113271264e+00
1.197506400429777740e+00
1.261929851030633598e+00
1.318649928268496252e+00
1.344122213630455365e+00
1.076223918335383223e+00
8.331843585941273167e-01
7.586664069177376790e-01
8.884098146666588036e-01
9.948441774928435954e-01
9.210340240653811517e-01
3.628087217364566186e+00
8.214058870147384894e-01
5.903017711957772029e-01
5.329821644387702229e-01
6.312167242660166044e-01
6.563487783551460453e-01
2.983427253837745319e+00
6.558048334329926732e-01
5.055753383835641657e-01
3.446552911412175679e-01
2.557066722669902314e-01
2.001067367120286378e-01
1.556372837893291727e-01
1.242878565400619417e-01
1.064778439534669469e-01
9.874632340331722380e-02
9.682205572494648194e-02
9.654868996960282168e-02
9.455641710743989403e-02
8.877205490890197059e-02
7.882717024665567007e-02
6.410584267577988660e-02
4.704869859742042554e-02
2.990945941754369342e-02
1.485217379560204928e-02
5.258708621240021190e-03
6.075032216889058537e-04
-5.541729321209010737e-05
3.909382903684822594e-04
5.855877647313413375e-04
4.000699157618182859e-04
1.686212749330201000e-04
4.725523863454083272e-05
6.642349974666524439e-06
-4.451704160986745164e-08
-2.174998609088223369e-07
9.294105259743224786e-09
1.777950890006061746e-08
2.507865633907515157e+00
-3.807685467153973509e-08
-5.842581428662238041e-07
9.082770614435417392e-09
1.914021406522183809e-08
2.864014400414459750e-09
1.262741531824313667e-09
6.453061314912936771e-10
6.852469800980494149e-10
8.556323964647101034e-10
8.994112777259151776e-10
7.623431588502212131e-10
4.690115936521831091e-10
1.709679271063026389e-10
4.044497209406870371e-11
5.609439269326489148e-11
2.128349058241617353e+00
3.004120392886733410e-06
3.558668784571799086e-06
-1.497935680926761119e-06
1.096482131100608161e-08
1.021975605575876593e-08
9.411843765213577785e-09
4.449930645482145108e-10
1.813744746547820252e+00
1.779706966031320082e-04
1.933808304398211249e-04
7.288450024468984376e-09
4.522705385504130193e-09
3.721904577698077405e-09
2.389992630464374094e-09
1.550644923284312249e+00
6.464631331790783308e-01
3.845848483522700811e-01
9.032934992600477608e-01
1.039916682908627710e+00
1.054126531814357337e+00
9.136049613343830188e-04
3.284032310517552468e-09
1.471047206097217508e-09
9.015685993251833559e-10
8.790143570100867630e-09
3.165090975197729639e-01
2.669545674395827350e-01
1.065278660203814676e+00
1.156481398467078980e+00
1.233810486570662945e+00
1.349925281700732338e+00
1.488724059151063539e+00
1.706559912187682881e+00
1.694017751986009346e+00
1.116852621980691119e-03
8.161096479253578725e-04
8.581713309861808304e-10
2.101310609083502579e-09
2.652116525609735703e-08
7.327454293493310677e-01
4.591775755083838950e-01
1.056475390841530748e+00
1.012610787842794791e+00
9.879207485217461615e-01
1.035970331509375564e+00
1.061271255234928823e+00
1.085024676969023494e+00
1.131947224063104551e+00
1.087590329237154485e+00
3.944688304970322412e-01
1.542861225508299849e+00
1.515721857615761614e+00
1.632672281373211520e+00
1.768484409646291278e+00
1.779394755136152639e+00
-1.366770766498864387e-03
-2.732823961274519729e-03
5.741791436638323189e-09
1.332050290284330530e-08
6.560780405357367385e-08
2.344890447868706596e-01
2.156224534714542562e-01
1.085135552149957938e+00
1.050340549114241018e+00
1.063734198834744182e+00
1.052183506817141900e+00
9.977350168861212065e-01
1.075597585934028322e+00
1.097963574422652355e+00
4.237634119103832475e-01
3.594003510272911206e-01
1.690732173233826741e+00
1.157297225474732905e+00
9.859112242584392449e-01
2.686356208576717863e-02
1.035912059863582933e-07
1.318932567937315502e-07
1.114484201868467528e+00
1.096564147903257069e+00
1.013187606077849745e+00
9.065033306902920973e-01
1.072642488625993318e+00
8.510002814585336806e-01
4.897577268086381053e-01
1.075435631132098058e+00
9.951144122446252682e-01
9.945902117639531248e-01
1.033877539755636121e+00
1.043826853306306646e+00
1.060791841412672021e+00
1.086635108916065962e+00
1.110878725103911391e+00
1.137273846681616130e+00
1.086131761935372531e+00
2.026337398550845381e-01
9.803002273411461909e-01
5.918575811720817592e-01
4.279670051844873258e-01
2.541070684820137537e-01
6.528157231689096784e-01
1.212813845829942838e-01
2.831263068828503426e-01
1.848183552778686802e-07
2.534874175075804463e-07
2.374491317878647011e-07
1.209552746731264117e+00
3.143865972633894668e-01
2.993205547016118961e-01
9.201190727568968608e-01
9.024780188936478709e-01
1.055775809952540278e+00
1.040939277856074652e+00
1.038145696567919218e+00
1.082129458734290450e+00
1.123166174848777343e+00
1.118275989158369566e+00
1.125159354923584765e+00
2.807051076230325792e-01
2.447346789019521074e-01
1.049778503918334494e+00
1.017532336807052573e+00
1.016806041707471353e+00
1.062268189836100163e+00
8.179691536930011608e-01
6.312320359777127132e-01
1.617605924675462881e-01
3.650158900648628468e-01
2.632158295700636197e-01
9.867898934624761420e-01
9.348165320965511338e-01
2.849504992788068015e-07
4.473748479667020483e-07
1.160503880020869572e+00
5.596027242016987646e-01
7.865832391582684435e-01
1.068482084088509421e+00
1.098697030450919598e+00
1.112312617679140914e+00
1.122403640753891096e+00
1.244908336065755794e+00
1.251746997342226830e+00
1.911954853555013767e-01
4.484770477224661600e-01
1.086546680200241033e-01
5.512548016563930675e-01
2.423323072896941821e-01
2.075539388179430400e-01
1.253907471825006947e+00
1.170182823936166239e+00
1.315168132588738104e+00
1.544268170915452876e+00
-2.154747847463873471e-08
8.502738769339207741e-07
8.509238244804732121e-01
8.517897763360745556e-01
7.903882175078377204e-01
7.757668893094314955e-01
9.564061418590759089e-01
4.130867156083919967e-01
2.681851798178592206e-01
2.926317509370830461e-01
6.434471493040609946e-01
1.361489238231196885e-01
5.597389611092675743e-01
5.066805600342424443e-01
1.525810387919056266e-01
1.413858635325110635e-01
9.433142814944983634e-01
1.874944730979296814e+00
1.904773453280873330e+00
-1.214640825264648408e-06
-4.170402376366497668e-06
6.244294511541030408e-07
6.109123315164809442e-01
6.917139473640137037e-01
7.456797396031149550e-01
7.215646510255269153e-01
1.974606996938939596e-01
7.695137852369925424e-01
8.615139054500773330e-01
7.850495348103888604e-01
3.048810364530640804e-01
3.406260001448858654e-01
4.294496914564603918e-01
2.796798637318742009e-01
1.138791439285713025e+00
1.977226389465173817e+00
2.033406680977937420e+00
1.158116508152868073e-05
-5.212915675450741697e-07
9.174148244623319535e-07
5.939762527441656559e-01
7.155494062939734556e-01
5.670395472117500946e-01
6.903838477492797443e-01
8.696452716301904529e-01
8.620275361648307433e-01
4.791816880945947155e-01
6.748421493265779336e-01
7.428127385203584510e-01
5.006915741848418921e-01
6.819633801593757427e-01
8.161799774129819829e-01
8.100411753461145281e-01
7.320476710830690070e-01
5.324409200145052701e-01
6.183980381250991920e-01
6.159847221401160144e-01
4.961903510102843029e-01
3.589928827227132913e-01
6.374738558852636183e-01
6.731772069353013643e-01
1.476959471741205565e+00
1.467122832105463237e+00
2.022078716333033821e+00
2.000382792162989531e+00
8.597370374219265180e-05
2.060838084371962003e-04
8.799339894680485786e-06
5.764026067013743315e-01
8.321305463980326333e-01
7.734958719985142173e-01
7.211370312435321228e-01
7.525812848467292593e-01
7.975102170505683485e-01
7.815717951251746065e-01
6.639905741211524770e-01
5.854721321414125823e-01
7.825497061395828569e-01
9.211876707664752306e-01
9.194517009513429873e-01
6.420416090409009069e-01
5.930119035719884080e-01
5.061349783455827422e-01
5.965902938723707249e-01
6.754478514251249788e-01
5.905808568798364133e-01
6.755825337838864408e-01
7.933480169896771628e-01
8.243839645734869492e-01
1.251726235452306879e+00
1.965439837778078624e+00
1.928566400764711419e+00
1.990301736319184389e+00
1.170133372565186234e-03
6.303521257488503093e-05
5.979983051794218740e-01
8.840464295093187763e-01
8.150363728023646281e-01
8.296179204438208776e-01
7.626246708759160109e-01
6.689450825958910274e-01
6.576369628174162374e-01
5.259630857517649805e-01
6.157457843979873280e-01
6.591419381728150784e-01
4.971275968473511941e-01
3.487498678623033310e-01
7.065489304441040230e-02
7.024036074443253119e-02
8.199310966849629456e-02
1.547146631492616886e-01
2.682367267055086324e-01
4.610124122718915474e-01
5.692384678062023529e-01
7.594179781996742706e-01
8.233271345439339139e-01
8.690471898011894458e-01
8.236891837501966185e-01
3.037343777260393396e-01
2.350411188615329772e-01
3.538201511057175175e-01
4.330354617080547364e-01
4.700838286290978107e-01
4.573239414356922716e-01
4.971282583044725478e-01
5.586474332081465821e-01
5.541030641587788574e-01
1.877670218993066520e+00
1.848793183671932017e+00
1.840191402218833483e+00
1.175182590138662640e-03
2.481931195551344369e-03
2.592695411020764628e-04
9.412210966139783475e-01
2.726773460843921471e-01
2.941020453264852064e-01
3.204936183690814677e-01
3.834799160309721455e-01
4.734503852478517127e-01
6.112321995989508094e-01
6.411374294933329665e-01
6.232728983017389313e-01
4.199139880610014419e-01
3.607395904815169363e-01
4.914495706438358202e-01
5.169171299485423310e-01
1.284824760872602945e-01
1.942042444697803238e-01
2.400044844472531969e-01
2.717692933213313178e-01
5.601187781879077843e-01
4.806467868190417714e-01
5.784384599616532174e-01
6.196448772487154200e-01
8.070409680332840674e-01
7.656618313955909638e-01
8.130058911367010754e-01
4.531191546908392986e-01
9.119038278846179624e-02
1.117989547862757033e-01
4.304362772235365564e-01
3.653891962541346849e-01
3.691665386965007345e-01
1.820777400633533993e+00
1.838228096789408239e+00
2.874926070119965260e-03
-1.534463604994232245e-03
7.632846752915592491e-04
9.780867244863987731e-01
3.209670901121147168e-01
2.550884553583824266e-01
4.242586049431587014e-01
4.773153360435216097e-01
5.223660769005268323e-01
6.592925627122797616e-01
7.789302236262047874e-01
7.849195461719182809e-01
3.620958964663009705e-01
4.310507064360479257e-01
5.878783030676707488e-01
4.555527050662173671e-01
5.781757291792196662e-01
6.777573208310068154e-01
4.568858985484003377e-01
2.897795628793501943e-01
4.787011418571142651e-01
5.810528596812628566e-01
5.205899192402814180e-01
5.680632004332423213e-01
8.028368584255651808e-01
6.664375331661636093e-01
8.814299548216596447e-01
9.822458692078113174e-01
3.204270390721797868e-01
3.393614935976203006e-01
4.207707910131490148e-01
3.894027506877382194e-01
3.669858303547688938e-01
3.227627632718116923e-01
3.074931343762961067e-01
1.718074047190928599e+00
1.889292183001565428e+00
2.052545624546088909e+00
2.924975135155630842e-03
8.019646955450707160e-02
1.670851004980507650e-03
4.681876636845904716e-01
3.267178216206818031e-01
2.123167633837611257e-01
2.290990347421587026e-01
6.857032032154953827e-01
5.180111674854428472e-01
6.210923196563014059e-01
7.789797283221557844e-01
5.384414223541201805e-01
6.704948400983664625e-01
5.280270650852830761e-01
5.688452905882313004e-01
6.027495864979036666e-01
6.356689779465004575e-01
5.487517602551500451e-01
4.329844797666774214e-01
3.388413708126624679e-01
8.715434708540301667e-01
5.586867112941176217e-01
5.739087890816916282e-01
6.194086856365110805e-01
3.181899969796789240e-01
2.661189171984768564e-01
2.557669946625369950e-01
1.645673365904396057e+00
7.587020489193176953e-01
1.865133213828104874e-01
2.859041176562567184e-03
2.727531831886052527e-01
1.835499736816225413e-01
2.123429101127141672e-01
7.937742211079231724e-01
6.523595791840670621e-01
5.953015339751718260e-01
7.071303164565863053e-01
5.622182852606487646e-01
5.561259559823708010e-01
5.616484800455747717e-01
4.897275131658261893e-01
4.533821257926052284e-01
6.824372383570311840e-01
6.003987414250399057e-01
3.337924241224374811e-01
1.334337730549728651e-01
1.089643378264014417e-01
5.816932962658368789e-01
1.622484301005476526e-01
1.368300568711428578e-01
3.439589795313972506e-03
1.485865741188521216e-01
8.731740326496380267e-02
2.006090916971027815e-01
7.143743747936512900e-01
6.206528991394651973e-01
5.218786661795503656e-01
4.208732307016014862e-01
3.515155896932747881e-01
1.617414999616912374e-01
4.832137089242160566e-01
4.049752452135241265e-02
6.548251984875473886e-01
5.235317490530054518e-02
2.313534507030723299e-03
3.151869282336659112e-02
2.063213573177192506e-01
1.847266990190205294e-01
4.487779178057049179e-01
1.861641019800527319e-01
4.185956475195281024e-01
9.699483691864527191e-02
1.029522667847928841e-01
5.152011794628347241e-01
5.206396948358432003e-02
8.700011142534121167e-02
7.649624679626457757e-01
7.642096376697000704e-01
3.430035933466972498e-02
5.457594386444024337e-02
6.877766321435535091e-04
1.480672128257022255e-02
1.126359858277765046e-02
9.526371395181049140e-02
1.280549144731991662e-01
4.424486873313150381e-01
3.109205775247151915e-01
1.610193051438156830e-01
5.152826546927892215e-01
3.713640446200693890e-01
1.403583150834266657e-01
5.844308234239927735e-01
8.894393496460854809e-02
1.279276795704391680e-03
5.597203616386892296e-03
1.089438095906359871e-01
1.456637498671795872e-01
1.853047726357156810e-01
1.765110252862150675e-01
1.881888416905542483e-01
2.403837723741602539e-01
1.759427657597830152e-01
4.710718965318205775e-01
1.231344305252106697e-01
9.320712572129167053e-03
6.558235102430217019e-03
2.470777739436749443e-01
2.019440320678189682e-01
2.331361550644782121e-01
1.925786797163597797e-01
1.815051278422934455e-01
1.753107574140681801e-01
1.593469547679890186e-01
3.795786006974355975e-01
3.150265374341175151e-01
1.240433243481912223e-01
1.183483219350025401e-01
3.256624225999809469e-02
1.151232310740783575e-02
4.911194423827390798e-01
4.992622081758771868e-01
2.961948212592703800e-01
4.591384899287287991e-01
2.810399967823827838e-01
2.797137240144059733e-01
1.519832136324325844e-01
1.984877895172288409e-01
1.080376522476709511e-01
7.555394846144997123e-02
8.603264388601435109e-02
1.994664169423848374e-02
6.396324537279337585e-01
6.489554659684595439e-01
3.209891632431565167e-01
3.221208627046212580e-01
4.928717430415294753e-01
6.033595734079260087e-01
3.400573743830437867e-01
3.471774513511185489e-01
4.586667770588956916e-01
4.893788607824645087e-01
2.278827135666894321e-01
6.510867194988634310e-02
6.799477989150658208e-02
1.441038618301251906e-01
1.590708945704749910e-01
3.223570867991946975e-02
8.477974362032442146e-02
5.239687442516714061e-02
2.469338008009907270e-01
2.950718513382833419e-01
6.262870750789357732e-01
6.065414266420985356e-01
3.916270762500043134e-01
1.684560138583643119e-01
1.989255305859002343e-01
2.633111257398034755e-01
2.781131469131566392e-01
6.067374752092731249e-01
6.654488062924571734e-01
6.792443135176252644e-01
4.212124098247655435e-01
1.603121372722183247e-01
2.124129519419688528e-01
1.867619150504667425e-01
2.519767128016654478e-01
5.476113546221521577e-01
5.767309577135449894e-01
2.457777391083763863e-01
2.940278202180696132e-01
2.502856134037153013e-01
2.804174678667658571e-01
1.621190518268079694e-01
1.938535523548391426e-01
1.128359595731364545e-01
1.645535664780017615e-01
7.023013667861242870e-02
7.480782931762408605e-02
1.203060381525194039e-01
1.207751269234470376e-01
7.729967498476132681e-02
1.620580873488501328e-01
2.535484534082245167e-01
2.172915149768793464e-01
4.790398400305011933e-02
4.965336992609859640e-02
5.114950029280800059e-02
2.289713549589762753e-02
3.524044561696613176e-01
4.357380390070922926e-01
4.748933960035361945e-01
5.871244982792519496e-01
5.862880503439681368e-01
6.197133178531158970e-01
4.799910877076776772e-01
4.903585403263777120e-01
3.334310708009711743e-01
3.912585517998475870e-01
2.235158148382288545e-01
3.898585120267192283e-01
4.723474112851381301e-01
6.610068270297102533e-01
6.553966686259964369e-01
5.075650320909261826e-01
5.177658274055064735e-01
3.287709563244844424e-01
3.806093149260447173e-01
2.395924904622405704e-01
3.142905961073332310e-01
4.264530899968191346e-01
4.451265528501317514e-01
5.705625812820102061e-01
5.660926632323828311e-01
3.590110844871792772e-01
3.626602290817665386e-01
3.496088071997419111e-01
3.641242103950959597e-01
2.999495617432171857e-01
2.283329145731564369e-01
3.839880963820187509e-01
4.421036831041915138e-01
2.232605364542865345e-01
2.834515465441966864e-01
7.761013875559441555e-02
1.716655550566952293e-01
1.725420286142378690e-01
1.386445945102364463e-01
3.277303301051440187e-01
5.480782739755617472e-01
6.424996318330500333e-01
3.487256878797269088e-01
6.569085107343913821e-02
6.536953958231389583e-02
7.406800691034584605e-02
4.509803069198136116e-01
4.551193881621040660e-01
4.740189313765542090e-01
5.710189580616765737e-01
5.535282696428116544e-01
5.854289284321698705e-01
4.994215239504847803e-01
4.214476477576086233e-01
4.670455623759099950e-01
4.653316691579245656e-01
4.707869495533241189e-01
4.923495977222075437e-01
6.449515324844437014e-01
6.232098608935457973e-01
6.497628444727335806e-01
5.390224656418869387e-01
5.378656807129217343e-01
4.118728184470616394e-01
4.666477194000575590e-01
4.520526533640931710e-01
4.559571467024722824e-01
5.660899216603250128e-01
5.643180228046665858e-01
5.894478813943414552e-01
3.763028104523116202e-01
3.765143884330736657e-01
4.155858219659736563e-01
4.740927774478473355e-01
4.640186997771358901e-01
4.886037083313100049e-01
2.883559232878766254e-01
3.393696046662416088e-01
3.771347436934539554e-01
7.779508438564188000e-02
6.949339057885800530e-02
2.288359195574753147e-01
2.659745119969771365e-01
7.239337387486126651e-01
8.499525694223825090e-01
3.710953828159169743e-01
4.292816091651230903e-01
8.318517796413608945e-02
7.908192236027963840e-02
8.511350452899972552e-02
4.547137135545210596e-01
4.433168335911399360e-01
5.396611628561348573e-01
5.037235386719272068e-01
5.313667160835175984e-01
5.001034837901747743e-01
4.231453257851112149e-01
4.730386399814175968e-01
4.961188061275904615e-01
4.559812963256569263e-01
4.427713333492315773e-01
4.558810764216652545e-01
6.121707160942858605e-01
5.543792156496200052e-01
5.776493377918975325e-01
4.910600861582966603e-01
4.924952903062984610e-01
4.694420494208612071e-01
4.988864337633417412e-01
4.434039727400446718e-01
4.278303824318017701e-01
4.429923036875579312e-01
5.529691820496462906e-01
5.291670416118093856e-01
5.613789540549739554e-01
3.723269357680220604e-01
3.751506676802708329e-01
4.758634601777944062e-01
4.960842591475886909e-01
4.793046297780685361e-01
4.667795988131928087e-01
4.809756518015141924e-01
3.564294905812732672e-01
3.653410876880296976e-01
3.963312135611045117e-01
5.961160972690056348e-02
4.848002317397556021e-02
3.190999810191614827e-01
3.382348010020445606e-01
8.545581517087245116e-01
9.710689007093632474e-01
1.010621062345485877e+00
5.995704378665230871e-01
9.649411882479365377e-02
9.120617516672961667e-02
9.133833516172963629e-02
4.392453352756567342e-01
4.206217796730880587e-01
4.253666459549316770e-01
4.801215651008063912e-01
3.157425215241133620e-01
2.404533923634299408e-01
2.504623094234237346e-01
2.300181813335393233e-01
4.192701611821923469e-01
5.051747824965153733e-01
4.768285212899684433e-01
4.492114491871220805e-01
4.228637985076441064e-01
5.418081443401610020e-01
4.756850720951996125e-01
4.413662859259766535e-01
3.604456548538105820e-01
3.154761491723269695e-01
4.983501843580022128e-01
4.766965954280652507e-01
4.222045855034292083e-01
3.601692635008567622e-01
5.184246927694455831e-01
5.012185772051294119e-01
5.048818288220767725e-01
3.209855442123046854e-01
3.011834044379370634e-01
4.963958572784630818e-01
4.730810270774642445e-01
4.327246261751115375e-01
3.106294748621188928e-01
3.663730887243186740e-01
3.547774243154447893e-01
4.011232898954535386e-01
4.200713439063437360e-02
2.698228032729116724e-02
3.486804805739077695e-01
3.437691988097906215e-01
1.139949399440146394e+00
1.194528853173382421e+00
6.110962525255954070e-01
6.828173604607695735e-01
9.993265345045233838e-02
1.070743706260172817e-01
1.085987840440249819e-01
3.941011644556322580e-01
3.360307235285870386e-01
2.434752549754643780e-01
4.399599835015307603e-01
4.215707602493705131e-01
3.875394776521747797e-01
3.148122923522512218e-01
3.520871795716916108e-01
2.666440576711176513e-01
4.678724785211607062e-01
4.216264298593850879e-01
3.422377016298027708e-01
2.543398840685436313e-01
3.805841253252133516e-01
1.782502299450206551e-01
2.272312021894299372e-01
4.674601761404026390e-01
4.057075118014699111e-01
3.009763188050481597e-01
1.573501968795824879e-01
3.951205697705109099e-01
2.430391005713627706e-01
1.067517599837222164e-01
3.297292913046057095e-02
2.658511269451105039e-02
3.449234599239631160e-01
1.212294438897766558e+00
1.157868782369076088e+00
1.020129288655832855e+00
8.797595256786008844e-02
1.001784024261613976e-01
2.803623289861259527e-01
2.242339601284462636e-01
4.063449749125909727e-01
2.844396400862763130e-01
2.042197770608394913e-01
3.847938878651148698e-01
2.357642430201755679e-01
1.481100847086222472e-01
3.423762712093876837e-01
3.320970575548020109e-01
1.512658209553580935e-01
5.711592725261838838e-02
3.512648005540157659e-01
2.833900599019844035e-01
1.060513006544705039e+00
9.094085764444630460e-01
5.396665915852448592e+00
6.171917043452018053e-02
9.516434981602528431e-02
9.434653486788799337e-02
1.341622631653752451e-01
4.363307420397432579e-01
3.977692994942211291e-01
1.142826629029894681e-01
1.130321572929168933e-01
3.927480820511516924e-01
3.382610522725252311e-01
8.353588768261556441e-02
7.570380575785595756e-02
2.540951142844304345e-01
2.852621930866230254e-02
1.882894470276237978e-02
2.245724473170535029e-01
5.701740376271259292e-01
5.600120631672489413e-01
1.711505072371929970e+01
3.374568492874150533e-02
4.810101157526126825e-02
1.246745807460409444e-01
5.567623310247359764e-02
2.951299081217508280e-01
3.990276064499824471e-02
2.734555013059992157e-01
2.262636260517446665e-02
2.134131251871426993e-01
1.935672694050455112e-01
1.204922656826698047e-03
2.093275714894652639e-01
1.452363953976339439e-01
1.856755441934538065e-01
2.757899774288649297e+01
2.152031353867839628e-02
2.495608423018642538e-02
1.758959826632798540e-02
2.503614046259081682e-01
2.514406140274725310e-01
1.164493414110504520e-02
2.568161562606990911e-01
1.999258461823187061e-01
5.128457143392257597e-03
1.213644707992137112e-01
-1.335383276083174650e-03
7.597851090651992767e-02
4.351064564762097131e-02
3.150581421016546813e+01
3.374554074072781684e-02
4.810134905140311251e-02
5.567634862561093856e-02
2.503562632317481995e-01
2.951188539271454303e-01
3.990212978450282527e-02
2.568158458462470040e-01
2.734550925065050153e-01
2.262611153467179032e-02
1.935699657368356308e-01
1.204945162261469686e-03
1.452393690700543027e-01
1.856760572895088668e-01
2.757900406824279571e+01
6.171887458085995731e-02
9.434699221355596910e-02
1.246747768231612624e-01
1.341624111566790678e-01
3.977568446513001232e-01
1.130313644257662647e-01
3.382605546303468769e-01
7.570329239675806232e-02
2.134157670563852360e-01
2.540978289259660516e-01
1.882893325104700519e-02
2.093324276408235207e-01
2.245771320078778777e-01
5.600124339459631173e-01
1.711505623447025570e+01
8.797552830231025744e-02
9.516475961935685901e-02
1.001786577027544145e-01
2.242339204868412095e-01
4.363179550334378431e-01
4.063341333082219897e-01
1.142819197078046162e-01
2.042198741519184735e-01
3.927475161814936166e-01
3.847932162590819161e-01
8.353530270366529842e-02
1.481095739677410761e-01
3.320993170319203602e-01
2.852615176226863322e-02
5.711574978469403235e-02
2.833943623010959922e-01
5.701741730424508825e-01
9.094077592136187160e-01
5.396667576585923776e+00
9.993215384764997378e-02
1.085988827488359038e-01
2.803622367247233238e-01
3.360304707150931214e-01
4.215645019138606342e-01
2.844409658712310773e-01
3.148142544062540460e-01
4.216251380904035284e-01
2.357637634064972676e-01
2.543395531094178041e-01
3.423782123282477774e-01
4.057088381021659029e-01
1.512651187728263624e-01
1.573494899466455488e-01
3.512696449578443514e-01
3.449277565228986431e-01
1.060511208278430706e+00
1.157866587007150505e+00
1.020128945591857184e+00
9.649361012173192365e-02
1.070745003548543989e-01
9.133825025278741183e-02
3.941006758638492258e-01
4.253660540450548977e-01
2.434762791715415764e-01
2.404536627569079377e-01
2.300198646477912279e-01
4.399540290621456462e-01
4.768271476169429479e-01
3.875433266231664842e-01
4.228685336766330738e-01
3.520890288374515786e-01
4.413693601586531901e-01
2.666425265976455905e-01
3.154729553200589787e-01
4.678708106070465500e-01
4.766945678139752340e-01
3.422377181863850981e-01
3.601695001573115840e-01
3.805856370215162099e-01
5.048829496810866013e-01
1.782502545065548227e-01
2.272294123826769652e-01
3.011815026026378739e-01
4.674608082970095335e-01
4.730810520357786597e-01
3.009747881419203575e-01
3.106278494908271681e-01
3.951201807225777629e-01
4.011228274283697437e-01
2.430389504893092079e-01
1.067516916430747975e-01
3.297282376891391004e-02
2.658486744069458313e-02
2.698203406803516974e-02
3.437716298523720293e-01
1.212291629012066663e+00
1.194525807351747071e+00
6.828200530217694020e-01
8.318472046522476515e-02
9.120607291258826799e-02
8.511336376178152419e-02
4.392447279020619821e-01
4.433161640728474073e-01
4.206213157774192357e-01
4.801190386046282343e-01
5.313643832961789659e-01
3.157399067261673076e-01
2.504673986153896359e-01
4.192746001065624228e-01
4.231494687369667385e-01
5.051783829075252585e-01
4.961246511155348315e-01
4.492173280952742043e-01
4.558877218949724530e-01
5.418105063194000870e-01
5.776517912921105280e-01
4.756882113571352932e-01
3.604417289160004589e-01
4.924906632496346415e-01
4.983474381720749968e-01
4.988835112990239185e-01
4.222050819584625136e-01
4.429930227050229985e-01
5.184258721533058223e-01
5.613801852637012590e-01
5.012196116602825047e-01
3.209835524215577385e-01
3.751493686451540799e-01
4.963945796961135026e-01
4.960826497676684710e-01
4.327225300893565163e-01
4.809732954148025486e-01
3.663725523794269523e-01
3.963306057054342690e-01
3.547769214324864584e-01
4.200707591678975311e-02
4.848022102464129984e-02
3.486827330603529118e-01
3.382354756532424678e-01
1.139946507894797456e+00
1.010618099357928346e+00
6.111003718383642980e-01
5.995732002404678962e-01
6.569048128230665917e-02
7.908175430706401721e-02
7.406782728962016393e-02
4.547127515903165995e-01
4.740179478117165224e-01
5.396600492201408805e-01
5.854278555771328385e-01
5.037217322015004051e-01
5.001007410779189089e-01
4.994184533404359971e-01
4.730489054997605858e-01
4.670570031855165727e-01
4.559882139930548917e-01
4.923569444044449961e-01
4.427776809186673712e-01
6.121728310291176811e-01
6.497649476802894730e-01
5.543814571174526806e-01
4.910555051235050983e-01
5.378612027476721291e-01
4.694387327879391836e-01
4.666443226558522062e-01
4.434050061203528292e-01
4.559583717912152889e-01
4.278311164673209710e-01
5.529703778593162422e-01
5.894489307719968929e-01
5.291681470636027118e-01
3.723257701210989090e-01
3.765147680331282776e-01
4.758610121887167921e-01
4.740901788076939960e-01
4.793024231027228632e-01
4.886013662365583654e-01
4.667774966785588897e-01
3.564290811937021464e-01
3.771343391231865572e-01
3.653405043572000022e-01
5.961231675905917515e-02
6.949476471052469517e-02
3.190997309933945036e-01
2.659733609380900976e-01
8.545559661275132779e-01
8.499503462435082923e-01
9.710664206337107363e-01
4.292840711366185946e-01
4.790371270452693092e-02
6.536940633305139692e-02
5.114950922694624230e-02
4.509786979391424144e-01
4.748914436469884870e-01
4.551182805733022252e-01
5.710182582051049893e-01
6.197127093850636204e-01
5.535273668653375445e-01
4.903473090499953502e-01
4.214591854120785519e-01
3.912693871574119409e-01
4.653388307353551467e-01
4.723546928848984527e-01
4.707940047777909309e-01
6.449521034179317436e-01
6.553970433077979107e-01
6.232114952467561197e-01
5.390180190155466899e-01
5.177621264599706619e-01
4.118694932284576726e-01
3.806060730342146758e-01
4.520539413855586552e-01
4.451278358880829122e-01
5.660906040014407337e-01
5.660931468402574662e-01
5.643190365416659304e-01
3.763032065372190482e-01
3.626621688048659031e-01
4.155829593970743474e-01
3.641217796211277946e-01
4.640166531897840230e-01
4.421019753535177510e-01
2.883558536168187025e-01
2.834515129960671898e-01
3.393692455202311775e-01
7.779713148110274645e-02
7.761243578171034274e-02
2.288345191481227503e-01
1.725402873363628409e-01
7.239317899327658568e-01
6.424977887892306949e-01
3.710987399173948931e-01
3.487282976885985875e-01
3.223552839700566386e-02
4.965338506890776965e-02
2.289710783959613555e-02
5.239604785058418063e-02
3.524014670556712137e-01
2.950685561717038552e-01
4.357359226905186400e-01
5.871239746467702414e-01
6.065406936093616919e-01
5.862876266796074320e-01
4.799774988592513947e-01
3.916139176791544330e-01
3.334392876629468927e-01
2.235195332145932245e-01
1.989286440598713179e-01
3.898656099483411297e-01
2.781194317491574308e-01
6.610058978275842323e-01
6.792417209268457601e-01
5.075616055345405497e-01
4.212100025798031222e-01
3.287680827134770167e-01
2.395897148778266261e-01
2.124103143781873315e-01
3.142925301713646036e-01
2.519783384777013469e-01
4.264545525117013347e-01
5.705622222225796847e-01
5.767303464262050205e-01
3.590132510403502009e-01
2.940305353119607723e-01
3.496057357566356161e-01
2.999468732357316592e-01
2.804150635373032774e-01
2.283318018642265523e-01
1.938525273044928166e-01
3.839864138475712618e-01
2.232606223997368466e-01
1.645541154460062605e-01
7.481080612810644959e-02
1.716638420712243984e-01
1.386433200252596143e-01
1.207744612694035824e-01
3.277285967675342970e-01
2.535470305456060669e-01
5.480763601067020208e-01
2.172942850202566334e-01
1.994653172977161465e-02
8.477849943316256853e-02
2.469308180619536885e-01
6.262861215475432619e-01
6.489546644862027591e-01
3.221050469111417791e-01
1.684585931596960240e-01
2.633167178151852861e-01
6.067324213918442455e-01
6.033542956954746073e-01
6.654457490195174740e-01
3.471760460489108358e-01
1.603106060507928643e-01
1.867629202978385305e-01
5.476104198200254514e-01
4.893777823263776305e-01
2.457803982577850543e-01
2.278857985249027329e-01
2.502832142148800898e-01
1.621176521156722228e-01
1.128363324229088860e-01
6.510906329901207379e-02
7.023325876465763562e-02
6.799750918814395639e-02
1.203054914918428031e-01
7.729934748995916094e-02
1.620567509666288319e-01
1.590749340986153115e-01
1.151228815524329985e-02
6.396315740607549927e-01
4.992623638934123309e-01
3.209719435189105630e-01
2.961784537025992647e-01
4.928654118071359447e-01
4.591324140201447079e-01
3.400562295301487459e-01
2.810392990269733327e-01
4.586652783406021672e-01
2.797129047585000805e-01
1.519855992388829957e-01
1.080370139434071175e-01
7.555667624700057594e-02
1.441094532239653725e-01
8.603385884544724471e-02
6.558273342896458503e-03
4.911194606734365364e-01
2.470782699618361555e-01
2.019302977069843130e-01
2.331328625263754395e-01
1.925782811025139596e-01
1.815044765004521499e-01
1.593491133282594618e-01
1.984864323266607167e-01
3.150250660964596938e-01
1.183521549399813022e-01
3.256332906776585046e-02
5.596580802911870108e-03
1.089447574586688422e-01
1.456527905273016232e-01
1.853037545850149403e-01
1.881881288550571740e-01
2.403829768412446277e-01
1.753139634457930862e-01
1.759461787297405544e-01
3.795774734341471057e-01
4.710707966017165238e-01
1.240470904742071029e-01
1.231385739074322971e-01
9.318689939676522149e-03
1.126178712987265657e-02
9.526550795867629040e-02
1.280814861504401825e-01
3.109200828558272289e-01
1.765101169102185619e-01
1.610184093432270036e-01
3.713625451980553382e-01
1.403625532744834647e-01
5.844296485950933873e-01
8.894786249395437994e-02
1.279811633616072426e-03
1.480254413904402711e-02
3.151808947247463494e-02
1.847301931842285083e-01
1.861734053047821580e-01
4.424468070509735562e-01
4.185933947530579569e-01
1.029557305421957419e-01
5.152803409132944434e-01
5.151988680957938493e-01
8.700414511455048516e-02
7.642082238338913092e-01
5.457733431930508750e-02
6.878523124207789989e-04
8.731565210162077484e-02
2.063253049150304830e-01
2.006131269293413288e-01
4.482985201416922472e-01
5.215737203325592208e-01
4.208703242809573308e-01
9.699917683463225859e-02
1.617416321928221989e-01
4.832114498448728535e-01
5.206719565197579641e-02
4.050097380084601711e-02
7.649610579737918803e-01
6.548243001348573733e-01
3.430116684350283107e-02
5.235555135275796884e-02
2.313496714524039717e-03
1.485827656583743051e-01
1.835449212911248740e-01
2.123479558515552479e-01
7.144439699132691945e-01
7.072557717148245660e-01
6.204715654158505789e-01
5.561206297428720191e-01
3.514660190243063531e-01
4.533392025009079229e-01
6.003956043284083277e-01
1.089873769576228807e-01
5.816933467703538918e-01
1.368825237957602414e-01
3.439582581882514017e-03
2.727473066228177645e-01
3.267077358067686510e-01
2.291053010924888889e-01
7.938169078503121145e-01
7.790180068856266127e-01
6.524265619670825966e-01
5.954328372124204627e-01
5.622121336620636844e-01
5.384341657736448905e-01
5.616534908465969922e-01
6.027553039601853957e-01
4.897097958654307859e-01
6.824336173099665448e-01
6.356655596661431318e-01
3.338134162737981803e-01
3.388387509709932521e-01
1.335114540701393404e-01
6.194100458103062312e-01
1.623421837802364598e-01
2.558095958746448573e-01
2.859054033715667173e-03
4.681839644908303844e-01
9.780782535983394421e-01
2.123226735388582531e-01
2.550945050956310300e-01
6.857212103892943444e-01
7.849339239851826910e-01
5.180278667807229898e-01
6.211138051843081431e-01
4.310448309324617644e-01
6.704957712225272370e-01
6.777582354355996541e-01
5.280295427608906467e-01
5.688511289486429812e-01
4.786987930846064443e-01
5.487480263263350144e-01
5.680507190902380765e-01
4.329737882758076806e-01
8.715448310409984467e-01
9.822441249365571059e-01
5.586878505539528694e-01
3.393621499542611164e-01
5.739100799260753449e-01
3.894044862793711315e-01
3.181937426168514604e-01
3.074884473031151977e-01
2.661550670252363360e-01
1.645688028459278751e+00
2.052552153308493388e+00
7.587103084772767181e-01
1.865171518187173916e-01
8.019793914477360564e-02
1.670861442844434998e-03
9.412071471392546851e-01
3.209744433551217080e-01
4.242675664302196781e-01
4.773246892192239410e-01
5.223742471024167555e-01
6.593012738243893001e-01
7.789428899036933140e-01
3.620917240931049719e-01
2.940999619161093759e-01
5.878777273772390899e-01
6.411368488228019746e-01
4.555528595436943995e-01
5.781766348846788528e-01
4.568821186416167635e-01
5.169130923810845157e-01
2.897770886647934585e-01
1.942024696223644820e-01
2.717683583071710540e-01
5.810490194452653245e-01
6.196367977860438581e-01
5.205809736894643214e-01
8.028396951036419482e-01
8.130071749173033435e-01
6.664381064636889507e-01
8.814270634929857184e-01
3.204268121722210205e-01
4.207696592385016809e-01
4.531177398539527612e-01
1.117994589097999064e-01
3.669805134883374342e-01
3.691589492546942797e-01
3.227587689259620030e-01
1.718081973514609340e+00
1.838235626047947102e+00
1.889297344744019336e+00
2.925146444118596496e-03
-1.534573699688505282e-03
7.632885440484954778e-04
5.979818022960499135e-01
2.726769773483105341e-01
3.204936036952760192e-01
3.834796104670122885e-01
4.734500055890230041e-01
6.112316023800947740e-01
6.232685113846532232e-01
6.591374673184400290e-01
4.199109555493198975e-01
3.607375568534330057e-01
4.914464524699461156e-01
1.284815958134540304e-01
3.487477479883796527e-01
2.400037180107245371e-01
7.023982829488203961e-02
5.601137868010173104e-01
5.692328157912529552e-01
4.806413299237611847e-01
5.784297644645247649e-01
8.070418432369961259e-01
8.690475740684727723e-01
7.656623889684377460e-01
8.236859131979574755e-01
9.119007401599399376e-02
2.350389983540544236e-01
4.304351386115669031e-01
5.540996541409795029e-01
3.653846241885031487e-01
1.820786013134986003e+00
1.840199215434096258e+00
2.874911147403280513e-03
2.481916986197962947e-03
2.592702832292590864e-04
5.763937262113704163e-01
8.840388989396447128e-01
9.194438629465879753e-01
8.150276106147650301e-01
8.296098834208109896e-01
7.626125061649946524e-01
6.689353757141122125e-01
5.930040974565259360e-01
6.576342447634528909e-01
6.754448836352875407e-01
5.259606144493854663e-01
6.157419535801493815e-01
4.971239922939139078e-01
5.905765152153517050e-01
7.065427361703735532e-02
8.199193008723490439e-02
1.547126720482735474e-01
2.682332446538754911e-01
4.610065589243572126e-01
7.594155725090070419e-01
8.243788082140134366e-01
8.233261097120890826e-01
1.251719159306650120e+00
3.037324145907661088e-01
3.538171460145260183e-01
4.330311284944982630e-01
4.700799558936549216e-01
4.573207016673789260e-01
4.971239855148239517e-01
5.586440586727642321e-01
1.877673984139715202e+00
1.990305048452450487e+00
1.848801469419884436e+00
1.175183734236608796e-03
1.170134191974572281e-03
6.303525646958567645e-05
5.939802111726629752e-01
8.321356164868629612e-01
8.620058961065504288e-01
7.735139456603046249e-01
7.211483746497673319e-01
7.526047820497585583e-01
7.975207190194816276e-01
7.815867060146279854e-01
6.748464481884970390e-01
6.639991148195262261e-01
8.100539006894235117e-01
5.854749576669752154e-01
7.825478831407569613e-01
9.211820900553275848e-01
6.420416396326508179e-01
7.320488540136731448e-01
5.061318146206696955e-01
6.159824432251090887e-01
5.965874945154593378e-01
4.961867736917373040e-01
6.755793952665609670e-01
6.731850499982445779e-01
7.933421300555268951e-01
1.467115746542501986e+00
1.965434921962555093e+00
2.000373661004943848e+00
1.928567136005453042e+00
2.060846199494584827e-04
8.799310222301828116e-06
6.109287265904448372e-01
7.156053197937997101e-01
7.216163616005394355e-01
5.670294081925733032e-01
6.904027997364411418e-01
8.696483122564168111e-01
4.791809684994869367e-01
1.974627681245944844e-01
7.428167633033592177e-01
8.614946377560994684e-01
5.007062446218777385e-01
6.819786210102997126e-01
8.161936287373732224e-01
7.850522762314238179e-01
5.324470296370685807e-01
3.406253734193922522e-01
6.183964132163840555e-01
4.294473275174225391e-01
3.589973981774968737e-01
2.796811826229639308e-01
6.374900104594908301e-01
1.476952909424170457e+00
1.138788141072638593e+00
2.022070194302877155e+00
2.033396073037128104e+00
8.597311544998663228e-05
1.158143107163508279e-05
9.174073540638299587e-07
8.458931617131564273e-01
6.916226234894613523e-01
7.757173438690154743e-01
7.457344144119637530e-01
4.130834927502790022e-01
7.694878402411793328e-01
2.926277073046848476e-01
6.434480729265918963e-01
3.048865164817235462e-01
1.361481208929533893e-01
5.066782268451959226e-01
1.413843174242235545e-01
9.433104568950237967e-01
1.977216515739802949e+00
1.904772375710829690e+00
-4.170430504547890164e-06
-5.213053907283013284e-07
6.244200991522736184e-07
1.160508470041602846e+00
8.517486359971809806e-01
7.866002310046098511e-01
7.902717999637799418e-01
9.565247757802477491e-01
1.251816738438862986e+00
2.681830574187227256e-01
1.912008653043808515e-01
4.484774524299253717e-01
1.086545486747350214e-01
5.597360569827047883e-01
5.512518831993633572e-01
1.525795184171434282e-01
2.075520606533421963e-01
1.170178389397239282e+00
1.874940313732844643e+00
1.544267968894606824e+00
-1.214704328173693444e-06
-2.155197320573320347e-08
8.502727753609960826e-07
1.209550959739613463e+00
5.596049322944655069e-01
2.993349331557527693e-01
1.068570356776191943e+00
1.125166998206242885e+00
1.098698200830000138e+00
1.112403919152875620e+00
1.122328013377851041e+00
1.244944166772038008e+00
2.447412368839552987e-01
6.312330488634574355e-01
1.617609533910182862e-01
3.650138317495363882e-01
2.423309904384083890e-01
2.632151822140024744e-01
1.253903641172575689e+00
9.867889937724007021e-01
1.315160042462380385e+00
9.348253928962717563e-01
2.849496087761452112e-07
4.473760922197473836e-07
1.114482264924788968e+00
3.143353865482246823e-01
9.064169952533990271e-01
9.200457640618487920e-01
1.072461127798246094e+00
9.033204584843267382e-01
1.055894096663972048e+00
1.040890293812145817e+00
1.038041074508999406e+00
1.082074870509208697e+00
1.123100908368098727e+00
1.118258170437675281e+00
2.807105795522217839e-01
4.897602207816723618e-01
1.049776776698468028e+00
1.086131225807209555e+00
1.017532230472462995e+00
1.016806701138834201e+00
1.062269150784445282e+00
8.179700062505793623e-01
2.026339119356551088e-01
4.279651927554135593e-01
2.541063222199251848e-01
6.528154359504758641e-01
2.831327396074710956e-01
2.534873729205651196e-07
2.374494721731265886e-07
1.096564922907514950e+00
1.013007951232389514e+00
8.509996631155543056e-01
1.075433583160731787e+00
9.951133937873067881e-01
9.945895006346966438e-01
1.033877025161940688e+00
1.043826636540748254e+00
1.060791925277985825e+00
1.086635546504672423e+00
1.110879507029145286e+00
1.137273670560954963e+00
2.156224596311842323e-01
9.802979077903732907e-01
1.097960661201955679e+00
5.918558396356569107e-01
3.593988196699947624e-01
9.859096753422302850e-01
1.212837882244627991e-01
2.686528611625284280e-02
1.848184801897044388e-07
1.035927579406906229e-07
1.318934515585386838e-07
2.344890397831490003e-01
4.591770780182241052e-01
1.085133700912967791e+00
1.087588138971342211e+00
1.050338967247137267e+00
1.063732538673096029e+00
1.052181721947798465e+00
9.977327777102811268e-01
1.075594693287002190e+00
4.237615827214337716e-01
3.944670006330593948e-01
1.690723602849973251e+00
1.779386457001848498e+00
1.157293827831587407e+00
-2.732793944597178108e-03
1.332072245277742004e-08
6.560803056460551143e-08
7.327449428482651905e-01
1.056474797142772593e+00
1.012609821373589458e+00
9.879195254583327257e-01
1.035968791913419507e+00
1.061269396458773828e+00
1.085022490295099562e+00
1.131944666445787950e+00
2.669532464945845729e-01
1.542856051150657493e+00
1.694014854477993159e+00
1.515716846713188959e+00
1.632668710756874697e+00
1.768478220097417619e+00
-1.366837559748202303e-03
8.160935765118953458e-04
5.741558284581163181e-09
2.101343400489083309e-09
2.652130526410987011e-08
3.165099514503236233e-01
3.845858693687929097e-01
1.065283976628059071e+00
1.054132367692426131e+00
1.156485190266869356e+00
1.233812505345219357e+00
1.349926189463640513e+00
1.488724161842096549e+00
1.706558721652938759e+00
1.116826551720292949e-03
9.136042672182610172e-04
8.581696295945128076e-10
9.015882342458008936e-10
8.790191355911974233e-09
1.813746324101610963e+00
1.550646635756250502e+00
6.464671465170689357e-01
9.032986583550427495e-01
1.039922072090245564e+00
1.933820583725969302e-04
3.284060753856336862e-09
3.721964097612344301e-09
1.471072894615552446e-09
2.390004054944239949e-09
2.128350818893587348e+00
1.779618465603292421e-04
3.556427790209400270e-06
7.290340986402693196e-09
9.415192563787770311e-09
4.522303335677469250e-09
4.449946741733114277e-10
2.507867926132802072e+00
3.000139404993740409e-06
-1.497639738614559472e-06
-5.829356725153480544e-07
1.096743425551744539e-08
1.917625753020264733e-08
1.022471240003143274e-08
5.609437377116935160e-11
2.983430454482262739e+00
-3.808614252774326896e-08
1.775648016903920988e-08
9.088493364963364079e-09
2.872343671243289726e-09
1.289721214722452473e-09
6.483251811585921873e-10
6.853842708400686670e-10
8.557672933060824593e-10
8.994487538428534917e-10
7.623485369284378506e-10
4.690121122365900910e-10
1.709677543658805588e-10
4.044481756980202726e-11
3.628091837416300702e+00
6.558062652001784842e-01
6.563514765185286537e-01
5.055765610789617615e-01
3.446571623744030810e-01
2.557088845463827975e-01
2.001088819995311963e-01
1.556392493696441004e-01
1.242895989850358318e-01
1.064793463411655983e-01
9.874757368987642503e-02
9.682301521383433751e-02
9.654927384475293917e-02
9.455684094024913167e-02
8.877439918011559294e-02
7.883170382797738407e-02
6.410649957243710895e-02
4.704891609424994431e-02
2.990977356843999707e-02
1.485240127499108317e-02
5.258897116046760099e-03
6.076662672579833009e-04
-5.547249874711866443e-05
3.909331625437628926e-04
5.855915608275697121e-04
4.000663674245403655e-04
1.686168264706465177e-04
4.725284322763369449e-05
6.641650952984733648e-06
-4.466414668776084464e-08
-2.175219327344627173e-07
9.275474995180272892e-09
4.655574918984413557e+00
8.214035126433499867e-01
9.210322548102740647e-01
5.903001148888151750e-01
5.329822950138409787e-01
6.312183358961006574e-01
7.116481750750772939e+00
1.133687394608644539e+00
1.142029504028633013e+00
1.105493590452071961e+00
1.059719397020646880e+00
1.034710118153307379e+00
1.032755454020458208e+00
1.039873223932006985e+00
1.045314637308428996e+00
1.050489212559197583e+00
1.123389871694546516e+00
1.101666438570896300e+00
1.197508181447969777e+00
1.261931094834328304e+00
1.318651034522204002e+00
1.344123860262222747e+00
1.309046079426804621e+00
1.076221648167069667e+00
1.201183353942262055e+00
8.331826379566887875e-01
7.586652144016294841e-01
8.884084188093418488e-01
9.948421350278012776e-01
9.094895546960474420e+00
1.411700351383219498e+01
6.123440330306237911e+00
4.861505771686719157e+00
4.434812678956287613e+00
4.175914562871945179e+00
3.979487633751582987e+00
3.811388039714123543e+00
3.656892070472167244e+00
3.509121065459297473e+00
3.365560970700876453e+00
3.226297460620181301e+00
3.092815421457185465e+00
2.967117466116562685e+00
2.851126660353326514e+00
2.746354790443799487e+00
2.653784132285581521e+00
2.573883268359633991e+00
2.506674840127646409e+00
2.451795054788094674e+00
2.408520936503798726e+00
2.375777104549738450e+00
2.352155657627713836e+00
2.335983037632010539e+00
2.325448123711364445e+00
2.318776023313124046e+00
2.314405584336652666e+00
2.311117030352194401e+00
2.308064184635410410e+00
2.304690365789684670e+00
2.300539510874015203e+00
2.295004962029813633e+00
2.287081426140703311e+00
2.275198267760984994e+00
2.257212070461422915e+00
2.230617172212176147e+00
2.192985932822477224e+00
2.142573837776536205e+00
2.078936637991873226e+00
2.003350822626061678e+00
1.918853980690131023e+00
1.829843423740925790e+00
1.741343032902392673e+00
1.658178182936652201e+00
1.584313393811687565e+00
1.522507149536445947e+00
1.474292983935450163e+00
1.440186989264587991e+00
1.419986390845716873e+00
1.413046316124893620e+00
1.418465788715388642e+00
1.435155110276004287e+00
1.461792116189627899e+00
1.496710013650416338e+00
1.537792131638518800e+00
1.582462871581027386e+00
1.627840483713559605e+00
1.671052870393999079e+00
1.709635936952286217e+00
1.741876066302609827e+00
1.766956975473178204e+00
1.784828692258796590e+00
1.795803474914371423e+00
1.799961617094550270e+00
1.796496659692863096e+00
1.783145472876478843e+00
1.755841173017570922e+00
1.708678663390105879e+00
1.634135403033481593e+00
1.523213021818366375e+00
1.365288797460995740e+00
1.155056262145324197e+00
9.215755495707993461e-01
7.585295218746538337e-01
7.426387910610966481e-01
8.528394909416807668e-01
9.833705817245296243e-01
1.030795175581709522e+00
1.052668435365520461e+00
1.070555244472199519e+00
1.115088839836161361e+00
1.065992773845878760e+00
1.283758834835892593e+00
1.144524984235853360e+00
9.919067104184092765e-01
8.582207775474106626e-01
7.989501649057405563e-01
8.281049275278447031e-01
9.710285472275934637e-01
1.138534497874174267e+00
1.203858481914887646e+00
