1.737361604397049319e+01
1.104718554448319523e+01
8.568705809831730136e+00
7.252455628864415971e+00
5.594531124115149190e+00
4.989199944414590249e+00
4.611036100418326455e+00
4.328306009652534314e+00
4.098032670151517287e+00
3.900861611302770537e+00
3.726064257771457111e+00
3.567154472472490401e+00
3.420054712203408620e+00
3.282179654404164371e+00
3.151917202061714107e+00
3.028306525946626859e+00
2.910824691494739991e+00
2.799238971131067899e+00
2.693502074649120726e+00
2.593676812628202821e+00
2.499881279364841280e+00
2.412248126066831588e+00
2.330893043834539657e+00
2.255888730772539486e+00
2.187241690562476304e+00
2.124870413793302326e+00
2.068584948445830740e+00
2.018069550580430693e+00
1.972871787824607592e+00
1.932402664570106676e+00
1.895952385884338343e+00
1.862724682571709645e+00
1.831889062511651067e+00
1.802645655991575335e+00
1.774293049189221483e+00
1.746287463594289768e+00
1.718282920824334425e+00
1.690146259811805995e+00
1.661946398338016273e+00
1.633922143949570138e+00
1.606436034725103656e+00
1.579923018001645474e+00
1.554842576552332600e+00
1.531641305397477781e+00
1.510729841406720286e+00
1.492473703615587510e+00
1.477193032726306532e+00
1.465163007818810925e+00
1.456606251148248266e+00
1.451671191159223495e+00
1.450395216075876625e+00
1.452656674081993282e+00
1.458123468466752115e+00
1.466207132447306494e+00
1.476030265281247367e+00
1.486413888173388820e+00
1.495891992832011574e+00
1.502764417143401143e+00
1.505203826814313750e+00
1.501431184312121081e+00
1.489958278429311056e+00
1.469863364628201774e+00
1.441028671994170285e+00
1.404251551760611338e+00
1.361166754528591705e+00
1.313983299139506844e+00
1.265112243749607179e+00
1.216798565862119430e+00
1.170852136655301967e+00
1.128517488525554890e+00
1.090466992927238365e+00
1.056874488989521410e+00
1.027528986040004089e+00
9.143306240513598970e-01
9.043574741020452556e-01
8.980409666487050302e-01
8.996751653204380084e-01
9.089302328030558487e-01
9.241104092807885806e-01
9.447612938655292059e-01
9.696868229783673909e-01
9.967899465000055192e-01
1.022929979226286923e+00
1.043818107537297424e+00
1.053985232091430246e+00
1.046862120234730353e+00
1.014968824680194448e+00
9.500890123418038735e-01
8.431138335460346411e-01
6.889931529432510304e-01
5.119978271021138339e-01
4.031613959487959642e-01
4.290234231011976762e-01
4.379136696382093796e-01
4.402999235497017660e-01
4.415289533026686142e-01
5.502833114771108036e+00
4.186081817739698563e-01
4.000125781299447292e-01
4.317922795378572043e-01
4.382759398785229799e-01
4.393021685795075459e-01
4.247270988688174320e+00
4.182964453058639065e-01
4.072168600559910590e-01
4.354101269946100139e-01
4.413093654405313981e-01
4.340468712605710100e-01
3.480331121202353106e+00
4.241431415533545302e-01
4.026991769339683946e-01
4.352916522480296257e-01
4.367201579910520159e-01
4.358080046126746043e-01
4.295245903450176095e-01
2.928985319667834375e+00
4.172860277982736732e-01
4.152206045113854826e-01
4.407746932087669434e-01
4.460703132630812751e-01
4.333262848037368054e-01
4.277936175597984447e-01
2.498822289371402050e+00
4.100008754053282578e-01
4.176855146598299484e-01
4.374325041856594320e-01
4.326525872225669422e-01
4.290212288104894856e-01
2.147148747924448209e+00
4.110669067415189115e-01
4.219399720482359673e-01
4.243956250400848229e-01
4.120439705149749887e-01
1.851480290249361893e+00
4.081491985555169566e-01
4.203080180270570287e-01
4.214149940429926522e-01
4.121961621301047374e-01
4.204691094946645946e-01
4.150918068641847314e-01
3.495012198219495936e-01
2.308477954485524397e-01
5.155882805000122637e-01
5.157119500996479866e-01
5.119389125568725163e-01
5.018227556098567854e-01
4.135349135496312889e-01
4.296991293374798904e-01
1.195665700985675706e+00
1.381879402249513111e+00
2.489749482388213253e-01
2.846683600485463428e-01
4.930756377849995764e-01
4.796336760080731065e-01
4.920763639891734820e-01
5.096069103480640461e-01
5.482014193325620566e-01
5.298964418392090314e-01
4.136203945378120750e-01
4.063273071763533473e-01
4.346788729339139401e-01
1.037591477524728356e+00
2.108832075229710723e-01
1.705814486473316294e-01
5.020407522700126579e-01
4.343757328153093344e-01
4.680393912762889075e-01
4.627311616539987460e-01
4.678708335854639411e-01
4.682419582356953658e-01
4.711042360050687883e-01
4.748892794105746828e-01
4.762633085051425352e-01
4.869373347912396843e-01
4.933435364916584076e-01
5.085301847034304767e-01
4.839680811855526232e-01
3.561927846382401119e-01
3.635226481645006946e-01
5.041660442113935492e-01
4.904227988221483980e-01
5.044025526230195844e-01
5.289627307060666972e-01
5.351103539620436500e-01
5.359772544597578570e-01
4.180154338328844199e-01
4.221612933735074957e-01
4.177189188338742420e-01
9.036576330513653721e-01
2.506413781300520505e-01
3.692212383058208203e-01
4.832622240623713483e-01
4.637309661423330565e-01
4.666062116989752595e-01
4.672815685686492748e-01
4.692665933910766807e-01
4.722555283637983603e-01
4.789973562157553433e-01
4.869227641695194619e-01
5.055433586891995290e-01
4.955536436436571157e-01
4.487693357234479596e-01
4.628210659719734776e-01
4.896815907384337030e-01
5.021854293006422498e-01
5.255888761437862433e-01
5.446739230234157736e-01
5.431739315839683169e-01
4.203551831104561098e-01
4.341997048188803721e-01
8.188557028230083468e-01
5.162022237013745851e-01
3.974977637471204250e-01
6.978763021845136860e-01
7.078304647929355431e-01
4.237788610568212766e-01
4.212274231076900133e-01
4.124360691246051758e-01
4.777856451661681714e-01
4.748997183128468857e-01
4.831320494750608874e-01
5.038591819898700086e-01
5.183197460716032490e-01
4.503487020283146181e-01
4.467148045580139892e-01
4.450230527306105466e-01
4.936666924572302717e-01
5.060646195737159569e-01
5.378648284575883176e-01
5.342718131708495966e-01
4.225274111401509658e-01
4.196343518860649047e-01
4.395694293049516310e-01
5.713155839415148263e-01
4.747381926467676982e-01
4.679148825927889055e-01
4.994134557288019138e-01
5.366707875243279524e-01
4.821275639269922419e-01
6.422948309460841942e-01
6.309430224882917049e-01
4.046441997746357266e-01
4.121007006145287477e-01
4.530921713018985497e-01
4.687118615392618648e-01
4.884689872141472766e-01
5.019683699669872379e-01
5.177459352704685269e-01
5.378642215835943707e-01
5.140441665780235425e-01
5.101396268416235058e-01
3.981507876968455872e-01
4.306485661623761230e-01
4.424830187921378610e-01
5.498675858307074948e-01
4.553522888043311512e-01
4.513382086529415527e-01
4.491324091684276154e-01
5.126269884580194613e-01
4.776195112124131392e-01
5.167956335807057933e-01
5.239624217206610979e-01
4.254230029019823722e-01
4.299123987125856861e-01
4.295094123328282443e-01
4.199808733833151342e-01
4.179977870637130999e-01
4.711600452059750421e-01
4.720848117031180569e-01
4.628304599460472679e-01
4.897318887478906979e-01
4.972337678397123484e-01
4.945163026551920304e-01
5.062518537847927602e-01
6.078680801165056158e-01
4.222085251555253715e-01
3.980195461351311303e-01
4.163536507700890676e-01
4.729901074270766448e-01
4.758165576599150404e-01
4.796368878534293945e-01
4.848911456498001815e-01
4.994018681706360874e-01
5.218488148941957672e-01
5.559632085175567617e-01
5.353254012246156934e-01
4.198491218933608216e-01
4.203751922468129676e-01
4.348779069102717831e-01
4.273631515039441608e-01
5.713695795282754952e-01
5.255678472120550726e-01
4.552234255936064566e-01
4.025843501274570246e-01
4.710864132703829754e-01
4.673885510350867523e-01
4.479061279869352430e-01
4.488137966847928206e-01
4.451653857002985104e-01
5.207021554793640483e-01
4.931060109862158147e-01
4.422890547226319136e-01
4.144850860010034221e-01
5.568241941350174917e-01
5.603445584985593531e-01
4.305799875550114786e-01
4.369909577295371661e-01
4.302658876033199076e-01
4.417856247370730571e-01
4.280825017517445596e-01
4.348934300105695705e-01
4.664894741195775851e-01
4.700435172936577866e-01
4.766331863525120616e-01
4.709163973796385294e-01
4.831389060125844681e-01
5.026270092889839614e-01
5.164254566237189703e-01
5.358709931166267815e-01
3.847322225151942332e-01
4.287263383904063585e-01
4.203718523513702010e-01
4.204081375976003732e-01
4.721429854841109885e-01
4.775681703643591125e-01
4.444533591870324929e-01
4.739061654003206003e-01
4.241135074576661834e-01
4.393250570965190893e-01
4.391162184852052119e-01
4.846398475566126574e-01
4.002862427541450385e-01
4.166379456387225289e-01
4.539875084136203442e-01
4.585034039657075455e-01
4.582206024781986797e-01
4.484697754767059119e-01
4.472726835065397588e-01
4.466056750439478251e-01
5.144154558753883943e-01
4.258221720398736587e-01
5.040274344830750763e-01
5.302399322588318142e-01
5.377982173882877026e-01
4.368590100811502452e-01
4.423612285325553839e-01
4.104139682820753254e-01
4.180032622507079965e-01
4.232141682492771007e-01
4.834147354924475115e-01
4.723352745059986590e-01
4.783222123598293019e-01
4.932680452062463972e-01
5.160366262200868359e-01
5.192872441428366681e-01
5.434890389679910561e-01
4.109779082705444786e-01
4.347587963594840010e-01
4.199327834127893899e-01
4.192514419472847531e-01
4.699372235239403506e-01
4.577534673630833661e-01
4.614608436570706296e-01
4.372445383679419151e-01
4.855672493843221083e-01
4.985866461850766429e-01
4.976320281892253616e-01
5.041376377376373119e-01
4.327083751569626435e-01
4.321766763511540876e-01
4.403256134410809541e-01
4.608268124551296308e-01
5.320801482764421220e-01
4.205785479326880072e-01
4.197730164232265637e-01
4.613269231770263934e-01
4.638405133578476502e-01
4.641614745533396147e-01
4.684455600195712166e-01
4.470875110323400681e-01
4.471434703206883521e-01
5.145398775887174425e-01
4.985286966880501658e-01
4.215807842440654762e-01
4.189964659923929302e-01
5.184999884368443057e-01
5.223499278889763842e-01
4.343999681246379918e-01
4.285068159365832963e-01
4.568780489772210074e-01
4.245662484428143757e-01
4.270697310863899587e-01
4.732612149592420603e-01
4.754025562810618721e-01
4.454928327448358094e-01
4.877301212115804918e-01
5.147069347294798147e-01
4.922143117845323435e-01
4.049474515204313230e-01
4.328493664109467343e-01
4.236157805786071040e-01
4.217335194745065463e-01
4.651495545665537690e-01
4.346223543818407142e-01
4.739521226452786395e-01
4.914681042658687882e-01
4.917142007792399960e-01
4.942265423078109898e-01
4.328561716449122465e-01
4.415200777181189640e-01
4.470958352435756566e-01
4.648433311890313724e-01
5.388557562943122603e-01
4.915430231870051014e-01
4.212876962664479086e-01
4.648059611459806062e-01
4.652721764343737965e-01
4.695440430015787592e-01
4.459935781847677583e-01
4.463092255178060519e-01
4.456303934379060583e-01
4.449497067616426382e-01
4.987200994954643640e-01
4.194694875268463186e-01
4.211073278085388227e-01
5.245287389143957757e-01
5.208912709712875122e-01
5.144421461275082708e-01
4.330722953531633834e-01
4.401695206293330664e-01
4.300253258128403089e-01
4.125643709951317684e-01
4.104853572060531142e-01
4.740095975480889678e-01
4.741663524430884125e-01
5.099683133466580420e-01
5.074604676742487941e-01
5.412525120489252162e-01
5.332462064242736721e-01
4.154762250125975664e-01
4.286478899301546797e-01
4.406856208705741684e-01
4.739594680663116733e-01
4.644846163667978312e-01
4.259786989024710313e-01
4.225792951521383789e-01
4.777958499872096976e-01
4.933878103987058283e-01
4.915113017532510842e-01
4.405400543475936348e-01
4.484841403254551384e-01
4.535695489510531697e-01
4.572730086414057982e-01
5.025838054810293221e-01
4.342155241319907710e-01
4.222196925101918130e-01
4.655737130898017218e-01
4.668824207566279472e-01
4.679052455698261559e-01
4.449625236726451605e-01
4.454564069898339085e-01
4.466140405224976462e-01
4.998216161810814517e-01
5.057763179130820852e-01
4.103455454990944662e-01
5.153149689458073057e-01
5.153920142005368188e-01
5.352519233769460483e-01
4.330297681067759585e-01
4.493242055645150224e-01
4.040413191947615501e-01
4.091299091663787024e-01
4.684170842210960140e-01
4.728175550029150020e-01
5.056913013724775308e-01
5.044680389255786768e-01
5.306717438477831505e-01
5.451240683431535228e-01
4.205437136587033553e-01
4.282970038531185852e-01
4.358929875451239000e-01
4.848643514600931015e-01
4.334013286009660848e-01
4.857262961207471363e-01
4.830608698269452383e-01
4.908973721190591499e-01
5.142796873450110606e-01
4.552759731104747964e-01
4.563205400006420387e-01
4.770650586365868251e-01
5.146911130102375109e-01
4.994175123663102123e-01
4.310144363712613003e-01
4.669559126176635599e-01
4.671643368126723872e-01
4.426387899026992812e-01
4.464424008734476645e-01
4.605708305285285964e-01
5.023666204808354685e-01
5.047321614577877646e-01
4.302992086178570319e-01
4.105276640702316682e-01
5.050329652653463564e-01
5.044599458934433400e-01
5.314739988941508120e-01
4.390715655760322189e-01
4.490901744939177487e-01
4.118179534034492328e-01
4.196044095301134647e-01
4.283368444396356556e-01
4.717616247487214642e-01
4.771244252051517476e-01
4.683476988502495164e-01
4.952644994750002860e-01
5.159692499686893141e-01
5.269155886953248435e-01
4.245646638020990626e-01
4.212554475528106912e-01
5.083935660108538368e-01
4.237360948972276331e-01
4.759278397349328005e-01
4.861265866009057413e-01
4.863744045303266539e-01
4.591070261831445287e-01
5.133506803163806476e-01
4.777771169627012537e-01
4.455680240191000618e-01
4.244755732951040472e-01
4.689543551090493700e-01
4.685913680612733834e-01
4.655534436803059894e-01
4.394763830106535041e-01
4.511018298187208231e-01
4.799310008163237828e-01
4.773566766357085767e-01
4.133135265275271752e-01
5.148232329285070685e-01
5.157025065487609305e-01
4.445302059072613332e-01
4.482507416502419240e-01
4.255296060919431800e-01
4.255452863319921231e-01
4.742765974213339897e-01
4.787380699716188293e-01
5.270023217784735037e-01
5.025778220124904605e-01
5.368661782352180944e-01
5.389341364177472338e-01
4.307158502700300096e-01
4.393817592697319974e-01
4.231217183870503717e-01
3.929785603250589010e-01
4.823000765882893281e-01
4.762541561294035275e-01
4.780406765237144584e-01
4.912050973206886217e-01
5.252569739408202709e-01
4.266698841125078356e-01
4.701175299845999911e-01
4.692137923391028753e-01
4.717294419455568266e-01
4.676610917227373987e-01
4.270837708068898064e-01
4.139620598773814386e-01
5.167083877029273742e-01
5.084082831053805540e-01
5.221128026147673351e-01
4.477717171355060088e-01
4.452878795116249067e-01
4.131620735953342449e-01
4.100226890953005410e-01
4.709229899611422909e-01
4.768399457031767819e-01
5.151051140465118250e-01
5.169885872600427090e-01
5.362293868166451150e-01
5.482359655476768401e-01
4.377868058068554169e-01
4.704198180644660332e-01
4.710931232168339977e-01
4.933155058599659193e-01
4.374692889291468267e-01
4.704245844734242787e-01
4.713321663454157484e-01
4.695161838235729079e-01
4.101383392690564067e-01
5.056382183510802486e-01
5.033677924772259615e-01
5.082788343478600313e-01
4.550540235056973470e-01
4.517983110330939800e-01
4.076149246244685220e-01
4.070760498687153728e-01
4.677547429753421415e-01
4.737635229668392678e-01
5.076081938637719837e-01
5.193954855848628149e-01
5.360708888818641604e-01
4.500086538411277592e-01
4.650140676242883186e-01
4.660143265534004708e-01
3.814561362613892448e-01
4.540624515197634326e-01
4.136296159533383032e-01
4.494555378907008625e-01
4.209760872583844793e-01
4.202830397472939739e-01
5.023306781365854956e-01
5.095936691410584141e-01
4.508821366725072055e-01
4.519680538792735791e-01
4.122403885931029688e-01
4.154990722861469088e-01
4.215506589784469571e-01
4.698757549988984428e-01
4.757542118342434345e-01
4.717792603471963608e-01
5.152560807983984636e-01
5.002760474433033400e-01
4.438022772606952104e-01
4.630725899082666075e-01
5.052820576482992543e-01
4.288415249529463069e-01
4.536709804175138028e-01
4.445818849919676019e-01
4.255113621990101458e-01
5.042529959264335782e-01
4.808712442887509986e-01
4.515594157095577654e-01
4.505296210433129556e-01
4.261530890723262965e-01
4.297586303159822152e-01
4.786253672898260203e-01
4.766793727821913573e-01
4.270496819858513593e-01
4.920377629592528890e-01
5.084621037568116675e-01
5.058832890897836387e-01
4.241970305654355067e-01
4.186940976224195476e-01
4.916728507548346339e-01
5.072569054178113213e-01
4.306926582220008126e-01
4.412762410532690138e-01
5.178431752167644841e-01
4.524067135707024456e-01
4.527785662064903738e-01
4.518363192855466282e-01
4.180188719531094943e-01
4.139791426698243293e-01
4.732937478379192209e-01
4.764089103479600684e-01
4.374720256863494638e-01
4.134035144045934418e-01
5.095743058998574160e-01
5.099187041753053817e-01
4.150880438660639604e-01
4.970676073715459831e-01
5.218294525114085536e-01
5.080034341190147185e-01
4.396777528875299157e-01
4.268301541836774238e-01
5.018176911126938089e-01
4.932483232119538319e-01
4.921123378288862482e-01
4.969026582779528245e-01
4.536492453802075109e-01
4.542723469489038934e-01
4.534983667432408994e-01
4.110054266628671016e-01
4.042488005588929512e-01
4.713297893163486130e-01
4.714199267732411824e-01
4.103002947058700389e-01
5.108873116383660928e-01
5.140581601660398903e-01
4.151279756173368307e-01
4.184244670964841206e-01
5.034578286978814710e-01
5.051064240292144625e-01
4.324204159764297173e-01
4.357736831796088506e-01
4.677152779913938963e-01
4.797335572661371450e-01
4.483594777890426708e-01
4.162475783298163479e-01
4.212178096044226216e-01
4.976873743273531048e-01
4.944918282240392537e-01
4.675923809831847300e-01
4.623142625905369840e-01
4.649322387313754024e-01
4.734143257921418768e-01
4.854554186845922992e-01
5.267198130130051892e-01
4.520482147637901460e-01
4.558009602935930160e-01
4.097503029482403303e-01
4.124311377855101601e-01
4.131883577208937397e-01
4.695737195364073635e-01
4.733725680828140270e-01
4.718570243880293447e-01
4.112838722913922385e-01
4.203048122564879141e-01
4.601984756242157304e-01
4.885014486432882053e-01
4.698317038165740200e-01
4.688188010254332738e-01
4.718925578610669302e-01
5.015822555913698189e-01
5.063140316895347048e-01
4.193904937427216373e-01
4.034501953628327753e-01
5.429886040327907004e-01
5.182639476168686699e-01
4.402404336516105299e-01
4.175967451559046140e-01
4.164483529272542950e-01
5.031156118739033012e-01
5.022228163258731781e-01
4.331142898516363027e-01
4.768661854482371676e-01
4.802023566386066089e-01
4.222429984228361355e-01
4.255445583084364602e-01
5.002363792712710699e-01
4.912536094015791388e-01
4.593339007413130837e-01
4.481889032600417377e-01
4.650070654339213960e-01
5.013416977153506426e-01
5.135883589803271754e-01
4.563952421371687551e-01
4.563918791561954458e-01
4.234973685555372680e-01
4.314396006278029549e-01
4.703994601461895519e-01
4.776339527771112925e-01
4.174439806682476717e-01
4.070768468372918947e-01
4.735335575608528025e-01
4.824293872321900878e-01
4.657753632697056445e-01
4.634735825195763770e-01
5.049870833270699855e-01
5.085753688218502822e-01
5.281072739445394904e-01
4.125425874369154644e-01
4.143216432026449736e-01
5.111304582834663712e-01
5.111898625253172845e-01
4.173376205779663617e-01
4.346304805153231587e-01
4.918771050833473657e-01
4.928371917221231469e-01
4.341595887339087523e-01
4.380094742333375812e-01
4.804466755585949933e-01
4.793714555208319350e-01
4.202681496991710342e-01
4.274182641683904604e-01
4.300517833858427674e-01
4.911638417488790043e-01
4.830037886222254828e-01
4.655996264872617196e-01
4.570282108865158510e-01
4.564369458325915896e-01
4.634628952334190477e-01
5.097495455830687305e-01
5.142166158200874859e-01
4.573387298934271095e-01
4.216732678090195918e-01
4.175384826637519864e-01
4.715392934795294977e-01
4.799043142947951868e-01
4.074506545654834055e-01
4.093896051444772533e-01
4.797827113942704780e-01
4.777797766921429989e-01
4.647653172075500994e-01
4.591730632500701792e-01
4.728208330489654942e-01
5.139766812904673632e-01
5.178797018949824471e-01
4.221088408388270485e-01
5.126107298232367437e-01
5.125076113181620263e-01
4.076071032289248497e-01
4.159496455962529149e-01
4.246098899357945711e-01
4.859818322186931772e-01
4.946386165982251115e-01
4.944314913951231016e-01
4.454845554579554001e-01
4.380105714891653901e-01
4.785498315137440284e-01
4.825247902098636632e-01
4.371649931792862542e-01
4.457111055913329234e-01
4.790303025954477656e-01
4.797063362985007351e-01
4.652194738370706850e-01
4.590891603934358356e-01
4.593593165238822884e-01
4.652010084423106595e-01
5.100349038806345492e-01
5.096715856701486969e-01
4.614525903988437316e-01
4.582448983315107194e-01
4.118620461795955423e-01
4.091155697767638877e-01
4.689993933224519407e-01
4.723342224122196731e-01
4.125813614848816147e-01
4.829094589578177277e-01
4.775519038067694289e-01
4.602958792476610217e-01
4.627586098992732544e-01
5.120044608776150863e-01
5.143695788512192557e-01
5.442545754255359025e-01
4.301273829849359687e-01
4.282117066585060527e-01
5.317523252205960116e-01
4.247948997104410429e-01
4.219019869463744299e-01
4.911023457440082396e-01
4.993511360485170525e-01
4.400863614822303482e-01
4.331998766500255726e-01
4.795135871439300534e-01
4.794575942964076076e-01
4.369258503016866801e-01
4.306497328588010376e-01
4.745532803068010508e-01
4.882215218675741153e-01
4.886841863656455898e-01
4.553302538334053629e-01
4.596937270139755949e-01
4.594829794146609858e-01
4.671412278840584853e-01
5.070191567019053380e-01
5.058715083830112036e-01
4.626167390863337725e-01
4.608563715546438178e-01
4.048377309250336675e-01
4.086549099372661087e-01
4.672038117634226828e-01
4.658580546643441012e-01
4.709048439464744162e-01
4.177656322404600941e-01
4.237866618213723680e-01
4.773957187849787176e-01
4.734913907009816181e-01
4.610921687875883523e-01
4.571410666608966555e-01
4.647025228934498209e-01
5.148179649439627026e-01
5.200739701595822329e-01
5.416572954733027689e-01
4.284288127696514459e-01
4.270982859464835246e-01
5.279102832498592246e-01
5.250951803616351610e-01
4.089365677556183742e-01
4.162786506781943063e-01
4.770871446580208786e-01
4.869807918479562847e-01
4.883888366613068355e-01
4.355532831795781989e-01
4.352361785882325473e-01
4.797657346792190136e-01
4.788741923496026009e-01
4.300630518443933625e-01
4.275559848156276210e-01
4.809028049011233041e-01
4.917546048361295941e-01
4.513224852904088591e-01
4.578648413147644036e-01
4.643377233161786188e-01
4.643251461632270649e-01
5.037146361618972668e-01
5.012610827196382068e-01
4.559994135064820986e-01
4.648418254661191851e-01
4.108632717285535807e-01
4.203371044442041349e-01
4.251145097376593518e-01
4.618782555428019299e-01
4.627267259491716356e-01
4.277002011297599826e-01
4.254862057643749029e-01
4.840227670272141958e-01
4.543390050016183346e-01
4.561079911632910933e-01
5.361312626607883658e-01
5.466038634060101931e-01
4.185739798744120277e-01
4.233769177817557905e-01
5.325742835024310784e-01
5.246660993690340780e-01
4.201669027686791846e-01
4.279222647133623658e-01
4.325683230345697128e-01
4.852934592709350903e-01
4.973508500795516540e-01
4.353092408026664750e-01
4.350178922723893504e-01
4.869352932424879099e-01
4.321885996003815844e-01
4.317650823438737850e-01
4.804608928687184588e-01
4.876637825847274788e-01
4.548516242368789708e-01
4.667951538873974515e-01
4.994844552914670666e-01
4.956852505734231640e-01
4.623347170332874345e-01
4.254435512491677729e-01
4.267913082133252267e-01
4.616656485132040189e-01
4.665033334122628550e-01
4.708709203354446982e-01
3.928117998537546951e-01
3.925197457250125810e-01
4.856788799555803449e-01
4.831468149105210830e-01
4.558974929881102200e-01
4.536101533207440029e-01
4.542725072005167619e-01
5.386899640272374556e-01
4.410321307327806362e-01
5.168536218980855912e-01
5.044994656253966037e-01
4.230526791807362463e-01
4.205750575948293268e-01
4.730483357660865695e-01
4.652149771628954489e-01
5.114480859611761909e-01
4.301941192044735907e-01
4.401436993164019040e-01
4.861864415742143675e-01
4.911414364759708606e-01
4.358596705516183389e-01
4.459459625211135148e-01
4.456409788538469585e-01
4.760911898396827935e-01
4.778936669256461101e-01
4.548813268528952292e-01
4.517768373185033770e-01
4.696354195090937655e-01
4.689843232356774028e-01
4.968663677002387313e-01
4.899767735109345490e-01
1.111006614013160476e+00
4.181788519328178966e-01
4.153496281671207324e-01
4.272753433044136351e-01
4.942776620215955097e-01
4.766188375371395725e-01
4.562424041076614811e-01
4.597562430498005059e-01
5.413592260613102614e-01
4.101952903871670109e-01
4.131075721856607985e-01
4.727912567245926567e-01
4.326127839293438804e-01
4.898894694311273779e-01
4.938043051927557547e-01
4.427864976910173556e-01
4.495505053377542026e-01
4.768640082163822513e-01
4.675865692717571798e-01
5.071775969318689237e-01
4.587325102402842747e-01
4.493079715460011614e-01
4.736959708965864380e-01
4.716725710348247946e-01
4.964221778384790285e-01
4.899725877105247096e-01
5.466000917128498671e+00
4.113931525822120405e-01
4.220090358678660336e-01
4.865773721439412003e-01
4.820038222698189156e-01
4.507098487116869556e-01
4.539228235080431384e-01
5.530646527092730746e-01
5.431143810015298667e-01
4.140084368804127779e-01
4.127683549935989848e-01
4.259930226445071133e-01
5.005133853552677925e-01
4.835999300027544745e-01
4.404730292514510981e-01
4.424468897237728293e-01
4.686400637888368248e-01
4.545408357015833234e-01
4.725004111937197160e-01
4.700410949954951234e-01
4.922279166181705023e-01
4.840273504256384363e-01
1.707082111773164357e+01
4.280795557074867363e-01
3.908898413703095209e-01
4.671087230037743732e-01
4.624815729200804637e-01
4.444378156293871673e-01
5.589228248125721610e-01
5.424520745799961130e-01
4.109499414471878831e-01
4.140778548647002788e-01
4.850069605790884864e-01
5.066408776584879758e-01
4.480082261042700464e-01
4.475855243816321272e-01
4.639561819951454891e-01
4.796798214246184577e-01
4.882232818926511286e-01
4.823182449859301779e-01
4.892715121012097823e-01
2.753933607000066885e+01
3.925961814279977924e-01
4.097619437155222144e-01
4.969832623968407637e-01
5.006533846659921849e-01
4.430131143129630855e-01
4.597244629152639761e-01
5.026695605212384566e-01
4.197966579069530302e-01
4.229158329659324922e-01
4.822927442956202460e-01
4.591685503847846017e-01
4.479224006954300452e-01
4.797019961124312504e-01
4.696542489839243273e-01
5.099897575507673642e-01
3.151457654234762984e+01
3.916501715012308260e-01
3.896283086703478116e-01
4.953835489157235039e-01
4.650681571076476506e-01
4.430112316969838093e-01
4.444078668767941775e-01
5.431704978501640246e-01
4.197805611476569942e-01
4.134251813712413459e-01
5.067459693075675453e-01
4.590998546424840954e-01
4.475020203148970532e-01
4.796754097499423275e-01
4.696844077758063896e-01
4.894077160174500896e-01
2.753868976763944332e+01
4.278912080554163611e-01
4.224244349336943594e-01
4.799340428761944555e-01
4.625163081656761266e-01
4.540512975121392403e-01
5.598884270787781725e-01
5.440044297316363187e-01
4.102150306619479214e-01
4.252567804274421936e-01
4.851253058816544783e-01
4.837286994375888383e-01
4.479304951885842989e-01
4.423729081318402145e-01
4.638266795086911642e-01
4.700156147825859665e-01
4.883195155956983613e-01
4.841227262504235185e-01
4.824381997771774455e-01
1.707022573651442343e+01
4.117079630876553931e-01
4.154781107845438859e-01
4.843787827538109103e-01
4.747855367000299309e-01
4.509033840815799277e-01
4.600833980916781973e-01
5.538115845210245247e-01
5.421129870877097190e-01
4.135258397110290196e-01
4.126163377068350901e-01
4.121116447494053703e-01
5.006471598188951821e-01
4.939334987848293945e-01
4.403968768725836647e-01
4.494640481400905552e-01
4.687003739779848077e-01
5.071864399711272231e-01
4.547025919887788259e-01
4.493025274789291812e-01
4.724163145846884682e-01
4.715306421276391213e-01
4.922865476838559906e-01
4.900288564139470560e-01
5.465733531930572653e+00
4.182345152250182552e-01
4.268283407651101702e-01
4.279900527552911171e-01
4.711200543005095165e-01
3.934546513135531165e-01
4.926670740365700074e-01
4.817687748035498485e-01
4.566042011383739663e-01
4.547358517486246865e-01
5.050440228542307786e-01
4.098467437001479530e-01
4.202779434165130334e-01
4.730885483465795405e-01
5.119236299875555840e-01
4.327236971666475474e-01
4.401668290552141483e-01
4.899980864851588569e-01
4.912479364213754862e-01
4.427190186460219778e-01
4.455892531183905936e-01
4.768358763304061942e-01
4.779670286911444355e-01
4.675901709959701669e-01
4.588584936738008269e-01
4.518903566561019991e-01
4.737265716451867781e-01
4.689594308573998283e-01
4.964634822726413654e-01
4.900158617301846320e-01
1.110921371032276728e+00
4.254714535784642759e-01
4.251163386130850097e-01
4.615847362666068432e-01
4.626389216089600298e-01
4.665348223318673826e-01
3.940191616621168680e-01
4.267198558708539813e-01
4.850220369890871908e-01
4.834154515125709262e-01
4.564959622003096906e-01
4.566996854122006844e-01
4.540417100630972369e-01
5.389295279682693174e-01
5.470477361331774757e-01
4.404659576255370301e-01
4.223395855303981317e-01
5.173647024383916104e-01
5.249626831673060989e-01
4.228517780916330460e-01
4.324668185033988532e-01
4.735616895611507449e-01
4.979103560573879816e-01
4.657030614572340022e-01
4.302076638647180928e-01
4.350349295955934781e-01
4.862857627042644904e-01
4.870330773352852249e-01
4.358062602607266633e-01
4.317054023056166034e-01
4.458427528613420621e-01
4.760523740273470139e-01
4.875960347047009202e-01
4.549536981534115232e-01
4.549424557385230994e-01
4.696999225880639783e-01
4.667748719710292371e-01
4.968960486445867519e-01
4.957128057342876648e-01
4.622746780319884619e-01
4.109657417710906313e-01
4.087290126228407816e-01
4.203639979759806744e-01
4.618530403512036142e-01
4.709268479508687544e-01
4.286309864582491524e-01
4.244910487975033786e-01
4.736522807299897719e-01
4.550415258692359632e-01
4.655666780332079480e-01
5.365293812609773783e-01
5.419169034479749403e-01
4.174236647758006180e-01
4.259635587672505053e-01
5.326863116473707915e-01
5.251016771321552756e-01
4.203063115078741752e-01
4.164349855025452074e-01
4.278677991926242430e-01
4.858121786858258240e-01
4.888113889621824026e-01
4.353345453552391886e-01
4.352755520319923632e-01
4.789644552503725672e-01
4.321181948953761731e-01
4.275196916966801375e-01
4.804909914145956695e-01
4.917530374827368544e-01
4.579711065165840145e-01
4.643502533026951928e-01
4.995026024105143625e-01
5.012772474178398552e-01
4.647800611118639291e-01
4.049328812378802378e-01
4.092406915828206704e-01
4.672295046056338941e-01
4.723711964339567526e-01
4.658693067015006739e-01
4.178403527324009992e-01
4.125796076400730650e-01
4.776877383724529302e-01
4.788027369666462696e-01
4.620329970680013831e-01
4.636846948843039717e-01
4.580211336461150196e-01
5.149692370832549271e-01
5.443744233960176038e-01
5.203310928547040248e-01
4.274616004050197926e-01
4.273397098012139961e-01
5.276314678422218130e-01
5.314473341095132808e-01
4.092598649943304800e-01
4.222953020283392034e-01
4.773565947504143647e-01
4.995694223497627040e-01
4.873903960102913824e-01
4.356028840097929677e-01
4.332603914480618323e-01
4.798542548371871885e-01
4.795245220663176267e-01
4.300187071756568225e-01
4.306898880150472064e-01
4.808828675094006244e-01
4.886664951277592261e-01
4.514129980376508922e-01
4.597821000087331522e-01
4.643777266471696419e-01
4.672218443835881030e-01
5.037215522558877723e-01
5.058767347928018188e-01
4.559427394954118085e-01
4.608084178902219219e-01
4.119591587378647057e-01
4.176264616798008866e-01
4.690307083769953977e-01
4.799308291348830524e-01
4.087020130420168651e-01
4.841631160882907681e-01
4.793928093664114876e-01
4.612794979316210964e-01
4.739202873889393763e-01
5.119645038196629638e-01
5.178302383497161987e-01
5.144453040858153470e-01
4.294736683376073061e-01
4.215313892091198111e-01
5.118804228132449730e-01
4.252637994943604394e-01
4.252001364958445939e-01
4.912134227017349031e-01
4.943969039995141368e-01
4.401622773647165254e-01
4.380947587156971967e-01
4.795708196675906865e-01
4.825664923083182178e-01
4.367767107662220427e-01
4.455519641640936501e-01
4.745179444604004093e-01
4.796978920208916364e-01
4.882034495326368906e-01
4.553891460865498453e-01
4.591324678940537640e-01
4.595806736050135899e-01
4.653014027440739442e-01
5.070144566195513569e-01
5.096640299335075674e-01
4.625742413588588287e-01
4.582055990369346410e-01
4.217423436937894898e-01
4.314876810515283490e-01
4.715572739945981806e-01
4.776331018927509886e-01
4.067034209432182079e-01
4.057552804367953736e-01
4.817408121205438709e-01
4.845073923393120041e-01
4.658050959744752251e-01
4.644151356099461836e-01
4.602641883005547108e-01
5.138257337933123114e-01
5.278707479396194113e-01
4.140940335886972856e-01
5.119669501016398394e-01
5.103069533393567170e-01
4.082274323493010892e-01
4.352730676115052488e-01
4.164944468863154836e-01
4.856788034844323199e-01
4.924926895026568996e-01
4.945682106265346656e-01
4.455910581044431051e-01
4.381152900277716089e-01
4.785800037626344317e-01
4.793884723237117340e-01
4.370388164508415829e-01
4.299928644969668312e-01
4.789825170526749720e-01
4.829653389021397736e-01
4.652403762254314623e-01
4.570456465801220891e-01
4.594938986700934924e-01
4.636159754640544750e-01
5.100159023471817488e-01
5.141968362659161684e-01
4.614248142989124113e-01
4.573118137158377894e-01
4.235376694011454557e-01
4.132447785077641433e-01
4.704086677749800827e-01
4.718586388159807243e-01
4.158529739370672162e-01
4.172481699458270854e-01
4.755935965397483089e-01
4.907001405297714003e-01
4.665937359453886657e-01
4.726857518159424676e-01
5.045815347668742845e-01
5.058900082108125362e-01
5.082943492708743571e-01
4.123312269498904947e-01
4.034937058413755051e-01
5.102369737230998403e-01
5.173531832671313113e-01
4.179558221693051578e-01
4.169427447823275679e-01
4.913793413192933390e-01
5.016460215319292759e-01
4.342816673536515903e-01
4.332236033628504845e-01
4.804472414887941412e-01
4.802010989717317990e-01
4.203238438731360938e-01
4.254100891388893912e-01
4.273977520368757999e-01
4.911248833827490667e-01
4.911282045799860718e-01
4.655510772268307007e-01
4.593228926754249763e-01
4.566027350077262459e-01
4.651848375725808338e-01
5.097139252551352584e-01
5.135450957003691030e-01
4.563772858262301613e-01
4.098564063806895419e-01
4.043843404425684906e-01
4.125234893772846689e-01
4.695744126238132199e-01
4.714217259200169097e-01
4.733646674203504934e-01
4.089466642346027414e-01
4.081475055347471570e-01
4.620976545818173409e-01
4.710745129833185385e-01
4.695383698966649755e-01
5.010318890276426185e-01
5.134436343048403018e-01
4.195369424682481307e-01
4.186838444886877286e-01
5.420026516637042047e-01
4.400400767237197530e-01
4.181204288352162179e-01
5.024279107866921334e-01
5.042841981582781852e-01
4.358978383505888732e-01
4.768641864817095843e-01
4.797166725845425361e-01
4.226101900039764825e-01
4.213328158154332481e-01
5.001368390853383472e-01
4.944307132566398977e-01
4.622489001289692423e-01
4.483997433034782598e-01
4.735951557761977626e-01
5.012756628871281039e-01
5.266497276109088910e-01
4.563832309567816825e-01
4.557993499231989820e-01
4.111189699494179339e-01
4.140896336077761752e-01
4.713280830105509578e-01
4.764048500644452733e-01
4.102687487893829643e-01
5.102520772216360134e-01
5.091953122378081176e-01
4.155454513055048538e-01
4.154901381846318187e-01
5.026181960931646042e-01
5.070616942067875943e-01
4.325427518877611455e-01
4.269666943604475406e-01
4.677111883755736832e-01
4.483373657433175064e-01
4.161264760932018025e-01
4.975246224407499085e-01
4.919968164328581417e-01
4.675221727378149339e-01
4.535732602806407110e-01
4.650220746513568093e-01
4.854376887988179345e-01
4.520481082782993876e-01
4.535090553625436005e-01
4.181166217569922683e-01
4.298419441153981668e-01
4.732932938669680567e-01
4.766447056773310265e-01
4.344045896674765261e-01
4.248076876461447382e-01
5.087937058332119289e-01
5.049910301608773189e-01
4.192860097124502250e-01
4.963627698909663377e-01
5.065679610560810398e-01
5.209149925065374998e-01
4.398216814825960386e-01
4.414368689953947489e-01
5.018547244289721654e-01
5.179323854020674300e-01
4.931496220713349476e-01
4.967884300077352044e-01
4.523290524892160658e-01
4.542861044030230278e-01
4.518609052330819220e-01
4.262320525765658230e-01
4.216175343457037039e-01
4.786313082466975843e-01
4.718141226263502519e-01
4.430771427023732500e-01
4.910433979414653982e-01
5.043680942548194324e-01
5.075997654203331377e-01
4.248182202222280934e-01
4.294220710879173564e-01
4.912382368580581748e-01
4.534252014685837828e-01
4.308651218798973392e-01
4.447532081710340868e-01
4.254269557223003817e-01
4.807874071158141360e-01
4.528082514266379976e-01
4.505657676231112907e-01
4.123581440133771148e-01
4.071992133015066018e-01
4.155854661791736349e-01
4.698483704946121442e-01
4.737383724428507747e-01
4.757168035028227493e-01
5.135835327671458561e-01
5.344508748143820265e-01
4.990754981013771907e-01
4.635327313957082751e-01
4.656313583854992944e-01
3.814374172162435794e-01
4.136060415308647764e-01
4.494528244716536891e-01
4.203294539509445094e-01
5.041522281332300182e-01
5.095024161510084415e-01
4.516028206924440069e-01
4.520169233076318793e-01
4.077351402910880940e-01
4.101484424895761038e-01
4.677259643886180207e-01
4.768039890090188804e-01
5.035382362848405124e-01
5.427432652350527853e-01
5.173288826376740701e-01
4.507416114909399973e-01
4.404933888197423708e-01
4.654059799885612025e-01
4.926073606144900641e-01
4.540233524869169424e-01
4.374340687749315171e-01
4.693289116984299958e-01
4.210448375835131873e-01
4.101947567845992682e-01
5.022418092412120894e-01
5.081988442506301107e-01
4.509401713078446949e-01
4.518523528079226859e-01
4.132863168584855473e-01
4.256634329618820822e-01
4.709001630029834851e-01
4.787135625824037177e-01
5.077963766776455445e-01
5.326276387889486985e-01
5.114132282927867923e-01
5.314806094096269362e-01
3.946786942120344421e-01
4.697472001499767846e-01
4.905017858850020951e-01
4.704240643178770886e-01
4.266137476092703995e-01
4.701468045414660124e-01
4.714806544321894499e-01
4.710817002512813212e-01
4.139933020562150401e-01
5.055334602611953887e-01
5.220148603549139565e-01
5.032880613152328486e-01
4.551228222458002515e-01
4.453507897456758791e-01
4.256456688594619231e-01
4.284502224090002698e-01
4.742603089864158572e-01
4.683402823952717564e-01
5.267068469654735408e-01
5.266450894492045176e-01
4.996979568402936112e-01
5.316137273423746645e-01
4.311049526301076185e-01
4.215824875857998033e-01
4.405968647845008301e-01
5.105779735852808976e-01
4.247834332810362934e-01
4.254689468560096111e-01
4.817180894306013483e-01
4.858728804752797115e-01
4.756502431034000389e-01
4.774164051552850507e-01
5.250698873003118994e-01
5.131717087391234333e-01
4.776424511768073145e-01
4.243516514896495395e-01
4.699172719259658293e-01
4.653504271345017540e-01
4.689741042725411035e-01
4.677847666550863925e-01
4.800121042070316091e-01
4.774900617301988115e-01
4.271158432090845225e-01
4.133622669028680363e-01
5.166048646592444893e-01
5.155944883817923374e-01
5.083206892493729034e-01
4.478396269860781542e-01
4.483236245283404031e-01
4.119551524057418757e-01
4.092665228477392336e-01
4.197207759909878932e-01
4.717203716818529347e-01
4.727691985950636666e-01
4.771034575009881484e-01
5.014028929518966615e-01
5.515361937600052888e-01
5.190974732776927336e-01
4.249007379975956455e-01
4.359609493922788070e-01
4.875709928963790074e-01
4.355193188703830320e-01
4.754296963771127982e-01
5.138638493386473716e-01
4.856405171762401274e-01
4.589144080820494742e-01
4.769096889445951226e-01
4.992899876914194679e-01
4.454359906110403333e-01
4.308242904176890486e-01
4.688366176603347979e-01
4.670219217773298181e-01
4.684361276610412017e-01
4.395767394880723544e-01
4.607086334854010867e-01
4.511885842168888994e-01
5.048671306086625066e-01
4.105741376690041355e-01
5.147164136254783751e-01
5.313588360239618336e-01
4.446030255434109124e-01
4.491625479426797907e-01
4.041661519108071254e-01
4.105984199871269835e-01
4.683310404942466199e-01
4.741019235031180834e-01
5.061609487882909875e-01
5.331099351184325208e-01
5.070508048931059442e-01
5.365722078006125439e-01
4.209216646866357769e-01
4.410663685132973355e-01
4.285980600080292469e-01
4.683562970382942892e-01
4.242096930026946766e-01
4.854085406807427949e-01
4.912710464082043482e-01
4.827123276233339366e-01
4.904979349534464017e-01
4.552260643095935033e-01
4.572807533270651925e-01
4.561972054379666019e-01
5.145868568650684427e-01
5.024851930306827308e-01
4.218758238568437458e-01
4.668831814182703988e-01
4.678392814558782198e-01
4.428164954063624759e-01
4.468267244379355296e-01
4.466034174475649876e-01
5.025070832785184516e-01
5.059246938052982534e-01
4.303482788427810402e-01
4.103980762166071772e-01
5.049127301232286813e-01
5.351272404349981526e-01
5.043532052154465761e-01
4.391369103328163215e-01
4.493901456971983177e-01
4.126859408949301589e-01
4.271980072983040944e-01
4.739411927856429507e-01
4.753681155444609563e-01
5.081808892187212878e-01
4.909504579630415977e-01
5.058536864822738011e-01
5.403757472344749013e-01
4.161541763040746411e-01
4.229546782656792847e-01
4.293203907358159044e-01
4.775363069999659649e-01
4.683975359723516751e-01
4.274956482261840218e-01
4.365597678903017087e-01
4.776507807353213009e-01
4.941370156163700234e-01
4.931698266843088097e-01
4.407198363939190400e-01
4.650275197385352333e-01
4.485794370407014675e-01
4.536185196708569234e-01
4.913381521533814467e-01
4.337665099560871762e-01
4.207623594776170872e-01
4.655786426288195390e-01
4.695605944267093879e-01
4.668413717575149446e-01
4.451511060957908383e-01
4.451167430884844234e-01
4.456747017360131458e-01
4.999807636194883442e-01
4.988694514629903876e-01
4.211560173401043827e-01
5.151924309836256599e-01
5.143172324027956988e-01
5.152741613528611930e-01
4.330901215937482673e-01
4.300836256955606340e-01
4.246178749278357589e-01
4.232416412404136352e-01
4.732016517660511679e-01
4.723364691107260760e-01
4.442600816707075184e-01
5.427873935147625728e-01
4.865462779336293675e-01
5.134276306209716312e-01
4.084730768455209771e-01
4.213243293435471326e-01
4.348460922728218381e-01
4.248118636927680214e-01
4.607888525376284128e-01
4.388208773280930508e-01
4.739386547728864363e-01
5.040366999847041285e-01
4.914441290459168332e-01
4.916544523336024430e-01
4.330357318845923786e-01
4.609885427900047294e-01
4.417200724796624400e-01
4.473351587190577683e-01
5.388166204161990436e-01
5.325147831163856704e-01
4.194207892685324346e-01
4.648877115194446907e-01
4.685502505536033313e-01
4.653063383932148356e-01
4.460780775496854256e-01
4.472353321515775137e-01
4.464367996043135944e-01
4.457874369537969672e-01
4.987009977133092797e-01
4.195231706771416769e-01
4.190605008689526900e-01
5.244007465069230323e-01
5.222205241899343653e-01
5.207665374915891876e-01
4.331490748631953713e-01
4.569578616060220866e-01
4.402390143562072700e-01
4.103286602967595176e-01
4.347304008559608191e-01
4.180238533433410231e-01
4.833397407831889203e-01
4.765616817505353708e-01
4.784617417581665810e-01
5.361462690791957142e-01
4.933238490207962901e-01
5.159902022341892325e-01
5.187473219231089061e-01
4.140721842536543851e-01
4.254882285593900026e-01
4.390880331470012332e-01
4.227429181813217030e-01
4.728571429608237620e-01
4.766950386367805326e-01
4.621350821581948765e-01
4.855256686529645371e-01
4.984047719324316006e-01
4.975320135354613371e-01
4.327756779972228296e-01
4.392501682376654393e-01
4.322790554050177647e-01
4.404961288311712297e-01
4.873669816610301520e-01
4.203470614823489049e-01
4.165947213904508950e-01
4.615023123420067264e-01
4.583999668686736806e-01
4.639924439248562793e-01
4.642702155090761562e-01
4.471406072288409139e-01
4.466153201541606665e-01
5.146141447229946042e-01
5.144776054571638113e-01
4.216300006555008806e-01
4.258842079452426210e-01
5.183624608793837574e-01
5.376605283062346752e-01
4.344864534438943049e-01
4.424640235694735080e-01
4.285829009951765967e-01
4.413275316236711099e-01
4.174363754319365682e-01
4.278294857567551679e-01
4.665546309252049384e-01
4.721927709007365248e-01
4.699660039946590429e-01
4.704957116877241941e-01
5.059727401659431800e-01
4.828581753785264330e-01
5.025002043914302829e-01
5.166543520330776351e-01
3.969114961026516397e-01
4.407694699745078326e-01
4.376282509141277699e-01
4.256050578666578099e-01
4.719270275005927884e-01
5.350095225063060678e-01
4.780122167869265137e-01
4.460460040446546093e-01
4.240592792631754371e-01
4.273174820809925167e-01
4.393394918144610806e-01
5.245090311183037146e-01
4.003610194758226437e-01
4.026644893010912218e-01
4.542031716047568168e-01
4.675801994445579757e-01
4.586834255777426650e-01
4.484479415239059352e-01
4.450955921941020521e-01
4.472838697191710566e-01
4.932822439410222137e-01
4.144423777091550409e-01
5.038868199809286574e-01
5.601881734001076252e-01
5.300999112570136118e-01
4.369548171891635135e-01
4.303687320606632838e-01
4.194377997783138579e-01
5.707294701527290126e-01
4.711405306047279362e-01
4.678326100278866750e-01
4.624957715811111036e-01
5.363678935054787544e-01
4.894972752794666260e-01
4.970608357320588366e-01
4.941757792979409869e-01
4.766348439672442039e-01
5.138815504626234043e-01
4.245590325170606749e-01
4.325928240694636440e-01
4.743516017871525214e-01
5.107442680679238345e-01
4.772013228155916886e-01
4.807488680689948612e-01
4.855795244825333312e-01
4.996703552987548091e-01
5.217870196796746685e-01
5.556890568457139024e-01
4.196793393304094066e-01
4.422628571951439103e-01
4.202545863195069620e-01
4.347766160162200300e-01
5.708603609704587800e-01
5.492487094472676690e-01
4.552950564406131884e-01
4.712286204335889295e-01
4.477832468861656645e-01
4.490009204559013423e-01
4.487473007992111018e-01
5.209715284503007027e-01
5.243374880608342448e-01
4.422820463910917543e-01
5.566800825721416324e-01
4.306873530637108649e-01
4.296202877870169412e-01
4.370947767521853322e-01
8.183631099433894551e-01
4.744360620180495536e-01
4.991186942302045515e-01
4.231857962339625745e-01
4.019749933319607949e-01
4.293602884095057970e-01
5.605941663899340899e-01
5.725271406474062852e-01
4.579508137036952808e-01
5.942100920402365594e-01
4.358140716144894289e-01
4.639808692403753487e-01
4.731040147141565844e-01
4.901998680839507183e-01
5.024044206264813850e-01
5.175124128007438928e-01
5.374089380347086831e-01
5.145524970478351223e-01
3.980779348610154478e-01
4.122273909094087974e-01
4.303764013305197422e-01
5.173802377274971942e-01
4.551682178711199400e-01
4.448279251081827534e-01
4.511959921118411931e-01
5.124005440501930853e-01
5.343551073960572939e-01
4.774482613088213978e-01
5.168941457028851660e-01
4.255432198752329143e-01
4.397000445564374638e-01
4.300314351426983706e-01
9.033464628077644276e-01
5.012777669241541556e-01
5.926729981194249763e-01
4.233236967916484961e-01
3.684767850937905598e-01
4.209577377461333203e-01
4.778059805109519664e-01
4.955897920477193019e-01
4.749281713542130023e-01
4.831753290999621364e-01
5.038992712362975190e-01
4.501120817021147524e-01
4.625437624752219423e-01
4.465056327194842911e-01
4.936236939239330712e-01
5.431186584100194947e-01
5.059504730401807038e-01
5.379741727793596606e-01
4.226455973996390281e-01
4.343556023306264224e-01
4.197564278772901725e-01
1.037365442519074588e+00
2.497756133029433723e-01
1.705021610678794097e-01
4.832177665168456704e-01
4.839520958221113500e-01
4.637314199404914405e-01
4.666202798949123931e-01
4.672991986273115073e-01
4.692839290283355447e-01
4.722711099017859460e-01
4.790134988793899873e-01
4.869378245673447458e-01
5.055486915972521311e-01
4.484722858935927814e-01
3.634083461944113136e-01
4.897082419400844433e-01
5.360087302193851100e-01
5.021822285758776871e-01
5.255654097450555007e-01
5.446506853457258046e-01
4.204660659636736963e-01
4.178901285220417150e-01
1.195509002426628165e+00
2.108043230833551718e-01
5.021788363871640959e-01
4.344724720331406553e-01
4.680228167092339020e-01
4.627332976311669954e-01
4.678699773844550158e-01
4.682790516337498321e-01
4.710904367233301193e-01
4.748684865364330432e-01
4.762383574272970321e-01
4.869122425747473559e-01
4.933198473551330121e-01
5.085071152434331720e-01
3.560757576913589073e-01
2.846137255748228401e-01
5.042758648021361534e-01
5.299540304445963246e-01
4.905071740661787194e-01
5.044572217074549947e-01
5.289899690985055969e-01
5.351629116199363434e-01
4.181383261936462703e-01
4.348489569991129122e-01
4.222999878772918381e-01
1.381790755334556309e+00
2.489255690155249279e-01
2.308175010306477704e-01
4.932420765785477390e-01
5.019453950438146350e-01
4.798073645141899268e-01
4.922049797782598879e-01
5.096895217413227597e-01
5.482628232776198818e-01
4.136953373293682512e-01
4.297890792648462188e-01
4.064661316933499413e-01
3.495819821434414942e-01
5.158046446662536422e-01
5.158656142197670658e-01
5.120604741155431183e-01
4.136910008306652342e-01
4.151972458301553259e-01
4.123298392888509745e-01
4.215331323960792020e-01
4.206251813645517368e-01
2.147328673161919443e+00
1.851554712515834034e+00
4.082472428409936738e-01
4.121400942938068246e-01
4.204314880040927460e-01
2.499130980539978175e+00
4.111361922681963099e-01
4.291027706747640447e-01
4.220263905525332704e-01
4.244959694084103341e-01
2.929454377940117649e+00
4.100502991122902396e-01
4.278581040644895972e-01
4.177427755540050747e-01
4.375129001153237884e-01
4.327405810851612800e-01
3.481006782747752659e+00
4.173085938917260873e-01
4.295514080815787672e-01
4.152509338231521463e-01
4.408346371168996303e-01
4.461533605744877340e-01
4.333970854444832432e-01
4.248230226291004996e+00
4.241133188229402329e-01
4.339899169120867151e-01
4.026801467989529759e-01
4.352893197346797138e-01
4.367383282979595549e-01
4.358352369552994654e-01
5.504237638492761597e+00
4.182243986795514679e-01
4.392109710489318086e-01
4.071626330700150453e-01
4.353547030772936810e-01
4.412596581962439646e-01
8.571115567541614411e+00
4.185150276974658468e-01
4.413970610114964499e-01
3.999417811700512471e-01
4.316950437869314094e-01
4.381694423934271998e-01
1.105049112365527719e+01
1.737876653444748953e+01
7.254656381723870950e+00
5.596221243037073911e+00
4.990675552712805718e+00
4.612360989178781345e+00
4.329508159631079600e+00
4.099128616770522093e+00
3.901862663644795504e+00
3.726978551515946592e+00
3.567987875033658440e+00
3.420811305209646491e+00
3.282862043752647452e+00
3.152526740791084414e+00
3.028843471652876040e+00
2.911288301332521478e+00
2.799627543510864403e+00
2.693812966622517457e+00
2.593906488163793433e+00
2.500025470111018056e+00
2.412302206251919934e+00
2.330852726170392852e+00
2.255751168967159437e+00
2.187007011505917475e+00
2.124543583232783917e+00
2.068177689655227081e+00
2.017601800143596247e+00
1.972371943919268178e+00
1.931905778937473173e+00
1.895495636479500590e+00
1.862340084570285992e+00
1.831594427664350544e+00
1.802436015214766263e+00
1.774135545033073802e+00
1.746122464673117491e+00
1.718032517946641802e+00
1.689728779536682657e+00
1.661293180840910155e+00
1.632991771627558153e+00
1.605222052354426054e+00
1.578453543387559499e+00
1.553172913606622796e+00
1.529842558612267034e+00
1.508877008407507381e+00
1.490635962689825122e+00
1.475427581856952663e+00
1.463512512332848958e+00
1.455099113587383197e+00
1.450323544497888362e+00
1.449213626044703052e+00
1.451640819638738478e+00
1.457268387672339793e+00
1.465504880707634072e+00
1.475471003521018787e+00
1.485986508049865984e+00
1.495584418221968415e+00
1.502563720328140118e+00
1.505096282525412388e+00
1.501402365274527861e+00
1.489993273708370536e+00
1.469947171043015199e+00
1.441146761479983551e+00
1.404390554589433737e+00
1.361315137000191022e+00
1.314131884477924173e+00
1.265254449628894884e+00
1.216930307448252924e+00
1.170971437510086366e+00
1.128623912323676315e+00
1.090561033232581245e+00
1.056957035245611243e+00
1.027600940423186282e+00
9.043680744259745552e-01
9.143487145118894821e-01
8.980447099774581110e-01
9.089161448193260329e-01
8.996667692267045213e-01
9.240905065847061506e-01
9.447351596270405771e-01
9.696537878269056998e-01
9.967491718779927234e-01
1.022880584910385249e+00
1.043759352632954052e+00
1.053916771033724498e+00
1.046784376183952370e+00
1.014883557351001109e+00
9.500001971598471817e-01
8.430289812822101547e-01
6.889230369550691790e-01
5.119485956017926220e-01
4.031091316604120678e-01
4.289400719844535526e-01
4.377977921407907314e-01
4.401660676437637032e-01
