1.695525336863088839e+01
1.082386141806346025e+01
8.406312233215734508e+00
7.159072345942678162e+00
5.566252557203821283e+00
4.991132750490161030e+00
4.630675320895784708e+00
4.357972341872906163e+00
4.132329556840869778e+00
3.935967295894836404e+00
3.759479975334572455e+00
3.597560776054042009e+00
3.447176777869136011e+00
3.306629805371464670e+00
3.175014003737088863e+00
3.051883518330612333e+00
2.937044554285296094e+00
2.830425095083427767e+00
2.731993230652734805e+00
2.641705033572406602e+00
2.559470056020816564e+00
2.485128032452278646e+00
2.418434141488218003e+00
2.359051867347268683e+00
2.306552245205712559e+00
2.260416906423626582e+00
2.220041136177190122e+00
2.184733345996387133e+00
2.153709643032890586e+00
2.126086381495430722e+00
2.100878543262770570e+00
2.077015448200397518e+00
2.053385171798618902e+00
2.028913309829348144e+00
2.002670569542881918e+00
1.973990332259025315e+00
1.942567655797285742e+00
1.908510988983404433e+00
1.872329263304536306e+00
1.834856145646875936e+00
1.797131733161357214e+00
1.760271767578021285e+00
1.725352429064751503e+00
1.693327966957660191e+00
1.664985197844221165e+00
1.640928790180365748e+00
1.621586478425208311e+00
1.607223017424265210e+00
1.597953632395360479e+00
1.593750346130725637e+00
1.594437629696820125e+00
1.599677986346810021e+00
1.608953643785346888e+00
1.621556209770330881e+00
1.636598798406874389e+00
1.653061091944346250e+00
1.669865486331506332e+00
1.685964835502451464e+00
1.700407182158558461e+00
1.712340084715200161e+00
1.720933576564009471e+00
1.725235775006479511e+00
1.724018800936564899e+00
1.715707175377695348e+00
1.698484297037269108e+00
1.670626488443368585e+00
1.631017136387694189e+00
1.579677500354895958e+00
1.518081501514931375e+00
1.449064971937305879e+00
1.376303631503150271e+00
1.303537999140775394e+00
1.233842888321595499e+00
9.311987766952555257e-01
8.991084236510173966e-01
8.723926861027954116e-01
8.369369419636114582e-01
8.368266176624874486e-01
8.287157099529249837e-01
8.272954718273773933e-01
8.324262862134725882e-01
8.435373957851368676e-01
8.595886061365299868e-01
8.790908951488904943e-01
9.000566372540133031e-01
9.199140932411721261e-01
9.355033514898482006e-01
9.430346087629276619e-01
9.377751122327452338e-01
9.132283551437657687e-01
8.595852211650306662e-01
7.669230851164335894e-01
7.653205300482148754e-01
6.493465914991598531e-01
5.559231895428370374e-01
5.121407443522144609e-01
4.947323495109324232e-01
4.848646214385438635e-01
4.801272064428414033e-01
4.631045349451208271e-01
4.620642151867017100e-01
5.418357245630978092e+00
4.385649038914569697e-01
4.555741111875130089e-01
4.629516328374179146e-01
4.563353926838297769e-01
4.558766436362654551e-01
4.185959897398665142e+00
4.373350634549852400e-01
4.656689901814874410e-01
4.708398135556988162e-01
4.650280254724579732e-01
4.654549323671295924e-01
3.426241868483401287e+00
4.514254426284848853e-01
4.638695476210971114e-01
4.708499179947858160e-01
4.707024628292816870e-01
4.763107347383391810e-01
2.874707426636750274e+00
4.579613065137087546e-01
4.406892511497751408e-01
4.573407632136077261e-01
4.685184002113885748e-01
4.709532563204248401e-01
4.546908442308323917e-01
4.449352429387901653e-01
2.439624292923241011e+00
4.185272262361536266e-01
4.117291437130531917e-01
4.411550599976215015e-01
4.204691572614389083e-01
4.114614469265823193e-01
2.079566778774825320e+00
3.837479482806122610e-01
4.077925070668630414e-01
4.184819182706407958e-01
1.772997014652087477e+00
3.792283887129500597e-01
3.629910146215539757e-01
3.819339343443750034e-01
3.699245143303088734e-01
3.533872693472362436e-01
3.295665220672416296e-01
4.594692538760227207e-01
1.926343579748554802e-01
5.973996760835639241e-01
5.821492491247586276e-01
6.346507235011016324e-01
7.064798576212505399e-01
6.548670153360236501e-01
3.548219104321309048e-01
4.064203213787702107e-01
1.082896468371279397e+00
1.279031385576730129e+00
3.769323772040440446e-01
3.699988962865373154e-01
6.876628819274107629e-01
7.358702464246567043e-01
7.278246764636243649e-01
7.643797441499342593e-01
7.085429385054647922e-01
6.665132033824388014e-01
1.683137186531594720e-01
1.620547790698839696e-01
5.723859937564151901e-01
5.267817032518650189e-01
5.860160125824566135e-01
6.417779100946582327e-01
6.994289994058768833e-01
6.597066869223290331e-01
4.095859873816585228e-01
4.122636689781031261e-01
4.104856146198079814e-01
9.187374437680287942e-01
9.460298942631782670e-02
5.139184558145695192e-01
4.307918675769833450e-01
5.164767445968126980e-01
5.919579378867905195e-01
5.862305961632877649e-01
5.587320678048327549e-01
5.775149183138611475e-01
6.338944520669377303e-01
6.932608776830730957e-01
7.026006245931385452e-01
6.587862715113406153e-01
1.332128997482433796e-01
5.806367829179499562e-01
5.503289762394584228e-01
6.081424184781279996e-01
6.989567515487260518e-01
6.812089915470678214e-01
4.128822004242453381e-01
4.330311120222300469e-01
7.855318562657235271e-01
6.118224491497067374e-01
6.137767107145527534e-01
5.778776052350070858e-01
1.518224965406471394e-01
5.357885866919660511e-01
5.031510725770833581e-01
5.745828516842746980e-01
6.720294776804389691e-01
6.620736974249541440e-01
5.961083184349692532e-01
1.805629779526602419e-01
1.943216355855083011e-01
6.468693108274053971e-01
5.600312766893599248e-01
6.165806929392951830e-01
7.137079071611682757e-01
7.179203424343404416e-01
4.515858303019524844e-01
4.597007848319449863e-01
6.797098527690873526e-01
5.162352630829423195e-01
3.829695136275930167e-01
3.510370114480862447e-01
6.968069611101503913e-01
8.488322775967100942e-01
8.050614578694573753e-01
4.265454753586922498e-01
2.255810284680063171e-01
5.363524353540433109e-01
4.919697363278499047e-01
5.019214426626319447e-01
5.307954981060225563e-01
5.428418267543076992e-01
5.613865041898842279e-01
5.903545375584695609e-01
6.268096613232996273e-01
6.675142112372642877e-01
7.299166468507578553e-01
7.997218475866619825e-01
7.571641888663511732e-01
7.310396326115029542e-01
1.679367281745127449e-01
2.831853945365596092e-01
4.800853802790371327e-01
3.315401744099640280e-01
6.062126009895471013e-01
5.077380679575073108e-01
4.590223171115254686e-01
4.623317505845675468e-01
4.846496173843225508e-01
6.083550230454843888e-01
3.744311719737475896e-01
4.458337952187672037e-01
6.968948914444899057e-01
6.441577963140350249e-01
6.964850256737893375e-01
7.498764512949861460e-01
8.061546225987552550e-01
7.522530034682581856e-01
3.505407816789559705e-01
4.679376741436548359e-01
5.078971545753070416e-01
3.986007772289986151e-01
5.201207829866788535e-01
6.040502303872278267e-01
6.626251513537438909e-01
6.815054968558300619e-01
6.297841870686100574e-01
2.961517524719829431e-01
4.969063499048110288e-01
5.267365887587259765e-01
5.681509454947447635e-01
3.449205667492188931e-01
5.071954825254996191e-01
5.298085155061780238e-01
5.125818062619094118e-01
4.742255575045923877e-01
4.857994139108523513e-01
4.839658610289201413e-01
4.032915052741936068e-01
4.442454293553681488e-01
3.615571696333900187e-01
3.613795968863902641e-01
6.693141263382208495e-01
5.628046830533308675e-01
6.901959066286112998e-01
8.356887604967937477e-01
8.681064006631130647e-01
8.117345906966975111e-01
4.671486943143615678e-01
4.611807490776334006e-01
4.549568142482449673e-01
4.550573744646679852e-01
4.132455788544040498e-01
5.166841361093393870e-01
5.000648762007402492e-01
5.097677422063470187e-01
5.931448676300078438e-01
5.658896001689509569e-01
4.987010201049090208e-01
5.067700974664235414e-01
4.936654200206090914e-01
5.120191459904642750e-01
4.981195245440225294e-01
5.076038497917412240e-01
4.939569231226403345e-01
5.394436223730965096e-01
4.722465541315006843e-01
4.824976393564824884e-01
5.145130268949567043e-01
5.418331466639134675e-01
5.618161091849541711e-01
4.905606035249256425e-01
5.059997730737396671e-01
3.329512005956473675e-01
3.274915059064332779e-01
3.440384567720438103e-01
3.054407078163396960e-01
6.091568904329548451e-01
6.738362503155701511e-01
8.876270582390365371e-01
8.081594388176103205e-01
4.479764255686225494e-01
4.744665019903904768e-01
4.642739484714121234e-01
4.468320330808481233e-01
4.269982448779816031e-01
4.473769793768684888e-01
5.248924756865332997e-01
5.708328645984349636e-01
5.105626543943013740e-01
5.001579247432609288e-01
5.257190358094655513e-01
5.203635833126252219e-01
4.975949734466863505e-01
4.797700153545101931e-01
4.806664848686567071e-01
4.719566810030658144e-01
4.876044724749268311e-01
5.114033021170232285e-01
5.063979658383431781e-01
5.064674742242223360e-01
5.522351055776435480e-01
5.275370548771084467e-01
4.660061957717308023e-01
4.502291803793939673e-01
5.305246883394065804e-01
5.360289370832715949e-01
5.691736534590811081e-01
4.867225315236275440e-01
4.920168939167758881e-01
5.125908926068787341e-01
3.269665579863432203e-01
3.320212733604748223e-01
3.527567210260329489e-01
3.008054130431560003e-01
2.644653528811126697e-01
2.656980694460165937e-01
4.705788728194238990e-01
3.278495052498596740e-01
4.596912915334521732e-01
4.473464134601031206e-01
4.708315651971713978e-01
4.610226167310515488e-01
4.523651216084938476e-01
5.118814954758281743e-01
4.553341426538899395e-01
5.144845196972553936e-01
5.108799497139538959e-01
5.177432924023839256e-01
5.068638527589046650e-01
4.999268755646837370e-01
5.041811181870394787e-01
5.063648708024311995e-01
5.727615726671984042e-01
4.953088699728919186e-01
4.507358776788186194e-01
4.277085700647374478e-01
4.569957430418382094e-01
5.061286564786945386e-01
5.003820698024217251e-01
5.014805431519134826e-01
5.464428793379345617e-01
4.375855783741712801e-01
5.424843296917662983e-01
5.445414591843125152e-01
5.580699444126462350e-01
4.989189631644570522e-01
5.011021669427011549e-01
4.978630772024177920e-01
3.508274509011353737e-01
3.411635412984053151e-01
2.451709363348693882e-01
2.035152707922853188e-01
1.918363420968952349e-01
1.274498635153496207e-01
1.314903249313215672e-01
2.057038586464371432e-01
2.426260843686591506e-01
3.086005055969689992e-01
1.528586303324132589e-01
3.220570993069878929e-01
4.585525327289710629e-01
4.588379546233761208e-01
4.297798041081866693e-01
4.381145802022015090e-01
4.503397039945792879e-01
4.354783325147192907e-01
5.806114485863653751e-01
4.248233010550254152e-01
3.678174492749545221e-01
5.072188360754076308e-01
4.968756413549793027e-01
4.886936177275565951e-01
5.037773718577849280e-01
4.925848693639585107e-01
5.222178913857270510e-01
5.878975563572824692e-01
5.525447586499419028e-01
5.070081238073185226e-01
4.878410935058437037e-01
4.417937414519562123e-01
4.252062983017593778e-01
4.428380082801305906e-01
4.997029260139015938e-01
4.924770967265116872e-01
4.930924977271129994e-01
5.450765252545791695e-01
5.385950075771229750e-01
4.514366471511686574e-01
4.364845760680287068e-01
5.616196520529500580e-01
5.635375278357912521e-01
4.987760918661806042e-01
5.172740749173320163e-01
3.371036285584881886e-01
3.382572617621554811e-01
1.629330300561501188e-01
7.548128992192171260e-02
4.128088487969878984e-02
5.899457026524602271e-02
1.119506893781464785e-01
1.256425545226406149e-01
1.211144311410534552e-01
5.037372455962624285e-01
5.034465169650028660e-01
5.023770283834367856e-01
5.133955274523149814e-01
3.724282234001381475e-01
3.517921705503735952e-01
3.940168504438070762e-01
3.939599040363241378e-01
5.636903707254671270e-01
3.312125927362773448e-01
4.898057929011382927e-01
4.811577713750296303e-01
4.737976102113710120e-01
4.923106150758630450e-01
4.981391742082535434e-01
4.961842759642978162e-01
4.991965524801057486e-01
4.974314891123989835e-01
5.862697444028716065e-01
4.816853365831683109e-01
4.547654404500132697e-01
4.493139209219574881e-01
4.552150435300026943e-01
4.853253622875033368e-01
4.806393313454843663e-01
5.023604644900290239e-01
5.653670811004253283e-01
4.261025989538259617e-01
5.597391585105242484e-01
5.644112098324047810e-01
5.856994037070792913e-01
4.909331289795254016e-01
4.923255440949524386e-01
3.387653099690690062e-01
3.433630243360240031e-01
9.325759255894304489e-02
5.050470240844587844e-01
5.140453591137165157e-01
5.134504999597289121e-01
2.831711290376222601e-01
1.938103702582917587e-01
3.858193800348512781e-01
3.653924956373917343e-01
4.792690797489532750e-01
4.861057748682043322e-01
4.878636339699775615e-01
5.060734079577583477e-01
5.031021628007960045e-01
5.130526273620487077e-01
5.992244583481677322e-01
5.667151181975570440e-01
4.984978160779774403e-01
4.769497722888325075e-01
4.611324509592010235e-01
4.609672637768574277e-01
4.611015648729203109e-01
4.730433151010269843e-01
4.748941179925127987e-01
5.051638223469759881e-01
5.658889756357278200e-01
5.601431282333892980e-01
4.354000666171747858e-01
4.250018538257806511e-01
5.561486003600480954e-01
5.504337882248432345e-01
5.728143073454371459e-01
4.871678526772456053e-01
4.866313369413322598e-01
4.845254958522842714e-01
3.425541607546377376e-01
3.277681597644069300e-01
6.677227676242859788e-02
5.763375311652831762e-02
5.093593668672291574e-01
5.025033841471631124e-01
5.169076729871112663e-01
5.188303489840125904e-01
3.945267054559256636e-01
4.907351649032944962e-01
5.000486079537272976e-01
5.156392304625586620e-01
4.972834555714342741e-01
5.004204295276800663e-01
5.496251047964185732e-01
5.941893479634717812e-01
4.780872437512727613e-01
4.675919393096351628e-01
4.698318877628323009e-01
4.655802317729228479e-01
4.798145586784017258e-01
4.850355760753677359e-01
4.979050638149831176e-01
5.681219560641308508e-01
4.038421736541909501e-01
5.700760664606192574e-01
5.629402657823502354e-01
4.752674516609707300e-01
4.724276204334769691e-01
3.206425654336902409e-01
2.753122011795068325e-01
7.958707100355101594e-02
8.201651475217373866e-02
5.051274409617796390e-01
5.046951447292526982e-01
5.108138595182919461e-01
5.307440073394112945e-01
4.116429318227935452e-01
3.821021519040074255e-01
4.986035057089205913e-01
5.095128752217668033e-01
5.067017279632409776e-01
4.858531608846421990e-01
5.776751808085870410e-01
4.961937403984323369e-01
4.740621732039812519e-01
4.690242294057737071e-01
4.644626565592767653e-01
4.653838634577104894e-01
4.721490907247086755e-01
5.829245891172903926e-01
5.795947942092286587e-01
4.147014705732324780e-01
5.707523374112352110e-01
5.430236965719813513e-01
5.663911270497083983e-01
4.789994752900929020e-01
4.674351601892544616e-01
2.308329618190149424e-01
1.787560842941715578e-01
3.145937045834744095e-01
4.953887439918353008e-01
5.012019866360927223e-01
5.046177306708402588e-01
4.190580927433587011e-01
5.061984605369788115e-01
5.259646415846974676e-01
5.064957763822626191e-01
4.740268604983324807e-01
4.748605762836112798e-01
4.049400381127888915e-01
3.997016598349826255e-01
5.813245258754007327e-01
4.096601125740393923e-01
3.713741473331225729e-01
5.758058234097264139e-01
5.557467677234477765e-01
4.698143264838303135e-01
4.697614092926030160e-01
4.913777393442540081e-02
6.649185601548293079e-01
6.665176791975685466e-01
4.922061959617209381e-01
4.967730407444131413e-01
4.738268212661152501e-01
4.431035708992156485e-01
4.037385311647872510e-01
4.788939867762536662e-01
4.741366114225776252e-01
4.743395172022825679e-01
4.377660436572176073e-01
4.046692577001282376e-01
5.683972884128091208e-01
5.442420007482873245e-01
5.602933222641648392e-01
4.778769715028107212e-01
9.867680775088281953e-03
1.831128326385764518e-02
6.376439421040269728e-01
6.105859761764623750e-01
5.134945249968944081e-01
4.404910805602745838e-01
5.013040122445935332e-01
4.679628321727385964e-01
4.462235435991684929e-01
4.791415737257868068e-01
4.603936805849155878e-01
4.419245184429891338e-01
4.365073479128799283e-01
4.174092281685505834e-01
3.739974334948930057e-01
5.104879130020048006e-01
4.810320095327776380e-01
4.821591044182785835e-01
6.401550704267404412e-02
1.984223961037788198e-01
3.152563395597983709e-01
3.383798684968716275e-01
6.012842277812968650e-01
6.165415863275380826e-01
5.457520193650631235e-01
4.965016963120710280e-01
5.420264700764101384e-01
5.671603974316822283e-01
4.579603395547131583e-01
4.584517312502487396e-01
4.954028777899401326e-01
5.057610164933104002e-01
4.572300635305716066e-01
4.431656382382071491e-01
3.438378283366074761e-01
3.514869205852090839e-01
5.798929227059719249e-01
5.338426090427517146e-01
4.873908521448656606e-01
4.840013917936186738e-01
3.281052448330977755e-01
3.115262681750320395e-01
6.081617480530813191e-01
5.901006059803201031e-01
4.962096515655469164e-01
5.890173895880418398e-01
5.887463248447981634e-01
4.562964272729265747e-01
5.540487836062465421e-01
4.482388334532858010e-01
4.288957219820088707e-01
5.114178865709693156e-01
4.929033440270681465e-01
5.119898646223937089e-01
5.046015222910645859e-01
4.880502009147965059e-01
4.919237731848486450e-01
3.172338439872247617e-01
3.269662270668933224e-01
3.429871642256335784e-01
5.763773232312928707e-01
5.569273568257876450e-01
4.961376578731316322e-01
4.854183099673863855e-01
5.923592697064727908e-01
5.906755633406719497e-01
4.612686010570962725e-01
4.521400964146489176e-01
5.385394160628707017e-01
5.613910316341297335e-01
5.446539852435609008e-01
4.525258194197269712e-01
4.573840280480458986e-01
4.921756051796418729e-01
4.895061331904160817e-01
4.133030443690474121e-01
4.494273117024846220e-01
5.738176090815133579e-01
5.908828426297717540e-01
5.131375005356805241e-01
5.178532766553493039e-01
4.850678763366219060e-01
4.911382393836077331e-01
5.128508737573520548e-01
5.210193211645792744e-01
4.996195380462130631e-01
5.018261732710658229e-01
3.298603569783709610e-01
3.382284002832644521e-01
5.505262364454089896e-01
5.915194628266648991e-01
5.937613881991663511e-01
4.788068034647758320e-01
4.763694516447396499e-01
4.978914333122870794e-01
4.963542004857393608e-01
4.861450608088388470e-01
4.554540548552931667e-01
4.518722303330831025e-01
4.570989484083380905e-01
5.821749110741721855e-01
5.766611516840971507e-01
4.438909890651528412e-01
4.538650166214382442e-01
5.453711440942837774e-01
6.521909229762363758e-01
5.109227326654314227e-01
4.733937684796254985e-01
4.699166827961625548e-01
5.423370910371735354e-01
5.489265083435563852e-01
4.654209292344369531e-01
4.543167779359426062e-01
5.156729445037099291e-01
5.094385530440596055e-01
4.242500868784510604e-01
4.065400586314083520e-01
5.526515459788590157e-01
5.678724528489060841e-01
5.186456234982155244e-01
5.257922045877511108e-01
4.765623775674742713e-01
4.847951451097109454e-01
5.029736508003495032e-01
5.079167544233569309e-01
5.014848752230448570e-01
5.021356454133302227e-01
3.425485308101764437e-01
3.773489002974432238e-01
3.962622788919094585e-01
5.979885156400602808e-01
6.055728482577131810e-01
4.708643912910486784e-01
4.637283966578928940e-01
4.936406724668758184e-01
4.955774903329319137e-01
4.542887371251764783e-01
4.607520309411457515e-01
5.757374465941915709e-01
6.063601597502908946e-01
6.094179472372589501e-01
4.493562821767265181e-01
4.497267610324313103e-01
6.131822093554825104e-01
6.223135292652978157e-01
4.731747484377881174e-01
4.858797798743652585e-01
5.400611209255683498e-01
5.325676225806220687e-01
4.565742175402241476e-01
4.490866238318811376e-01
5.156437573719109269e-01
5.140980680619717802e-01
3.870990511720280303e-01
4.005214838484756346e-01
4.224496233301254233e-01
5.695316707537925183e-01
5.978611544483706242e-01
5.822318478640384765e-01
5.307770096616800659e-01
5.207733667329640381e-01
4.819307828299780327e-01
4.871514737858739230e-01
5.097485492232873838e-01
5.111848411341507470e-01
4.970850848137143840e-01
3.875530554076991319e-01
3.760149526723050029e-01
5.874917578939530260e-01
5.840281186663406343e-01
4.570148943594274926e-01
4.570558097128786801e-01
5.106380286593995566e-01
4.503987294700590449e-01
4.531274600850103140e-01
4.690209678377723068e-01
6.013498664668360805e-01
6.035078691911056614e-01
4.538597183051849004e-01
6.192781740443533689e-01
6.126198906083593076e-01
4.689749533664077652e-01
4.732651271559508155e-01
5.192287161133205542e-01
5.443177358178440395e-01
5.450242839326181477e-01
4.513382284867079042e-01
4.493161675503614672e-01
5.233928999711969787e-01
5.232064707101057310e-01
4.069255956549719944e-01
3.967449367737435062e-01
5.781173255130769295e-01
5.746600358951449161e-01
5.310217138107261592e-01
5.288997507338332182e-01
4.822359312062688419e-01
4.925965540372986839e-01
5.092018337808421613e-01
5.116850467311733208e-01
5.005896171483260604e-01
5.014618046312815380e-01
3.695527195758789851e-01
3.846526475466946482e-01
3.851439596458871573e-01
5.596510424830597463e-01
5.853962967835848463e-01
5.878393329497118014e-01
4.421918335541045186e-01
5.097566028274419514e-01
5.282517110344997491e-01
4.574714314682507554e-01
4.517595354448765144e-01
5.753205169388647677e-01
5.866318904843981219e-01
5.852377689168825059e-01
4.595886024008399851e-01
4.541337841905859762e-01
6.137572429473376889e-01
6.005109215569400805e-01
4.732929161035172028e-01
4.680181593725648015e-01
4.706600072779900112e-01
5.472524384796653152e-01
5.543444882698694842e-01
4.497936522215867372e-01
4.470140784745118001e-01
5.383640291186099214e-01
4.078411775951318319e-01
4.224454724735055566e-01
4.409827322868113963e-01
5.489808675340230870e-01
5.519915367448551269e-01
5.190996861932146711e-01
5.243621066520000040e-01
4.829901813588354798e-01
4.939566281964910544e-01
5.117831738717855128e-01
5.140161128557966252e-01
5.172315178989571605e-01
5.041838313218729439e-01
4.091740162486304233e-01
4.169426346704867004e-01
5.772331809711681583e-01
5.942049530519356582e-01
4.447460817953838852e-01
4.370867445882815616e-01
5.219668131813414158e-01
5.382215526815767870e-01
4.392972039851011923e-01
4.478921621171042533e-01
4.479829029316264588e-01
5.804890928452780541e-01
6.051256664158918275e-01
4.553488986700032215e-01
4.591998663819513160e-01
5.919018597149197092e-01
5.873351509407535032e-01
4.626676938902802294e-01
4.622786248008133314e-01
5.331835381107818961e-01
5.335563514017938047e-01
4.431264666690107323e-01
4.396639034460023687e-01
5.377626916753616149e-01
5.453432333944642219e-01
4.326437351836628364e-01
4.241737945947448574e-01
5.516990106226641322e-01
5.475447122975465319e-01
5.676837926682058999e-01
5.089601464447237600e-01
5.106222722034587935e-01
4.864845457381787308e-01
4.905341128878990542e-01
5.173503910858350263e-01
5.171953684895849168e-01
4.820969770099534091e-01
5.054844911944702535e-01
4.079743301376964615e-01
4.041734581180559394e-01
5.632463537544240006e-01
5.669694784087117023e-01
5.887886415567205045e-01
4.363512545177344881e-01
4.305421168882410665e-01
5.442319932910089086e-01
5.438401854117567158e-01
4.574761218062996515e-01
4.636268702554169341e-01
5.744121280451151002e-01
5.810040963214112564e-01
6.047128414562862320e-01
4.632016170642938024e-01
4.684773099782919559e-01
5.788278861595774760e-01
5.661846287375538189e-01
4.636237851655649611e-01
4.619564164851028276e-01
4.674180433728138406e-01
5.317253116220379550e-01
5.289932782289731295e-01
5.521767717811836285e-01
4.357066890086744304e-01
4.430007628922446594e-01
5.423159392700288572e-01
5.436290844396545197e-01
4.184474120603816627e-01
4.305928320722304248e-01
5.451392285506105884e-01
5.288108436665177603e-01
5.034298432305258642e-01
4.933136836428916316e-01
4.911690748325034939e-01
5.182817737161141691e-01
5.147168849218066722e-01
4.982677878316396636e-01
4.009671284367569144e-01
3.894574031932419578e-01
5.407973717514761303e-01
5.262289460941685926e-01
4.298213795454774999e-01
4.767399092692574669e-01
5.561432001538468839e-01
5.450571160085342370e-01
4.573303616926107651e-01
4.520166539742996870e-01
5.584463081674748697e-01
5.600184372214933592e-01
4.402615339972051345e-01
4.958344331934046445e-01
5.802395178055148595e-01
5.761379908986312692e-01
4.588057037315040332e-01
4.541661016971624276e-01
5.183428300741234063e-01
5.159866955881058370e-01
5.695904361257807524e-01
4.249712318768248953e-01
4.532350156049745338e-01
5.510173182835701455e-01
5.462114564699807051e-01
4.351597382707231843e-01
4.556791551506753635e-01
4.535966174616802293e-01
5.168471199369009117e-01
5.110873623424921908e-01
5.115112718748131559e-01
5.023891229711732187e-01
4.934917790723122866e-01
4.989239705212061282e-01
5.173332265821194431e-01
5.134942996817817296e-01
1.067461631338699091e+00
3.909656587672507011e-01
3.835457917326484112e-01
5.129140440164465797e-01
5.692347371939252554e-01
5.634623531013007725e-01
4.503447002876552752e-01
4.492132809289690609e-01
5.549193553121775091e-01
6.152670190290533414e-01
4.505568386408781434e-01
4.409252740864054720e-01
5.178241348140834033e-01
4.635423917637551683e-01
5.442634106989737708e-01
5.388236405411078733e-01
4.491067178788934466e-01
4.506324517671310703e-01
4.911763542151788564e-01
4.912262646632516994e-01
5.026852370065654219e-01
5.175767104391820750e-01
4.996244973154810309e-01
5.007227412946927414e-01
5.165110572194767657e-01
5.141083194429996173e-01
5.378040506084632355e+00
3.856939080754179239e-01
3.805894098360246836e-01
5.591688396725998933e-01
4.490633294007603804e-01
4.459695791331053094e-01
6.297724172188350344e-01
6.099109879992178351e-01
4.414106792863303763e-01
4.415511759864592101e-01
4.558766791716478139e-01
5.434666791415585507e-01
5.318115167626424888e-01
4.441664632698875681e-01
4.660708740037118880e-01
4.697422853207865456e-01
4.931989259353094512e-01
4.959149587648462032e-01
5.040152812546686567e-01
5.047915527117572410e-01
5.023823005525537289e-01
5.199635107858510130e-01
5.155028702388267936e-01
1.695696208256288529e+01
3.900299810448841220e-01
3.987319242350524373e-01
6.102766512823802891e-01
5.393054701566201148e-01
4.583667817321263049e-01
4.615782963885667889e-01
6.167643118379857459e-01
5.898314238579965840e-01
4.450416366553671121e-01
4.207123299978784980e-01
5.495173808924471714e-01
5.769568123650274938e-01
4.418439415531104641e-01
4.037916511899551919e-01
5.195081735541825507e-01
4.891196664254185422e-01
5.160337064504114668e-01
5.140160191571446768e-01
2.747659443959183179e+01
4.017271810581250491e-01
3.365136015053546426e-01
5.574558412807928409e-01
4.697715836126208355e-01
3.919066456320383640e-01
5.562124650946397297e-01
3.589496653772936696e-01
5.526805548621614994e-01
2.934370172105287278e-01
5.079678372096141370e-01
5.186931520723142564e-01
4.906418440329858854e-01
3.151245799285901228e+01
4.015100485641092121e-01
3.984648989588648882e-01
5.392511462800919642e-01
4.698028951385779250e-01
4.616111866443403100e-01
5.898255901201202578e-01
4.206984567107660555e-01
5.770087386704256804e-01
4.037767467253358666e-01
4.890807898608812154e-01
5.186955091384892746e-01
5.140190949319523028e-01
2.747651276083179539e+01
3.897606755024604630e-01
3.803111248369442365e-01
6.102112277275988372e-01
5.590368253224868855e-01
4.583955282551178123e-01
4.459960091072189825e-01
6.167710134700389313e-01
6.099146262790239303e-01
4.450275433339162534e-01
4.558698225096498025e-01
5.495580361919119028e-01
5.318626231468186472e-01
4.418664722164915015e-01
4.697999592532026703e-01
5.193984612916823229e-01
5.022495362270124053e-01
5.160347609329030139e-01
5.155056925390639755e-01
1.695688797307506945e+01
3.854928121457777968e-01
3.833529775856385768e-01
5.634017425357183972e-01
4.490845906067499893e-01
4.492347413501246445e-01
6.297742611412499025e-01
6.152771515532013957e-01
4.414061064216248664e-01
4.409211090857772519e-01
4.415426743562593792e-01
5.435142151465283122e-01
5.388634318902781883e-01
4.441732446201680506e-01
4.506284630737659169e-01
4.660806092002994783e-01
4.932023350510237325e-01
4.912305888122301956e-01
4.959245192198688534e-01
5.040079522613766239e-01
5.170578249337126620e-01
5.047226251209397940e-01
5.007571284209071383e-01
5.199662095009991436e-01
5.141100518223239435e-01
5.378005962135675055e+00
3.908146519842116140e-01
3.893352719783451654e-01
5.127646125527718368e-01
5.261083977502639675e-01
4.767091812705071541e-01
5.691540768432440389e-01
5.449678513276741132e-01
4.503602747544525609e-01
4.520323700782131748e-01
5.549211012146469946e-01
5.600099252622833257e-01
4.958369995979874933e-01
5.761217902606932117e-01
4.505584666297755558e-01
4.541669667561458734e-01
5.178185914440337489e-01
5.696115268738261017e-01
4.634964963080906442e-01
4.531821223531886655e-01
5.442922991268336341e-01
5.462306027624946880e-01
4.491000479791953937e-01
4.535680557697422399e-01
4.911764714696339462e-01
5.115141245615378862e-01
5.026422194326631843e-01
4.934367164261555527e-01
4.996747906697757702e-01
4.989607944541619156e-01
5.165127475043688188e-01
5.134963400656660237e-01
1.067449469911933457e+00
4.008836520387313862e-01
4.041251018945421492e-01
5.409711570937139058e-01
5.891104094087880050e-01
4.297871766847524699e-01
4.305348671326716392e-01
5.560620709026087294e-01
5.437752239342599214e-01
4.573469700979597152e-01
4.636401799220412068e-01
5.584279295444412039e-01
6.046940564333385115e-01
4.402585018924858318e-01
4.684735276494338407e-01
5.802284673466070464e-01
5.661863330942615846e-01
4.588099836206410709e-01
4.674296742054286358e-01
5.183695230690004152e-01
5.522006052302603774e-01
5.160354475549084885e-01
4.249108416356743856e-01
4.429570621853476386e-01
5.510225928067442602e-01
5.436297144019492933e-01
4.351446129683933517e-01
4.305919815957685026e-01
4.556629582611590457e-01
5.168570502176010883e-01
5.287992779422231449e-01
5.110935841826845794e-01
5.021474099387469581e-01
5.036216824733641406e-01
4.911673981589426696e-01
5.173354923878168421e-01
5.147194383407709406e-01
4.982691147433348511e-01
4.079700829461795353e-01
4.169913266296557675e-01
5.635894496536489884e-01
5.945588198250383316e-01
5.673344431405472621e-01
4.363568622642434169e-01
4.370749349602409128e-01
5.441870736291797295e-01
5.381757169707446220e-01
4.574821802632683676e-01
4.479743605914073279e-01
5.743841106129680130e-01
6.050998836078645970e-01
5.809752171542995614e-01
4.631981991628651985e-01
4.591976255631213255e-01
5.788332537113947129e-01
5.873410240854793907e-01
4.636426605773703580e-01
4.622963758780462284e-01
4.619695904594369185e-01
5.317311589279535289e-01
5.335736637048751341e-01
5.290102717058798865e-01
4.356651935626141836e-01
4.396309332233991896e-01
5.423079450885487374e-01
5.453280758874858858e-01
4.184808236168312545e-01
4.241935408143823749e-01
5.450778194530531140e-01
5.676701829952329748e-01
5.107158257340050911e-01
4.933861627107816172e-01
4.905581066326452633e-01
5.182845392019448383e-01
5.171985896751014611e-01
5.054846413327210852e-01
4.092515918709552780e-01
3.853064139793018761e-01
5.775500899526160303e-01
5.880660096456952202e-01
4.447187753071220051e-01
4.421667232782625634e-01
5.219548336706730796e-01
5.282326217104900135e-01
4.392840270421187188e-01
4.517561842230694014e-01
4.478909941100341352e-01
5.804680214170392372e-01
5.852235582607078213e-01
4.553485131869020597e-01
4.541331625811579342e-01
5.919115855299785789e-01
6.005207351894670254e-01
4.626875604617632920e-01
4.706769263433746020e-01
5.332071383230228001e-01
5.543654216059240580e-01
4.430996240350939530e-01
4.469973738636502936e-01
5.377432371842540970e-01
5.383525436155451871e-01
4.326631974259859681e-01
4.412719263202584119e-01
5.517388151999430557e-01
5.520395225793923721e-01
5.475650815572646879e-01
5.089784003384431044e-01
5.243389725519368438e-01
4.865180787804017637e-01
4.939663768801909605e-01
5.173540055199291610e-01
5.140203600429950059e-01
4.821000776335241933e-01
5.041804110682363005e-01
3.698006019546200007e-01
3.762738304791897193e-01
3.848058351948024924e-01
5.598463009192529150e-01
5.842064676543273771e-01
5.856127208362781333e-01
4.570403687111699309e-01
5.097526339950203544e-01
5.106407663095493543e-01
4.574645893046037082e-01
4.689939847751805058e-01
5.753077973395727129e-01
6.034982491245198810e-01
5.866197500169655354e-01
4.595876845848165804e-01
4.538606848177931252e-01
6.137685314195875375e-01
6.126324265764645505e-01
4.733128958864104563e-01
4.732866438364667916e-01
4.680413413161167990e-01
5.472614577677057390e-01
5.450156303356011867e-01
4.497834943071132852e-01
4.493161903587050143e-01
5.231783652453302347e-01
4.079899767491011464e-01
3.970663852121702475e-01
4.217962085895429758e-01
5.489803887066341259e-01
5.747712666262047021e-01
5.190815086573360437e-01
5.288361283322107198e-01
4.830079584655632696e-01
4.925888672831725268e-01
5.117879169481878154e-01
5.116903980599886159e-01
5.172295379300290152e-01
5.014592337044125880e-01
3.878788132321962512e-01
3.966347949058886546e-01
5.875848650181355604e-01
6.055953460834969659e-01
4.569987475932517085e-01
4.637003584711413273e-01
4.955815964882273605e-01
4.503651544180403699e-01
4.607347275242657525e-01
4.531084197647247680e-01
6.013451483696133915e-01
6.094200622659755595e-01
4.497280575277665671e-01
6.192834411969909691e-01
6.223188329925729567e-01
4.689959949056967670e-01
4.859044506051013457e-01
5.192347332894384770e-01
5.325899029900098558e-01
5.443110824524851621e-01
4.513448229585351190e-01
4.491006636285390097e-01
5.233631799471881729e-01
5.140480724524876255e-01
4.070777718622002883e-01
4.225282316668196869e-01
5.781214550705464639e-01
5.819678929529908951e-01
5.309896123497723774e-01
5.207349761684850753e-01
4.822385068513453388e-01
4.871349143544969063e-01
5.092077624907016542e-01
5.111915999794491849e-01
5.005874547526925067e-01
4.970827654154370001e-01
3.429128382927865704e-01
3.386220541489026181e-01
3.777197508901359302e-01
5.979843739459727026e-01
5.936571283761603590e-01
4.708378470687629158e-01
4.763242243805094756e-01
4.936496982858608051e-01
4.963802989648422592e-01
4.542720221048709983e-01
4.570760682006608233e-01
5.757397170105678086e-01
5.766637378123260493e-01
6.063640444854132561e-01
4.493579245988585935e-01
4.538655165413278958e-01
6.132150778413461012e-01
6.522176028765730438e-01
4.732005581704314956e-01
4.699473759972686571e-01
5.400390652681626991e-01
5.489180423282938870e-01
4.565947840945048797e-01
4.543422130622407074e-01
5.155942620991428305e-01
5.093675409392223186e-01
3.871880871445575467e-01
4.065912585383720246e-01
4.005942068531249678e-01
5.699673487569075769e-01
5.683693464213797064e-01
5.977751700160421899e-01
5.307378852579434092e-01
5.258082514268758167e-01
4.819044201208850242e-01
4.847786911319056369e-01
5.097560331981668691e-01
5.079247359407315088e-01
5.021270657565592987e-01
3.301969502411364332e-01
3.433081931307422341e-01
5.502888348963679288e-01
5.566575556775360534e-01
5.914108162382785139e-01
4.787531538463401515e-01
4.853408059421429055e-01
4.979166748363406669e-01
4.861327795636836147e-01
4.554418582964605000e-01
4.518583277464148229e-01
5.821575118974423591e-01
5.906541881119974358e-01
4.438904429960154330e-01
4.521373366774920077e-01
5.453890873171048925e-01
5.109575035804024834e-01
4.734223299007017105e-01
5.423293366178800756e-01
5.446292327890907004e-01
4.654548252856837709e-01
4.574226775746087492e-01
5.155847770696099230e-01
4.894726790372838088e-01
4.242969604609083123e-01
4.494648473290633883e-01
5.527794486785414518e-01
5.910878791404268195e-01
5.186344740641198880e-01
5.178573975890501391e-01
4.765288544414422733e-01
4.911053044400183754e-01
5.029829427461376401e-01
5.210298437804625760e-01
5.014804079595862607e-01
5.018166734280105068e-01
3.174416063151756506e-01
3.117008436432696095e-01
3.272528465508356965e-01
5.759998931668001143e-01
5.896556041014259231e-01
4.960536080567921613e-01
4.961466491964089398e-01
5.923810244198737252e-01
5.887800864746108864e-01
4.612644776468543539e-01
4.562962738480370595e-01
5.385048234657815458e-01
5.540193487000071304e-01
5.613751548341189279e-01
4.525871930130646037e-01
4.482952423850644075e-01
4.921433880407995454e-01
4.133125837158165283e-01
5.737371175696742709e-01
4.288710809187679662e-01
5.131511975284567262e-01
5.114471664409723228e-01
4.850268162358633561e-01
5.119492348127402392e-01
5.128584000576682511e-01
5.045926968673237756e-01
4.996134059489806822e-01
4.919152945252691089e-01
3.282377343787037938e-01
3.384830858700053069e-01
6.076733257101226693e-01
6.159542767610843850e-01
4.964188504388212797e-01
5.890834201568326822e-01
5.671989988409189554e-01
4.584515230148241138e-01
5.057104473717392024e-01
4.432265291068393509e-01
3.514821236872026078e-01
5.337896966701203283e-01
4.928828438796257205e-01
4.880380827282676526e-01
4.839946253286718236e-01
6.399440113535208308e-02
1.824138923262446504e-02
1.984032766291481675e-01
3.153099142777835984e-01
6.007044787469311142e-01
6.100127198160855135e-01
5.456458417899985314e-01
5.134687767976511275e-01
5.420181982526329767e-01
5.012903777119086524e-01
4.579597903501826939e-01
4.462228240189937689e-01
4.954023333314783728e-01
4.603760260542286153e-01
4.572817111329475215e-01
4.365495619065411503e-01
3.438388740473810601e-01
3.740014708586821279e-01
5.799390998516080753e-01
5.105317576040527827e-01
4.873839437870578495e-01
4.821535611889176121e-01
9.825839104963188589e-03
4.910138465888031628e-02
6.369672133036990980e-01
6.660491326645345822e-01
4.738641564645699744e-01
4.404659795538851674e-01
4.037057603719164112e-01
4.679658768051740414e-01
4.741360980578608886e-01
4.791186287091336315e-01
4.743277991800829430e-01
4.419460159682216949e-01
4.377657439004388196e-01
4.173871572714159539e-01
4.046309969358642955e-01
5.603154257787507087e-01
4.810181495898330772e-01
4.778642936612275682e-01
1.787037825540842562e-01
6.644203880511380111e-01
3.145212964612429940e-01
4.924685428976990909e-01
5.046276688625337403e-01
4.968253863278954685e-01
4.430590385267377251e-01
4.190090587754863871e-01
4.789113121114629834e-01
5.065198934165350275e-01
4.740303200902123981e-01
3.997046557449172588e-01
3.713472100799249387e-01
5.683695916933980685e-01
5.557465579373889186e-01
5.442426238785342818e-01
4.697488421088116817e-01
2.307268082587747293e-01
2.752427340715063453e-01
8.212332614316188162e-02
4.954541007921894336e-01
5.306432967882158680e-01
5.012596156887570986e-01
3.820461715839716943e-01
5.062281294337852566e-01
5.067048571176885341e-01
5.259897249765432825e-01
4.740731903518184409e-01
4.748721219142600924e-01
4.653972714856885462e-01
4.049686166547656896e-01
5.813190865823875120e-01
5.829146919229639678e-01
5.795874304903679830e-01
4.096184365247435011e-01
4.146630408354690100e-01
5.757811274116776401e-01
5.663843582683594224e-01
4.697991551080283879e-01
4.674198811651383845e-01
3.205072399320679222e-01
3.276267657110687459e-01
7.969128737115892258e-02
5.780091884454775786e-02
5.050963920542410612e-01
5.188314355886504137e-01
5.047236761777583736e-01
5.108001807831121788e-01
4.115695445620428661e-01
3.944312684808058966e-01
4.986165808721285675e-01
5.156439601394644523e-01
5.095315789864394151e-01
4.858550000283482495e-01
5.495934250131726539e-01
5.776903315638771685e-01
5.942033970541893417e-01
4.962291147043484396e-01
4.781236829648658482e-01
4.690355721094939256e-01
4.656109863491497691e-01
4.644562299068571432e-01
4.721373648999303008e-01
4.978746014618659621e-01
5.681516450912554861e-01
4.038271262701130793e-01
5.706903901477857755e-01
5.629198733074999295e-01
5.430149068559934067e-01
4.789875518408415744e-01
4.724133477007393389e-01
3.422687347982241168e-01
3.430764753435667780e-01
6.694101934761899353e-02
9.351179885747860909e-02
5.092958692622959749e-01
5.134295078362537401e-01
5.024325875701957100e-01
5.168658097223388648e-01
3.653102385575722200e-01
4.907401125576418277e-01
5.060999740561128446e-01
5.000578210741677410e-01
4.972570838904543100e-01
5.130421791259673903e-01
5.004120933741710298e-01
5.666982680699259589e-01
4.769983749529808081e-01
4.676094222196551242e-01
4.611141257615751776e-01
4.698276218228701895e-01
4.797877525685218525e-01
5.051453881678223956e-01
4.849952849269995592e-01
5.601827211171794829e-01
4.250561677412019179e-01
5.700608808147287210e-01
5.727714223205954136e-01
4.752554675382827942e-01
4.845191211581748592e-01
3.387685670008453442e-01
3.383106204044021292e-01
1.211936453011157183e-01
5.050395013318024207e-01
5.134268652244841080e-01
5.140133335437827578e-01
2.831331516422798678e-01
3.939076314958143699e-01
1.938058023647649397e-01
3.858313896487522987e-01
5.636528334886067304e-01
3.311969785951095480e-01
4.792658855042565835e-01
4.922925082829546217e-01
4.861040985881562304e-01
4.878623111066953677e-01
5.030766225872184139e-01
4.974113062610990288e-01
5.991947391604472983e-01
5.862323234768547220e-01
4.985455060221059553e-01
4.817468786082689247e-01
4.611497256980353621e-01
4.552349140731914434e-01
4.609814259524376845e-01
4.730245063249549076e-01
5.023432404099447135e-01
4.748762383830177347e-01
5.659167830832800838e-01
5.653524268932426100e-01
4.354679056344621380e-01
4.262182930959976246e-01
5.561297137533821600e-01
5.856887319553480964e-01
5.504239955900918080e-01
4.871668258382269023e-01
4.923212326308910591e-01
4.866236024176884278e-01
3.363650340134046179e-01
3.403444719876252411e-01
1.631229558106750688e-01
1.919971012614848649e-01
7.565299322567604901e-02
4.147014483592787598e-02
5.933459054437555114e-02
1.123154608228852658e-01
1.314243989576392158e-01
1.254858582069791062e-01
2.409023011260374991e-01
4.574621297705066536e-01
4.571897515598173922e-01
5.030476949983280210e-01
5.033576823167636993e-01
5.025234829883933330e-01
3.723970084785458434e-01
4.354183289016282932e-01
3.517787469754331542e-01
3.939657643775085205e-01
5.804695395183984141e-01
3.678525766149478571e-01
4.897826514613781712e-01
4.886708712215773187e-01
4.811408410217135057e-01
4.737862235841165948e-01
4.981190272405274233e-01
5.221984447778310612e-01
4.961592030501221773e-01
4.991783973195287327e-01
5.525041513418276207e-01
4.878963108901175905e-01
4.547850594530387092e-01
4.428715760526250600e-01
4.493298811872785681e-01
4.853073644098044870e-01
4.930665570417527843e-01
4.806259803033201550e-01
5.387583557511066434e-01
4.367834508373608093e-01
5.597073066917247486e-01
5.635176384711840791e-01
5.643830222100331140e-01
4.909308068287104865e-01
5.172742248913875240e-01
3.506584561382963261e-01
3.525832497345884886e-01
2.453259979859149786e-01
2.658770132259754004e-01
2.036602858260222471e-01
1.272961967277699280e-01
2.054274650658252377e-01
3.178768402393438164e-01
3.338377321220857286e-01
1.520806700571375736e-01
3.208736061013197083e-01
4.297515892962950335e-01
4.523033827230035775e-01
4.380841769304182343e-01
4.502642354944982328e-01
5.116063979064792155e-01
4.248050700972021421e-01
4.552856157714303409e-01
5.072114978480642966e-01
5.177232475307845805e-01
4.968605024175845042e-01
5.037560593077295978e-01
5.063362850898662781e-01
4.925667856140196754e-01
5.878672238448107157e-01
5.727308829219895925e-01
5.070757526764683165e-01
4.953855369060983227e-01
4.418086742379560006e-01
4.570295311386051718e-01
4.252193267804987298e-01
4.996846014386298607e-01
5.014539659012592354e-01
4.924591365908876361e-01
5.452560809414128684e-01
5.462608623018723186e-01
4.517753581660905460e-01
4.377972171878496965e-01
5.616044764428953506e-01
5.580243606722582461e-01
4.987800804354727835e-01
4.978659109639565483e-01
3.265559310890824296e-01
3.272591288222735928e-01
3.318256496303955694e-01
3.010053066554325696e-01
3.056525356038696795e-01
2.646457690454073752e-01
4.706478524607056735e-01
8.088951993879998081e-01
4.596637169798380440e-01
4.642979379710487353e-01
4.473167213587718738e-01
4.707660411004120360e-01
4.609484170203818065e-01
4.465804818803252307e-01
4.472895138634682688e-01
5.144665055224459937e-01
5.708719264132476878e-01
5.108726904524922841e-01
5.068598487871078806e-01
5.256988085556408841e-01
4.999112516234169301e-01
5.041720456224921820e-01
5.202349368660863504e-01
4.797876344729252174e-01
4.507280612827320732e-01
4.876222289226308515e-01
4.277240168283080735e-01
5.061096175400141561e-01
5.064410698255292775e-01
5.003640288601759467e-01
5.270342426890953780e-01
4.501131921498382482e-01
5.424728585194641406e-01
5.691547624332264910e-01
5.445185614752516834e-01
4.989235335690660467e-01
5.126004777239369092e-01
5.011061592507020102e-01
3.328271259656589987e-01
4.032208711138497437e-01
3.441955597947189971e-01
3.615694767379825647e-01
6.043991554556914503e-01
8.096378059646389680e-01
6.720882480592549335e-01
8.879763187895097776e-01
4.479484465412841843e-01
4.550239214377163055e-01
4.744570276071662374e-01
4.133849813817955243e-01
4.269484247169137991e-01
5.248823081897137088e-01
5.105652742436566083e-01
5.097505118895375720e-01
5.001525060161086111e-01
5.655859882224315571e-01
4.975570357125846943e-01
5.067028649000635543e-01
4.806008245869432538e-01
5.120107377660065850e-01
4.719449092012662494e-01
5.113791278262641571e-01
4.939202460333875222e-01
5.063799064952717588e-01
5.518153723597197802e-01
5.393124401972060333e-01
4.658576129482946415e-01
4.822694382331872975e-01
5.305514365941075283e-01
5.618347350550466635e-01
5.360092449058577735e-01
4.867299020254384767e-01
5.060066654368935435e-01
4.920223966236225710e-01
6.082310388476112051e-01
4.443631553313995841e-01
4.459494246355595326e-01
3.618112723039226264e-01
6.690146783993546897e-01
7.517995875745044909e-01
5.633973955003547252e-01
6.910276319392052446e-01
8.365304733402797455e-01
8.662642789703393076e-01
4.672588277260711354e-01
4.682718199983503249e-01
4.611037840326831505e-01
4.549259336113649632e-01
6.301637833951673207e-01
5.166534155032326270e-01
5.267163450630938382e-01
5.000571092154577624e-01
5.928732479745159045e-01
5.682412036978584657e-01
4.986153978533116038e-01
4.936080484252539091e-01
4.981273105056579498e-01
5.297943656968392423e-01
5.075768062383489987e-01
5.131135450454119562e-01
4.720683172586890852e-01
5.144348370994842323e-01
5.418384579272200741e-01
4.905672602214563582e-01
4.839712822601283659e-01
6.795296934978971581e-01
3.744949978639333099e-01
3.510940444298136787e-01
6.981077950917297104e-01
8.056025585831364522e-01
6.446440288645872707e-01
6.967011749927750630e-01
7.494841912367682379e-01
8.054642591511739225e-01
3.512863708362121140e-01
2.255588353579733030e-01
5.075664196349664037e-01
7.311509802548510351e-01
3.984733775755337493e-01
5.201141734425104302e-01
6.041480324116277334e-01
6.627314238377699507e-01
6.886928536336680562e-01
2.961445269811196490e-01
2.831586072460575698e-01
4.969291165383357134e-01
4.804294534147262041e-01
3.448985683600542251e-01
3.314934927832914879e-01
5.071698693970271288e-01
5.081238412765272106e-01
4.742269185953486010e-01
4.846499141312627934e-01
4.858053296767686491e-01
7.854131353963927920e-01
5.160279507748339878e-01
6.137596655222468112e-01
3.830658117293521681e-01
5.779312273715295767e-01
6.969132971854170577e-01
8.489608129429814243e-01
4.275897064633536471e-01
5.370287678058889291e-01
4.912888174467398561e-01
5.016809233473352725e-01
5.307044577595039225e-01
5.426488566761222820e-01
5.613392832268521149e-01
5.903208572281287703e-01
6.268515660262690137e-01
6.676186311604250800e-01
7.300477181958232586e-01
7.998592205494535756e-01
7.570494970384646916e-01
1.678942220048800782e-01
1.517912193020540812e-01
5.965697835614334199e-01
1.943089354945483349e-01
6.050229488452965043e-01
7.171264230177289978e-01
4.590399411510563410e-01
4.597232765290034107e-01
4.623331729080210617e-01
9.186447575787939357e-01
6.120038860083121257e-01
9.460063197979923233e-02
5.350011358899097180e-01
6.586170215387557869e-01
5.030797935683958277e-01
5.744207617806611488e-01
6.722437128687688279e-01
6.629355371955655274e-01
1.805490103241229050e-01
1.332189905319628720e-01
6.477704577220716464e-01
6.816042388524932161e-01
5.606624103648898405e-01
6.172452884233583514e-01
7.131762915159193250e-01
4.516088300987683990e-01
4.330948082469497917e-01
1.082823133250782499e+00
3.702836512709771211e-01
5.138075406697708569e-01
6.727989091746197081e-01
4.302166422263501433e-01
5.119624923385734938e-01
5.911709621810546933e-01
5.864677834448156490e-01
5.590734945017414859e-01
5.778143024905827430e-01
6.341349788398434884e-01
6.934385731341111692e-01
7.020677249443775247e-01
1.620631521370762274e-01
5.805792055247321892e-01
6.596654876317331606e-01
5.504228754895966746e-01
6.080873075019657126e-01
6.989547871278206648e-01
4.128947171274979788e-01
4.104936738608298552e-01
1.278969824340625339e+00
3.770289893003483384e-01
6.879031714874798142e-01
7.361666829064260620e-01
7.281675308640461752e-01
7.648108307783998416e-01
7.086977631266619948e-01
1.683399352914188019e-01
1.926743226536963005e-01
5.722920953334974525e-01
6.548566997793058286e-01
5.269025587828330970e-01
5.860800411758786410e-01
6.417665627233599679e-01
6.993370018026551227e-01
4.096171718545856266e-01
4.064808567133411654e-01
4.122753821888147652e-01
4.595083168130616458e-01
5.974297063219617954e-01
5.821851829639695941e-01
6.346765966977065965e-01
7.064568807116707871e-01
3.549079192050189624e-01
3.301124643182242746e-01
3.698225268486411976e-01
3.818702024260161587e-01
3.539104599369303217e-01
2.079496254678106837e+00
1.772937131520694098e+00
3.792546373448693608e-01
4.184962525885938533e-01
3.630811445938991189e-01
2.439535262188379683e+00
3.837718632468979929e-01
4.114880817873449170e-01
4.078232545182215452e-01
2.874591457209355383e+00
4.185342959351283643e-01
4.448654454108689760e-01
4.117929087332326543e-01
4.412325036039858595e-01
4.205010317299553435e-01
3.426088743751288135e+00
4.579403483501374161e-01
4.763096496516620038e-01
4.406348646190664797e-01
4.572933467755960213e-01
4.683980236060203417e-01
4.707248212606280346e-01
4.545737414872862425e-01
4.185754564417011103e+00
4.513868335092537376e-01
4.654108056119561354e-01
4.638260587866573359e-01
4.708285256151644727e-01
4.707151666345105179e-01
5.418069840150538496e+00
4.373328494113455367e-01
4.558546045595512908e-01
4.656550635583917019e-01
4.708150043465547663e-01
4.649836320739789142e-01
8.405839595863010771e+00
4.385655955141833373e-01
4.620538410834253429e-01
4.555686866115085665e-01
4.629304394393999322e-01
4.563138210505277570e-01
1.082322869265137832e+01
1.695427468837877427e+01
7.158643650377246814e+00
5.565912422978617435e+00
4.990823176644355819e+00
4.630383646293334543e+00
4.357694034800794647e+00
4.132063840981206937e+00
3.935715946099061391e+00
3.759246620770476000e+00
3.597350210391674796e+00
3.446994236970716496e+00
3.306480267987251587e+00
3.174901583824351281e+00
3.051810996572934531e+00
2.937013064020387976e+00
2.830433951209131660e+00
2.732039880314624636e+00
2.641785116169323100e+00
2.559577578161499556e+00
2.485255675317119994e+00
2.418573710274223743e+00
2.359194862696534223e+00
2.306690495973559241e+00
2.260543171403189167e+00
2.220149577056452550e+00
2.184819801232186887e+00
2.153771684332416392e+00
2.126123192359384628e+00
2.100890701102998026e+00
2.077004702025043059e+00
2.053354281595810349e+00
2.028865960072457675e+00
2.002611308286766700e+00
1.973924446468185545e+00
1.942500896478807526e+00
1.908449112827239613e+00
1.872277441476973836e+00
1.834818365385193273e+00
1.797110344536594351e+00
1.760267291217463059e+00
1.725363659435050101e+00
1.693352319657424720e+00
1.665019194266872393e+00
1.640968563142586323e+00
1.621628208951284122e+00
1.607263255091781806e+00
1.597989490333683094e+00
1.593779586706211226e+00
1.594458667051269707e+00
1.599689831617721048e+00
1.608955813642790389e+00
1.621548613163917629e+00
1.636581612360042959e+00
1.653034635386621432e+00
1.669830100923460403e+00
1.685920783551681401e+00
1.700354573461128505e+00
1.712278845932483362e+00
1.720863477718932444e+00
1.725156526286543368e+00
1.723930226655466136e+00
1.715609457629406753e+00
1.698378258162881238e+00
1.670513853742572774e+00
1.630900699930295294e+00
1.579561124322735877e+00
1.517969920177139720e+00
1.448963427822238748e+00
1.376217407405183613e+00
1.303471899321314798e+00
1.233800682897789658e+00
8.991729568330538713e-01
9.312660132518207901e-01
8.724493474174414009e-01
8.368594709202115123e-01
8.369700882982350487e-01
8.287352906805436348e-01
8.273015242686652115e-01
8.324183951841591655e-01
8.435152310054025993e-01
8.595524419434926733e-01
8.790419098987333202e-01
8.999968897336068085e-01
9.198467716997179577e-01
9.354324975264216580e-01
9.429646716937990503e-01
9.377105895571224981e-01
9.131741813182455703e-01
8.595473863826446070e-01
7.669056737240178556e-01
7.652808155501241716e-01
5.558716791384830103e-01
6.493362821888459813e-01
5.120847782836914774e-01
4.946982358992522144e-01
4.848490018413657565e-01
4.801196085986153550e-01
4.630926078795033485e-01
