1.734656703996029137e+01
1.103251529095202521e+01
8.557961825601591244e+00
7.246032778748427106e+00
5.592350813951843413e+00
4.989206639750391581e+00
4.612607064765913201e+00
4.331095383810781740e+00
4.101790392921530248e+00
3.905377082696754876e+00
3.731146253645591493e+00
3.572624674684342860e+00
3.425747536788361636e+00
3.287944606280754911e+00
3.157621519295942036e+00
3.033836795001169317e+00
2.916086834482138013e+00
2.804156629686532121e+00
2.698013933624102911e+00
2.597733758221748346e+00
2.503444412706695932e+00
2.415288545118801977e+00
2.333394008889150051e+00
2.257850408820988974e+00
2.188688173563414718e+00
2.125858117541300718e+00
2.069210787470838309e+00
2.018476465438214351e+00
1.973248446872156281e+00
1.932973881001750494e+00
1.896957583687896243e+00
1.864384153990143789e+00
1.834361810274325100e+00
1.805987352950546798e+00
1.778426081190458197e+00
1.750994815144845118e+00
1.723232532559793473e+00
1.694943476447171138e+00
1.666202679690515387e+00
1.637322564969304395e+00
1.608788846932694083e+00
1.581181095192640385e+00
1.555095642123674793e+00
1.531085553934957710e+00
1.509625518811569478e+00
1.491101218928206906e+00
1.475815601373236197e+00
1.464000350017363727e+00
1.455820667160097281e+00
1.451364949928890091e+00
1.450616798222722714e+00
1.453413031080595497e+00
1.459395973285428916e+00
1.467969893205621101e+00
1.478270209763182796e+00
1.489151627003162615e+00
1.499200404327066360e+00
1.506778624136048128e+00
1.510113656484141309e+00
1.507448338316302205e+00
1.497257747382634063e+00
1.478511292854651327e+00
1.450921062392994010e+00
1.415091134943617934e+00
1.372493618529470494e+00
1.325252573076737717e+00
1.275791826316208466e+00
1.226453787078981783e+00
1.179194708066284569e+00
1.135414652811051361e+00
1.095921751403595934e+00
1.060992641275756876e+00
1.030484708377385372e+00
9.141169045664829795e-01
9.037993643855647408e-01
8.970136112663474881e-01
8.971843397080500049e-01
9.054210529744505243e-01
9.194094334442465266e-01
9.387389770175511572e-01
9.622958065695608187e-01
9.881241632221274829e-01
1.013309455660398983e+00
1.033894976788519937e+00
1.044849465219469531e+00
1.040105605831825875e+00
1.012662479139944560e+00
9.546549258546809247e-01
8.571239507197971896e-01
7.132501113847271590e-01
5.386844275256347236e-01
4.052988511527457760e-01
4.257734262578733997e-01
4.393865965383003669e-01
4.426379329944774010e-01
4.248975339276381269e-01
4.241179814285482297e-01
5.497046824231621720e+00
4.024459669400499151e-01
4.331698377477450346e-01
4.422720049982041823e-01
4.282437895671613592e-01
4.242952651341675541e+00
4.234514611440882703e-01
4.011637170130870067e-01
4.350071183221697058e-01
4.442755701677409963e-01
4.307865529952229489e-01
4.301803950872360449e-01
3.476512325950281479e+00
4.090416252630896254e-01
4.291275163528912584e-01
4.433848900682651473e-01
4.428455468844039733e-01
4.425345416281678546e-01
2.925279295109652455e+00
4.197454207554089933e-01
4.108886718136993688e-01
4.365814126539793172e-01
4.367302306965441527e-01
4.368379096810710571e-01
4.355444953327423652e-01
2.495046313772985247e+00
4.180624309028492247e-01
4.125840340331261014e-01
4.348458829272356385e-01
4.329540798852760108e-01
4.411148329896655840e-01
2.143225122157260465e+00
4.116587051806733233e-01
4.171660163466842097e-01
4.255090750664604626e-01
4.226072972250222159e-01
1.847403550219590240e+00
4.076269572920799278e-01
4.188597729602547837e-01
4.292080480512245333e-01
4.114290970586463869e-01
4.177017303841839557e-01
4.100539065543875594e-01
2.794435392954408570e-01
1.956777815921463270e-01
4.929648358797265595e-01
5.281761834014746526e-01
5.163569463907736745e-01
5.043977584893415411e-01
4.142595704132209233e-01
4.190358033389722237e-01
1.191825190513336130e+00
1.377759482046462036e+00
2.149090258268102349e-01
5.007976404841395501e-01
4.792932494882852779e-01
4.866591334212998499e-01
5.018765032259325798e-01
5.360430677133166677e-01
5.221439828019754925e-01
4.135722198397786542e-01
4.015387412074892803e-01
4.350385373712081227e-01
1.034424449894258302e+00
1.421009469558821847e-01
1.568773837366319035e-01
4.708173392702436066e-01
4.501286360172688794e-01
4.532367050362894889e-01
4.791209424736239675e-01
4.752685753828707060e-01
4.737812726248171180e-01
4.723835330891856810e-01
4.743189031417756607e-01
4.795747559740622945e-01
4.863975839017497527e-01
4.956222229117003275e-01
5.084299367138475079e-01
4.964481351970904677e-01
4.894204277729661268e-01
3.133107274574467582e-01
5.204584252096297048e-01
4.821541965803132768e-01
5.000548541301321759e-01
5.225822968730744478e-01
5.529032993020051023e-01
5.403675025886669481e-01
4.165963047519625762e-01
4.217965470897870328e-01
4.118804522547974689e-01
9.013482875716889442e-01
1.655569150241485987e-01
3.372117104055521453e-01
4.689804823509302056e-01
4.691231732661357290e-01
4.696157848533877854e-01
4.702921752017044099e-01
4.726183508301120550e-01
4.785026673127504293e-01
4.864493699531265980e-01
5.072631258100973595e-01
4.942828119178958035e-01
4.414363963287619708e-01
4.688068829611919952e-01
4.932741090628477432e-01
4.975660140139969156e-01
5.204666777778030884e-01
5.569240802489494602e-01
5.444841449711631531e-01
4.227600710814063412e-01
4.287151293284923170e-01
8.204613468787235186e-01
4.448868364187122948e-01
4.224874015547179784e-01
3.797558864943932355e-01
3.918939312306118361e-01
4.271462278801546053e-01
4.159784411415400895e-01
4.792868692153922638e-01
4.706602499284579522e-01
4.780467878535408222e-01
4.950091394662274880e-01
5.065607486541903182e-01
4.636173555646079802e-01
4.431177448328668111e-01
4.425261491661142133e-01
4.955316778566999369e-01
5.015515463297884891e-01
5.384735090996035645e-01
5.402219256241974632e-01
4.226489618723290320e-01
4.141598169457047507e-01
4.441693423145623987e-01
5.799122978657299532e-01
4.740191362019581245e-01
4.614380162675930652e-01
4.994882783348204014e-01
5.281109230010763156e-01
3.691594690770189646e-01
2.821495090290991881e-01
3.264175357750569995e-01
4.144029273907952615e-01
5.354056488263517766e-01
4.950296404477191325e-01
5.026467126038066668e-01
4.807495643897717885e-01
4.899170029104044088e-01
5.024184950868589850e-01
5.179642319804278472e-01
5.327287595810811238e-01
5.460762960624213624e-01
5.150088020014504941e-01
3.912351556008881737e-01
4.203797488770034674e-01
4.219499953647221635e-01
4.212165907131570908e-01
5.269863949588038388e-01
4.548551023891345690e-01
4.474884809047826040e-01
4.464675905287615043e-01
5.384439765414208434e-01
4.751193524298995552e-01
4.953572539049689860e-01
5.353285498954288846e-01
4.253276697215739310e-01
4.311628726409532097e-01
4.363796925059395537e-01
4.201795336481594645e-01
4.192560775161328079e-01
4.679794181507837547e-01
4.689515945618109027e-01
4.486312485757341095e-01
4.835909731506458642e-01
4.940919917309926079e-01
5.071766749909312200e-01
5.141478303376636472e-01
3.256244608011982788e-01
4.002197303048360411e-01
4.625440463513460498e-01
4.812162102789334650e-01
4.934795507236338641e-01
4.673913617471299187e-01
4.829342179048178862e-01
4.943326289921537442e-01
5.012674773048210186e-01
5.239420793630500395e-01
5.631606753382596420e-01
5.320649129319846571e-01
4.168472576585384726e-01
4.333149825426257928e-01
4.355679144087928889e-01
5.476864839230719539e-01
4.549966063052716114e-01
4.171246617454170691e-01
4.762503311005647499e-01
4.746812369222287997e-01
4.442998364716932991e-01
4.479257431638208886e-01
4.413727624879403288e-01
5.219064715017927014e-01
4.802791222163171891e-01
4.309352170338702215e-01
4.198309059367467122e-01
5.642179251203079948e-01
5.845881764873724906e-01
4.301619778483192214e-01
4.384362269271313561e-01
4.220628441526907415e-01
4.393938306815354244e-01
4.263721033695091478e-01
4.334045619311282516e-01
4.636574468864367859e-01
4.673361676795412256e-01
4.742715875948635973e-01
4.880146922688911593e-01
4.914069609047156950e-01
5.000984308226344988e-01
5.239643327164861253e-01
5.229868554466828856e-01
4.200826715438348846e-01
4.483491566717854870e-01
4.371637715308374639e-01
4.373744852457652765e-01
4.812714840640162639e-01
4.650270302332248917e-01
4.384743333311135749e-01
4.746926683134058966e-01
4.251681680951409081e-01
4.367207327300299813e-01
4.337574527542711889e-01
4.311490903657032581e-01
5.476786826152831855e-01
4.793622365105860150e-01
4.134371986829326051e-01
4.242944069420158115e-01
4.570535727708687768e-01
4.611997638707176494e-01
4.612012539035519887e-01
4.464942112982321909e-01
4.463994224018805190e-01
4.434478797565186703e-01
5.111455703570049192e-01
4.250392578836523771e-01
5.068504762263269514e-01
5.269024621042602829e-01
5.523460444316552476e-01
4.382680879391187001e-01
4.363343707152360640e-01
4.358102447537868795e-01
4.063801908328151802e-01
4.156701517751855146e-01
4.910647362166685737e-01
4.750443557220982993e-01
4.720472905829777299e-01
4.839071109629761724e-01
5.068653334522039700e-01
5.403569400586669680e-01
5.669622250095952554e-01
4.146560958357535243e-01
4.405609389239539819e-01
4.307640408144494670e-01
4.286761626974818218e-01
4.727294573802646172e-01
4.676006213546833323e-01
4.469903155924402904e-01
4.405321609407634731e-01
4.852215665170677705e-01
4.965988535393838776e-01
5.056302296982672084e-01
5.133898913432045630e-01
4.312933221470129364e-01
4.441883403130940655e-01
4.559056625797541229e-01
5.276454438834268235e-01
4.266915120678161366e-01
4.223056033615927851e-01
4.640672002085927672e-01
4.657137310890694937e-01
4.649570174527407063e-01
4.707463507331989816e-01
4.454317967424190616e-01
4.459672926283071992e-01
4.437791732273254075e-01
5.112535824702837406e-01
4.907385520082380714e-01
4.231002835162766540e-01
4.217987828943369211e-01
5.189996141084437520e-01
5.211520783334335771e-01
5.307779252194416708e-01
4.307731721392683566e-01
4.595544417995067743e-01
4.181431539115978979e-01
4.233736358540659550e-01
4.282943177702454585e-01
4.731020996261930955e-01
4.740574909753155208e-01
4.595141525002807703e-01
4.961787577140998606e-01
4.982806370443189636e-01
4.669874373490653929e-01
4.103219739406722688e-01
4.330127687529882752e-01
4.289909284194344807e-01
4.265432331703046254e-01
4.670381701316584366e-01
4.438879662547517979e-01
4.718694734553637860e-01
4.898219359819227514e-01
4.965181584601578435e-01
5.087759565402814044e-01
4.353368775841663929e-01
4.401101509835623760e-01
4.435754662732313003e-01
4.679144927663933529e-01
5.425456434848318077e-01
4.920404270901403976e-01
4.198396480863851865e-01
4.659505831283925481e-01
4.660669402417346174e-01
4.722500708431416339e-01
4.450539437776628859e-01
4.458527200294562509e-01
4.432112350291158021e-01
4.987914804298728133e-01
4.193199464483631789e-01
4.191748148655680684e-01
5.209438458424489049e-01
5.196645565097494091e-01
4.348737216270628925e-01
4.402265833393351757e-01
4.331804828120431883e-01
4.134459154007718018e-01
4.102994702279160188e-01
4.725205602307190889e-01
4.726509221201413147e-01
5.056393888060349839e-01
4.966860161287787179e-01
5.337335850328740472e-01
5.374045198186397920e-01
4.121676904418397069e-01
4.309110340837577491e-01
4.471805937719007251e-01
4.738607904290899620e-01
4.684336282478233082e-01
4.336521329481449749e-01
4.264517285327008578e-01
4.797361912949523743e-01
4.958733657487079949e-01
4.990059557850445859e-01
4.422523467370129135e-01
4.493700149369163621e-01
4.542881284740535874e-01
4.594001120334728627e-01
5.005006679427492777e-01
4.366288915237606094e-01
4.246551994785113804e-01
4.662848402643089973e-01
4.675201447419316536e-01
4.703924299698716283e-01
4.449613011414503827e-01
4.476819260183413918e-01
4.516901586535241875e-01
5.021349864007949027e-01
5.084554338634695858e-01
4.143045559487199547e-01
5.199161117228885409e-01
5.194131525284061413e-01
5.293863145522156310e-01
4.342206766172565513e-01
4.511761742467073066e-01
4.042499576486174306e-01
4.056540387146202464e-01
4.663647145793815008e-01
4.717954214503405352e-01
5.241611391623340888e-01
5.037063971757299585e-01
5.455762890462193537e-01
5.499456047630113531e-01
4.203887569409497371e-01
4.291609370095382792e-01
4.429880362399387650e-01
4.922083330458129624e-01
4.380035464309756099e-01
4.916250458020272052e-01
4.823186760696905884e-01
4.896736711271338360e-01
5.087411064009426109e-01
4.559782223758731545e-01
4.572065781386986383e-01
4.770604229919755412e-01
5.118588576922270539e-01
4.980049916247838993e-01
4.292048606613128037e-01
4.674590666694359853e-01
4.685969525983350592e-01
4.448479159075784950e-01
4.472754841669826509e-01
4.639708416387821055e-01
5.059846489178897455e-01
4.245399265697350488e-01
4.130877459480369884e-01
5.115864691968659006e-01
5.058890037228211956e-01
5.409179244648019136e-01
4.409042105614320306e-01
4.496969477549977445e-01
4.092770434259352386e-01
4.109468780092820905e-01
4.161070023947153196e-01
4.701555108527772919e-01
4.769359225686732318e-01
4.664582407638361850e-01
5.135918756852242417e-01
5.181240386890693106e-01
5.351571487256728821e-01
5.505582051823278977e-01
4.200848571614971272e-01
4.200376365546147350e-01
5.015595459603900963e-01
4.271195388498780776e-01
4.751747057096298299e-01
4.849830151599525685e-01
4.857924803666948677e-01
4.617230600225789017e-01
5.103033453302130429e-01
4.724594034430410483e-01
4.333919309010109133e-01
4.265606902484755936e-01
4.689450722868099275e-01
4.685890235193022058e-01
4.655084131045205686e-01
4.426107205740232309e-01
4.500556630574269468e-01
4.799785289714058600e-01
5.073303264392913237e-01
4.773175411788099787e-01
4.124990682426140642e-01
5.175186529662811896e-01
5.129370874708216732e-01
5.139140409717146696e-01
4.457247816946424135e-01
4.496157908842086659e-01
4.237477108996977049e-01
4.260021587074636629e-01
4.745263384128328155e-01
4.793728323798461810e-01
4.989460132866274655e-01
5.254541531137796317e-01
5.338331545001074874e-01
4.305688969931388832e-01
4.335703246238339359e-01
4.301203178285253337e-01
3.914950792455392237e-01
4.850130785484638718e-01
4.778470215949953692e-01
4.765146703806585338e-01
4.953198633427179365e-01
5.181343738861861059e-01
4.254447227329117287e-01
4.699281162287186620e-01
4.693533426206998316e-01
4.698261895716940306e-01
4.657256125362813082e-01
4.174815443333898535e-01
4.131379711989110470e-01
5.155084387103406884e-01
5.221489324014870759e-01
4.490498400664714174e-01
4.458631988441519312e-01
4.147944424939929986e-01
4.109171551299694025e-01
4.708873327781685214e-01
4.770045525164051670e-01
5.207988868054304055e-01
5.055801965183791546e-01
5.298043217301823260e-01
5.451630766374637727e-01
4.311826259733411715e-01
4.690998007511503198e-01
4.716465571978201710e-01
4.899912004923998032e-01
4.378445227812051144e-01
4.682206392443081788e-01
4.698999024734269447e-01
4.661344798058585370e-01
4.024300469528895863e-01
5.127380191955351885e-01
5.009720239391383112e-01
5.089298921187632718e-01
4.550704752048986834e-01
4.498558835090522012e-01
4.089121077526921000e-01
4.006976010199742588e-01
4.685195525688476414e-01
4.743513214809339518e-01
4.967571368668472487e-01
5.127737753479687521e-01
5.329188196055103521e-01
4.505090755243694733e-01
4.676393407373399813e-01
4.631833460513867795e-01
3.798962773487579714e-01
4.568282980482371580e-01
4.203622666766255733e-01
4.485430460293616806e-01
4.174869174984369713e-01
4.179084350471447551e-01
5.101512893591175768e-01
5.160110535654427455e-01
4.511768797366636496e-01
4.518709341414032243e-01
4.049390983061573190e-01
4.077723134721896736e-01
4.698816665777593160e-01
4.752059246844737017e-01
4.715570687053569077e-01
5.213910155998340290e-01
4.884595776401732814e-01
4.330970027750211115e-01
4.618570591367353040e-01
5.050460857107449408e-01
4.304208299274953631e-01
4.505515999343944200e-01
4.425643961810568627e-01
4.153753029585032785e-01
5.179007879926093016e-01
4.752131046898762090e-01
4.512125885405246506e-01
4.518099805120731061e-01
4.086973193944095084e-01
4.204399524971366708e-01
4.291088815010419832e-01
4.731492763978495386e-01
4.757834629417536099e-01
4.248059213033199000e-01
4.924999853506679126e-01
5.033935459415942448e-01
4.289075473881940881e-01
4.194454221182949416e-01
4.830877617889808295e-01
4.994101162914711400e-01
4.358348004701867451e-01
4.407926001314506070e-01
5.061526816211432411e-01
4.487880458200133038e-01
4.517454295032856115e-01
4.508320214391948189e-01
4.205631566600455118e-01
4.146104832792820716e-01
4.730412674064204959e-01
4.768662701126265002e-01
4.257989567234789496e-01
3.999952532740518873e-01
5.008188542285197942e-01
5.145235381919178730e-01
5.078301291442142151e-01
4.203987802449378197e-01
4.146009776925964063e-01
4.852230332723259654e-01
5.121614570155200719e-01
5.114287718230109414e-01
4.412472637168282641e-01
4.353334950490416189e-01
5.044432960932099252e-01
4.936581508611949665e-01
4.980166761196801462e-01
4.585057095901878821e-01
4.534902520521616465e-01
4.525336602143478215e-01
4.098327509764940202e-01
4.070566865146964530e-01
4.714272922707365976e-01
4.712386108022562081e-01
4.085357262025924308e-01
5.168330172842298120e-01
5.163254592384739494e-01
4.175412151591140764e-01
5.072399546063288689e-01
5.027840708989469443e-01
4.299770670994591537e-01
4.358077593521683668e-01
4.706424553279328071e-01
4.829971572425749149e-01
4.527083807031397344e-01
4.220689232049346651e-01
4.162845335811624636e-01
4.902530569633072877e-01
5.018096503835478561e-01
5.003035944445988203e-01
4.690407295220949124e-01
4.638187552442080142e-01
4.636641002925858124e-01
4.742959983660322565e-01
4.811402535576165818e-01
5.258145118225387993e-01
4.511236245835052450e-01
4.544447908001251757e-01
4.016122057387909172e-01
4.081578523584455387e-01
4.688923303691871491e-01
4.751370540173820989e-01
4.732485561536413643e-01
4.090864900771067347e-01
4.156130052601830771e-01
4.613086868716477218e-01
4.966895391179709796e-01
4.757512370255103096e-01
4.720860046650026676e-01
4.761641510044670178e-01
5.101390198981088364e-01
5.087214409888514144e-01
4.212248180082742710e-01
4.105757001313596333e-01
5.314454257466731946e-01
5.109833274421190508e-01
4.371149010340704133e-01
4.261298266079873165e-01
5.060389157816549410e-01
5.011802069833106721e-01
4.313599258525031566e-01
4.331115509444716238e-01
4.781745751145882739e-01
4.817297020352197534e-01
4.190136514986211869e-01
4.248603391774787297e-01
4.996766098403084277e-01
4.958416699254797333e-01
4.603980602987148285e-01
4.494979788746742422e-01
4.645485003825682302e-01
5.038902550165110794e-01
5.120666431526367246e-01
4.555859432349737559e-01
4.557155667974439051e-01
4.094423526642480549e-01
4.191269254468644179e-01
4.271708082879315804e-01
4.706426054738673814e-01
4.768087090260106908e-01
4.186042844859986789e-01
4.073131731402125366e-01
4.800740711450192655e-01
4.837457348137394475e-01
4.687827453287175539e-01
4.721467938448651869e-01
5.006818759939695163e-01
5.174331988559708329e-01
5.264778400303750105e-01
4.024666789354552354e-01
4.101198565620638448e-01
5.069301758687784210e-01
5.011964715391858949e-01
4.212636894014652467e-01
4.176219956716814563e-01
4.346734853339623839e-01
4.944954790955424229e-01
4.910071396990541293e-01
4.371937656736239464e-01
4.815644051993572261e-01
4.791015854551646247e-01
4.113789028374205126e-01
4.214512768725549030e-01
4.961186717381681488e-01
4.900871430032520681e-01
4.668866720139442372e-01
4.583077785008773941e-01
4.563563147427435740e-01
4.633580856408144877e-01
5.123527707536214004e-01
5.145710847548011779e-01
4.567659239347572342e-01
4.224402941816911561e-01
4.250115218833321884e-01
4.707170589351765133e-01
4.729526182108843568e-01
3.999455774870514513e-01
3.996629216203156920e-01
4.834419443628883428e-01
4.798732286310550821e-01
4.678571141379229137e-01
4.611343269514213694e-01
4.749629529268842854e-01
5.226899057469658327e-01
5.256558612181417844e-01
4.125265709412320736e-01
5.041667020111558761e-01
5.068661502099154337e-01
4.061764542563342517e-01
4.169202464205900571e-01
4.176685173253907313e-01
4.839113691644792992e-01
4.980423210866041783e-01
4.998657391324208277e-01
4.437931557624381629e-01
4.385651620607015078e-01
4.777521719231676012e-01
4.802945317223962229e-01
4.237889395202107945e-01
4.329002426608367093e-01
4.452937958251867445e-01
4.842861772427392020e-01
4.829001440487992736e-01
4.668348770783961044e-01
4.607778453286233145e-01
4.592815146911040647e-01
4.650617227251910846e-01
5.109023918790333019e-01
5.093153701581701887e-01
4.607630345751836387e-01
4.576288659475517551e-01
4.122553593458955778e-01
4.089593509030336471e-01
4.675258224023536302e-01
4.714335638694938657e-01
4.027505957522524160e-01
4.822685546002896118e-01
4.792539780992948195e-01
4.616957566182182671e-01
4.640707229729901795e-01
5.088768861243043728e-01
5.166990965286970550e-01
5.461785898442210740e-01
4.190000821775629603e-01
4.250489819360706023e-01
5.228578535149561723e-01
4.242194916036015062e-01
4.255730808340795757e-01
4.936043917016338933e-01
4.972632178931237767e-01
4.405604210106344731e-01
4.344473298328061506e-01
4.799564206001107336e-01
4.798933271490006813e-01
4.367280008374192501e-01
4.310852883958456450e-01
4.771814190325469052e-01
4.905779708483685164e-01
4.877968541678077696e-01
4.571215956846327866e-01
4.617856856703710933e-01
4.591544998955747192e-01
4.668659170188826923e-01
5.064959240716925271e-01
5.052436671873515861e-01
4.623845627942075875e-01
4.603675810171352634e-01
4.049427522182916794e-01
4.036777378241993008e-01
4.667509247410851492e-01
4.637676502561983161e-01
4.692306149196259768e-01
4.037833058729882740e-01
4.165227834167331000e-01
4.777743287883052803e-01
4.725265810571233072e-01
4.627883781902544236e-01
4.593520701417478369e-01
4.667857954223797456e-01
5.221298936865406137e-01
5.297951984132447389e-01
5.399987183984682471e-01
4.272866049388246434e-01
4.259045553060878953e-01
5.201748194252924229e-01
5.296348207305382472e-01
4.166893261473647581e-01
4.173643002168619942e-01
4.794043428827986508e-01
4.874250861924137590e-01
4.868235191672695139e-01
4.339775142935838881e-01
4.334463374454474716e-01
4.798259043802469703e-01
4.783429827155264435e-01
4.278688008141312005e-01
4.282888663444843202e-01
4.842222132272577806e-01
4.931317425823915634e-01
4.537585047260219162e-01
4.598809357108783469e-01
4.624660436444065215e-01
4.654617214244011758e-01
5.030117052569881286e-01
5.009668562818584414e-01
4.552072255126403677e-01
4.644259200428551559e-01
4.082016748636132508e-01
4.091304282300631256e-01
4.127578068351336338e-01
4.599585468494588603e-01
4.613523252881695513e-01
4.257398253854601800e-01
4.194344043201491679e-01
4.846737424721446752e-01
4.556488231964461177e-01
4.575040879092803214e-01
5.402820307656732712e-01
5.675568203766681030e-01
4.241145310986931816e-01
4.134991822904973136e-01
5.310855910590021045e-01
5.337556416305540008e-01
4.229837809661875503e-01
4.267600566914951932e-01
4.336838033899629297e-01
4.793515080228891723e-01
5.016357416380958778e-01
4.337235837028620700e-01
4.335464806611263322e-01
4.857770115959454404e-01
4.843477297048904839e-01
4.261782269144853696e-01
4.284274179872197275e-01
4.823126973313973109e-01
4.847191427470334824e-01
4.564254229136800456e-01
4.573559285946155462e-01
4.663472798760016080e-01
4.990836555189729906e-01
4.958614300139254083e-01
4.618458762902458714e-01
4.215617165907566966e-01
4.257980998594788624e-01
4.611053462164004801e-01
4.674138725630741509e-01
4.731494041710174736e-01
3.999031972582682282e-01
3.894352542839512044e-01
4.816465334696868328e-01
4.758310151044784497e-01
4.568080890048832332e-01
4.540956175372808379e-01
5.203547485495400027e-01
4.305744682632414722e-01
5.364082627337102283e-01
5.191656920140896858e-01
4.259171318467845913e-01
4.226026947126276800e-01
4.731320933890713620e-01
4.653175602490747242e-01
5.027270456995254211e-01
4.309968329167959689e-01
4.443548932410149588e-01
4.946886622616611939e-01
4.335580074164013253e-01
4.450339067430514328e-01
4.444269781107050843e-01
4.773454621094042616e-01
4.719465266871682996e-01
4.536239968981064519e-01
4.693180985866408639e-01
4.687589210780945259e-01
4.966915667719755678e-01
4.909839605760186743e-01
1.108909613058446153e+00
4.195278396444747648e-01
4.163131450888726270e-01
4.263744034299744579e-01
4.910396043718924797e-01
4.755210339013790088e-01
4.544233618971724176e-01
4.553429828537303714e-01
4.583145862462283393e-01
5.371605840647407648e-01
4.126607400398673020e-01
4.145281186138982110e-01
4.726475504600896604e-01
4.324157208637184335e-01
4.954781539084461839e-01
4.907767549294927978e-01
4.432603472233428432e-01
4.500517566368671951e-01
4.782761611681917713e-01
4.692654360755713072e-01
4.959411312261907123e-01
4.605891904892422395e-01
4.521490134320412246e-01
4.695215162133327125e-01
4.710970168405591019e-01
4.941590835877514021e-01
4.876181917363416329e-01
5.459709726204774682e+00
4.113368016204297928e-01
4.201376205060586844e-01
4.772336054293901952e-01
4.771885722460494361e-01
4.505286955416575312e-01
4.543524946936566278e-01
5.367444972697097416e-01
5.304301071903028131e-01
4.162727134047324307e-01
4.090823478661675394e-01
4.127551484945861660e-01
5.056625846325675244e-01
4.877370486914667236e-01
4.402472118019639669e-01
4.425417120179214736e-01
4.694326063539276395e-01
4.570067284429736865e-01
4.716562075218570516e-01
4.692082674401127362e-01
4.893468162517057296e-01
4.830448840789288156e-01
1.706023684819294672e+01
4.176439029909812528e-01
3.803434696175960750e-01
4.660895910683265919e-01
4.615966454741385894e-01
4.405084633354834356e-01
5.749241620858415169e-01
5.172859660173091401e-01
3.982720115233908120e-01
4.136836143788055753e-01
4.913009841862449600e-01
5.090775674769265624e-01
4.481456694984882749e-01
4.461809737976000223e-01
4.632015072910727338e-01
4.799685771386539290e-01
4.840642378789709044e-01
4.801850429960618505e-01
4.920184970060416108e-01
2.753307883377741661e+01
3.830393219973085017e-01
3.999613096209630458e-01
5.040510809396979708e-01
5.027026407472093839e-01
4.353218889352400978e-01
4.586391535471232017e-01
5.250968488728752215e-01
4.195851782126821528e-01
4.776327561180318537e-01
4.575051519956268020e-01
4.526037861896176073e-01
4.778530539025074297e-01
4.780541633259201562e-01
5.060045854913556296e-01
3.151462158000320812e+01
3.825965737020605717e-01
3.791834002522198044e-01
5.049210361474165687e-01
4.674131523176492942e-01
4.352731224907290808e-01
4.403676871030939854e-01
5.168738523672568030e-01
4.140611338238405215e-01
5.089832718871470929e-01
4.575519942524056138e-01
4.462537939894244410e-01
4.800371745703490012e-01
4.780399376933507916e-01
4.919609006019415309e-01
2.753342155039639039e+01
4.168091965802139809e-01
4.203094960225076115e-01
4.783742097654898884e-01
4.614207239230260216e-01
4.541490686581726721e-01
5.744057866680285507e-01
5.299605246140206560e-01
3.986502275174653165e-01
4.131012764123435099e-01
4.911905266849470042e-01
4.876300323205412512e-01
4.482336249209442069e-01
4.426264222003257753e-01
4.631369416965540609e-01
4.692624591866514372e-01
4.840224363075366631e-01
4.830038450371119674e-01
4.801274271975770613e-01
1.706054329856099727e+01
4.117629425598891557e-01
4.167159643688495008e-01
4.784095310871528950e-01
4.765266080516327163e-01
4.503070700313232533e-01
4.580442274401966274e-01
5.363787306029788038e-01
5.367958968817139187e-01
4.165488472049943547e-01
4.147970805502385616e-01
4.094240586614770749e-01
5.055532028948496182e-01
4.906755403893834355e-01
4.403142303711491401e-01
4.500931601732398590e-01
4.694419585908179426e-01
4.959310317547086511e-01
4.570244705623162096e-01
4.519628621073878971e-01
4.716535239879985353e-01
4.710103715367984778e-01
4.893202601193995527e-01
4.875923052390288559e-01
5.459840677406966769e+00
4.198919412659988248e-01
4.261105983978664691e-01
4.260347355616714848e-01
4.731201011045262361e-01
3.889184436395747846e-01
4.918887396209395968e-01
4.765117237074331102e-01
4.540934449502274095e-01
4.537552875174357125e-01
4.550610910284675903e-01
5.189328903603849241e-01
4.128606549476104282e-01
4.227725424991666814e-01
4.724999728024500412e-01
5.024499859349000896e-01
4.323810403791198409e-01
4.443725257896776193e-01
4.953903317821692354e-01
4.945992632376374210e-01
4.433106229041821611e-01
4.444840712116009396e-01
4.782447059132536871e-01
4.720457453218543376e-01
4.692650783690327509e-01
4.605153319094361652e-01
4.535385584207602405e-01
4.695857467930146245e-01
4.687827146725749294e-01
4.941419474711531978e-01
4.909674930249227076e-01
1.108948229167258326e+00
4.218522741269424836e-01
4.130044149437230305e-01
4.613986614614988269e-01
4.616370640658629121e-01
4.676410865802536621e-01
3.991741643327154088e-01
4.186939389859721805e-01
4.819474123634472362e-01
4.849516595807997210e-01
4.564167470613195166e-01
4.571000512510503544e-01
5.203272281551792888e-01
5.673719615648383785e-01
4.309802658377739903e-01
4.140522320498760678e-01
5.362131977964418317e-01
5.336429455175748515e-01
4.260389311694575132e-01
4.337416547511199205e-01
4.728753921463911825e-01
5.013578674024131709e-01
4.650713185844970732e-01
4.310161548647457597e-01
4.335593546933614317e-01
4.842856038657675777e-01
4.335938134410814437e-01
4.284682595591406962e-01
4.450412189429316934e-01
4.772935511634040506e-01
4.846409977098746213e-01
4.573066246005141333e-01
4.694501244928617756e-01
4.663942582503471934e-01
4.966823127841426544e-01
4.958528734502593571e-01
4.618639328991260840e-01
4.084523619906590963e-01
4.039297043541466015e-01
4.093814962172461214e-01
4.601321338055457399e-01
4.692937610588285846e-01
4.252684595898858499e-01
4.161441825547354534e-01
4.723843176899408247e-01
4.552208542228657340e-01
4.663242642751586065e-01
5.401146288533277273e-01
5.399290560993066368e-01
4.247155998234906638e-01
4.264702504660803917e-01
5.310817739715806285e-01
5.296757492529565736e-01
4.229364696138521174e-01
4.173052683957682030e-01
4.268011666385338465e-01
4.790934084845354657e-01
4.866206893545617640e-01
4.337303517663860797e-01
4.334445700729926410e-01
4.857107766142533811e-01
4.782918094129406383e-01
4.261656234395183596e-01
4.283096390784413843e-01
4.823537489946325696e-01
4.931566872955351899e-01
4.563113454300189997e-01
4.598200868129747043e-01
4.654626673543787452e-01
4.990819458789246821e-01
5.009659316000003582e-01
4.644423762491013408e-01
4.051827812176928556e-01
4.092010730351133829e-01
4.666826474106298694e-01
4.713654775010705511e-01
4.638044368336181611e-01
4.037937934834950338e-01
4.027641171039956225e-01
4.775701335881392673e-01
4.787052446246095605e-01
4.622671224482133301e-01
4.635375707262265332e-01
4.588907127685648568e-01
5.221212107380269751e-01
5.461903493999482606e-01
5.297377851983021690e-01
4.277489518865150164e-01
4.254694761685829385e-01
5.203712687088554167e-01
5.230557359597067801e-01
4.165610125140261077e-01
4.254058816092254336e-01
4.792960273021070194e-01
4.971797579930428701e-01
4.872193925429684214e-01
4.339675038767696891e-01
4.344301594181365078e-01
4.797750435248127054e-01
4.798537706621153198e-01
4.278811146346803707e-01
4.311856574632956240e-01
4.842281896772259731e-01
4.878198348371728388e-01
4.536880771672196500e-01
4.617403988446946994e-01
4.624793803161751371e-01
4.668609603747653214e-01
5.030180834556696734e-01
5.052509204420452260e-01
4.552248448988711060e-01
4.603796160422313766e-01
4.124856889020543926e-01
4.252337076684146733e-01
4.674316939743116683e-01
4.728501380729797643e-01
4.000614366965511426e-01
4.815178954424558233e-01
4.789119797991180372e-01
4.611431417342905514e-01
4.743881707991645102e-01
5.089373882048781050e-01
5.257365041802272154e-01
5.167277889155570403e-01
4.192866825437828737e-01
4.127997163381398327e-01
5.072149103395925396e-01
4.240268969814232070e-01
4.174133889033556644e-01
4.935649683119309183e-01
4.998948169135119524e-01
4.405321981138067278e-01
4.385327826739393586e-01
4.799203639294480350e-01
4.802705695382046280e-01
4.365808209769203585e-01
4.451109192183974606e-01
4.772173052793455272e-01
4.829751140473816928e-01
4.906009488284588382e-01
4.570583401719970351e-01
4.607290545248571290e-01
4.591439466813588832e-01
4.650010997867347617e-01
5.065093605599700899e-01
5.093286970245755052e-01
4.623943338044123053e-01
4.576360251875588592e-01
4.226511505448118933e-01
4.273564824989108391e-01
4.706217292674922947e-01
4.767115128362908183e-01
4.004319480253344388e-01
4.080749593284044296e-01
4.822369814331515792e-01
4.824536557520904267e-01
4.672972894283788370e-01
4.715899442274761877e-01
4.605798602195669833e-01
5.228011505732604869e-01
5.266271751829584291e-01
4.102540057536460671e-01
5.045278676660162054e-01
5.016791310370414259e-01
4.058907401524631253e-01
4.343632532682151215e-01
4.166663995104590290e-01
4.840493276563533898e-01
4.911556721914024370e-01
4.980915960151409694e-01
4.437502989660060959e-01
4.371495983366588400e-01
4.777364874714016274e-01
4.790919601393241467e-01
4.237065570849624097e-01
4.214295869890232749e-01
4.327850984593784589e-01
4.843283853230506142e-01
4.901506693716869423e-01
4.667954240789175535e-01
4.582880441785591175e-01
4.592095278765453981e-01
4.632811212596928407e-01
5.109227522176944536e-01
5.145932441732239404e-01
4.607656393301846620e-01
4.567672822689593515e-01
4.096153813288579970e-01
4.083260094251756622e-01
4.193107286918047460e-01
4.705596184051312192e-01
4.731904557831678737e-01
4.195722922243361741e-01
4.166966565088843222e-01
4.786664805646008158e-01
4.952281900408315729e-01
4.683238760762192254e-01
4.758044746376464129e-01
5.008572932049096815e-01
5.089128656832448971e-01
5.175971151901376244e-01
4.025810767340672891e-01
4.105752139895537112e-01
5.074398086993383572e-01
5.115689753090354452e-01
4.209715456265666345e-01
4.258337022182761555e-01
4.173237414485136410e-01
4.947308990287911934e-01
5.014743636567629004e-01
4.330533209479318635e-01
4.815614298684834926e-01
4.817401144448215100e-01
4.112656433378623078e-01
4.246101590854391983e-01
4.961892798249094572e-01
4.958330538709218027e-01
4.668672741175365348e-01
4.604273087812547627e-01
4.562504940366545747e-01
4.644485294946605891e-01
5.123832272415730360e-01
5.120974250251718596e-01
4.557095304747216247e-01
4.017661841948617640e-01
4.072158331724038960e-01
4.688575968604902777e-01
4.712060926229570401e-01
4.750741881032994329e-01
4.105289394241801726e-01
4.099855908904428969e-01
4.601491517576705714e-01
4.750991537112951857e-01
4.717629191376750408e-01
5.103705003586084255e-01
5.165726378179422706e-01
4.211580905918985152e-01
4.174238579628591350e-01
5.320005403993308679e-01
4.372244966125445331e-01
5.063449689104494444e-01
5.031662542732859844e-01
4.313030552007917628e-01
4.357352194461200368e-01
4.782016631680974239e-01
4.830149209506242602e-01
4.194129560558888525e-01
4.164140864876721415e-01
4.996796071888087720e-01
5.003659611957834707e-01
4.638529182029426101e-01
4.494114810786213332e-01
4.741792030146757542e-01
5.039365804619192479e-01
5.258695317730059937e-01
4.555814203099742277e-01
4.544318940596300260e-01
4.099767544979951994e-01
4.147478237415412883e-01
4.714097835290513294e-01
4.768539376021771470e-01
4.016056905370653518e-01
5.171146740485894622e-01
5.081230199063477837e-01
4.143789618648589523e-01
5.076586434953435090e-01
5.119254590638820934e-01
4.299003262012947024e-01
4.352482306019461178e-01
4.706605425882248728e-01
4.527111950077328251e-01
4.219310295419054779e-01
4.902916460321031789e-01
4.937032712955247149e-01
5.018129628656534669e-01
4.690730411190902616e-01
4.585687380348104081e-01
4.636161079475431546e-01
4.811573993572130781e-01
4.511094789465203148e-01
4.525142392865985075e-01
4.206892252451051029e-01
4.292151564742412440e-01
4.730399010658029035e-01
4.757577679464368159e-01
4.273281800468816671e-01
4.262890951270514872e-01
5.011266163549705777e-01
5.037163502666794912e-01
5.148027564827912794e-01
4.201627626682965522e-01
4.191495764923836576e-01
4.856441921012880636e-01
4.998016659355535851e-01
5.126464963316201828e-01
4.411534508198936555e-01
4.406980381418186266e-01
5.045188144256063101e-01
5.062484520602748006e-01
4.980676431935553428e-01
4.488308487801409008e-01
4.534666447523121868e-01
4.508078174745620004e-01
4.087894662065386653e-01
4.078559651890086846e-01
4.205434601424946628e-01
4.731713838832358188e-01
4.716265943929443538e-01
4.342603478435685949e-01
4.928747624844890263e-01
5.053845390880492561e-01
4.285765713463112747e-01
4.300870528118079794e-01
4.833053786766328130e-01
4.506568629037357443e-01
4.357367171183145760e-01
4.424633619082697367e-01
4.152478977796805193e-01
4.752492768365730313e-01
4.517157357153750996e-01
4.517791689129361243e-01
4.050099720775821033e-01
4.007730693672806876e-01
4.699317054700258289e-01
4.744112317114907995e-01
4.752095394245058335e-01
5.227898387104048528e-01
5.349858000646056100e-01
4.896367283289362882e-01
4.614695658735930017e-01
4.671656865196197050e-01
3.798969914076111287e-01
4.203644911131816930e-01
4.485293063391035395e-01
4.178449871243106184e-01
5.179354588197172538e-01
5.160522615327515217e-01
4.511770741510452987e-01
4.518358416927251708e-01
4.089711766005758031e-01
4.109696198620688135e-01
4.685955509265156138e-01
4.770817171053723382e-01
4.994028450336606695e-01
5.483749326445569450e-01
5.148836999783846791e-01
4.498725867573924453e-01
4.298915605473243584e-01
4.634361094232643530e-01
4.903821662642987578e-01
4.568324554185230202e-01
4.378760857690716657e-01
4.662313191647754484e-01
4.174337239112463349e-01
4.024111452515898857e-01
5.101875996075688757e-01
5.089792569700029023e-01
4.511402386556918054e-01
4.498129590185558913e-01
4.148401261423562691e-01
4.260277191269482011e-01
4.709762420256722870e-01
4.794658108851638234e-01
5.244026759834711227e-01
5.375332263422647472e-01
5.089480065035543177e-01
5.330503024247914556e-01
3.903222728148569298e-01
4.694576158740834115e-01
4.956774891627770407e-01
4.720388937559540365e-01
4.255008011719186856e-01
4.683625416919993123e-01
4.699846189017107267e-01
4.700237133275533830e-01
4.131215526404219962e-01
5.127633733441040453e-01
5.221845442761412492e-01
5.010125409932297824e-01
4.550292735897917273e-01
4.458196015525611178e-01
4.237652442286825583e-01
4.161013182271146027e-01
4.746276801810249135e-01
4.665695057760245734e-01
5.006855045623481715e-01
5.514325763469176689e-01
5.285102964419519100e-01
4.299414987042153857e-01
4.194861135574690092e-01
4.321748076299069541e-01
4.997494186780319647e-01
4.289162498486192576e-01
4.259093590786570127e-01
4.852953027349657944e-01
4.860844125753503442e-01
4.781436945189329601e-01
4.768541816748532725e-01
5.182523268838303832e-01
5.104332108924271028e-01
4.725628540425345081e-01
4.266341092895974962e-01
4.700398507021711358e-01
4.656224975394899768e-01
4.694670023197659026e-01
4.656701778128619074e-01
4.799114637491564417e-01
4.772318199634320024e-01
4.174549407813362145e-01
4.124965970506928037e-01
5.155590503185640827e-01
5.139581904384675770e-01
4.490042130699587464e-01
4.495744121213455791e-01
4.092724375165059936e-01
4.056463569285173043e-01
4.109470212251322141e-01
4.702909983519772963e-01
4.719364524627636115e-01
4.770499468582783398e-01
5.117353149160274173e-01
5.478712714457697475e-01
5.172745760438458573e-01
5.355933193894014677e-01
4.196950269262002542e-01
4.423452707215249635e-01
4.902797804854373553e-01
4.367405335223387142e-01
4.753760366987431207e-01
5.089632478328082188e-01
4.852308030239727010e-01
4.618077308228307754e-01
4.771015821621304442e-01
4.980616977177783067e-01
4.335255831803146442e-01
4.293114874275459902e-01
4.690205319553109042e-01
4.686604864713305174e-01
4.686724139375153531e-01
4.425284953544657007e-01
4.638757665737470171e-01
4.499857682991879049e-01
5.072280679214189458e-01
5.058857267613323661e-01
4.131057116905771931e-01
5.175630636123699224e-01
5.409658226532169101e-01
5.129776530069383167e-01
4.456820217264939044e-01
4.496521137121560208e-01
4.042250225519042894e-01
4.102677196176002794e-01
4.665140614806810304e-01
4.728302619355054803e-01
5.249649126790457698e-01
5.382773917301530986e-01
5.035700728425787087e-01
5.440718080108246646e-01
4.197613403654638087e-01
4.464423724153901984e-01
4.285641897145168744e-01
4.665655295774918110e-01
4.253587552491946977e-01
4.917485883168484229e-01
4.991433235835091020e-01
4.824702431836739858e-01
4.898648450429054502e-01
4.559934724980207466e-01
4.593552329458157613e-01
4.572711367957751905e-01
5.119027903716613093e-01
5.005345732391227598e-01
4.247751801247161563e-01
4.675059151335318464e-01
4.704066520122206496e-01
4.447404273317567824e-01
4.515743999242555207e-01
4.471782819414550914e-01
5.083375968612786622e-01
4.245569628293540121e-01
4.143310036995084267e-01
5.116409805396272548e-01
5.294342475361063505e-01
5.059378675651019508e-01
4.408586239024545050e-01
4.511311314890906199e-01
4.134636089515146273e-01
4.283537746782735134e-01
4.726874041726338849e-01
4.742607866904026137e-01
5.077217345686201311e-01
4.684446591177987007e-01
4.987754449393289602e-01
5.352326804702466356e-01
4.112934579515966638e-01
4.254112432067014282e-01
4.301715253126719984e-01
4.718392967685809958e-01
4.650468389295147054e-01
4.326638294669674090e-01
4.427944327009749603e-01
4.797871245785911287e-01
5.087859781614483268e-01
4.959811016861067623e-01
4.421657550869778075e-01
4.677935947874374278e-01
4.493240634841574321e-01
4.542652224409913786e-01
4.920329513911171349e-01
4.367594523111318905e-01
4.199903529605197861e-01
4.662928356018334886e-01
4.722223449934694894e-01
4.675512575344175081e-01
4.448649650134781641e-01
4.431236527506823841e-01
4.475690576239905738e-01
5.019965039259366435e-01
4.986585728745284163e-01
4.192127610213401967e-01
5.199714304108414842e-01
5.197167381343101855e-01
5.194679785498319546e-01
4.341755519380458006e-01
4.331325925544704525e-01
4.181571236330585140e-01
4.156675528370081252e-01
4.233722097999651490e-01
4.732824952626304982e-01
4.752827077141258405e-01
4.600545301553298772e-01
5.676804671612736275e-01
4.968746852622547006e-01
4.994762110515206244e-01
4.084959277607841388e-01
4.264024622391098251e-01
4.315804485689955783e-01
4.278124463783267162e-01
4.655882078940792312e-01
4.394362739999541079e-01
4.718807486282702301e-01
5.133899867631918079e-01
4.898450709445791862e-01
4.965357755725726130e-01
4.352675426160694250e-01
4.558260942051950426e-01
4.400460121824968929e-01
4.434923974785723311e-01
5.425350106946555950e-01
5.276291154128256444e-01
4.224650034876425986e-01
4.659196049516211580e-01
4.706749728041323411e-01
4.660591689966369633e-01
4.449899038494808945e-01
4.437327046405616371e-01
4.457683979761801196e-01
4.906103063162302047e-01
4.193590495231990234e-01
4.218251674385519179e-01
5.209959124077313541e-01
5.308523831473102028e-01
4.348268801777535608e-01
4.595047624326722424e-01
4.401806135871808023e-01
4.064757583872020685e-01
4.334861700269801998e-01
4.912461993526395232e-01
4.744437868403260095e-01
4.715292834684911560e-01
5.228870435716131970e-01
4.836988813429436429e-01
5.070559453858271004e-01
5.409068452791202519e-01
4.110339039623370772e-01
4.326309281525128614e-01
4.377546117289878858e-01
4.284041796901105759e-01
4.711545923184800588e-01
4.732785556733209997e-01
4.464085322164580427e-01
4.851923497404033725e-01
4.966768937942890316e-01
5.056220734519745186e-01
4.312930209550434046e-01
4.311871536628461010e-01
4.441584153940611457e-01
4.792822566501910853e-01
4.268592812933598712e-01
4.244666202253590814e-01
4.639745707418733711e-01
4.611042067295437752e-01
4.656419497364348015e-01
4.649077004657383161e-01
4.454062656417498434e-01
4.434422284274135984e-01
4.459239922258534383e-01
5.110063413484434713e-01
5.109048793695927237e-01
4.231006756605049657e-01
4.250368036350301026e-01
5.190574268506069622e-01
5.524239818573410954e-01
5.212075313162181089e-01
4.307241585844938658e-01
4.357567050489735139e-01
4.395826473550628055e-01
4.194003233806336550e-01
4.264558424524252933e-01
4.640016896226362708e-01
4.694274322893051132e-01
4.675139636347878103e-01
4.882214652775749841e-01
5.142466262713997205e-01
4.915193642337614133e-01
4.999705379984260012e-01
5.239830637383062761e-01
4.098891403334018468e-01
4.650183697794372240e-01
4.422851913652733336e-01
4.322104302821209165e-01
4.810596700648158697e-01
5.317947273125263052e-01
4.648214737306692323e-01
4.372755915116255387e-01
4.252594169159837345e-01
4.356935466196699691e-01
4.367963713166344575e-01
4.337703428912799142e-01
5.475047973255352529e-01
4.135752084894723790e-01
4.172551096099420542e-01
4.569505697490361951e-01
4.745676671516661504e-01
4.611051216449137957e-01
4.465069468895299654e-01
4.414071748386667604e-01
4.463955741648711339e-01
4.802844294734047725e-01
4.197789775622872699e-01
5.069284823626830638e-01
5.846612553518056865e-01
5.269682662862367195e-01
4.382136882946697232e-01
4.220093221809381734e-01
4.362833504527103834e-01
4.204292594266915151e-01
5.802553591185768411e-01
4.681601126564970961e-01
4.614645330525457001e-01
4.484106194533368783e-01
5.280939374178323931e-01
4.834359041077710972e-01
4.938199012780117303e-01
5.069409292952873347e-01
3.793605426210673315e-01
3.931195416907663498e-01
3.687062897890974189e-01
4.445018590678574966e-01
4.923599343293712516e-01
5.138001440699379030e-01
4.665268512432162451e-01
4.821736923106627049e-01
4.936637326434504258e-01
5.006909031794962717e-01
5.234331313251175954e-01
5.627440517216244498e-01
4.169791834826012678e-01
4.214529052823507427e-01
4.334646914792613659e-01
5.475923386449321750e-01
5.269439456134610289e-01
4.550077422056129084e-01
4.761532545520911208e-01
4.443189622372745728e-01
4.465614141833318396e-01
4.479527117038653028e-01
5.220353707719904701e-01
5.354410047279268836e-01
4.309289148839745009e-01
5.642743035426729392e-01
4.301026883551213320e-01
4.363214905496088925e-01
4.383790376626220398e-01
8.207067681144245563e-01
4.739367151724124816e-01
4.995302089128988432e-01
4.117843328899336575e-01
4.171596751014175486e-01
3.035836062236437760e-01
4.723581881782302760e-01
3.882911124223550892e-01
5.155581354348185430e-01
4.839359209709728216e-01
4.961772844616417211e-01
4.763515083270361550e-01
4.868125112290185297e-01
5.001572937564674470e-01
5.161283354431158710e-01
5.312066308573709650e-01
5.446615439741143705e-01
3.916051039676369805e-01
4.162931836586187262e-01
4.205832861035871395e-01
4.221555735788696251e-01
5.065036510287270755e-01
4.549341681598387810e-01
4.426475670586167421e-01
4.475675966825582996e-01
5.380773751156459062e-01
5.399602839111893315e-01
4.746592046164193612e-01
4.953838682933290882e-01
4.252706929727474994e-01
4.441152780928258603e-01
4.311019554150056776e-01
9.014860273887118636e-01
4.970882203788265508e-01
3.923738122885312429e-01
3.373378191933756320e-01
4.274645023821526668e-01
4.792465455623026171e-01
4.942779085211838619e-01
4.706609481814891249e-01
4.780324766771060219e-01
4.950222472668029394e-01
4.637627733604881564e-01
4.689493811399650380e-01
4.432266709998851639e-01
4.955675575616989570e-01
5.444909000066066040e-01
5.015930141901255856e-01
5.386940405861595504e-01
4.225914555644589288e-01
4.286679709159146312e-01
4.140972776744458739e-01
1.034517375186967625e+00
1.654061342153120007e-01
1.568215021587542057e-01
4.689504267557954020e-01
4.894144979972701592e-01
4.691026622709486560e-01
4.695940311140348600e-01
4.702774537838268487e-01
4.726050734369721118e-01
4.784914023310655184e-01
4.864347318853624036e-01
5.072399758075037957e-01
4.415324180126648512e-01
3.134005749124828544e-01
4.932895010010683312e-01
5.403560681561055956e-01
4.975663963278045832e-01
5.204851849176204137e-01
5.569533407048093965e-01
4.226848818976787769e-01
4.118548432180164087e-01
1.191876690054855414e+00
1.420563034686314341e-01
4.707301398678637172e-01
4.501018271906840895e-01
4.531922242357671049e-01
4.790862430358707180e-01
4.752358826956103455e-01
4.737731018835316665e-01
4.723602324573530908e-01
4.743072792154264250e-01
4.795621944080853960e-01
4.863847583490124582e-01
4.956093785924521322e-01
5.084187777146030873e-01
4.963937095016320300e-01
2.149720252703712642e-01
5.204342779865492874e-01
5.220950478512303983e-01
4.821236494659374427e-01
5.000243482108597259e-01
5.225637925908382941e-01
5.529166505609360849e-01
4.165099670973286261e-01
4.349678883441039923e-01
4.217258365060364000e-01
1.377771025823987916e+00
1.956638743800123148e-01
5.007229980399817704e-01
5.043091783837149178e-01
4.792255806570739352e-01
4.865902643844894349e-01
5.018195853172233711e-01
5.359841808036081012e-01
4.135011159003642578e-01
4.189620666340857502e-01
4.014350042285259601e-01
2.793917109733631832e-01
4.928720091081477683e-01
5.280756271279755110e-01
5.162744625791336750e-01
4.142359996283951906e-01
4.099562526080298697e-01
4.113885588997513998e-01
4.291572002143100861e-01
4.176641116408753018e-01
2.143098911656471373e+00
1.847328429191464672e+00
4.075854083481675882e-01
4.225669399158932249e-01
4.188121611257017429e-01
2.494859808776887622e+00
4.116312363782793637e-01
4.410823113941002571e-01
4.171320665169181430e-01
4.254629305669358486e-01
2.925018238764776068e+00
4.180450373018521071e-01
4.355167259377646927e-01
4.125656801579867250e-01
4.348016884184866537e-01
4.329058085405237399e-01
3.476153703132901285e+00
4.197279304721831528e-01
4.425224711986294190e-01
4.108636740278103217e-01
4.365489780946875120e-01
4.366931247645725045e-01
4.368017808470634478e-01
4.242455636515308548e+00
4.090379964419566527e-01
4.301893174757351890e-01
4.291173208690099994e-01
4.433781854056896288e-01
4.428355397382298109e-01
5.496322440412098942e+00
4.234894541514124811e-01
4.282733158215490388e-01
4.011852617611865734e-01
4.350276949600699328e-01
4.442980373397218408e-01
4.307989044359916697e-01
8.556700844960863250e+00
4.024905604337611909e-01
4.241733834909665046e-01
4.332162829048866737e-01
4.423207758116620703e-01
1.103077903597142750e+01
1.734380646058889397e+01
7.244921798051102257e+00
5.591537398176505747e+00
4.988528392205661355e+00
4.612029350347892631e+00
4.330604328624963806e+00
4.101378880756529455e+00
3.905040878564440376e+00
3.730882611322421827e+00
3.572431749499927367e+00
3.425624188460327790e+00
3.287890425496077462e+00
3.157636985600039470e+00
3.033923493003370719e+00
2.916247656538815125e+00
2.804395888322023911e+00
2.698337300769151348e+00
2.598147942625314677e+00
2.503956483363267260e+00
2.415904811887680470e+00
2.334118391509179435e+00
2.258682278144796829e+00
2.189619754119766615e+00
2.126871716223742048e+00
2.070276361235796170e+00
2.019550326636576632e+00
1.974274133569289935e+00
1.933886228955218112e+00
1.897690630839267589e+00
1.864882560005621359e+00
1.834594074002333652e+00
1.805957688153407403e+00
1.778181075590810734e+00
1.750621630456486111e+00
1.722847578845391414e+00
1.694673566701946799e+00
1.666163342235756684e+00
1.637599194263049229e+00
1.609425235679152522e+00
1.582177220716723953e+00
1.556413660444445402e+00
1.532660968434638837e+00
1.511379946739324742e+00
1.492953848375868420e+00
1.477691686306329633e+00
1.465836319912438235e+00
1.457566278374810675e+00
1.452983304254364061e+00
1.452083099485576012e+00
1.454712794486856753e+00
1.460523172743571019e+00
1.468925310034558063e+00
1.479060071364275863e+00
1.489786508685359001e+00
1.499694308800986198e+00
1.507148140285421434e+00
1.510377117254308565e+00
1.507624933014007906e+00
1.497366586659027776e+00
1.478570469466238491e+00
1.450946791049742890e+00
1.415097078196272617e+00
1.372490497569185397e+00
1.325248115497438928e+00
1.275791029347437266e+00
1.226459403882162125e+00
1.179207826655542135e+00
1.135435244852250003e+00
1.095949111514462171e+00
1.061025692950947841e+00
1.030522197788168670e+00
9.038398161624269234e-01
9.141583066060893215e-01
8.970533785768083357e-01
9.054613961433412017e-01
8.972240182223375493e-01
9.194509125465707422e-01
9.387820780230913265e-01
9.623410653786035329e-01
9.881721949517894288e-01
1.013360953434851108e+00
1.033950654366089905e+00
1.044909916800536243e+00
1.040171056928882010e+00
1.012732406675183938e+00
9.547275346080347225e-01
8.571954949365337972e-01
7.133147274101379054e-01
5.387370812085776617e-01
4.053427869719359311e-01
4.258235283216006972e-01
4.394419316027896594e-01
4.426991923568882603e-01
4.249529353479906679e-01
