1.709588021040837802e+01
1.104656139948423110e+01
8.583861370985228945e+00
7.473954284410364579e+00
5.947865779489275084e+00
5.420871426450897701e+00
5.091659315781380535e+00
4.835882733899965480e+00
4.614445560883943642e+00
4.411056627992899770e+00
4.218092257021789138e+00
4.032360810955683661e+00
3.853152786417871845e+00
3.681138412833904638e+00
3.517681213610750035e+00
3.364388210113876010e+00
3.222806864228018764e+00
3.094228905235790528e+00
2.979585889938282328e+00
2.879421365883505946e+00
2.793912164853122881e+00
2.722904320494220709e+00
2.665937066230029018e+00
2.622247722158267624e+00
2.590769213296096662e+00
2.570139843253060441e+00
2.558738501771296026e+00
2.554742335552700361e+00
2.556187168679759925e+00
2.561002929588943378e+00
2.567003062909510192e+00
2.571829016664021861e+00
2.572882781964643151e+00
2.567310613228098060e+00
2.552113780205512050e+00
2.524441807364817159e+00
2.482062652384503298e+00
2.423914714231076850e+00
2.350565292839839504e+00
2.264381515495695663e+00
2.169296462125201774e+00
2.070205122843101986e+00
1.972175819480958214e+00
1.879727041282809319e+00
1.796364318006302918e+00
1.724439610808002676e+00
1.665268491725416133e+00
1.619378162918386543e+00
1.586769422791227013e+00
1.567125439193181702e+00
1.559949817438364805e+00
1.564642600338993050e+00
1.580524447609320315e+00
1.606811059389744223e+00
1.642539936409753931e+00
1.686468454949443085e+00
1.736987921694946202e+00
1.792111612630569839e+00
1.849575671921057429e+00
1.907037889736748371e+00
1.962293476129996161e+00
2.013386075713733181e+00
2.058505440469875047e+00
2.095633341611418565e+00
2.122003054995341476e+00
2.133537654110790438e+00
2.124483300272032249e+00
2.087391725297100820e+00
2.013337021338026389e+00
1.891876265458655171e+00
1.709692067317207353e+00
1.464889442700220812e+00
1.241290753744385800e+00
1.196037270462743107e+00
1.167235729720410342e+00
1.050463216449323944e+00
9.200143362175268180e-01
8.156873550135141926e-01
7.545300757704748174e-01
6.946050113711709217e-01
6.441116119486595126e-01
6.302720663300925841e-01
6.856295105721592620e-01
8.078635811314959225e-01
9.760541815401828636e-01
1.109369369224946889e+00
1.185682475082342036e+00
1.156707529081067998e+00
1.032554970628280167e+00
8.840617912291340863e-01
7.402025121908996086e-01
6.543254152424697878e-01
6.401271157332745210e-01
7.212987678048590201e-01
8.345368190967108468e-01
8.844063873595502390e-01
7.769938934202464953e-01
6.377546977965279362e-01
5.597607569042931663e-01
5.162911604420312717e-01
4.933818815077497533e-01
5.112635724068343990e-01
6.906404080818067115e-01
9.382331169993540776e-01
5.564974565538931550e+00
9.584457119539288028e-01
9.246623831966798157e-01
7.779129881254818191e-01
6.763167939515480898e-01
7.327547204271206427e-01
7.330245939799552302e-01
4.286240993105245423e+00
7.361821718511422086e-01
7.240296466200447645e-01
7.127258895873358480e-01
7.832354167531448974e-01
3.475849981672187283e+00
7.785206431836582119e-01
7.778540832306762853e-01
7.514577558479992314e-01
6.852770226365314521e-01
7.424937170472289960e-01
7.429918923103798756e-01
2.873912473591108796e+00
7.339619425676698894e-01
6.967890898187797388e-01
7.328623727869801874e-01
8.071493282672279612e-01
8.872911751364296329e-01
8.926645047387232745e-01
8.922299504742327025e-01
2.390546409843364195e+00
8.390421142502841878e-01
7.255989183589028890e-01
5.922150813635307376e-01
4.573325861342640852e-01
3.331127900721903012e-01
2.346215959229698000e-01
1.654897275437001158e-01
1.084070810379840488e-01
5.978097087848714686e-02
2.149471749078765356e-02
3.484854895705141471e-03
-1.556580499684547545e-03
-9.637997469700519942e-04
-7.888308060127766986e-05
3.297414409374193619e-05
-2.747839536509596228e-06
-9.447760183440497445e-06
1.986991211696974569e+00
-1.027843428045901856e-05
8.988431576824630338e-05
3.554073023093803224e-12
3.889378114029946328e-12
3.495178551991922029e-12
1.646476063215247532e+00
9.286080230976092587e-01
5.349093634245577489e-01
1.391827615496660453e+00
1.584939645408142583e+00
1.576759563505657269e+00
1.502235628015737623e+00
-2.989920686262075876e-05
-7.442791038696403537e-04
4.737207675416617146e-12
3.429317591773710094e-01
3.437321366998382643e-01
1.078655466687192810e+00
9.183176880763371797e-01
1.160113397903103749e+00
1.598698099047104471e+00
1.659161633315630713e+00
-1.970084575733736711e-03
4.408859701893121374e-01
2.801669754897732623e-01
8.337235227185394448e-01
8.642688319975458944e-01
8.179220995022618013e-01
8.840646101504242571e-01
9.489936555626495851e-01
9.971801773927237988e-01
1.062043452010219546e+00
1.124858925944412835e+00
1.166019181907927749e+00
1.067684145391258665e+00
2.727941335316607097e-01
1.559720528655521576e+00
9.579451018825301256e-01
1.042472912374108551e+00
1.422280885036047993e+00
1.450152106836670729e+00
4.834473752095154106e-03
9.443449722503424737e-02
1.002578393119709199e+00
1.147516688285415976e+00
1.852724692602608914e-01
9.997504898057498757e-01
7.618248396387140575e-01
6.977696437448965838e-01
8.181518980560184007e-01
9.891312744380501565e-01
1.102544678965165836e+00
1.047902060624338993e+00
2.557802410370450530e-01
1.328041913521942119e+00
1.036130418334161529e+00
1.264332992292858782e+00
1.294633836939079963e+00
4.418635424120730404e-01
9.409542255295013646e-01
6.012811685648189464e-01
4.282650702798448950e-01
1.156800667480624822e+00
1.133117238024959228e+00
1.090066949982072098e+00
6.324122979982864656e-01
4.233529073158766032e-01
1.014284985243886217e+00
9.725586563122393668e-01
9.235816978920122766e-01
9.959535828562963156e-01
1.010579127780127040e+00
1.012401120252376385e+00
1.067789569372748160e+00
1.140598007829501936e+00
1.218885185830782536e+00
1.295050763739060251e+00
1.277468282067244054e+00
1.188149070910068827e+00
2.712587782947086801e-01
9.533670730801794280e-01
8.612637989399382077e-01
7.929403065133562301e-01
6.247282486923348976e-01
3.350665368217857765e-01
1.144248646942959136e+00
8.699242010551270221e-01
9.058170866536809918e-01
9.128472951733581642e-01
9.710707024033039536e-01
4.305805984055277036e-01
8.244844286342700723e-01
6.822446817072898018e-01
7.029183324362620056e-01
8.582615848040268114e-01
1.062178469545568271e+00
1.263638112443147943e+00
1.374724704599169733e+00
1.246532107486392871e+00
1.445805783843378267e-01
9.656795843343565222e-01
7.342076993565389564e-01
7.573056422056974046e-01
9.657604549694338569e-01
1.230348898662021240e+00
1.111703506816709375e+00
1.071895469444867688e+00
2.826721837112975422e-01
2.416936892465986475e-01
4.903295746942241684e-01
3.431709158749916555e-01
2.641794782575493938e-01
7.675886164099334774e-01
9.128736616332319143e-01
9.503274366033412912e-01
9.495446597120040799e-01
1.194451490679971251e+00
7.748144471508555675e-01
7.940824362780912749e-01
1.156776608116706795e+00
8.379526692321819237e-01
8.658306294772463163e-01
1.105921127008717919e+00
1.337510566236872256e+00
1.288811872812571924e+00
1.294435689439424608e-01
1.564171959904140652e-01
8.455319228672772969e-01
1.246253811331369393e-01
6.984554949270985746e-01
1.425587420433656605e-01
8.163766110275412213e-01
9.925854352213433485e-01
9.965915035677791467e-01
1.141657554961364118e+00
7.631320444113383061e-01
7.745137894130936784e-01
8.038366974366881745e-01
1.079838423029205074e+00
9.415841790262796662e-01
1.134243199790597068e+00
1.016274704387029271e+00
1.624688725657756627e-01
2.666796986365034816e-01
8.938875811414022099e-01
7.546218427378511562e-01
1.804022612043311713e-01
7.256808776385830217e-01
6.620385109968136561e-01
1.668383306444532754e-01
8.142885947523628154e-01
7.148819069141345572e-01
1.026765391771073732e+00
1.061002983576297298e+00
1.294790443115338974e+00
1.425638257534247222e+00
7.517248576748963851e-01
7.460177239245180392e-01
7.501123930354320901e-01
7.440461056802829543e-01
5.543795759717571325e-01
5.362136841978274449e-01
6.659431599506379085e-01
7.394969438634648728e-01
3.519814640707239484e-01
4.468723146076559738e-01
5.577173474679494314e-01
4.205551878964745027e-01
6.418044930527718739e-01
1.025512122647870727e+00
9.396590368112237579e-01
9.367464478241201986e-01
1.229759114596844505e+00
7.413626167494560271e-01
6.585037137478420011e-01
6.251920126457602978e-01
6.109307509487975629e-01
4.514805371863747085e-01
3.554401646006515869e-01
6.658150213467859402e-01
5.908647086213661970e-01
6.537321467403183206e-01
6.542895097701668661e-01
8.044951817401976291e-01
6.872257982457444792e-01
7.546107416319371985e-01
6.038180130712997862e-01
3.306531166217992479e-01
3.703562764773650207e-01
9.901788539322974037e-02
1.746405087524856847e-01
3.479305337788142216e-01
3.493305835356921296e-01
4.449276812480270626e-01
7.737864637884903640e-01
8.111334256955312627e-01
5.662454484061798521e-01
6.345825139327228304e-02
6.367350654559814083e-02
1.205358870257148274e-01
2.601260495698726194e-01
4.050584204752015194e-01
4.280842921685581448e-01
1.017575552942207695e+00
1.077904372591212745e+00
1.679496546530007961e-01
5.160534212897521789e-01
3.675837595294084714e-01
3.851198308379031876e-01
4.285873141158739741e-01
3.634999177898565192e-01
6.237388967025114805e-01
5.905634735319748030e-01
5.135102531117976543e-01
5.899923715562754856e-01
6.253567332388395572e-01
6.110968500036403350e-01
6.705042254995354778e-01
7.306641532825741692e-01
6.460193523506043700e-01
7.160877085696123467e-01
7.124966538184652753e-01
6.460263615073739141e-01
6.984547472845251681e-01
9.536662181547262973e-01
9.911198682151873829e-01
4.003867063953011063e-01
5.085007645139661969e-01
5.215206569945138870e-01
7.272899059780714159e-01
6.906587124423081425e-01
7.114685700376093269e-01
5.587149139607809900e-01
4.823552997718993374e-01
2.570753276843115720e-01
7.215123752624380549e-01
4.164009641718257049e-01
3.932162600055306156e-01
5.296098494105568877e-01
6.248889314886829638e-01
1.032722228935303077e+00
1.003883466886214215e+00
1.012415675535768278e+00
2.633973575183028658e-08
-1.923943381787108374e-06
-7.005183445689308055e-07
1.515747153130213125e-02
4.257374827158333375e-01
4.147510743293817970e-01
4.231520348423067346e-01
5.197837817383010872e-01
7.246425055599071685e-01
7.800058902742850186e-01
6.842058591549415869e-01
5.511981577865089355e-01
4.217364853471248787e-01
3.906340134592412583e-01
4.655091507331974299e-01
5.772807425733386122e-01
6.315906837410423247e-01
6.472345442449072284e-01
5.077647502707487437e-01
4.528039700765836284e-01
2.020093352038827006e-01
4.487487251463346261e-01
1.661778641278534308e-01
2.445222197056497737e-01
2.735692222469383039e-01
3.474952439686045946e-01
5.319218653562228782e-01
6.058162358059638875e-01
6.410063773258376507e-01
6.264979287336900349e-01
6.929392979937990527e-01
6.958486565971276905e-01
9.470086906925955228e-01
9.466852490832953215e-01
5.195802274708746227e-01
5.595146403292932114e-01
5.968723018395443169e-01
6.681945362531513943e-01
6.169982698738045723e-01
6.561156008179400700e-01
6.714261774644472158e-01
5.500596792664226298e-01
1.062787630565648067e+00
1.138607387356647349e+00
6.454657424917622510e-01
6.132294117755681118e-01
7.271414647778842166e-01
7.462485752960349439e-01
1.045228451462477892e+00
1.108844825681538637e+00
-1.285797585915500805e-05
-6.369181906478904964e-06
-5.387292257193820027e-06
-5.361615798027548688e-03
-1.473932620770855573e-03
3.793813622521565176e-01
3.706360214831069255e-01
3.813175338052828267e-01
3.764300702222515560e-01
3.519102982160767779e-01
3.866451045059517422e-01
5.176917611772342553e-01
5.974975241866598008e-01
6.145240748574823941e-01
5.021839693748745281e-01
6.764547586154675551e-01
6.080795230210794822e-01
5.333575078286834081e-01
6.054448199170363587e-01
6.505768061689080062e-01
6.196738814021960362e-01
6.107892915830301916e-01
6.265498143589171010e-01
1.223671803070764508e+00
6.258133841237235595e-01
5.573990100618614330e-01
5.171789313119891096e-01
5.872252676139381178e-01
6.391524849200777014e-01
6.999491968912254780e-01
7.450762338656813366e-01
9.282269927572568413e-01
9.105201814130797766e-01
7.565239058938268979e-01
8.049447327071393987e-01
8.066259792340682022e-01
1.054102034006096700e+00
1.097459726366235566e+00
1.118140327546300439e+00
2.474857990779982483e-04
3.790521025065435659e-04
3.268199785057014493e-05
-1.094835923322803580e-03
-1.785211621600985617e-03
3.401078527653375039e-01
3.403679799723394184e-01
6.020323742716429116e-01
5.200073019248460104e-01
4.831542588425715157e-01
5.861385829470279196e-01
7.119541851259192367e-01
6.283338218712207768e-01
5.402890033686923443e-01
6.052395329038913196e-01
6.369971958401868806e-01
6.161245296566248975e-01
4.992300901081979103e-01
5.044321645032745494e-01
5.056908838499759584e-01
1.209146930052104496e+00
9.197056436462613949e-01
6.226240566082391625e-01
6.120517391050500633e-01
5.916581514972616418e-01
5.593490831430079080e-01
5.995301082130296555e-01
6.770463983277000830e-01
6.919903546728219945e-01
6.742422462257874338e-01
6.903353592561864982e-01
1.365609589533425039e+00
6.435444198295076079e-01
8.229035663234506304e-01
8.368135809287161608e-01
1.167310946670333749e+00
1.195903088523309066e+00
1.534594178980590892e-04
2.465215324644736425e-04
1.744929584085500116e-03
1.059406118837606312e-02
1.146692678978319772e-02
3.569636526378813790e-01
5.870949224642858510e-01
5.913756593316749077e-01
5.310617068286286324e-01
6.008035655692506305e-01
6.153860367743247961e-01
7.249254696695850431e-01
7.304480506040933463e-01
6.072748743950142636e-01
5.638360620219978747e-01
6.238287106044758668e-01
3.748958845584526856e-01
1.724173691720983226e-01
1.592112745685147768e-01
4.553703765827399885e-01
6.429618242507806336e-01
6.721299026234686114e-01
5.731655288254935421e-01
5.072165337834373400e-01
6.354855568967784363e-01
5.215815062930966306e-01
5.085267807996273204e-01
1.309219414412850169e+00
9.506152778978229634e-01
4.513112522707533047e-01
8.101308712954695679e-01
7.669866547473576102e-01
1.142388382817114856e+00
1.096340936859310888e+00
1.087293036714930050e+00
9.780232746610637018e-02
1.403297482108254723e-01
5.330747644972874417e-04
2.532995676406181191e-04
1.234690108999170373e-02
1.221084956998224648e-02
3.300192411272186988e-01
2.877551087230793003e-01
5.961397354868384069e-01
5.591988122901010438e-01
6.281315317655460362e-01
7.415567455285967391e-01
6.369033930133002341e-01
5.844753835247485929e-01
4.744215925458546423e-01
6.673269825714458481e-01
3.398005409087130890e-01
1.919141884434051037e-01
4.873815203639610405e-01
2.539460220583448780e-01
3.981724672432815360e-01
4.100904095490432444e-01
4.012239889031984919e-01
7.690832597364496426e-01
6.065635804862945513e-01
5.833613272937592242e-01
5.549220259417362300e-01
-6.655722234170575492e-04
5.488367201321146457e-03
1.754520286370410131e-01
6.380735810530332452e-01
6.252444232931062551e-01
5.511483104325699545e-01
7.476519873446341169e-01
6.465055842804188213e-01
3.632297455281129905e-01
1.895172029587743057e-01
6.702342776284677672e-01
6.618810169311044600e-01
6.319271038260275419e-02
4.605863671718367081e-01
2.895751669164576270e-01
-1.308087989681274094e-03
1.694299985928126705e-03
1.427348457402719817e-01
1.421180508302624657e-01
4.393293300935383061e-01
2.434033884326150809e-01
5.960170735782954754e-01
5.695677124509795908e-01
1.299770960619222593e-01
6.877881128727466598e-01
6.854007930249715885e-01
6.419480952728162659e-02
1.006941491870715633e-01
5.757514285829786749e-01
1.870931990569374981e-01
1.147948957659298969e-01
6.329916017407660050e-03
5.590534609416694927e-04
1.207748816406743449e-03
1.008630985809238073e-01
1.748523198963269909e-01
4.767495601686808082e-01
2.034072186078087208e-01
6.658523090350323415e-01
1.767696860639892953e-01
6.136107736744961239e-01
5.708652063571038049e-01
1.026132959744743001e-01
4.686571114528422649e-02
1.858914678660199575e-03
2.566114459840252993e-01
3.227501893575615011e-01
4.826518321263492117e-01
4.010361109680458114e-01
3.306576073109442349e-01
6.680211960902843193e-01
4.507674129688803988e-01
1.794893631916013310e-01
2.113004337293781787e-01
5.993225482956874295e-01
1.593575134635486223e-01
1.363304630706307363e-01
1.647610063957091449e-03
6.341887320930434946e-01
4.797139587281233353e-01
4.854739163671168423e-01
6.217183609087624241e-01
5.193689596304694733e-01
4.057008092132731170e-01
2.864690506550837124e-01
6.421849765278685451e-01
3.910913141264290571e-01
1.616251756742278778e-01
1.929034496484242911e-01
3.246628746644792951e-01
9.583709765491964889e-04
6.769066054041386060e-01
8.526220335586014443e-01
5.590646992408428995e-01
6.798068246791136859e-01
8.918747455866308238e-01
5.353593910883507334e-01
6.145009651192209210e-01
7.186813268239320429e-01
7.282825846316954843e-01
5.445329749287779464e-01
2.060453408726093116e-01
3.618214516744535092e-01
1.846302720394805419e-01
1.938821650902540217e-01
2.359882545665845932e-01
5.423162471740422541e-01
5.547806538463297965e-01
3.821837562392426378e-04
4.834729607591068887e-03
-7.440545089596904346e-04
6.268588712352084202e-02
2.103889831527933352e-01
4.060531175318752295e-01
5.571804856590728550e-01
8.556656995789277964e-01
8.736571928382677044e-01
8.655357272710441086e-01
7.480664543751520679e-01
7.540827596570897073e-01
5.501954912047503088e-01
6.937115780714278035e-01
3.474892051881247612e-01
4.574217515037963810e-01
6.284339632199181791e-01
9.148315822149269971e-01
9.074389514018189606e-01
9.030365265343274217e-01
7.673125048795126357e-01
7.735476906843766765e-01
5.901569972347829873e-01
6.785536889321092113e-01
3.483949951500003861e-01
3.686990209330004431e-01
6.090524921668063474e-01
6.165420357634999737e-01
8.667355609101869973e-01
8.490139423024637422e-01
5.952406646143683089e-01
7.539610033117516430e-01
4.106789642424959474e-01
6.081860560889111866e-01
3.336320551280994029e-01
5.516481266398002292e-01
6.955816444158278156e-01
4.347384551006150954e-01
6.746321301664974790e-01
6.985014499695756385e-01
3.484344456252172484e-01
5.789735268845718208e-01
2.097427486319995149e-01
3.109971145551068128e-01
5.440245951278950276e-01
5.879281184490299239e-01
6.728114552245456625e-01
9.242883709820596855e-05
6.196092915898562337e-04
6.021915601688196092e-04
-1.268031785784315846e-03
5.511254260502439495e-01
5.312134034907194380e-01
5.505797846470051882e-01
8.599209502147391326e-01
8.593105225345372133e-01
8.333605332788580622e-01
7.242689006008099506e-01
7.709152629681876867e-01
6.132150715990573042e-01
5.925193617083416298e-01
5.947226173801362092e-01
8.689257882611729489e-01
8.837112525033889998e-01
8.287140859679337224e-01
7.173588044821045395e-01
7.862794361954765776e-01
6.620105823284168078e-01
6.844895672705253453e-01
8.477464798439071636e-01
8.433485905357243073e-01
8.722182013865058536e-01
8.789792878565080292e-01
6.410891265064333489e-01
6.950343419406967982e-01
5.926218490043937415e-01
7.690820360163190816e-01
7.554664627101643770e-01
6.796588086374044657e-01
8.965788867477081370e-01
8.301398977663594358e-01
6.217611991851139663e-01
8.410186012407998568e-01
6.557467065247194471e-01
6.819318728250974848e-01
7.847622263590250391e-01
7.946696367889647394e-01
6.910426147651850324e-06
1.298903913917103198e-04
7.182837963559901649e-05
5.325007920869765377e-01
5.205429546709049449e-01
5.470266338566489583e-01
8.160362549253368236e-01
7.740131372682503841e-01
7.727707297033319378e-01
8.799252754096069662e-01
8.870240568437659512e-01
7.731394775478184211e-01
8.225309040630131019e-01
5.903297033529391058e-01
6.004115133346630273e-01
8.573761203239492756e-01
8.275156140152781781e-01
8.546132654631573011e-01
8.610652070529846158e-01
7.954454796843595243e-01
8.668396567014001741e-01
6.362575811703289341e-01
6.405703955943772288e-01
8.269927488306806351e-01
8.101225074223881162e-01
8.755444615818557264e-01
8.678095258483086161e-01
7.306132591024645517e-01
7.570677302388261198e-01
6.947637440683438470e-01
6.338409599386484183e-01
1.031767796900712630e+00
9.781562173915946401e-01
9.657765867427753337e-01
8.736977663882818934e-01
8.162774400388562723e-01
8.503978200834715340e-01
8.941353373617830780e-01
6.949026727302994866e-01
7.033190976099495950e-01
8.302343335339826824e-01
-1.656323161730310937e-06
-1.619360810576522430e-06
-3.211138388980615094e-06
5.190777403665567391e-01
5.594291221663286739e-01
5.749425178123506175e-01
7.276213934642959957e-01
7.088456188727401130e-01
9.023495072775102877e-01
8.972305355482848022e-01
8.333108765722587741e-01
8.534422807570198888e-01
5.948731615030414810e-01
6.250967499087585200e-01
6.673509986841125174e-01
8.046024947818127826e-01
7.767389862513937038e-01
8.037609460316547105e-01
8.753100626690402120e-01
8.838171750298853269e-01
8.763951962611427060e-01
9.079522272968096885e-01
6.443315522835105780e-01
6.865077827453286430e-01
7.300581869783735467e-01
7.982830920945490627e-01
7.788613096503346211e-01
7.987620321840049886e-01
8.516749608578102482e-01
8.492426881512845638e-01
7.784906256980292927e-01
8.021424210851065828e-01
6.234703979105199467e-01
6.063331965649956246e-01
6.245551158738845698e-01
8.736942396297735502e-01
8.380600364000915237e-01
7.944141164870355265e-01
7.772048537882677577e-01
8.610118033244086311e-01
7.924834126995199401e-01
7.044001399041168732e-01
7.090211885773995970e-01
8.468965105002964622e-01
8.870457700672627066e-01
6.075312834255777117e-07
5.296384383504424863e-07
6.087053107117996742e-01
6.294789385805070747e-01
6.841677234527644424e-01
6.452206359647386646e-01
6.816350658154316511e-01
9.108234103997963071e-01
9.247376158041696881e-01
8.618123746659966944e-01
8.525831668056182977e-01
6.657569188090370904e-01
6.839807582364689775e-01
7.497297404227378781e-01
7.346076936625779430e-01
7.389222892204310167e-01
8.967487629779951064e-01
8.892458481622853572e-01
9.206401097721307325e-01
9.148616336497314983e-01
7.185737163007284156e-01
7.440716327102330219e-01
7.506913271520627706e-01
7.521604769241450050e-01
7.329917098866293168e-01
7.318141969203401098e-01
8.229682860763153363e-01
8.256126288467087182e-01
8.184534950053007352e-01
8.364632060647292366e-01
6.468154189587268510e-01
7.195338293227997450e-01
7.794163108454464917e-01
7.950754171610199261e-01
7.650495562035490860e-01
7.953357834750283128e-01
8.170411964970664132e-01
8.661905834800504023e-01
6.846963328246100655e-01
6.593272487446183439e-01
7.089186154039217591e-01
7.189176446090267403e-01
8.986054901299742603e-01
8.628174858832265981e-01
7.705994217967269151e-07
6.209331454625514057e-01
6.104271704324943926e-01
6.358073600886884336e-01
6.144135116574388489e-01
6.516399326642322576e-01
9.526881625066283554e-01
9.559114264012309459e-01
8.586582183094814136e-01
8.365710804371211395e-01
6.931630897564342586e-01
7.045069164375012960e-01
7.254901068810715170e-01
7.207634424600846135e-01
7.200117206040822504e-01
8.904336773611628564e-01
9.122819844441699688e-01
9.100341350364060666e-01
8.937654837255532003e-01
7.814930282981783494e-01
7.876804216508346279e-01
7.210398721957990142e-01
7.483903150627867484e-01
7.777394226082628981e-01
7.758560501242759422e-01
8.461365690526092553e-01
8.562695198404244312e-01
8.109258229622183789e-01
7.634289309805323276e-01
7.419053231929658709e-01
7.561630599483094572e-01
7.841548653431429372e-01
1.009352774796588692e+00
5.744972938742564095e-01
5.736593596056518418e-01
7.193677691306236133e-01
7.190433305581945822e-01
7.667942817008235323e-01
7.919171219482850077e-01
6.116842275232619031e-01
5.695091893778274628e-01
5.614394063392644796e-01
6.240836097143976913e-01
5.657072222877472800e-01
8.516426614231138448e-01
8.482015982666346599e-01
8.031011374355394583e-01
7.796903494404671120e-01
6.897406647338792940e-01
6.318041296819946195e-01
7.125235446640579839e-01
7.217974452185066392e-01
7.522922093394597276e-01
8.785851371858814929e-01
8.796478386081350020e-01
8.850056784776415553e-01
8.494744221415180263e-01
7.378764170581494364e-01
6.397385618488844461e-01
7.121222452752077325e-01
7.305264721015345408e-01
7.840446755620319452e-01
7.200392599892815326e-01
7.514843725668494123e-01
8.670970450195952806e-01
8.714769172295425692e-01
7.582898821514876264e-01
4.656996782131224699e-01
4.507719717258671932e-01
6.903592618416544147e-01
6.640220704786079509e-01
6.888883770746063728e-01
1.008951010540123372e+00
9.617894110228115689e-01
7.121685958092223157e-01
7.265819039635866838e-01
7.285034339425028316e-01
8.671019325128802580e-01
4.402283332120134896e-01
4.206624124312622337e-01
5.654781467421285956e-01
5.705443117512225548e-01
7.138806064047361621e-01
5.067094606704239945e-01
4.426642107413924498e-01
5.957905581647845450e-01
6.084205911315200277e-01
7.842505977432081554e-01
7.837362006325895303e-01
5.279563464630366854e-01
4.016957289239387885e-01
6.309750931374931149e-01
5.637576973092163213e-01
5.692769132025534695e-01
8.543182107525529867e-01
8.097254681724266323e-01
1.414244718398444123e-01
6.029908048510945751e-01
5.907419883966483765e-01
5.906220320392001621e-01
9.115721515242275474e-01
5.409208766170005012e-01
7.075226288312094214e-01
6.758354685088082681e-01
7.326890858076753332e-01
7.421856523212088108e-01
4.654739214779084477e+00
2.645039563052518083e-01
6.987494602513369957e-01
6.507028117501084674e-01
2.589530936079312284e-01
7.200241917868700492e-01
2.036251762470709659e-01
7.055461612284994466e-01
6.982897449053407923e-01
6.809817006956478402e-02
3.513029992762510545e-02
3.728643860520036712e-01
2.631498871984881971e-01
5.260273339397187886e-01
6.317909445372194011e-01
5.044072864373461140e-01
7.495764074574067237e-01
7.291520257855605980e-01
1.617399853942492527e+01
2.156153112300126240e-01
1.312098811477677707e-01
6.194191418172761976e-01
6.060001388917567455e-01
2.187867269206550391e-01
1.157877618445181250e-01
7.381872681162067185e-01
6.344145640389389218e-01
1.974026944675051076e-01
6.505469414223190305e-02
4.484131760985057280e-01
-3.357611358351439597e-03
3.625230735362319767e-01
7.397081664006448509e-01
5.960048280861629522e-01
2.710033415965516568e+01
4.790051466623119342e-02
4.634071833732252288e-01
3.654137738917023759e-02
4.389086769530882171e-01
1.432870337959225512e-02
4.100217139488392948e-01
-4.848029217871939467e-03
3.329274565813100661e-01
2.973871148838332923e-01
5.142301649132160479e-01
3.752220906689133773e-01
3.149447642030724026e+01
1.312179194131118942e-01
6.064717040610881904e-01
1.158142249965785492e-01
6.343250360487456829e-01
6.505279284815719543e-02
4.483593249986307927e-01
-3.359695662447300356e-03
3.325232103345972523e-01
3.621254353995272401e-01
5.142286612511790533e-01
5.960043195149092865e-01
2.710052908584537690e+01
2.156523950566620051e-01
2.645341259100273401e-01
6.203749921117329702e-01
6.506612915749462323e-01
2.188503222203067311e-01
2.590172890593569477e-01
7.380374296669754974e-01
7.198987401230405592e-01
1.974094680506425781e-01
2.036238153048922084e-01
6.982604830948928587e-01
3.510504089879212808e-02
5.038558956203847972e-01
7.396890950091420391e-01
7.291323010299527452e-01
1.617417618879431274e+01
4.207103423249583529e-01
6.981595752012209610e-01
7.133971363848163882e-01
4.427611427716757198e-01
7.836315556794207771e-01
4.016948535937483467e-01
7.055178629594931472e-01
8.097176198673119440e-01
6.804758551026876545e-02
1.413457736712380175e-01
3.728861684483413819e-01
5.904737350515301131e-01
2.639316739063682915e-01
5.251041842452929265e-01
5.389576459775095030e-01
6.308999858648205450e-01
6.749341311174851255e-01
7.495442324752952246e-01
7.421530584773320394e-01
4.654814039015047200e+00
4.403019322640965849e-01
5.615129953174455846e-01
5.654406062532572053e-01
5.656754965851038541e-01
5.705852817775016739e-01
8.483811921835319181e-01
7.793876290902045367e-01
5.068265857439768762e-01
6.319320344115672006e-01
5.957999396673796522e-01
7.522766208137412480e-01
6.084182012491553548e-01
8.796818926374134762e-01
7.841377351401391804e-01
8.493680009253358199e-01
5.279659399459257774e-01
6.397431791545528101e-01
6.309500952680097141e-01
7.840052626356712739e-01
5.637768458733768417e-01
5.693452188234634503e-01
7.515773384057116147e-01
8.543185482927559971e-01
8.714929768943987520e-01
4.506115655783120011e-01
6.029483124763221902e-01
6.888602931190446199e-01
5.906241503711400220e-01
9.067352977745489762e-01
9.601720312321806450e-01
7.068774234469930029e-01
7.115381408557089893e-01
7.326483907922812788e-01
7.284620199658000672e-01
8.671313358795377235e-01
6.117135644820528295e-01
6.104642321774563785e-01
5.695870181680738886e-01
6.240631794211961569e-01
6.516096179129142740e-01
8.518243344754080626e-01
9.561837960360766164e-01
8.028249635873998535e-01
8.363850253444627958e-01
6.898768233611342060e-01
7.256057324333766712e-01
7.124974604509329845e-01
7.199742247053183553e-01
7.217824422194367706e-01
8.786075657086214186e-01
9.122942376954593646e-01
8.849055647801762348e-01
8.936923331713289009e-01
7.378873439595924344e-01
7.876870476247131991e-01
7.120844031887284542e-01
7.483453704184371835e-01
7.304892478667269762e-01
7.201226602820524070e-01
7.759181166737196822e-01
8.671302897689279199e-01
8.563165489937634156e-01
7.580771347918767722e-01
7.632195303476382309e-01
4.655327024794885804e-01
6.903307178236953723e-01
7.841361236498212151e-01
6.639940256117393691e-01
1.010506396233037174e+00
1.010901672850084587e+00
5.729331356471600856e-01
7.265341489835506206e-01
7.189948960317091853e-01
7.919571177602950929e-01
7.704413447433335760e-07
6.074042134487607379e-07
5.295401995593058040e-07
6.209178290222642227e-01
6.294456275080101415e-01
6.357550730716280407e-01
6.815708727425648927e-01
6.143731494875378507e-01
9.529575201993691902e-01
9.249250749154512841e-01
8.585178674116816788e-01
8.525220092264991223e-01
6.932282546726961092e-01
6.840413707784817055e-01
7.046109391641730557e-01
7.207215518019453038e-01
7.388684089526632581e-01
8.904428591407839155e-01
8.892243842454934377e-01
9.099857555478837456e-01
9.148339325450253190e-01
7.814974029518267917e-01
7.506842967031004399e-01
7.209949298387114958e-01
7.317608049786464841e-01
7.777993702590364489e-01
8.256441995374437237e-01
8.462036563936425893e-01
8.365413389756554130e-01
8.108133139662732081e-01
7.794069968505933366e-01
7.418834931955371470e-01
7.953161135584944086e-01
7.561454609684830075e-01
8.673334518995966524e-01
5.737516469165319100e-01
6.588831997393252982e-01
7.193169884216004117e-01
7.188662193788436516e-01
7.668360914816018115e-01
8.628707761172524915e-01
-1.656088233277373748e-06
-3.211398011099890127e-06
6.086472780884150113e-01
5.748539452520328163e-01
6.840903392198971478e-01
7.087501151648296638e-01
6.451533238843686346e-01
9.110040663851971532e-01
8.972891892294050376e-01
8.618391924635367962e-01
8.535131438976125695e-01
6.657846332622925356e-01
6.673578580028564078e-01
7.496570346354594072e-01
8.036766293349832946e-01
7.345417959039362010e-01
8.967117926820089568e-01
8.837469299626955488e-01
9.206468629445582197e-01
9.079703114360746508e-01
7.185492177680581349e-01
7.300292749505540302e-01
7.440608837102776763e-01
7.520992742530727693e-01
7.986957592151036067e-01
7.329384873036132175e-01
8.229969182489670354e-01
8.492401564232502365e-01
8.185512238659299333e-01
8.022482246192592648e-01
6.468315405217035519e-01
6.246029202924011647e-01
7.193677727757462614e-01
7.949865129398789865e-01
8.379583389377722735e-01
7.650211596081779586e-01
8.181061143372855282e-01
7.779299388188342101e-01
6.842766953937519103e-01
7.921601862853492326e-01
7.088671959724601734e-01
7.089693198375623950e-01
8.986684964758149263e-01
8.871120044542447625e-01
6.907087178387234855e-06
-1.620640040700839479e-06
7.180857526516861811e-05
5.189876859773364659e-01
5.469405304077937791e-01
5.593489979888848218e-01
7.275399930225678879e-01
7.727070336954965368e-01
9.023516109701593679e-01
8.869362113495887767e-01
8.334699345365431666e-01
8.227092238923655598e-01
5.948518919906553570e-01
6.004074519977472546e-01
6.250964644444676477e-01
8.045536446231759120e-01
8.274684522610525894e-01
7.766560188822118072e-01
8.752173600566496292e-01
8.609533086747426234e-01
8.764293849131825631e-01
8.668779878042383036e-01
6.442985124110973683e-01
6.405355698813803844e-01
6.864751716120390812e-01
7.982305589966394166e-01
8.100706112467830344e-01
7.787960383329524117e-01
8.516687504400565212e-01
8.677726632886190172e-01
7.786081866055279965e-01
7.571898182745526729e-01
6.234945381666908704e-01
6.338635636462374157e-01
6.063644900681515182e-01
8.735328047003364516e-01
9.655237575980023523e-01
7.949913058942198463e-01
8.167263137670267570e-01
8.607950295944931662e-01
8.940124832879421390e-01
7.043475950644516592e-01
7.032647539896811351e-01
8.469716536229275894e-01
8.303112400499792489e-01
9.240351682179182718e-05
1.298620824312717535e-04
6.022157952517396976e-04
5.324341523639748441e-01
5.505262478557978456e-01
5.204648719459292749e-01
8.160275275212035551e-01
8.593263161697893837e-01
7.739556145893944361e-01
8.797620907912356847e-01
8.331701907811137620e-01
7.733635460194829836e-01
7.711520680930441518e-01
5.903221310065205341e-01
5.947082546717273877e-01
8.573536091035921514e-01
8.837134373603878768e-01
8.544747325952194439e-01
8.285738424645670008e-01
7.954739885820774070e-01
7.863083085317273957e-01
6.362260925599271255e-01
6.844570847623863141e-01
8.269515902771761295e-01
8.433133360411555479e-01
8.755018584268943194e-01
8.789158981435181150e-01
7.307345818158169637e-01
6.951513766652737125e-01
6.947608775075203580e-01
7.554408754330788067e-01
1.031431211222671562e+00
8.962566329802045262e-01
9.778934460303880805e-01
8.739908205579793865e-01
8.303622579222479372e-01
8.505109058909500197e-01
8.411719371112169608e-01
6.948456375350576808e-01
6.818694277568781992e-01
7.947612891864852536e-01
3.821258070182648008e-04
6.196350657526680664e-04
-1.267564235067826636e-03
-7.438547316935401315e-04
5.510680423957264873e-01
5.571285859360626258e-01
5.311616819962399205e-01
8.599548826279111990e-01
8.656169451857653740e-01
7.537852623362991666e-01
7.244911201131685186e-01
6.939019280216821572e-01
6.132317577585849611e-01
6.284538185942156741e-01
5.925234607020845035e-01
8.689448755445384753e-01
9.031132055573241058e-01
7.734088664074173503e-01
7.173713123437890360e-01
6.785690965133576169e-01
6.619794240935844565e-01
6.165183844363176791e-01
8.477159469427378857e-01
8.489894858134989786e-01
8.721443369838093318e-01
7.538914400021115014e-01
6.411927140438097306e-01
5.927204537245398530e-01
6.082873195813076617e-01
7.690309266389911969e-01
6.955186886831794535e-01
6.794022763987732638e-01
4.345816092429719557e-01
6.985063796424516580e-01
6.220573726120905977e-01
5.792814587984115304e-01
6.556798401170164103e-01
5.878502116202468653e-01
7.848592574220968343e-01
6.728949604135400220e-01
9.583461121930739526e-04
4.833170142120805923e-03
6.267468057996591901e-02
2.103595158160773138e-01
4.060220893983551571e-01
8.558126828860238566e-01
8.527582658032724083e-01
8.737511796552098753e-01
7.477710330308855458e-01
5.587977254239492320e-01
5.503544621412279625e-01
3.475639436326729559e-01
4.574826548122543080e-01
9.149516277215608007e-01
8.919813330165859977e-01
9.074904924736725276e-01
7.671661359309337458e-01
6.143927663133728068e-01
5.901425709323708801e-01
3.483814284034097430e-01
3.686884993331994154e-01
6.090322055369040699e-01
8.667152907588788757e-01
7.282563838193453210e-01
5.951706154020893758e-01
5.444712484771931926e-01
4.107437448026706184e-01
3.336375799840192169e-01
5.515866801852338241e-01
2.060169010072502305e-01
6.746166577765838612e-01
3.617226808878225564e-01
3.486657315981409044e-01
2.099021299882705138e-01
1.940172908183174783e-01
3.109349128352196789e-01
2.359668918495518575e-01
5.439436578397234268e-01
5.548473857585271007e-01
1.647782428269616364e-03
6.770167588620759069e-01
6.342405443443097646e-01
4.851789384041821362e-01
6.798830672975058054e-01
6.217496118599769028e-01
5.352633107197953821e-01
5.192853862432538214e-01
7.186655440985338927e-01
4.056771151691345723e-01
2.864309934074628639e-01
3.911283061558399887e-01
1.927828013046265221e-01
1.846824236324166035e-01
5.423545164756754522e-01
3.246971445985303295e-01
1.859763296419477893e-03
2.566073664718385161e-01
4.794254780788586023e-01
3.224696408003948078e-01
4.010072727974907103e-01
3.306137238144469803e-01
4.507370003809155201e-01
2.112733505180562910e-01
6.422516676659260071e-01
5.993831116304046969e-01
1.615086640897993586e-01
1.592429475805375583e-01
1.363339107283626783e-01
1.208135818841496499e-03
1.008649777153917682e-01
1.749341613166701670e-01
4.825915813821408107e-01
4.766891595341692378e-01
2.033778809968155021e-01
6.679720788675986842e-01
6.658024282261415516e-01
1.794729985510207237e-01
1.767591924916775414e-01
5.709188405021791146e-01
1.025439640508485351e-01
4.688741838837313242e-02
5.596797076830838926e-04
1.689930977540295750e-03
1.421289005001057371e-01
2.432916878331437827e-01
5.694931071658759780e-01
1.299658132423543722e-01
6.853491083840869136e-01
1.006998358773410207e-01
6.136729270746290599e-01
5.758170343281796555e-01
1.147680895022244879e-01
6.336600710836128199e-03
5.474062499309320477e-03
1.427461473598794217e-01
1.754651696326436916e-01
4.369221242902177060e-01
5.487297811089681954e-01
5.959350205883706675e-01
6.464145305798885133e-01
1.895178261977784329e-01
6.877366158891328185e-01
6.618287306279234672e-01
6.419061444979455577e-02
6.316518124126206668e-02
4.606486831213401634e-01
1.871025131100395589e-01
2.895997795350058746e-01
-1.307819906512850457e-03
1.217873174896346063e-02
2.877963769444243924e-01
6.387169431721420043e-01
6.286634983112058261e-01
6.243397254046394451e-01
7.475329636535624767e-01
7.414372655138810053e-01
3.632127082927992245e-01
4.743894908263902033e-01
6.701765654272984207e-01
6.672700653101223400e-01
1.917486227183449465e-01
4.012963843150120224e-01
5.834867187412554612e-01
-6.661144192766579744e-04
1.231356136011943839e-02
1.142677671176558878e-02
3.300883373884997973e-01
3.570503434505466478e-01
5.959388067663587973e-01
6.151987675408090439e-01
5.595078729450785326e-01
7.303278151463878931e-01
6.368794664791175286e-01
6.238105634150075129e-01
5.844311945877195269e-01
6.429124795984224594e-01
3.392005518220537197e-01
5.069260248828999504e-01
4.874286921863870137e-01
5.085702227462596259e-01
2.539726649563954219e-01
3.981805925671778601e-01
9.506054520432191124e-01
4.101777934353162403e-01
4.513872911638363017e-01
7.692039204186201795e-01
7.671086771210630095e-01
6.067528510025200772e-01
5.550336322719267024e-01
1.087451167923729534e+00
1.403673810489419194e-01
2.531122186935687323e-04
1.729406064407160116e-03
-1.798591017235686611e-03
1.055845824366652072e-02
3.404379781826794016e-01
5.871494371474971219e-01
5.861328933351135362e-01
5.913441992742402009e-01
5.311591108259067218e-01
6.008684670277595341e-01
7.247964944611965388e-01
7.118259259811418049e-01
6.072127632706393330e-01
6.369276478053318424e-01
5.637974908645797534e-01
3.748582910307348692e-01
5.056515165110636589e-01
1.723977420001409910e-01
1.592004920598590889e-01
4.553494986959668589e-01
9.196537185029489692e-01
6.120116450657162588e-01
6.721299730934762184e-01
6.770226483698144060e-01
5.730406884226585396e-01
6.355072828512562388e-01
6.903564405487687683e-01
5.216119504325715805e-01
1.309212189614374244e+00
1.365626941471307365e+00
6.435957290636974415e-01
8.101578293225154548e-01
8.368538229418670538e-01
1.142506550894868633e+00
1.196015709958714979e+00
1.096500499131154216e+00
9.782917512258548776e-02
5.329189655911976660e-04
1.531857940093460293e-04
2.465289361185541285e-04
-1.085862235376153619e-03
-1.471831952064800962e-03
3.401670352598473168e-01
3.706584100450781571e-01
6.020070625037539092e-01
5.974725853363697103e-01
5.199911188538378637e-01
4.832279694414506888e-01
6.763245847142991263e-01
6.282634695291862137e-01
6.505068872000131508e-01
5.402309107985281411e-01
6.051747324401564043e-01
6.160706116410590294e-01
6.264990437180923966e-01
4.991894490794153705e-01
5.043938757068185952e-01
1.209068877818329391e+00
1.223589333205184815e+00
6.225824544663454141e-01
6.257705008390690438e-01
5.916978958355830764e-01
5.872676745217929595e-01
5.593864244208361924e-01
5.995247797702940584e-01
6.920237568073183132e-01
7.451180570949164084e-01
6.742624902422791333e-01
9.282689553404527283e-01
9.105392082550991528e-01
8.229988729854365026e-01
8.067318934737474079e-01
1.167410077861756657e+00
1.118224066368654457e+00
3.790755017122215032e-04
3.269003046383631508e-05
-5.318680024130803367e-03
1.503230919799799538e-02
3.793682491775919874e-01
3.812608942262202261e-01
3.763891966717009541e-01
3.519022921318927799e-01
3.866641018169644228e-01
5.177119637409502984e-01
6.143547844129325641e-01
6.471178975534708222e-01
5.020352033982707907e-01
4.526940245943140151e-01
4.486618238084796872e-01
6.080142120172664644e-01
6.057464123570659442e-01
5.333070228633127741e-01
6.053818771526833231e-01
6.196183192969002551e-01
6.957825831067393496e-01
6.107411067878453226e-01
9.469359750164444423e-01
9.466388944196894029e-01
5.574375074744706282e-01
5.969060137858590576e-01
5.172092939902950270e-01
6.392317799954716495e-01
6.715316852034303174e-01
6.999988802259273779e-01
5.501288226122780234e-01
1.138582699525425568e+00
7.566045962766300148e-01
7.463387149892080075e-01
8.050425676746163495e-01
1.054139773584134909e+00
1.108879423076073678e+00
1.097529280359780479e+00
2.475036762566156390e-04
-6.367154001011892452e-06
-5.387624690727422873e-06
1.674466305134699740e-01
4.257362068907961650e-01
4.285888243551290167e-01
4.147534507746652443e-01
4.231384909260429983e-01
5.198254517787728179e-01
7.246479953388297313e-01
7.798961716628413088e-01
6.839245815725615296e-01
6.237871279177270578e-01
5.511782121670392165e-01
6.110721852549839683e-01
4.217176865765717153e-01
3.906156809786360817e-01
4.654959544953389816e-01
5.772385287863192049e-01
6.314992664348679785e-01
5.077264275021615703e-01
6.704585588039609911e-01
2.019640920956810026e-01
1.661212910105150098e-01
2.444557814483897529e-01
2.735194957473683908e-01
3.474494694667679129e-01
5.318594602886625999e-01
6.409599639228731327e-01
7.124535528410171903e-01
6.264476302319655909e-01
6.928747470194190905e-01
6.983876047805683829e-01
9.910885976558806432e-01
5.195933530804109912e-01
5.215272702367186319e-01
5.595416427349264588e-01
6.681970483508614667e-01
7.114495517703289806e-01
6.170526462357178721e-01
6.562110941053339586e-01
4.824575798418620498e-01
1.062753241338436405e+00
7.214799209183183626e-01
6.455368318887664270e-01
6.249565643140351234e-01
6.132939589802537395e-01
7.272178458815646840e-01
1.045252624377822182e+00
1.012428221672139639e+00
-1.285877811499714968e-05
-1.924254327859734592e-06
-7.006290427885993339e-07
7.412583858659821390e-01
5.160936322705844681e-01
6.110061584134114376e-01
3.676157047798976896e-01
3.851377567149968928e-01
3.634139720952270225e-01
3.555663190888145309e-01
5.905427414938890784e-01
6.542598868276069402e-01
5.134940362443990436e-01
5.899616576830998271e-01
6.253307354425462483e-01
8.043780761486661879e-01
7.306816378200090556e-01
7.546506079221488861e-01
6.460003180586134652e-01
7.160510597009200895e-01
6.459607718501357843e-01
6.037563308081558278e-01
9.536382810959355139e-01
3.703523111583539307e-01
4.003807455826375317e-01
3.493193710924604178e-01
5.085030169163229363e-01
7.271755251388073438e-01
8.109829600649829384e-01
6.906108548030588379e-01
5.588204743924720663e-01
5.663457209911849644e-01
2.570682855103013087e-01
6.371082973226982471e-02
4.164595137585904716e-01
4.281634688691849377e-01
3.932575750628637956e-01
5.296613171699605660e-01
1.032745958142556209e+00
1.077960379230265220e+00
1.003892210158990883e+00
2.635103461394445522e-08
1.232798059267381952e+00
1.427759586437260309e+00
6.586738793367825640e-01
7.505288998804139355e-01
6.252925222206348055e-01
4.516468724281133551e-01
5.545109070336883272e-01
6.658249314463505764e-01
6.659334299043442318e-01
5.909557861987887462e-01
6.537196170918084803e-01
7.393471288759250193e-01
6.872707275007751138e-01
4.468891142450551190e-01
5.576656492422008560e-01
3.306498344459997685e-01
9.901662708113345701e-02
1.746299532243374697e-01
3.479178670047419208e-01
4.448330467752356632e-01
4.204518551021411699e-01
7.736399043050511404e-01
6.418660024542049980e-01
6.350187900629433724e-02
1.206144910298983103e-01
2.602141298657105750e-01
4.051414033645941437e-01
1.017647017332190096e+00
9.367392410018983151e-01
1.295513132731347605e+00
1.144032694850138698e+00
7.520406121037304104e-01
8.041878895367551294e-01
7.463171171977132090e-01
7.442394323485388430e-01
1.016548590862354828e+00
5.362398235793375267e-01
2.666458152717605112e-01
7.544509729946835552e-01
3.520140448615461382e-01
1.804007207250630240e-01
6.619802039010012074e-01
1.668073766237600786e-01
7.147944927918471469e-01
1.025504644834411616e+00
1.060993495398475872e+00
9.396576222194553685e-01
1.195727429284850096e+00
7.632456297011770419e-01
7.941531166047759438e-01
7.748222542269622704e-01
1.079655666843777118e+00
1.288769056203118213e+00
9.416640247098256866e-01
1.134524503348645741e+00
1.624523196885619414e-01
1.564018931078932917e-01
8.937295148712525172e-01
8.454639740318107277e-01
1.246178121182146964e-01
7.256141976464666188e-01
6.983908315044333737e-01
1.425731727618056166e-01
8.137315319027614846e-01
8.158010461652308587e-01
1.026760985538150761e+00
9.966054290445593988e-01
9.720723439199361327e-01
7.749707512513610563e-01
4.307899634594948290e-01
1.157047845978713463e+00
1.246738439463894510e+00
8.381318654053845352e-01
8.659376910981703146e-01
1.106018783268824190e+00
1.337518042732771528e+00
1.294316868028842493e-01
1.445651299768090370e-01
1.071870323042937390e+00
2.416821292216531636e-01
4.902879548913966490e-01
2.642097981888887892e-01
7.680198031062419606e-01
9.925985698645353184e-01
9.495599697569091502e-01
9.415268101773024423e-01
4.281357499080779561e-01
8.271645036517644156e-01
1.091252024829940437e+00
6.808493997953840582e-01
7.019136128993035406e-01
8.581234361037232139e-01
1.061968371984523651e+00
1.263872604638512920e+00
1.375013612387422146e+00
4.233470019998819001e-01
9.656375691608878320e-01
1.188121640134039536e+00
7.341791532952093302e-01
7.572872920830910903e-01
9.657556680008824168e-01
1.230341308333002592e+00
1.111674150581511533e+00
2.826617061366644701e-01
2.712489212320510767e-01
6.246937824180417431e-01
3.431981410412751066e-01
3.350924855891810883e-01
9.071725315030212400e-01
9.128967632143394351e-01
9.128714018295703836e-01
9.503442096979145548e-01
1.002985871778046878e+00
6.011836976957479761e-01
1.156854810504100328e+00
1.134303216703266948e+00
6.323647655536716039e-01
1.014186091434816861e+00
9.724722904713345439e-01
9.235215220971607630e-01
9.958945716262738168e-01
1.010527234320790058e+00
1.012358969747195303e+00
1.067753284801939317e+00
1.140566739166784860e+00
1.218858829434341873e+00
1.295027210209198643e+00
1.277433251174210360e+00
1.852680023501191986e-01
9.533379595930884243e-01
1.047857372310681656e+00
8.612378759695389352e-01
7.929103867990724419e-01
2.557939380091644455e-01
1.136942698395126738e+00
1.295011788631479810e+00
8.709588946177563296e-01
4.418825575038455855e-01
1.147821523919845932e+00
2.801650047029490831e-01
9.997305219645126195e-01
1.067651313693102066e+00
7.618086627149924794e-01
6.977484275614345144e-01
8.181222944897990068e-01
9.890938836186483618e-01
1.102500215097820480e+00
2.728033208715709979e-01
1.327788490485790840e+00
1.450315769464227245e+00
1.034344909590630746e+00
1.262818343422396294e+00
9.443903906981948593e-02
4.408836490826622545e-01
8.337072227298878424e-01
8.642399432577895224e-01
8.178968395618236853e-01
8.840404238378398727e-01
9.489683379682298803e-01
9.971547425843259038e-01
1.062017193460662146e+00
1.124830202269228030e+00
1.165988564091315682e+00
3.437450274253497362e-01
1.559774256869474129e+00
1.659269679514282281e+00
9.579926429372542795e-01
1.042621435501004168e+00
1.422556170052134750e+00
4.834224197505954113e-03
-1.970123513075892376e-03
3.429457469076462317e-01
5.349488181631011363e-01
1.078688411689475046e+00
1.502322289185361814e+00
9.183596793999251329e-01
1.160181330055517046e+00
1.598792684595027103e+00
-7.443179628109577875e-04
1.987171949069498789e+00
1.646681195455109714e+00
9.286775543687029177e-01
1.391926677594681694e+00
1.585051019790853832e+00
1.576839828904476271e+00
-2.991331404979144471e-05
8.988823177881211665e-05
4.737607305558995919e-12
3.889470829912399938e-12
3.495806457595994108e-12
2.390710443432315202e+00
-1.027983866167790311e-05
-9.448980548221066103e-06
3.554213615273915170e-12
2.874064481670437043e+00
8.387858381989877765e-01
8.920403805058904068e-01
7.253369017611824843e-01
5.920098086329336207e-01
4.572026539822652280e-01
3.330429959695820896e-01
2.345894036086418610e-01
1.654771337390470165e-01
1.084037396151012744e-01
5.978110065833976139e-02
2.149595751696047052e-02
3.486017665535263727e-03
-1.556905377947924614e-03
-9.638864347855445429e-04
-7.889095828989528384e-05
3.297204626336078628e-05
-2.748346107263374389e-06
3.475994101862413643e+00
7.340519362708890494e-01
7.430695379350851226e-01
6.968980756303813084e-01
7.329916092636625802e-01
8.072508654864367639e-01
8.872784561185245167e-01
8.925043758669586325e-01
4.286383944923450429e+00
7.785527474585565155e-01
7.832657108274296842e-01
7.778906576116403349e-01
7.515015000729543537e-01
6.853335434590631658e-01
7.425716758176071908e-01
5.565134859001668488e+00
7.362090768378033445e-01
7.330479089587041974e-01
7.240554311903549811e-01
7.127520107350545642e-01
8.584114233398505434e+00
9.584876030195311758e-01
9.382734734564049939e-01
9.247000553286085500e-01
7.779374925374110683e-01
6.763335719668526202e-01
7.327779018299265257e-01
1.104686479230009866e+01
1.709648281082557730e+01
7.474054407075696460e+00
5.947869106753206125e+00
5.420835984377091243e+00
5.091607607547306458e+00
4.835828818524665174e+00
4.614399076531031874e+00
4.411024031016259173e+00
4.218077296811007848e+00
4.032364693813258683e+00
3.853174265438835899e+00
3.681174044912748577e+00
3.517725940774094617e+00
3.364436243532061166e+00
3.222852676030311780e+00
3.094268067387965448e+00
2.979615566126142756e+00
2.879440405132328351e+00
2.793920879034698324e+00
2.722904094957489640e+00
2.665929946637676018e+00
2.622236069636640021e+00
2.590755460553144207e+00
2.570126341324093566e+00
2.558727428723606145e+00
2.554735640295882071e+00
2.556186534678833500e+00
2.561009754679822059e+00
2.567018456419900563e+00
2.571853812618038138e+00
2.572917560378515489e+00
2.567355715336718358e+00
2.552169302411881446e+00
2.524507565238728990e+00
2.482138119609748284e+00
2.423998957878277682e+00
2.350656938379663607e+00
2.264478774565296337e+00
2.169397239489478935e+00
2.070307191151686155e+00
1.972277024097904619e+00
1.879825486097726595e+00
1.796458491936124835e+00
1.724528437533372704e+00
1.665351309686701198e+00
1.619454658521742418e+00
1.586839543994199797e+00
1.567189312082553521e+00
1.560007680070314873e+00
1.564694759832830906e+00
1.580571260022084257e+00
1.606852927512613993e+00
1.642577318031444245e+00
1.686501873078357416e+00
1.737017968664918088e+00
1.792138942007304836e+00
1.849600975632180289e+00
1.907061862391398854e+00
1.962316772954989519e+00
2.013409273361161045e+00
2.058529009819915156e+00
2.095657638243813903e+00
2.122028327060482500e+00
2.133564060298815068e+00
2.124510923510085192e+00
2.087420560690381510e+00
2.013366908902386676e+00
1.891906728275683403e+00
1.709722084223964877e+00
1.464917834172864142e+00
1.241318244006723415e+00
1.196068579979369328e+00
1.167270847262211309e+00
1.050497708759264404e+00
9.200448815219928189e-01
8.157152470569107860e-01
7.545583928668986307e-01
6.946342235906873830e-01
6.441404129741985507e-01
6.303006897981118239e-01
6.856605415928750391e-01
8.078986647894399464e-01
9.760943733235833975e-01
1.109412807233357334e+00
1.185727047392955313e+00
1.156752308220090120e+00
1.032598721031246169e+00
8.841042067128859205e-01
7.402415897638746634e-01
6.543530974359930141e-01
6.401348697437571067e-01
7.212926933776294680e-01
8.345390819492982670e-01
8.844327034273021804e-01
7.770342733812202196e-01
6.377892762360002354e-01
5.597861451749669426e-01
5.163131706737630333e-01
4.934138672804797010e-01
5.112830156979529805e-01
6.906666720408501936e-01
