1.730364164698055873e+01
1.100759588372510223e+01
8.539783525104867934e+00
7.232721457925301856e+00
5.584853490900676398e+00
4.984595914503445968e+00
4.610104096012892505e+00
4.330309005180994930e+00
4.102459326309417342e+00
3.907292782765773520e+00
3.734125099910200252e+00
3.576497394657788487e+00
3.430356101017693060e+00
3.293142058624376922e+00
3.163272597878715953e+00
3.039818581096937589e+00
2.922289420135812943e+00
2.810484013967039729e+00
2.704385202966999469e+00
2.604084315146294237e+00
2.509726810189460533e+00
2.421472476597898105e+00
2.339465181566832364e+00
2.263808292157205138e+00
2.194542861583485660e+00
2.131626721645756728e+00
2.074913895215152237e+00
2.024135290278609389e+00
1.978883346009324695e+00
1.938604847965483602e+00
1.902606984086597786e+00
1.870081255210519489e+00
1.840147630720941452e+00
1.811917399721857835e+00
1.784568292198402961e+00
1.757421055443047608e+00
1.730004362010568508e+00
1.702095790436209066e+00
1.673730764869375109e+00
1.645177806824211553e+00
1.616885548002506834e+00
1.589412761419793929e+00
1.563355585010758553e+00
1.539285311603438844e+00
1.517705832923771592e+00
1.499033321297718713e+00
1.483593944082671312e+00
1.471630353598806673e+00
1.463305874667493400e+00
1.458697223150696498e+00
1.457771524042947631e+00
1.460349606397540523e+00
1.466062819617759194e+00
1.474313136711825845e+00
1.484245571160430988e+00
1.494739206174136692e+00
1.504421148259951879e+00
1.511709157847215712e+00
1.514893699091469426e+00
1.512273988922117285e+00
1.502356449200015209e+00
1.484100657467478657e+00
1.457161427178923718e+00
1.422046125818894557e+00
1.380110613360413963e+00
1.333366939218220137e+00
1.284150459013359447e+00
1.234749794231211784e+00
1.187106430094944542e+00
1.142644895150325413e+00
1.102233857208123613e+00
1.066238766657158221e+00
1.034620647531576676e+00
9.141582807692104629e-01
9.034595722938149054e-01
8.962199723168283727e-01
8.951282027495449656e-01
9.025538846629904688e-01
9.156493117941943982e-01
9.340599954242395642e-01
9.567553022622762304e-01
9.819019216702561392e-01
1.006763285819774145e+00
1.027630479499549221e+00
1.039790709499033960e+00
1.037541762937189915e+00
1.014246890272622048e+00
9.623543210769918144e-01
8.731629700391634330e-01
7.383939610127580044e-01
5.656102562826683666e-01
4.120219205981612842e-01
4.223822213650714197e-01
4.400817789849957862e-01
4.376987235067954507e-01
4.302147023180425411e-01
4.291794978856205978e-01
5.486941086575058080e+00
4.077430984350133292e-01
4.261918532306441798e-01
4.366773487350859573e-01
4.277909916940204060e-01
4.270218451215301303e-01
4.235699551212789515e+00
4.081867769740230578e-01
4.338107009203487907e-01
4.389185085711403422e-01
4.330519112058984765e-01
4.327035941073532066e-01
3.470641438444654003e+00
4.142906281389603373e-01
4.259395743247305077e-01
4.431819201590445623e-01
4.427494324758070587e-01
4.420643440024327742e-01
2.920168933211588325e+00
4.238589809027653033e-01
4.062432038179315530e-01
4.347106937362913981e-01
4.438961651739811165e-01
4.438908163391766526e-01
4.456226559193563475e-01
2.490380747661460781e+00
4.190790204792473883e-01
4.067402638979656926e-01
4.342719008234474654e-01
4.365713786766349802e-01
4.433650331540057166e-01
2.138844949066198264e+00
4.136917404473374749e-01
4.110630807150492672e-01
4.215729597387353200e-01
4.310771929965614424e-01
1.843251325369926530e+00
4.067683146956333484e-01
4.138526217386399031e-01
4.346183687931253203e-01
4.103143710819037726e-01
4.141165205408977590e-01
4.191921624832743998e-01
2.394563887317097961e-01
2.385866708592743191e-01
4.426174886075019410e-01
5.339539641691282146e-01
5.155917083704723014e-01
5.007508420229636048e-01
5.016338068185128840e-01
4.137261330372475898e-01
4.160892112599779979e-01
4.112134125784287497e-01
1.188871002449036984e+00
1.374230476467297013e+00
1.748430831126247531e-01
4.848491984389370901e-01
4.941118571220280420e-01
5.021953047558215255e-01
5.266494595348607533e-01
5.349077097414556281e-01
5.338740099014467333e-01
4.097678460197277106e-01
4.429753770252125578e-01
1.032411705429231219e+00
4.422012261830868263e-01
1.319408190336742726e-01
5.426845793308729959e-01
4.483733731412001267e-01
4.591382411761461002e-01
4.588505747056169648e-01
4.645136843992270226e-01
4.676623204510118592e-01
4.730073561048458441e-01
4.795854423566064950e-01
4.864055834009253787e-01
4.971491661493183112e-01
5.113263859410008827e-01
5.081937393164212002e-01
4.925564146030054768e-01
2.799913970805024133e-01
4.867828998163507559e-01
4.966057387135815460e-01
5.167930183090783114e-01
5.577713782792204089e-01
5.336599834532890219e-01
4.142622792774531271e-01
4.186189448090671394e-01
4.202817734569999630e-01
9.004831432032917027e-01
3.101205020584516525e-01
4.720923139848947625e-01
4.661923780039688436e-01
4.690368665673030901e-01
4.693079292389876200e-01
4.721838986915789516e-01
4.783968014026089288e-01
4.881073377754291398e-01
5.114336571722860603e-01
4.961562729977851416e-01
4.232779982878100422e-01
4.702568835046152529e-01
5.145002712205023476e-01
4.922065638269528809e-01
5.116924528607414979e-01
5.582733339233173497e-01
5.406314173251355326e-01
4.243320797729968619e-01
4.239744290849855046e-01
4.227979417144888119e-01
8.238463937143333249e-01
4.471927024920209770e-01
4.010047749965287567e-01
5.013718083552017868e-01
5.228516177937291287e-01
3.299943665482680810e-01
4.356678488942538063e-01
4.184663656721708813e-01
4.876047716193422921e-01
4.655168375901478361e-01
4.751210819006816966e-01
4.881924313462452369e-01
4.952424321286561515e-01
4.785625231955977221e-01
4.369701264574479826e-01
4.238868892339978656e-01
5.212485968629912980e-01
4.944043062745314687e-01
5.255553088690878560e-01
5.654327778921710568e-01
5.626301439258838410e-01
4.223867341737881920e-01
4.464440736670506338e-01
5.915548789399631691e-01
4.614959479940529130e-01
4.394618251123873498e-01
5.104966904454386611e-01
5.311763964733340337e-01
3.853261854247818641e-01
3.772758741778332592e-01
3.984474617499328963e-01
4.323497181232447972e-01
4.428959146071586583e-01
4.544265259352142650e-01
4.808663919264524189e-01
4.864671766805508946e-01
4.903624154934338453e-01
4.962481556521567416e-01
5.112550060467966340e-01
5.288803765880926155e-01
5.523244981610954119e-01
5.197030411561961438e-01
5.186879062846323496e-01
3.996085019650350012e-01
4.173634863247182580e-01
4.262787156341142358e-01
4.249024396626751021e-01
5.095120128628639611e-01
4.501157798702538071e-01
4.444778554020336059e-01
4.440009861557999149e-01
4.853760610342030546e-01
4.823508091155307431e-01
5.393263543019232165e-01
4.240043084680503171e-01
4.292647474535805086e-01
4.410503048354102451e-01
4.224353282072183524e-01
4.235670472150044330e-01
4.631702879490116054e-01
4.784144181478409141e-01
4.594318838551511575e-01
4.921704596979353807e-01
4.976730265487232518e-01
5.042346051034083398e-01
4.949015152863921463e-01
4.117231933977262281e-01
4.491558960132902567e-01
4.670154391562715279e-01
4.747606241407196781e-01
4.795799898237886327e-01
4.880123751646344710e-01
5.012808982951183490e-01
5.248024871927000623e-01
5.601071760981776171e-01
5.374557257576634273e-01
4.157859097493396550e-01
4.302143392885197093e-01
4.412172017182062755e-01
5.753449477552978752e-01
4.534992206312227214e-01
4.235529158579268150e-01
4.788664916320228282e-01
4.805636805638355269e-01
4.410137934932180648e-01
4.456559263008383898e-01
4.378613783685214034e-01
5.174836246535295947e-01
4.772809374535925131e-01
5.546697334460326534e-01
4.272312915990705839e-01
5.982415275547044997e-01
4.319286677662177998e-01
4.385759971758400044e-01
4.262884032003173007e-01
4.356797567316699205e-01
4.249048712076906598e-01
4.354396888263009080e-01
4.718678841911827515e-01
4.722401802415279182e-01
4.740291326103859282e-01
4.641970179587481260e-01
4.747287418356708200e-01
4.982218960180195277e-01
5.396704649570239765e-01
5.229752911195308940e-01
4.051930152038802357e-01
4.367417695455061977e-01
4.335484487466351733e-01
4.257819020875083238e-01
5.314171194372024898e-01
4.624160730652076001e-01
4.265505730549971619e-01
4.635924462824383419e-01
4.227541916213524709e-01
4.341564338863957428e-01
4.356929328087439934e-01
4.295858617316296035e-01
5.543874876583417821e-01
4.800721671134680624e-01
4.190965840826554878e-01
4.289117672632236644e-01
4.590481861357598170e-01
4.613752385751430651e-01
4.620620681045558564e-01
4.456539673233387289e-01
4.468411289751924587e-01
4.425105735163897269e-01
5.134613265249994285e-01
4.263854991294415142e-01
4.254343725494915684e-01
5.007391954532349754e-01
5.293490603194045407e-01
5.573391013625881296e-01
4.389838742888784728e-01
4.396056479648070558e-01
4.356938155282313319e-01
4.128557283645401532e-01
4.117292524642803819e-01
4.735283278291475551e-01
4.751136928172602913e-01
4.810481289438567898e-01
4.910363822952870105e-01
5.075049292915132515e-01
5.425277940772831320e-01
5.417912298566814888e-01
4.109338744587307524e-01
4.330085227330964792e-01
4.319658301391786082e-01
4.253878962930342511e-01
4.635457220442368298e-01
4.714219962566267297e-01
4.384605106982304989e-01
4.421945087141161967e-01
4.965352092689061525e-01
4.895737253597742811e-01
5.215063167396446486e-01
5.325249635808497750e-01
4.314252971228595968e-01
4.454976211650463758e-01
4.581934345503725914e-01
5.173408725514712092e-01
4.278754535789208724e-01
4.249205305843459235e-01
4.649725922256308097e-01
4.681338646874598219e-01
4.666930255475521538e-01
4.747251055188798086e-01
4.451263858790172057e-01
4.470329630699795276e-01
4.427752825178049578e-01
5.190391153801852120e-01
4.878743349962161857e-01
4.281747825755636838e-01
4.245815177420508846e-01
5.087190406191299807e-01
5.193972494711314170e-01
5.463820729635083806e-01
4.323908259738490911e-01
4.592074040379558464e-01
4.158071437259855396e-01
4.165577886368661553e-01
4.264987595594583736e-01
4.740039709684328306e-01
4.747689389207270239e-01
4.322417150873403835e-01
4.869603263046627939e-01
5.083341339815942161e-01
5.268445249539718267e-01
5.270327638553270466e-01
4.092516541184555434e-01
4.260019519654740794e-01
4.276300214764418572e-01
4.229169790564795695e-01
4.626662713366793134e-01
4.533264877398298087e-01
4.811291255907854114e-01
4.896991013640835666e-01
4.981619911177331828e-01
5.124358784964524460e-01
4.360645479725814289e-01
4.400661180547541518e-01
4.495323719454226152e-01
4.630668752103111463e-01
5.364993767036052574e-01
4.951107983590782857e-01
4.168807425596444682e-01
4.688520743101852184e-01
4.680936538346514575e-01
4.769675168140597443e-01
4.455116692586038596e-01
4.481795347954473652e-01
4.446264247712944373e-01
4.975829576247702835e-01
4.234323216399982770e-01
5.222364705393158779e-01
5.196330565508536781e-01
5.204758324652870582e-01
4.354012139258246483e-01
4.410413416062166081e-01
4.388789349871899392e-01
4.152127631082070947e-01
4.107144545129355895e-01
4.719555401912704506e-01
4.738218896016163639e-01
4.978231075166873465e-01
5.277893005619270772e-01
5.382348619168718651e-01
5.397672791569577688e-01
4.100043891799911577e-01
4.277056050427452405e-01
4.506236278456028921e-01
4.653222914662697440e-01
4.628826811040433475e-01
4.482223526481943776e-01
4.338295290664146986e-01
4.814251689476569118e-01
4.949535923084134037e-01
4.963701904718493818e-01
4.448475791482913166e-01
4.503064629549454190e-01
4.553032154441571944e-01
4.615721132628509693e-01
4.933531282187880729e-01
4.327690842305899066e-01
4.258620356209839031e-01
4.683591528218438160e-01
4.689446596757182451e-01
4.744306297192600330e-01
4.454798327871315466e-01
4.480695319290548539e-01
4.437069380613911096e-01
5.080975503739367793e-01
5.024947455682570174e-01
4.180816673321864352e-01
4.142475011750341718e-01
5.219365606412548209e-01
5.165943585508656621e-01
4.347168297410989868e-01
4.518761273260610278e-01
4.057348855829812084e-01
3.991995702180306527e-01
4.695013376577945041e-01
4.731480268454663074e-01
5.048367946548280027e-01
5.337643091202085577e-01
5.313000401670010531e-01
4.173004673058935965e-01
4.248279132137436354e-01
4.442898795899005160e-01
4.954383095342262955e-01
4.389930591065884236e-01
4.942515436209238278e-01
4.822750485932083553e-01
4.940276939337973627e-01
5.070392942718340290e-01
4.571222821173105411e-01
4.581252712246662306e-01
4.776808491790175415e-01
5.085028919481154874e-01
5.008165326901602432e-01
4.267149701821867369e-01
4.687434827738968246e-01
4.696083065103653920e-01
4.712964534164783004e-01
4.450700527819589358e-01
4.448764442330502833e-01
4.640497365674028929e-01
5.073121179294711736e-01
4.140045873510675434e-01
4.127049581150997182e-01
5.160042148051459110e-01
5.124145545486114006e-01
5.363563028956476186e-01
4.420558900814304248e-01
4.498546510147309330e-01
4.007139663066497937e-01
4.041023785594980988e-01
4.707565292124267220e-01
4.769841521189473466e-01
4.645396580577732526e-01
5.204876121222522523e-01
5.114162793795367090e-01
5.437603200281038163e-01
5.600063986932285465e-01
4.157821205144865417e-01
4.264543962201047811e-01
4.891655320570452714e-01
4.257575130309600442e-01
4.797003617727372271e-01
4.854487468031681852e-01
4.853624044511619662e-01
4.635688149563619853e-01
5.102227922793252102e-01
4.728389497380461881e-01
4.317384265751581518e-01
4.692133841929179705e-01
4.670770532823217969e-01
4.436624436778875968e-01
4.522298339987666504e-01
4.831943109652082624e-01
5.138458556777319997e-01
4.829699650473339712e-01
4.063729126903107280e-01
5.096709965959753674e-01
5.085146728613108014e-01
5.182743135604778173e-01
4.463075733146177337e-01
4.475105482342690011e-01
4.069306496237734549e-01
4.183120483122403366e-01
4.251325453473620009e-01
4.704232515580099583e-01
4.794740744459340398e-01
5.097782654356500798e-01
5.261485493406415914e-01
5.365065124526628981e-01
4.312400228184750106e-01
4.312445286668074584e-01
4.173879904002170682e-01
3.867238576105343495e-01
4.862787931798891461e-01
4.757879158300349354e-01
4.771693124254426932e-01
4.961084170895327383e-01
5.092474186377239365e-01
4.306703996138411261e-01
4.269935972808519553e-01
4.701794416053670655e-01
4.702125845788238667e-01
4.684566589660997260e-01
4.667611287001743325e-01
4.172506805646225003e-01
5.192431124996876868e-01
5.141131338532390904e-01
4.472563181233388252e-01
4.462204675738127291e-01
4.183886724014656000e-01
4.128204253654165767e-01
4.714774568498649732e-01
4.778740778561477165e-01
5.366025392014335260e-01
5.058827287073413004e-01
5.425544032568548891e-01
5.568975236415252272e-01
4.133104454409798345e-01
4.697895791174530045e-01
4.718074090154759093e-01
4.890578201224212718e-01
4.396842736987586764e-01
4.678981361310262099e-01
4.730882890966054410e-01
4.702989038788120135e-01
4.144845629532576403e-01
3.991405635311867650e-01
5.167549346083363249e-01
4.992893419771220476e-01
5.166666836012648867e-01
4.547338005462912558e-01
4.493357519944763956e-01
4.084171911921820053e-01
4.033439258674296202e-01
4.689771778383231560e-01
4.736332783133991864e-01
5.124069992132938012e-01
5.118401072199468826e-01
5.359388715964436001e-01
4.466219707629347502e-01
4.661604908319568197e-01
4.611824625385466669e-01
3.870648439011531439e-01
4.621234327660686536e-01
4.241757255416414574e-01
4.524472456088916017e-01
4.205075685825738208e-01
5.199519678703339309e-01
5.333912378886521699e-01
4.494452044706824800e-01
4.512544378067825379e-01
3.975559779675826300e-01
4.033739581851250589e-01
4.700864170598257896e-01
4.760954463049559271e-01
4.728412036683059538e-01
5.227142637576572826e-01
4.796956892105070924e-01
4.284560748370801475e-01
4.612699244134119692e-01
4.923732292450439529e-01
4.352084125955451022e-01
4.320399173677729743e-01
4.483928493337634436e-01
4.390101330055564133e-01
4.217043081981707298e-01
4.162243324481825768e-01
5.300950549681477941e-01
4.870480472229514191e-01
4.504739218941049006e-01
4.506715539928701775e-01
4.065402047687955989e-01
4.162332965914250504e-01
4.232042145365174091e-01
4.743782213154945082e-01
4.764631288153949873e-01
4.275828727485263547e-01
4.950460302013574565e-01
5.024421827878939872e-01
4.191207608625956427e-01
4.769431146732024951e-01
4.926609006843687966e-01
4.353122806993183769e-01
4.398678526151775792e-01
5.071581348139689860e-01
4.476007515276654303e-01
4.503653809193929880e-01
4.496707753972376542e-01
4.223149669642190518e-01
4.233855224554736729e-01
4.753723032198559628e-01
4.803675202908759267e-01
4.221004195530732583e-01
4.100406619177145995e-01
4.967117666631750139e-01
5.157075180730570363e-01
5.126574435375473859e-01
4.271867290489576030e-01
4.177294185119476144e-01
4.769016294828129499e-01
5.123458944943609650e-01
4.431391111536667760e-01
4.373238356598004306e-01
5.103027483568526312e-01
5.000138520541842491e-01
5.017695129828666500e-01
4.578263739347920303e-01
4.526642618373346028e-01
4.514552711301326737e-01
4.113793480606352526e-01
4.077459809316552608e-01
4.745061556509976297e-01
4.735157520590633218e-01
4.142006366960350738e-01
4.080492728815564019e-01
5.162908547868944042e-01
5.218561105940480171e-01
4.169626506145989731e-01
5.042023787464204876e-01
5.096953928230965047e-01
5.054779691291486632e-01
4.313606238391473058e-01
4.324521312395717687e-01
4.727541683331230038e-01
4.857622201255061278e-01
4.342969369305396676e-01
4.138689159251062732e-01
4.074654396492766173e-01
4.914328645374090310e-01
5.030600954319809359e-01
5.036564194965795771e-01
4.702124749142678195e-01
4.650397803297278143e-01
4.629306738837327684e-01
4.742036027417469990e-01
4.864535410870950427e-01
5.254783948337918842e-01
4.496819009820164359e-01
4.524161932124947660e-01
4.028196787045921212e-01
4.057314472063003330e-01
4.703611376017932666e-01
4.763770735879429563e-01
4.730717267774515178e-01
4.154755145240273118e-01
4.602695644489195881e-01
4.962765040846557896e-01
4.779790167569923920e-01
4.742223412132617888e-01
4.796854797861856978e-01
5.153124934520842970e-01
5.114855955943186094e-01
4.271104062512894317e-01
4.124232033483616888e-01
5.097503147316769789e-01
5.129056324918781495e-01
4.372188195173852265e-01
4.349309546523167369e-01
5.033564334600389989e-01
5.049272610382006254e-01
4.326987907560391755e-01
4.320576324899670362e-01
4.692754496722228996e-01
4.809498517583947752e-01
4.122367005933928463e-01
4.209237583231354995e-01
5.053592698747350065e-01
5.000967026525496850e-01
4.612237053064188741e-01
4.503339381027698929e-01
4.631231646748001363e-01
5.088015928319157277e-01
5.107202981096913286e-01
4.548243250990038344e-01
4.552425926925407484e-01
4.086640601147590313e-01
4.119584223951002766e-01
4.178070295867954420e-01
4.723805201951235544e-01
4.748689234465656162e-01
4.261504202972867805e-01
4.107219837870367263e-01
4.736345570765231328e-01
4.866627537720806806e-01
4.705823752756418954e-01
4.729374779360878134e-01
4.988043841297830627e-01
5.271709975634439882e-01
5.329443999726536374e-01
4.013656217086142841e-01
3.978776163028340807e-01
5.105288404988790329e-01
5.086618541960306050e-01
4.177401945839817610e-01
4.235767917181803011e-01
4.397535905605521322e-01
4.968737261090622748e-01
4.939468500512976812e-01
4.349069576938994763e-01
4.838458007947696871e-01
4.808060107096738811e-01
4.067572616692881615e-01
4.159645149743339543e-01
5.012051929790202198e-01
4.921840898255451791e-01
4.680428267452743096e-01
4.596696960962697309e-01
4.553019620673000034e-01
4.629443699078797381e-01
5.083740617549399321e-01
5.101623689814672735e-01
4.567269477206145623e-01
4.223555163154553704e-01
4.270639109650413157e-01
4.711254028842630226e-01
4.727218553392816824e-01
4.052959247111251329e-01
3.927581644105980763e-01
4.866947566627374822e-01
4.827699036902594609e-01
4.698377131599207890e-01
4.615625677696358342e-01
4.755627881786950173e-01
5.330284130907939621e-01
5.432427997184212654e-01
4.030225939840061944e-01
4.041678465560057942e-01
5.020221090290314381e-01
5.042597122907548357e-01
4.149261061781437387e-01
4.187890203907965181e-01
4.820858189299363494e-01
4.988347285793393038e-01
4.998759897898690796e-01
4.418386434320686895e-01
4.399505416872843688e-01
4.789030236212678537e-01
4.813588933916077561e-01
4.175863119929287270e-01
4.294710180409313516e-01
4.405196705260545631e-01
4.884705893870416871e-01
4.840987444793398153e-01
4.686107109059275411e-01
4.626742702517502304e-01
4.592825955478766486e-01
4.653025388981683608e-01
5.074465289637148935e-01
5.053401810069843014e-01
4.605763364388116843e-01
4.575049969364958780e-01
4.146430948775166048e-01
4.105830357555427801e-01
4.669219432216690779e-01
4.707037344403671719e-01
3.982051060427105882e-01
4.005424255310640613e-01
4.852229152234217580e-01
4.817121503923996184e-01
4.614345624080520292e-01
4.636302639641329826e-01
5.115218359983149110e-01
5.250490378487798759e-01
5.428985077642259904e-01
4.151142279673253888e-01
5.127977154133251947e-01
5.114668705373138780e-01
4.208401792339024339e-01
4.244096800754106891e-01
4.345960211347620339e-01
4.997187843531503137e-01
5.036552974510065672e-01
4.425563564713668185e-01
4.352963692678227803e-01
4.824141565958537381e-01
4.818124694201330049e-01
4.370730592100833811e-01
4.369240631012930587e-01
4.755427688121958707e-01
4.879722254833274153e-01
4.876446988663900584e-01
4.592363103967087579e-01
4.642489854629658352e-01
4.592362249710529309e-01
4.670043395561962463e-01
5.029556303733593303e-01
5.011511437030214955e-01
4.626984981256599960e-01
4.604274315121100192e-01
4.068231415104282545e-01
3.985197085879750301e-01
4.651901695095962963e-01
4.614177048414792037e-01
4.675749610212759366e-01
4.067737459105392195e-01
4.796480196446750166e-01
4.730876301378149629e-01
4.626914969888809015e-01
4.575359859111988170e-01
4.666004705438614453e-01
5.350948580145163946e-01
5.373128695340086969e-01
4.205597415777497239e-01
4.225113908834810528e-01
5.378886969366163395e-01
4.185956444468359461e-01
4.110986061697873839e-01
4.848065470398806864e-01
4.891026635529637789e-01
4.373280989549683251e-01
4.332565813125526244e-01
4.805150592063057724e-01
4.783731411709586379e-01
4.286106302941032342e-01
4.288346153656122373e-01
4.875057991934357848e-01
4.910075211184920518e-01
4.561630949323693951e-01
4.620283773126917515e-01
4.625432793746188653e-01
4.655499641186797155e-01
4.992926764632584780e-01
4.976419221327831877e-01
4.550442160224729138e-01
4.647012632586752234e-01
4.013819505848282287e-01
4.001410052823115016e-01
4.586392726158788902e-01
4.603234549456826086e-01
4.134526699452100718e-01
4.073540044595184706e-01
4.832119551237703536e-01
4.552194076427945046e-01
4.573568278931071651e-01
5.339293989182856137e-01
5.158807527730494558e-01
5.844129128117118155e-01
4.185350360931143210e-01
4.051635825201059804e-01
5.352463954157736792e-01
5.341386161980573588e-01
4.242103707641726729e-01
4.268873402967153230e-01
4.324907484856014284e-01
4.870667751801780465e-01
4.827368096395366348e-01
5.071462308223495530e-01
4.330824871508900942e-01
4.332119540846114392e-01
4.866515137127364055e-01
4.833790104779966401e-01
4.295364862060369049e-01
4.268115237012366503e-01
4.844880285926473351e-01
4.874728714529542040e-01
4.580543093275655786e-01
4.595589274802587276e-01
4.660858523848885326e-01
4.960172538135588782e-01
4.932211784619191519e-01
4.621387417735174918e-01
4.030907670413820809e-01
4.119514902645400878e-01
4.174708337148980708e-01
4.609110804198562339e-01
4.618815786735041562e-01
4.588321798677034713e-01
3.919691615595338186e-01
3.888935580762298838e-01
4.827249449107014478e-01
4.778440744016105857e-01
4.556261644632538799e-01
4.516821891026883140e-01
5.068636471719180081e-01
4.240018852194152310e-01
5.422256999383175957e-01
5.296129854083747590e-01
4.297091748278904499e-01
4.259230245254513325e-01
4.768752207645737262e-01
4.702957362585684642e-01
5.106907190802212337e-01
4.325111206789907237e-01
4.431204657231461730e-01
4.957122807961255595e-01
4.349228462691606678e-01
4.419955989367637117e-01
4.423357972858269482e-01
4.792704370035961725e-01
4.723378308977285722e-01
4.547244337916214740e-01
4.692340543853658619e-01
4.690709748641368471e-01
4.939374640752194900e-01
4.891016562461523720e-01
1.107813401799450093e+00
4.188512737969629085e-01
4.172409593727749444e-01
4.214835571685018323e-01
4.924337701088900565e-01
4.782345931596501676e-01
4.535222400302553747e-01
4.541220379850736122e-01
4.571830369343497513e-01
5.243234079535875614e-01
5.205103182645269833e-01
4.189045782965462594e-01
4.157745359263543827e-01
4.722204910696464197e-01
4.234955208897659973e-01
4.962939624795605909e-01
4.899590364700996403e-01
4.437323955793681107e-01
4.506431975809527812e-01
4.776965455913183001e-01
4.660239482588985349e-01
4.981124492030320483e-01
4.616167179004662668e-01
4.541970788057795860e-01
4.691372284074964982e-01
4.715193100915697211e-01
4.918058136303398720e-01
4.873286385413199140e-01
5.455982703450007243e+00
4.110488575086839180e-01
4.170443821912452331e-01
4.817856008754632380e-01
4.791952682987863366e-01
4.497609781793122652e-01
4.546581910159104289e-01
5.360775877806860379e-01
4.191168731768942779e-01
4.093103014042435150e-01
5.077913801939433203e-01
4.914266993129138283e-01
4.402463744501553533e-01
4.431413001896852277e-01
4.693063027702266687e-01
4.588208913298141289e-01
4.721446123078901769e-01
4.700755705407410057e-01
4.884840543154004289e-01
4.809003449161266541e-01
4.810002920977284324e-01
1.705382461645550407e+01
4.010162764780006439e-01
3.837075874979340440e-01
4.699240382207147126e-01
4.603611962522606849e-01
4.369712701322391313e-01
5.852481345908763233e-01
5.143268499523697690e-01
4.111747240293252559e-01
3.992255070727616095e-01
4.071977834914182748e-01
4.982093493350889801e-01
5.022026506443288962e-01
4.494413231193920000e-01
4.475436221858440922e-01
4.647468984090876165e-01
4.826910833657017674e-01
4.708446201225122141e-01
4.957009529163660111e-01
2.752940860136069645e+01
3.952098925837950194e-01
5.007006549751863433e-01
5.064813132192160783e-01
4.308396514292181512e-01
4.581283150090640910e-01
5.523621237300854192e-01
5.541554503773703511e-01
4.015863526232001934e-01
4.887492918358598004e-01
4.599232377490702350e-01
4.593733183539318587e-01
4.775325230668803211e-01
4.777636908854258624e-01
4.782545862708245110e-01
3.151458385799368500e+01
3.892892492423573603e-01
5.005883383734328618e-01
4.699974827792156584e-01
4.308433043818459263e-01
4.369926147085503865e-01
5.523625835750819446e-01
5.143555934334236301e-01
4.071792533347400878e-01
5.022018385628648218e-01
4.599418081792153168e-01
4.475733399364024145e-01
4.828085507047821245e-01
4.777638302776961443e-01
4.957008244589333756e-01
2.752941714909328397e+01
4.009788066128981421e-01
4.170171554476516662e-01
4.791749179862545560e-01
4.603846592605667642e-01
4.546842973783762898e-01
5.852885681077708568e-01
5.361163081117117368e-01
4.111620078396851508e-01
4.092970931732043960e-01
3.992094436847385963e-01
4.981998433199487097e-01
4.914217807431918716e-01
4.494992142007281366e-01
4.432016707600305860e-01
4.647311641522695047e-01
4.702057220216788735e-01
4.708436422917726127e-01
4.810007565126465101e-01
1.705382826264729701e+01
4.110215011512416972e-01
4.172165897319193850e-01
4.817903636486081664e-01
4.782622461556623183e-01
4.497853006134304721e-01
4.572043846498511366e-01
5.205299233711982998e-01
4.191083863555131739e-01
4.157671757050676598e-01
5.077840795990052891e-01
4.899482208832242058e-01
4.402845291953973450e-01
4.506385739410770364e-01
4.693460639279128932e-01
4.981366570219980527e-01
4.588874614207558156e-01
4.540495397951252454e-01
4.721968215437239991e-01
4.714328011160471288e-01
4.884831425625236201e-01
4.873279303215519720e-01
4.809005749231731186e-01
5.455980306474550900e+00
4.188261987185483703e-01
4.174337479102350756e-01
4.215546174838663007e-01
4.588501453764602944e-01
3.889223129439226545e-01
4.924406267201114074e-01
4.778422061022235545e-01
4.535405217711525050e-01
4.516933265010397713e-01
4.541405423181429923e-01
5.243465251817985839e-01
5.296310882751223970e-01
4.188986618477347212e-01
4.259188543109759806e-01
4.722321657541485584e-01
5.106946774450435989e-01
4.234994154820918566e-01
4.431241981528381002e-01
4.962865133098594006e-01
4.957062407081156419e-01
4.437325172491866643e-01
4.423485569355669056e-01
4.777444998063634651e-01
4.725381192018328069e-01
4.660637440749809124e-01
4.615316250631436579e-01
4.546204654965793068e-01
4.691281461331422986e-01
4.690531242087429553e-01
4.918051789545064278e-01
4.891010219920992053e-01
1.107810398566660082e+00
4.030768994006454498e-01
4.001150681825041966e-01
4.119194253876203304e-01
4.609270406725790581e-01
4.603526574013981354e-01
4.618891916043059709e-01
3.920552523405146927e-01
4.074004213939494412e-01
4.827167684697238337e-01
4.831941426821218522e-01
4.556410091722625233e-01
4.573737286678271619e-01
5.068500513864373502e-01
5.844095680318727171e-01
4.239776342092823058e-01
4.051353775659571332e-01
5.422409436087693990e-01
5.341505894431430868e-01
4.297064517145671170e-01
4.324896535938740350e-01
4.768885925170154860e-01
5.071586264206835448e-01
4.703137076494484092e-01
4.325156183574998536e-01
4.332181068917800304e-01
4.833781781122145627e-01
4.349495836312282093e-01
4.268482616220234949e-01
4.419681865130537513e-01
4.792249529991901014e-01
4.873668548950378931e-01
4.595866160190941185e-01
4.694240574397734456e-01
4.661890551672556171e-01
4.939377333692819838e-01
4.932214359758295696e-01
4.621363583774448780e-01
4.013691704782817449e-01
3.985198825975036496e-01
4.586549888575347511e-01
4.675821754152933996e-01
4.134697878252287517e-01
4.067932285413534133e-01
4.730786318455350026e-01
4.552312753200120632e-01
4.666134231422950918e-01
5.339142410122018623e-01
5.373037604566488490e-01
5.158726191136334682e-01
4.185058469203912779e-01
4.224838853397864247e-01
5.352475983638360635e-01
5.378897609533613844e-01
4.242138619599916671e-01
4.111041131948793836e-01
4.268868941711298493e-01
4.870690878366401577e-01
4.891116237205381245e-01
4.827440719659675250e-01
4.330890271235074418e-01
4.332629218394612458e-01
4.866468223346420152e-01
4.783676889333392523e-01
4.295047834515571816e-01
4.288443126861335997e-01
4.845136699360849675e-01
4.910360475987812778e-01
4.580189350555185501e-01
4.621780066616547056e-01
4.653963912978986150e-01
4.960186764381877000e-01
4.976435208157083401e-01
4.646978632842856949e-01
4.068214998302436269e-01
4.105846143191996811e-01
4.652079792807518044e-01
4.707305722106409074e-01
4.614411553922052600e-01
4.005613544964298223e-01
4.796382194831321777e-01
4.817005314474576139e-01
4.626976570573545500e-01
4.636382978539420607e-01
4.575475660218923935e-01
5.350823371462770650e-01
5.428800381311853496e-01
4.205387941422275011e-01
4.150954046494215177e-01
5.114555184107087982e-01
4.186021001028686905e-01
4.346041036143621361e-01
4.848164102631671857e-01
5.036618266933606813e-01
4.373330127478364249e-01
4.353002996615171760e-01
4.805081535337566434e-01
4.818061298328646380e-01
4.286234838799969360e-01
4.370332467130506049e-01
4.875135356593643943e-01
4.876412760839972105e-01
4.563113619118519537e-01
4.644000942002655119e-01
4.624029515085928965e-01
4.670079433883234654e-01
4.992958579025436050e-01
5.011543521499889353e-01
4.550430519725763290e-01
4.604252863110892546e-01
4.146484060370692060e-01
4.270689489139535833e-01
4.669423498006983753e-01
4.727390581498706612e-01
3.982275489955157677e-01
3.927745635386861167e-01
4.852140586514603338e-01
4.827689077036700915e-01
4.614378660936845344e-01
4.755674118819546714e-01
5.115142131409711190e-01
5.432384121325430915e-01
5.250427075278297773e-01
4.041588761934258867e-01
5.127859465712081288e-01
5.042400349363534984e-01
4.208506952234186138e-01
4.187996899016571684e-01
4.244180025755251440e-01
4.997201520807568742e-01
4.998699890751239217e-01
4.425582273257955834e-01
4.399523334859433144e-01
4.824066062150729195e-01
4.813533205385540081e-01
4.368868338433041787e-01
4.403286546437619187e-01
4.755511347185998883e-01
4.841500275507750750e-01
4.879676827930492511e-01
4.593401443931021677e-01
4.627303739246440561e-01
4.592766693925652843e-01
4.653348438014451305e-01
5.029583099551629966e-01
5.053426690478731720e-01
4.626970604808121057e-01
4.575025619447153358e-01
4.223584191747611905e-01
4.177977355686697258e-01
4.711417999511265942e-01
4.748766308274572356e-01
4.053062350562248173e-01
4.107320765230113024e-01
4.867085261957416198e-01
4.866913612577578041e-01
4.698333957167624142e-01
4.729397880029437840e-01
4.615657936583364429e-01
5.330179111669710590e-01
5.329310424432530668e-01
4.030121580431857420e-01
3.978757360206824356e-01
5.020027216309499440e-01
5.086344680842057597e-01
4.149381505996173614e-01
4.397666609834658402e-01
4.820841985776480043e-01
4.939404770679093892e-01
4.988301520631096553e-01
4.418450994651080266e-01
4.349118760034435538e-01
4.788969726650157965e-01
4.807973769085103211e-01
4.174765877803843783e-01
4.160862011361844970e-01
4.293755877150803313e-01
4.884709847835226881e-01
4.922054791416560771e-01
4.686070824302153159e-01
4.596481904200334090e-01
4.593242772973544774e-01
4.629822427156181086e-01
5.074527427852644212e-01
5.101691724881105561e-01
4.605744463567343350e-01
4.567243679775199738e-01
4.086703302094638057e-01
4.057405044775485026e-01
4.119562929396419770e-01
4.723965097541251712e-01
4.730848918958386884e-01
4.261645630229694559e-01
4.155031202769659537e-01
4.736756255199686683e-01
4.963235324336134902e-01
4.705790150923992998e-01
4.796807079690357245e-01
4.988006722680629057e-01
5.114957635488631693e-01
5.271664141574503581e-01
4.013681661446156235e-01
4.124308846115343763e-01
5.105018897045966453e-01
5.128708094718948951e-01
4.177597484456971877e-01
4.349519144251810521e-01
4.235907928322768523e-01
4.968699723287881564e-01
5.049284151562377643e-01
4.320641185086418479e-01
4.838334253731986778e-01
4.809445146509957469e-01
4.064520950304523206e-01
4.204933091993029448e-01
5.012325117277105502e-01
5.000360138743314975e-01
4.679649213602974367e-01
4.611968900836910246e-01
4.553103187208794034e-01
4.631370465324030072e-01
5.083784643150510707e-01
5.107226807952750525e-01
4.552398879603809512e-01
4.028330682980229005e-01
4.077649528871524764e-01
4.703668504186598320e-01
4.735198236091676116e-01
4.763805558601369450e-01
4.081278838493819228e-01
4.603183633825554399e-01
4.779867625532986941e-01
4.742243867674557634e-01
5.153150686790927137e-01
5.218491943745071637e-01
4.271233314206959730e-01
4.169775366553417628e-01
5.097172834270154995e-01
4.372156248508036747e-01
5.033309899110668395e-01
5.054447393103551622e-01
4.327066625672566502e-01
4.324604315754710937e-01
4.692766570686306982e-01
4.857485647853832522e-01
4.125794987031342065e-01
4.075397496597517599e-01
5.052911913781565900e-01
5.036783144070158258e-01
4.650258738368247546e-01
4.503632212139767610e-01
4.742043288378899879e-01
5.088056402170016979e-01
5.254843858418836167e-01
4.548234783568135264e-01
4.524129615132606586e-01
4.114036171738333358e-01
4.234152350742701465e-01
4.745075562857214990e-01
4.803674067330148123e-01
4.142914449982875169e-01
4.099204879164020099e-01
5.163040477586167132e-01
5.126545773133072137e-01
4.177519735070699403e-01
5.041720599500600919e-01
5.123250375667595113e-01
5.096755940322933442e-01
4.313667681277931210e-01
4.373297655872611100e-01
4.727386261532596778e-01
4.342896857921331177e-01
4.137541560621285086e-01
4.914160713317368145e-01
5.000133639592757584e-01
5.030590554716738438e-01
4.701915768484859481e-01
4.578311335423480011e-01
4.629313292611386688e-01
4.864583465326849931e-01
4.496789400895075950e-01
4.514517089905225600e-01
4.223430155058454649e-01
4.232250702417202359e-01
4.753732570727157158e-01
4.764287432798952615e-01
4.217886853765900890e-01
4.272807584875686349e-01
4.967140363552583482e-01
5.024618361457624527e-01
5.156900720279566919e-01
4.272131496553857599e-01
4.191480102818845865e-01
4.768836145864951970e-01
4.926440223220502346e-01
4.431439532811852766e-01
4.398808689211350931e-01
5.102838021223429221e-01
5.071834779046632269e-01
5.017600338369629931e-01
4.476043864825113294e-01
4.526590398599487641e-01
4.496683643364976501e-01
4.065656394715927990e-01
4.033968180100798162e-01
4.162582159675969895e-01
4.743854026858033146e-01
4.728697948890389635e-01
4.284015252355841130e-01
4.950544481855657097e-01
4.923788747702927959e-01
4.320664879453663398e-01
4.769212400302947907e-01
4.483775043872540444e-01
4.353324806545225689e-01
4.390364295727034460e-01
4.161409813207841979e-01
4.870505550801409456e-01
4.503605473775717516e-01
4.506678083273793489e-01
3.975848405943094299e-01
4.033800599449883784e-01
4.700638327201026589e-01
4.736173475521170406e-01
4.760608108741833933e-01
5.226108177618984385e-01
5.362986162466766293e-01
4.795351609425057560e-01
4.612708175227517859e-01
4.661593404263293383e-01
4.352363823920471497e-01
3.870829246595541839e-01
4.241620924156405126e-01
4.524631442850797769e-01
4.216705175699125285e-01
4.204728034776617496e-01
5.300920360905435613e-01
5.333892545114062855e-01
4.504690546333248169e-01
4.512517983826435097e-01
4.084604665113489297e-01
4.128702180474088101e-01
4.689558020184682041e-01
4.778465762390320393e-01
5.123686642269449365e-01
5.568724492173756646e-01
5.120774129159689769e-01
4.466247625763010154e-01
4.132764833608607580e-01
4.611770778960306294e-01
4.890485402823106509e-01
4.620987784357192818e-01
4.396749655482524721e-01
4.702953449936642660e-01
3.991545450187776733e-01
5.199515998471302414e-01
5.166788224395686413e-01
4.494448450555628694e-01
4.493285625591424970e-01
4.184455521905598996e-01
4.251866807328966158e-01
4.714545366435019536e-01
4.794424567839793982e-01
5.365245112943661798e-01
5.364274555000057010e-01
5.058299343214071042e-01
5.425052801454144369e-01
3.867413150687076806e-01
4.697890085197595766e-01
4.961117490246388928e-01
4.718036722479823086e-01
4.269910238832792526e-01
4.679025958303968391e-01
4.684723630047333831e-01
4.730758054286264280e-01
4.144934437914468139e-01
4.172587669296610180e-01
5.167330921607369287e-01
5.140978948665683168e-01
4.992942540303478838e-01
4.547312732298721683e-01
4.462148940116337781e-01
4.069748404046291679e-01
4.041438135597330006e-01
4.183645339269024266e-01
4.703972641841638880e-01
4.645131009895366869e-01
5.097509786252931718e-01
5.600299227152083503e-01
5.261080626805273441e-01
4.312351707751675978e-01
4.251557118504552535e-01
4.311934240101135130e-01
4.891535601835181879e-01
4.174280398116304580e-01
4.257921272108961541e-01
4.862978347978992866e-01
4.853819396608534120e-01
4.757988600475749896e-01
4.771735832618160811e-01
5.092469228037524998e-01
5.102322950320044015e-01
4.728469436037356366e-01
4.306625850450032100e-01
4.317264797726568792e-01
4.701781365967511728e-01
4.670726997109375112e-01
4.701946794573604871e-01
4.667562304244940452e-01
4.831911921759566853e-01
4.829556653443403680e-01
4.063753205981897043e-01
5.192452874670759888e-01
5.182784245044320670e-01
4.472512443009060146e-01
4.475092358574719875e-01
4.007450357071354330e-01
3.992201690235037681e-01
4.707117322776569468e-01
4.731036768495757161e-01
4.769511022401146105e-01
5.205050681392017209e-01
5.313900092605959857e-01
5.114382625248816705e-01
5.437716553899549776e-01
4.157880365631148045e-01
4.442767445624706268e-01
4.953855206455811122e-01
4.390363511859691203e-01
4.797262576755869090e-01
5.070783697201792783e-01
4.854729776915076012e-01
4.635561984207766661e-01
4.776539564835983742e-01
5.008142180157374446e-01
4.267193075817787284e-01
4.692060807983167714e-01
4.712910814317722297e-01
4.436527305951052935e-01
4.640477625823896668e-01
4.522162080974865273e-01
5.138372679093529127e-01
5.073090249891898385e-01
4.127109414842352053e-01
5.096683983725875944e-01
5.363508312614191365e-01
5.085127688110930855e-01
4.463057519744413892e-01
4.498512421714879195e-01
4.057042226964011622e-01
4.106582151564601157e-01
4.694363066638184145e-01
4.737810202348844979e-01
5.048930844586517752e-01
5.398088878309302840e-01
5.338257078207441220e-01
4.173233812744220894e-01
4.506275892706693709e-01
4.248512613105823732e-01
4.628147903539330255e-01
4.339227686060881939e-01
4.942809825454632655e-01
4.964055766547859627e-01
4.823037424593840106e-01
4.940546850914988020e-01
4.571178119004767892e-01
4.615453018764515414e-01
4.581284947922638628e-01
5.084990679306613526e-01
4.933513925073100270e-01
4.258561426166449504e-01
4.687484820986677070e-01
4.744180790143674997e-01
4.696162392276082564e-01
4.450685614411200031e-01
4.437148892200984962e-01
4.448722863381968096e-01
5.024870722143112145e-01
4.140104326717543026e-01
4.142519883054212038e-01
5.160132658230307534e-01
5.165900169560986299e-01
5.124183678901851335e-01
4.420512884357864491e-01
4.518735530860563121e-01
4.151824220206150606e-01
4.264800441603397441e-01
4.718921291527574113e-01
4.747210675111938616e-01
4.977014891944911423e-01
5.260292382195881355e-01
5.278379243541937438e-01
5.383359783146258737e-01
4.100456943085546979e-01
4.229138791893511384e-01
4.277441520430214639e-01
4.652029838150879559e-01
4.625592517918152291e-01
4.483242802159886353e-01
4.533922541491976488e-01
4.814500678273270218e-01
5.124590999282792048e-01
4.949849746400023509e-01
4.448385265284626189e-01
4.630376024951163294e-01
4.503047836051017883e-01
4.553026468609633337e-01
4.950939642167109245e-01
4.327708528140514210e-01
4.168837345033510888e-01
4.683656638122661309e-01
4.769569829421423934e-01
4.689499433585249677e-01
4.454864928148081771e-01
4.446385038391697520e-01
4.480728125248569782e-01
5.080785647175989350e-01
4.975713298832464271e-01
4.181042952499976484e-01
4.234485203649736573e-01
5.219391680597141869e-01
5.204847431050204642e-01
4.347130535859009548e-01
4.388740473471368642e-01
4.157433426525813935e-01
4.116579124305866921e-01
4.164756495560780203e-01
4.739084192103554249e-01
4.750129491169869933e-01
4.318312694542726926e-01
5.417620446388088373e-01
4.871030486043267382e-01
5.083756406049653176e-01
5.259478257731871054e-01
4.092838546341193151e-01
4.253957151633238065e-01
4.260651596230313753e-01
4.276626609604819995e-01
4.716133866239084482e-01
4.422521154529711063e-01
4.810969775072468924e-01
5.325044058405057346e-01
4.896912693834497010e-01
4.981801135183083762e-01
4.360390673454718757e-01
4.581740733590440318e-01
4.400601621902843208e-01
4.495247665898540190e-01
5.365050292638131602e-01
5.173448251679263477e-01
4.249196023011242440e-01
4.688619502245384707e-01
4.747144951477199615e-01
4.681025455826486326e-01
4.455197177462701386e-01
4.427779219145632772e-01
4.481912940817434077e-01
4.878634060843195508e-01
4.246052760466205722e-01
5.222371390399086488e-01
5.463989744875865640e-01
5.196298671251949886e-01
4.353990184040006928e-01
4.592049914001551936e-01
4.410380026574667323e-01
4.128973512604178775e-01
4.354458283629923376e-01
4.733392264923355075e-01
4.740107732375262728e-01
4.811836461437281054e-01
5.233338739764992198e-01
4.911744858559808913e-01
5.075096362856887922e-01
5.425152994483336544e-01
4.109368850492079450e-01
4.285750315450563286e-01
4.330791196767435625e-01
4.319947059904354347e-01
4.639353805675964226e-01
4.639355913626573291e-01
4.384920271794235380e-01
4.965390602655794239e-01
4.895718544547276174e-01
5.214666816730976207e-01
4.313989717759464382e-01
4.295502064926003394e-01
4.454725469224839474e-01
4.800471194540716913e-01
4.278813349854462822e-01
4.289143423315322501e-01
4.649797121974959535e-01
4.620673017563833862e-01
4.681400267924281655e-01
4.667034438038685229e-01
4.451255299780605412e-01
4.425088834071580490e-01
4.470357373656230759e-01
5.189572461311249274e-01
5.133808206521105477e-01
4.281963132807320438e-01
4.254558313809896353e-01
5.087257437840169150e-01
5.573412297979741803e-01
5.194037489397017593e-01
4.323883007006120160e-01
4.356895356821066656e-01
4.356588482536772333e-01
4.234900490201339851e-01
4.248830778686064069e-01
4.721515548934062112e-01
4.788819544392726169e-01
4.722322829416322754e-01
4.632657264160275901e-01
4.945307489149564639e-01
4.742102372040937763e-01
4.981900425449641290e-01
5.400932627242353012e-01
4.052787781830923808e-01
4.672179929759847083e-01
4.368846937013051712e-01
4.336415488254157791e-01
5.310891857985935438e-01
5.373161854131928150e-01
4.621321092711206946e-01
4.266383911377668037e-01
4.226960299557365741e-01
4.411657764668189818e-01
4.341218565775579186e-01
4.356511767252442824e-01
5.543516811510493802e-01
5.752915213260787475e-01
4.190759903550164700e-01
4.235436998271108200e-01
4.590494961355188752e-01
4.805612985392343495e-01
4.613783716961032400e-01
4.456493534540559853e-01
4.378612131815565744e-01
4.468378784527200498e-01
4.773092315502566185e-01
4.263689372423144497e-01
4.271461464714624290e-01
5.007563046516227967e-01
5.982599388544106445e-01
5.293522790280329460e-01
4.389814860988867640e-01
4.262901861666215653e-01
4.396038972540859402e-01
4.224548952718492623e-01
5.916204350743298201e-01
4.632854623582375875e-01
4.393701624033494180e-01
4.589953823158505752e-01
5.310496022436308472e-01
4.926295532743245054e-01
4.976978242726379786e-01
5.037522980532128658e-01
4.124746625483790008e-01
4.310209896914850014e-01
4.494734526962235743e-01
4.747529742092386762e-01
5.186940907589918659e-01
4.795977535592446106e-01
4.880331523462492771e-01
5.013135348227145682e-01
5.248589444505555868e-01
5.601835207576613129e-01
4.157841585962845921e-01
4.250882099694540117e-01
4.301769454173079432e-01
5.095215248602423808e-01
4.535033394539833562e-01
4.788709586877012425e-01
4.409797578987787459e-01
4.440193240869871327e-01
4.456412567788032852e-01
5.174869464170294142e-01
5.392567073731283633e-01
5.546605569353284526e-01
4.319243630113469012e-01
4.410500724436283160e-01
4.385733550366097688e-01
8.238722956891347815e-01
4.613973534078422700e-01
5.105338197006521472e-01
3.846111638432715973e-01
4.011261382259325159e-01
3.769587115958148438e-01
3.992706999656706612e-01
5.201589264705273052e-01
4.432008581009543868e-01
4.545078611761013132e-01
4.809487553103449220e-01
4.864770374606955938e-01
4.904319370144905599e-01
4.963718809218197747e-01
5.113035217632994067e-01
5.289249712857881924e-01
5.523433942437938615e-01
5.196820216431630168e-01
3.994695212369066550e-01
4.183964351162811068e-01
4.174111868257112667e-01
4.264690978544113942e-01
4.951721837269066340e-01
4.500957694219084315e-01
4.238914373791727863e-01
4.444747702192961003e-01
4.849403765986914916e-01
5.624922369945638545e-01
4.823055736069934984e-01
4.240037875677091228e-01
4.464479569008664717e-01
4.292605780037291874e-01
9.004918711781836338e-01
4.465441365644491345e-01
4.995037448848672068e-01
3.306018189290582665e-01
3.102498510639981055e-01
4.355847327813719971e-01
4.875409193828255106e-01
4.961489827807455399e-01
4.654932690212271185e-01
4.751108134760955726e-01
4.882201688065582745e-01
4.785579031294464047e-01
4.702280412888823480e-01
4.369573261260257246e-01
5.214104567505004617e-01
5.406854199518486004e-01
4.945432812640537246e-01
5.255626023270451030e-01
5.650849323013837910e-01
4.223834746612247781e-01
4.228285743885563663e-01
1.032418095244134415e+00
1.319084763757746304e-01
4.720738929614574642e-01
4.925538474489297158e-01
4.662073044106205821e-01
4.690372702560154927e-01
4.693068490638626633e-01
4.721833427990970167e-01
4.784003020986372645e-01
4.881100592811700722e-01
5.114374933587615413e-01
4.232130082341353239e-01
2.799874053429135534e-01
5.145578013058739186e-01
5.336645006687151804e-01
4.922284490352176745e-01
5.116974028334342339e-01
5.582856871054587833e-01
4.243255281265287393e-01
4.203136302672708102e-01
4.240001888696062760e-01
1.188873523618677597e+00
4.422252461921404310e-01
5.427199062694776366e-01
4.484119763180585139e-01
4.591181418364013167e-01
4.588428090111932867e-01
4.645642438707249799e-01
4.676591484490091322e-01
4.730024993430433922e-01
4.795826274592620564e-01
4.864067640685336147e-01
4.971533017661111664e-01
5.113312163534953214e-01
5.081604466749467530e-01
1.748382120761902692e-01
4.868054040064838106e-01
5.338720044557888622e-01
4.966099477436680676e-01
5.167925599232300327e-01
5.577768456917979734e-01
4.142229060554242226e-01
4.429338384898267034e-01
4.186021452323375747e-01
1.374228737875289763e+00
2.385688612234614370e-01
4.848693474283805038e-01
5.016644712082243274e-01
4.941182177737637460e-01
5.021972233416072129e-01
5.266433722339377566e-01
5.349295470283732534e-01
4.096856901943687901e-01
4.112994582769844976e-01
2.394359881659375300e-01
4.426208408133138761e-01
5.339703945482634495e-01
5.156059613842474132e-01
5.007578602589694006e-01
4.137793264988620656e-01
4.191400875821332250e-01
4.161338024409608205e-01
4.103256204641459459e-01
4.346252653901526708e-01
4.141235609997399592e-01
2.138827367763625364e+00
1.843239488896548872e+00
4.067881267755998898e-01
4.310995859640333605e-01
4.138667554036459251e-01
2.490356859989244498e+00
4.137315119843510969e-01
4.434016733581966907e-01
4.111016917880248034e-01
4.215946192204658716e-01
2.920137902011263442e+00
4.191163749301005104e-01
4.456503514167725610e-01
4.067940185554234089e-01
4.343092185870512378e-01
4.365992204225864204e-01
3.470601858596276568e+00
4.238567789634807292e-01
4.420626976405143127e-01
4.062454279631281251e-01
4.347095242673159610e-01
4.438946116958748522e-01
4.439018623075099979e-01
4.235648790779364958e+00
4.142807156676813207e-01
4.326946787060853006e-01
4.259210782555850616e-01
4.431641890876328316e-01
4.427388749468251228e-01
5.486873184684776028e+00
4.081771390041573633e-01
4.270122035452286191e-01
4.337947724620902501e-01
4.389029177983900243e-01
4.330393761098471628e-01
8.539676653921686622e+00
4.077356748468500824e-01
4.291711720212172398e-01
4.261809534590822457e-01
4.366655454979133100e-01
4.277816737803712410e-01
1.100745577695946587e+01
1.730342780839904293e+01
7.232624527399528880e+00
5.584775410464056122e+00
4.984525093975514132e+00
4.610038770366478467e+00
4.330248906608061610e+00
4.102404632990738875e+00
3.907243817397657359e+00
3.734082186556155314e+00
3.576460753204842913e+00
3.430325758072017894e+00
3.293117777993939121e+00
3.163253843023556389e+00
3.039804522378769303e+00
2.922278992527532537e+00
2.810476018557097611e+00
2.704378432949011035e+00
2.604077679533706835e+00
2.509719429743402674e+00
2.421463736094524588e+00
2.339454736632402998e+00
2.263796041922043756e+00
2.194528905677762154e+00
2.131611319455827491e+00
2.074897437596766814e+00
2.024118282036985406e+00
1.978866385604936662e+00
1.938588583732844262e+00
1.902592028026527382e+00
1.870068048588905851e+00
1.840136278777045886e+00
1.811907518431898012e+00
1.784558925847676836e+00
1.757410717301706393e+00
1.729991217431128936e+00
1.702077952116778370e+00
1.673706625662152447e+00
1.645146318495748217e+00
1.616846373671838810e+00
1.589366275058616607e+00
1.563302741273922880e+00
1.539227442567103088e+00
1.517644435834393679e+00
1.498969887021671887e+00
1.483529850816151630e+00
1.471566825986306615e+00
1.463243991951426848e+00
1.458637953312894142e+00
1.457715762215219479e+00
1.460298201443390731e+00
1.466016579168747613e+00
1.474272805968509736e+00
1.484211784271308066e+00
1.494712412415166725e+00
1.504401520533775960e+00
1.511696499256593995e+00
1.514887373125075376e+00
1.512272905496696129e+00
1.502359135542277846e+00
1.484105424261025874e+00
1.457166608344521164e+00
1.422050336980604346e+00
1.380112957766971071e+00
1.333367103064323711e+00
1.284148676301504199e+00
1.234746704478984602e+00
1.187102878905327064e+00
1.142641730011490164e+00
1.102231756861209666e+00
1.066238125594572095e+00
1.034621525631418848e+00
9.034594531878920032e-01
9.141591209560548936e-01
8.962191085813696612e-01
9.025522666806345962e-01
8.951266653116169980e-01
9.156475906832238776e-01
9.340579984673416103e-01
9.567527467177466827e-01
9.818984765029976636e-01
1.006758640295688512e+00
1.027624405564276477e+00
1.039783108034805448e+00
1.037532688868098241e+00
1.014236559089430445e+00
9.623431103043241785e-01
8.731514415637040560e-01
7.383829564571536830e-01
5.656010230781626236e-01
4.120160288890355460e-01
4.223783803135474635e-01
4.400740436745790851e-01
4.376904698365715607e-01
4.302060937006724206e-01
